
 761 61 10000 10 0.9 12.235 4.786 0 2.87 0.999995993617516 0.000398189269007742 0.00101971638160609 0.000148596370845407 0.0017316305930697 -0.000613045636372209 0.00177406537669838 6.94431012053619e-05 0.000152579664925613 -0.000492454587671038 0.900493790293055 0.999997734952066 0.000134641475078066 0.000284690060659114 0.000725325273992927 -0.00144680713205906 0.000221909148306273 -0.000368928592961265 -8.48321765564527e-05 0.000146941618273742 0.00126389320606327 0.899874631819246 0.999995993663469 0.000398194900565842 0.00101972036077842 0.000148665442686257 0.00173160391164445 -0.000612948393062894 0.00177405504344759 6.94870062448511e-05 0.000152406068582783 -0.000492627256585957 0.900467115222365 0.999997734593388 0.000134606212674625 0.000284695267755353 0.000725254042507307 -0.00144700963404623 0.000221891193929807 -0.000368980764162749 -8.47205792537442e-05 0.000146851163530237 0.00126399454524725 0.89985025560422 0.794 0.687999999999995 129.827 90.151

 773 73 10000 10 0.9 12.712 1.532 0 4.639 0.99999773002627 0.000114504813347739 0.000387597566033412 -0.000486804279342616 -0.00127115966334277 -0.000768501471185043 0.000346181852504906 -0.00133955661465941 -4.85524654581583e-05 -0.000128717261524505 0.899003205816711 0.999991729177618 -0.00169175178723962 -0.00021475943344735 3.41371315519004e-05 -0.000275624712145014 -0.00148264100765571 -0.000988935497074108 0.000346481682129818 -0.00235234108743415 0.00217405620565704 0.898953765962564 0.999997729938281 0.000114631858761218 0.00038762676646981 -0.000486748320635583 -0.00127120700894904 -0.000768484288487575 0.000346253883449158 -0.00133956277924763 -4.85820099695222e-05 -0.000128777403348224 0.898981852932605 0.99999172899959 -0.00169167610707655 -0.000214806575256904 3.41156279786738e-05 -0.000275685435167976 -0.00148264764129295 -0.000988930910911685 0.000346525000447309 -0.00235238615898622 0.00217412685164456 0.89893256322625 0.590000000000003 0.813000000000002 110.285 115.51

 759 59 10000 10 0.9 0.103999999999999 0.794 0 1.299 0.99999473729836 -0.000536879751593439 -0.00092502414425448 0.000465215879772832 -0.00120312337630717 -0.000747822537031672 -0.00119602534308791 -0.00159632809687267 -0.000159660159978439 -0.00177596859417862 0.90015145258339 0.999998625988982 0.000307644446349292 -0.00121777619634712 -0.000457194698530839 0.000626671137977783 -5.56770590438698e-05 -0.000405451911666374 -0.000126803830717146 0.000547151178026193 -0.000292758706230433 0.9012239298221 0.999994737658033 -0.000536904343155986 -0.000925027975804883 0.000465238498476941 -0.00120301122030781 -0.000747834499517507 -0.00119602587496118 -0.00159624324373557 -0.000159609459152041 -0.00177590212328603 0.900126230368661 0.999998625963804 0.000307560079541744 -0.00121777628142105 -0.000457219454110543 0.000626694631609676 -5.57657819995767e-05 -0.000405572110537687 -0.000126711775895409 0.000547167359556158 -0.000292670268897603 0.901194484070559 0.0169999999999995 0.0159999999999982 0.449999999999999 0.500999999999998

 791 91 10000 10 0.9 16.031 2.353 0 2.863 0.999995826147048 -0.000895534208455445 -0.000780090287704006 0.000701832380525367 0.00106258068195984 -0.000384189444603017 -0.000756574157917287 -0.00131902364965292 -0.000481087430904543 -0.00161995222791726 0.899469078696592 0.999995393703376 -0.000506196435970995 0.000259025089718493 0.00111148865221227 0.00108454361443679 0.000645384195818974 -0.00215134807507088 0.000615773509168131 -0.000541853183717708 0.0008717798679759 0.901196693473554 0.999995826030664 -0.000895572771812606 -0.000780144333839838 0.000701850623925575 0.00106255158613552 -0.000384169394145885 -0.000756562795790849 -0.00131901890153681 -0.000481187302005308 -0.00161997217171213 0.899446207531992 0.99999539385732 -0.00050625621388519 0.000258966865121476 0.0011113967471191 0.001084413029166 0.000645401228872212 -0.00215136867150212 0.000615731654891578 -0.000541779171017058 0.000871877604599911 0.901167172727153 1.148 2.406 128.733 137.817

 784 84 10000 10 0.9 11.268 1.332 0 2.925 0.999996166066968 -0.00133491822696265 -0.00084433450030103 0.000567323079235993 0.00190162862018277 -0.000691596131982123 9.4156923393729e-05 -0.000572212413320277 -0.00034124953882186 0.000551224119043873 0.89972908953647 0.999994019925739 -0.00101455465634016 0.00158758485053131 -0.00155391824559959 2.02378192076004e-05 0.001154435823069 -0.0018090288954397 6.55727600341778e-05 -0.000976121561173262 -0.000657931430075393 0.899466865458456 0.999996165859102 -0.00133486195852795 -0.00084438139135152 0.000567404112711376 0.0019017756791759 -0.000691418865943732 9.41433244591796e-05 -0.000572237215038223 -0.000341225083482893 0.000551288989504205 0.899705296829378 0.999994020058929 -0.00101460636418906 0.00158747159934608 -0.00155398635135747 2.031553114546e-05 0.00115435718951467 -0.00180901711870528 6.55006097498994e-05 -0.000976126146046623 -0.000657930002331526 0.899444094609111 0.794000000000004 0.574000000000005 130.378 148.049

 778 78 10000 10 0.9 15.046 3.275 0 3.012 0.999996985652159 0.000161536933277437 0.0009612385265699 -0.000150369359700907 -0.001559528351442 -8.69398665630597e-05 0.00129648633489738 -0.000487905691371375 0.000567676748852453 0.000612477815907818 0.900298687663917 0.999994806640022 6.84944835889586e-05 -0.00111951547193325 0.00121133842786467 0.00140464961999851 0.000515470838354878 0.000705098118465591 -0.00122414030191774 -0.00105500329179453 0.00152114440150639 0.898866962365652 0.999996985240402 0.000161565062811131 0.000961340502994297 -0.000150363730345531 -0.00155957564760817 -8.70257527863995e-05 0.00129666843948176 -0.000487928794113717 0.000567642765261009 0.000612478965279276 0.900272811925876 0.999994806431307 6.84330939152628e-05 -0.00111962220584155 0.00121132021114635 0.00140471366397926 0.000515475679299549 0.000705114808201733 -0.00122414744849345 -0.00105507731754537 0.00152109471062367 0.898846171746053 0.765999999999998 2.021 152.979 134.893

 779 79 10000 10 0.9 13.122 3.934 0 4.742 0.999994876920716 -0.000465675595469602 -0.000205578254875562 0.0012312096763474 0.00206915656417361 0.000788768431579798 0.00143408636392722 -0.000549326649763706 -0.000987069051590899 0.000484670579882959 0.899727554315985 0.99999659903692 -0.000449427212669045 0.000433205243374725 0.00107960070636187 0.00188752158665139 0.00122526826329556 -0.00023047870890308 0.000258875943535942 0.000122333650132869 -0.000218180057922303 0.899778818381602 0.999994877080295 -0.000465607764272418 -0.000205523720084889 0.00123122556690677 0.002069084911922 0.00078879398649848 0.00143403780324482 -0.00054940069545096 -0.000987041692276691 0.000484769024075942 0.899703732875221 0.999996599251074 -0.000449386255990576 0.000433098619793506 0.00107971795889472 0.00188739597526823 0.00122527111825263 -0.00023046094524429 0.000258762324767015 0.000122196629045725 -0.000218215280213394 0.899754924146402 2.90799999999999 3.482 149.878 129.964

 782 82 10000 10 0.9 15.885 1.948 0 2.893 0.999994155336258 0.00131208655566832 -3.79791683396166e-06 -0.00085493596000906 -0.00076236388959145 -0.00154448989658524 8.74408909466679e-05 -0.00223678875886249 0.000125038571408987 -0.00111518609566023 0.899826856773203 0.999996645196646 -0.00201084127011422 0.000162142962073996 0.000891001951234115 -3.95553408898935e-05 5.02627079145813e-05 0.000222961417653968 0.000895389151822415 -0.000931453547033531 0.000350439468059375 0.900545047338586 0.999994155644018 0.00131211175972583 -3.73660652434984e-06 -0.000854963430346713 -0.000762429732980733 -0.0015444300650629 8.74253128941671e-05 -0.00223657173380452 0.000125023972229122 -0.00111533559314274 0.899802722817117 0.99999664572959 -0.00201066812793862 0.000162102148053154 0.000890956562686213 -3.95879733632819e-05 5.02717736820241e-05 0.000223088472796205 0.000895326964623957 -0.000931370979191892 0.000350338900689853 0.900518255075538 1.137 2.369 156.055 138.659

 781 81 10000 10 0.9 15.605 1.465 0 2.838 0.999996379700186 0.00083461345373606 -0.00166748152931662 -0.000869778001752567 0.000368464511546158 -7.45749239447956e-05 0.000904725471236025 -0.000455391703759788 -0.00123659451563727 -0.000557310673751518 0.900698122881324 0.999997457585908 -0.000241049201182219 -0.000889674127625519 -0.00089165573654571 0.000222470261673485 0.000165706768434046 -0.00109692555252358 -0.000104045852572088 -0.00140511199820104 -0.000418072136253528 0.900171989981943 0.999996379892667 0.000834576038031206 -0.00166743862530224 -0.00086980845100453 0.000368427496504965 -7.46959816650459e-05 0.000904680845273036 -0.000455451014278045 -0.001236516104099 -0.000557308391775227 0.900670689712874 0.999997457547788 -0.000241039590016515 -0.000889661468446991 -0.000891660350713376 0.0002226016809478 0.000165793702908267 -0.00109692906192451 -0.000104135199254386 -0.00140512146345861 -0.00041801826844384 0.900146622849188 1.337 2.187 151.982 145.603

 777 77 10000 10 0.9 10.635 2.504 0 2.88 0.999995596670118 -0.00129127701119652 -0.000883725380575403 -0.00114319258804384 0.00170518959671195 -0.000131752188681056 -0.00100830268789748 -0.000269716152585136 -0.000162634726906462 -0.00100522775858019 0.900221170699546 0.999997021023097 0.000290959381183051 -0.000858779121835176 3.9456433424027e-06 -0.00128712872689067 -0.000241854085274799 0.00141906417826218 -4.47048079986794e-05 -8.40558684294224e-05 -0.00118227307053318 0.899443350981371 0.999995596567444 -0.00129122560655446 -0.000883704958072231 -0.00114339414510307 0.00170521439459487 -0.000131862747110858 -0.00100829503807783 -0.000269659441731445 -0.000162609373300753 -0.00100515506677961 0.900195547599843 0.999997020893046 0.000290911135839453 -0.00085873090793993 3.89467054010213e-06 -0.00128718545539368 -0.000241962822735052 0.0014191193169829 -4.4817683749204e-05 -8.40510071851595e-05 -0.00118227601109414 0.899420623415015 1.26300000000001 2.535 148.796 144.988

 780 80 10000 10 0.9 12.916 1.7 0 4.774 0.999997927178869 -0.000172444038141164 0.000182595887530002 -0.000445037967709321 -0.000677917165294114 -0.00017181715283194 -0.00128963382779467 -0.00034061911071088 6.92246102480967e-05 -0.00126942479721562 0.900674146054563 0.999995552550905 -0.000702246508631962 0.00105201776903039 -0.000190765517421726 9.22567520318111e-05 0.000855543294784666 0.00202410677467673 -0.0012813858252193 0.000211001777084045 -0.000857117335372143 0.899794627572237 0.999997927211382 -0.000172476204699411 0.000182511620246877 -0.000445156896899996 -0.00067796063224967 -0.000171763208201621 -0.00128963043049185 -0.000340665710639819 6.91593651542323e-05 -0.0012693438205332 0.900646835878834 0.999995552666666 -0.000702326139690515 0.00105200370260625 -0.000190813616078633 9.22960205714391e-05 0.000855493616475747 0.00202408144186608 -0.00128130935907396 0.000211051455532707 -0.000857130853498846 0.899770616235978 2.988 4.26000000000001 146.552 133.326

 788 88 10000 10 0.9 14.554 1.442 0 5.61 0.999996490053981 -0.0021935334290773 -0.000792985838243899 0.000518509350791472 0.000243775392407186 0.000917735538570185 -0.00020952861042594 -0.000182383443615628 0.000415114305472191 -0.000399326333376666 0.900462679074291 0.999994840310167 0.0010132634124593 0.00188074515494985 0.000927097893423962 -0.000161723560206777 0.00162364491299527 -0.0014312596704806 -0.000222611006287901 8.64323303784876e-05 0.000357812370062912 0.898501894025491 0.999996489894182 -0.00219354136902741 -0.000793082691793739 0.000518495759271641 0.000243932413457611 0.000917775730277029 -0.000209575187886651 -0.000182497049022826 0.000415094246970831 -0.000399264436857365 0.900436356793312 0.999994840440188 0.00101333943497946 0.00188070672285113 0.00092700099424824 -0.000161688342416042 0.00162360086562191 -0.00143128219565976 -0.000222609440562462 8.64442868846316e-05 0.000357810534288936 0.898482298525817 3.447 4.839 151.364 121.017

 768 68 10000 10 0.9 12.9 3.922 0 2.891 0.999995355756528 -0.00157498003385719 0.0016615601760766 -0.000362913438684239 -0.00120339089662965 -0.000589658228724556 0.000304950015582324 5.99255796084661e-05 0.000271616787611065 0.00139614008667119 0.899186659802198 0.999996689765427 0.00091411208225062 -0.000229838045348093 0.000272783723992546 0.00067338889410669 0.000315253465106277 0.000544162949875442 -0.00167824271176665 0.00141130221375811 1.99398627274474e-05 0.898690238371853 0.999995355620646 -0.00157495965246533 0.00166146887427098 -0.000362989306231896 -0.00120349465496529 -0.000589771286932199 0.000304863309638045 5.98913440300396e-05 0.000271589169469975 0.00139623792081659 0.899164718280069 0.999996689787825 0.000914115213844425 -0.000229817381104759 0.00027284524778768 0.000673330533597601 0.000315188767408816 0.000544178376539326 -0.00167823555723911 0.00141132060259718 1.99426349187785e-05 0.898669910768516 1.09 2.254 153.405 146.704

 785 85 10000 10 0.9 10.693 1.623 0 3.978 0.999996423769813 -7.88080336732094e-05 0.00149090396299074 0.000191601921480505 -0.000368260735479882 0.00157124902274248 -0.000266106006930969 -0.000906953614220589 0.000800487085319242 0.00086494777634628 0.900226542873829 0.999994970619469 -0.00149782500129482 -0.00118149518617089 0.00111971680928633 0.00151136728162636 0.00129118477954816 0.000436421994821073 0.000896214837425049 0.000220247648558412 -0.000414724018480923 0.900132174202228 0.999996423975917 -7.88418713699301e-05 0.0014908337790812 0.000191532052808495 -0.000368180256175624 0.00157122023313482 -0.00026611402467286 -0.000906950012575916 0.000800494364727745 0.000864923987109941 0.900200938406353 0.99999497046381 -0.00149793978907759 -0.00118152578197562 0.00111966239500585 0.00151140152401917 0.0012912703676217 0.000436387776668758 0.000896112835529629 0.000220191333704075 -0.000414639556928596 0.90010696927648 2.534 3.067 150.046 142.791

 783 83 10000 10 0.9 13.907 3.613 0 3.585 0.999996726210317 -0.000301313806980184 0.00117228031300309 -0.000493776366410354 -0.000549841088937292 -0.000651762002390464 0.000759479322204797 -0.000357970562768734 0.00110909645808906 0.00147531581608495 0.900584151031679 0.99999616548088 -0.000264286297162139 -0.00101994617683249 -0.00142674095812759 -0.000287954231823818 0.000562159423394482 -0.0015117106180043 -0.00102021076311038 -0.00040732031758114 -0.000795202259254302 0.900856015852406 0.99999672617284 -0.000301298547040942 0.00117225921955251 -0.000493698864897403 -0.000549842795775857 -0.000651818136102236 0.000759449044325472 -0.000357866091932666 0.00110921036011485 0.00147531689593614 0.900557061380049 0.999996165417539 -0.000264199018780478 -0.00101988848426177 -0.00142688441176583 -0.000288006985743603 0.000562085851564622 -0.00151174136379404 -0.00102019252470305 -0.000407188917368914 -0.000795192662804755 0.900828064818621 2.441 2.46100000000001 160.839 125.745

 767 67 10000 10 0.9 16.487 1.618 0 8.79 0.999999046376169 7.52176871146951e-05 0.000805243268671519 -0.000221437620076081 0.000362686261352286 0.000889135151774071 -0.000364371100455941 0.00024233087633863 5.65126957346237e-06 -0.000300853086474053 0.90014735569187 0.999997239171708 0.000236530353965265 0.000747888400511023 -0.000407711903318826 -0.000451918167973148 0.00179823213523975 -0.000625316984454509 -4.80707225371564e-05 -0.000744176295971263 -0.000595933695590858 0.900406045811928 0.99999904643834 7.54013310420693e-05 0.000805196506445099 -0.000221441665777906 0.000362704187053099 0.000889111617651556 -0.00036428620433211 0.000242367156699137 5.69557778941789e-06 -0.000300843332870965 0.900122036906321 0.999997239260883 0.000236565329610982 0.000747820390034743 -0.000407705090096232 -0.000452035945206546 0.00179818063692149 -0.000625339101106186 -4.80242705527836e-05 -0.000744207702241396 -0.000595867565945403 0.900379826955008 3.834 2.29 152.262 132.868

 769 69 10000 10 0.9 15.948 2.393 0 3.207 0.999994323611801 -0.00173259955056793 0.000744283355367556 -0.000360127600331611 0.000640393324416169 0.00112328540600499 -0.000866840228848533 0.00148353424810398 -0.00125253567266765 -0.00121416152183762 0.899810078891953 0.999996612529536 0.00184783518918996 0.000629451481061085 -0.000602871325045313 0.000876357553761369 -0.000726161845252043 -0.000961747788429695 -1.22364201538009e-05 0.000258241855402225 0.000560054089533326 0.898777814989539 0.999994323925759 -0.00173259979977464 0.000744205662517692 -0.000360224953401443 0.000640291812545878 0.00112306102302475 -0.000866865236993278 0.0014836499050796 -0.00125252083402874 -0.00121403856080982 0.899785944233505 0.99999661268726 0.00184787179994147 0.00062932079269578 -0.000602772250943769 0.000876274383348209 -0.000726167060432798 -0.000961726682698226 -1.22233898054937e-05 0.000258222130734433 0.000560074177004092 0.898757216955799 1.747 3.523 147.366 145.418

 772 72 10000 10 0.9 15.197 3.044 0 6.806 0.999995032947809 -0.00042699280645051 -0.000156880597164281 -4.08633395340829e-06 0.0023478352300959 -0.00099609853965944 0.00155528104723432 -0.000103989256513864 -0.000808168229958533 -0.00037381449396879 0.900572742830214 0.999995922838396 0.000623019725476708 -0.000173516660243887 -0.00041367550894942 0.00103097404611001 -0.000507884876217305 0.00231599064904938 0.000856582506016956 0.000380431755043488 4.22897127588792e-05 0.90062610909931 0.999995032986052 -0.000426914677183695 -0.000156931904359613 -3.98502208499368e-06 0.00234790358248608 -0.000996142712252538 0.00155515835458366 -0.000103955422654585 -0.000808205124490303 -0.000373674034805359 0.900545830965219 0.999995923262451 0.000623027999330508 -0.000173527889959385 -0.000413467819171584 0.00103089149870815 -0.000507958346214116 0.00231586950605124 0.000856580913833701 0.000380401145716489 4.2197140929969e-05 0.90059902001771 3.47000000000001 5.777 146.771 125.135

 775 75 10000 10 0.9 16.015 1.516 0 2.908 0.999996828125378 -0.000533285128127227 0.000601942780830269 -0.000101042923144822 0.00137237785444571 0.000285393044109206 -0.000496463270340936 -0.00152973844506989 -0.000271068669773511 0.00103047440213624 0.899934687156024 0.999990750895609 0.00155934278410151 -0.00265839595667143 -0.000482945697779264 -0.000148213675782042 0.00145299061627738 -0.00183159062622722 0.000141325800344773 -0.00180405047617839 -6.18333123972592e-05 0.900312114627723 0.999996828235527 -0.000533285510800483 0.000601841487992092 -0.000101052772890549 0.00137232379073031 0.000285455640510365 -0.000496436244120995 -0.00152972926016748 -0.000270987067735535 0.00103052829000204 0.899910126407538 0.999990751173234 0.00155937905020979 -0.00265834861454019 -0.00048293412118957 -0.000148191027222596 0.00145297254125316 -0.00183152071149872 0.000141413536851103 -0.00180402078489586 -6.1770251331027e-05 0.900286188823496 1.506 2.659 160.627 137.186

 771 71 10000 10 0.9 10.086 1.544 0 6.024 0.999996407903346 -0.000357753179505631 -0.00162371550287251 -5.75610577047865e-05 -0.000214222471434884 -0.000196492509259041 -0.000926358422217674 -0.000224780700658345 -0.00111388769876081 0.00147733377721895 0.89980949316503 0.999997742307522 0.000757901007783357 0.000283035796621387 -0.000191938234148213 0.000591290994412912 0.00016376819173449 0.00115626621216886 -0.000611325773259457 0.00025365349095733 -0.00129327509278122 0.89952584215612 0.999996407896188 -0.000357878207467554 -0.00162367526964574 -5.76003478277362e-05 -0.000214127463565711 -0.000196478371943688 -0.000926369930015282 -0.000224774612041368 -0.00111397237821207 0.00147729654254268 0.899785576360136 0.999997742168883 0.000757922089944218 0.000283118185111113 -0.000191900562063121 0.000591303418898402 0.000163820712104571 0.00115629158663871 -0.00061137725927359 0.00025374721141102 -0.00129327975155966 0.899502816484508 3.292 4.377 150.026 127.815

 766 66 10000 10 0.9 14.16 4.076 0 2.889 0.999996968242284 -6.19416682342367e-05 0.000987934346646878 -0.00125640402848298 -0.00107157976525704 -0.00120852195386312 -0.000727239020474855 -0.000154111548538803 0.000435077544478408 0.000392907336766622 0.900681279592628 0.99999738855255 -0.000180932991996242 -0.000728052572415109 0.00120586540263848 0.000568446881415731 -0.000993790028458652 -7.91046326194408e-05 0.000742273625734609 -0.000853018005184559 0.000781256386905219 0.900125199177362 0.999996968368702 -6.17653811043299e-05 0.000987940531679394 -0.00125632716800623 -0.00107155480662757 -0.00120853284017555 -0.000727169940154079 -0.000154283050461673 0.000435065109591382 0.000392952457923924 0.900653911249174 0.999997388525971 -0.000180887961961249 -0.000727984080233985 0.00120587955924017 0.000568357950928461 -0.0009938192371486 -7.91546278511511e-05 0.000742261770684104 -0.000853038575051881 0.000781354088910461 0.900099899485612 0.990000000000002 0.538999999999994 161.44 148.091

 776 76 10000 10 0.9 13.588 3.523 0 2.825 0.999995166231638 -5.80474204626316e-05 -0.000544235417542829 -0.000567434065135421 0.000195150692884795 -0.00135345011995761 0.000591049700356876 0.00173339030157497 -0.00186126207546098 -0.000598147998632848 0.90021828954971 0.999996443361874 0.00124675331595961 0.000914508540750139 0.000337635819916537 -0.000184423729062074 6.90716787699182e-05 0.00202139165316265 -0.0001287603604258 -0.000671541187977113 0.000127247520839217 0.901911928934429 0.999995166205345 -5.79797285130881e-05 -0.000544292007717977 -0.000567470922321312 0.000195202899180001 -0.0013533962444901 0.00059100382530571 0.00173335422370688 -0.00186131651021296 -0.000598197420761813 0.900192765194185 0.999996443398037 0.00124681050753684 0.000914469055401372 0.000337679600973619 -0.000184384067546427 6.8887323783215e-05 0.0020213257053167 -0.000128958706003027 -0.000671588943197698 0.000127322652741576 0.901879350977946 0.408999999999999 0.518999999999998 152.665 157.7

 770 70 10000 10 0.9 13.905 2.004 0 5.221 0.999996867698492 -0.000540736206697083 0.00120889245950154 -0.000987963776371253 -0.0014176535788705 1.10149153701105e-05 0.000932600405619052 0.000705566309356457 0.000237807184955218 0.000317366615881443 0.900933790236628 0.999995925937521 0.00154423605803057 3.2958071653611e-05 -0.0010823276744212 -0.00148365874810617 -0.000224496149154142 -0.00014761677446921 -0.0014383560532989 -0.000492738801463726 -7.63659042889429e-05 0.898771884243491 0.999996867927081 -0.000540737042320456 0.00120894320494039 -0.000987849963374575 -0.00141753531164787 1.10309190328437e-05 0.00093254454657953 0.000705557710739663 0.000237867690692842 0.000317471515690149 0.900905451414318 0.99999592590834 0.00154429191668628 3.2913342402453e-05 -0.001082372810242 -0.00148358390253634 -0.000224589401361195 -0.000147553085972403 -0.00143837631102101 -0.000492667568078587 -7.63790272703474e-05 0.898751445923019 2.693 3.946 147.363 140.839

 787 87 10000 10 0.9 13.722 3.688 0 3.858 0.999995121497726 0.000386242003644542 -0.000341972645856585 -7.18966632954251e-05 -0.00116279189436603 -0.00246829447864148 0.000821169234615276 0.00061789892619187 -0.000799866077630409 0.00058755176991972 0.898850937657984 0.999998083395477 -4.43724872687355e-05 0.000211799424342332 0.000759382801693258 -0.00107480528238312 0.000846456695339737 -0.000561457631247587 3.39435140233358e-05 0.000337162775119848 -0.000952866368181615 0.901568246074308 0.999995121523987 0.000386306484944239 -0.000341976597651499 -7.18510480054378e-05 -0.00116274213495901 -0.0024683072023135 0.000821116868086752 0.000617937640219544 -0.000799816924018587 0.000587612366183193 0.898830064060749 0.999998083306441 -4.43207565700048e-05 0.000211977457016054 0.000759435976643728 -0.00107473255474471 0.000846483102072472 -0.000561454631786047 3.38846651718366e-05 0.000337285370270412 -0.000952899296543164 0.901537228195042 2.288 3.58499999999999 149.288 142.884

 789 89 10000 10 0.9 13.314 1.386 0 3.352 0.99999530973605 -0.00224557289905746 0.000637631027641989 8.73948445700756e-08 0.000788117838202387 0.000818554734264231 0.000915535093614265 -0.00127402363882037 -0.000421377520814259 3.56873497541599e-05 0.900049883253081 0.99999162921342 0.000309830205788992 0.0023381551389326 -0.00143891581003643 0.000305370781010577 0.000227448040239684 -0.00131239242600617 -0.000142416410105067 -0.00265242772643646 -0.000430170998995226 0.900895929819895 0.999995309849946 -0.00224551098656504 0.000637681127244051 1.48471524428371e-07 0.000788127954759993 0.00081853957168286 0.000915597569754574 -0.00127398990518744 -0.000421338764272132 3.56795642688731e-05 0.900024985296003 0.999991629289652 0.000309877426861983 0.00233812238016034 -0.00143895790243294 0.000305302273707609 0.000227518367377217 -0.00131235723548568 -0.000142488906241822 -0.00265243905601223 -0.000430021934787509 0.900867712637013 2.223 2.965 151.137 145.259

 765 65 10000 10 0.9 10.427 4.636 0 4.327 0.99999786150137 0.00116854263691867 0.000752721825300364 0.000427156448003106 -0.000877800080047121 -0.000390148308541843 -0.000648766739055123 -4.38781461305372e-05 7.60523505976275e-05 -0.000900606351088267 0.900726612091861 0.999993287926384 -0.00143029764992704 -0.00157600094685152 -0.00103683497844799 0.000172451445902785 0.00143222056885456 0.000547782297519262 0.00060784953895017 -0.00211585981542763 0.000769506679339365 0.899123620948702 0.999997861420194 0.00116865015484343 0.000752771437717525 0.00042713004694198 -0.000877886188682751 -0.00039015628336323 -0.000648689392484261 -4.38125647085654e-05 7.59986171338357e-05 -0.000900504078798053 0.900699083386341 0.999993288043235 -0.00143035958008046 -0.00157596200089024 -0.00103678869595262 0.000172458848729653 0.00143221551063146 0.000547788180926647 0.000607916991137897 -0.00211580272933252 0.000769489083874361 0.899101996562116 2.496 3.945 154.733 132.379

 790 90 10000 10 0.9 15.34 1.517 0 12.959 0.999997463231068 0.00130288981266284 9.36156079787933e-05 -0.000599173014806703 -0.000672552957494081 0.000719696467929534 0.000729613022442098 -0.00114053973594129 -0.000258107222780249 0.000371700826557467 0.900218982521555 0.999991285443982 0.00163866841516462 0.000179910862355798 -0.00182904675115302 0.0013460555755932 0.00241413637027888 -7.02455191918432e-05 0.000174175665236942 -0.00177029516097034 -0.000746247547938957 0.89923348377356 0.999997463267867 0.00130297058018533 9.35782928125691e-05 -0.000599128612148923 -0.000672504809647289 0.000719643271968483 0.000729659598232499 -0.00114046171682669 -0.000258099062454397 0.000371743414467132 0.900193453608819 0.999991285284806 0.00163859739253485 0.000179809468159005 -0.00182909246852835 0.00134601204394586 0.00241422556522555 -7.02236564678565e-05 0.000174203634073205 -0.00177034286412707 -0.000746201512222796 0.899211473890797 5.012 5.80399999999999 136.85 125.385

 763 63 10000 10 0.9 12.899 3.738 0 4.942 0.999994754139664 -0.000905236982434615 -0.00104888274034045 -0.000219936639984023 -0.000184946688066407 -0.00174890079205632 -0.000481406978736197 -0.00207784700661408 0.000493799077895036 0.000798632820116209 0.900502157491926 0.999994912406044 0.000727138705148095 0.000291386993926037 0.000943856769147384 0.00134377555283554 0.000376763154377474 -0.000164803261647158 -0.00203505374921296 -0.000798144951561101 -0.00138467934920459 0.90031799891745 0.999994754140297 -0.000905334371750251 -0.0010488168847186 -0.000219972462974804 -0.000184906772635305 -0.0017489639072382 -0.000481302805416679 -0.00207782625383875 0.000493587685324144 0.000798716733747322 0.900475477693008 0.999994912408378 0.000727176110816075 0.000291415520750479 0.000943842782137924 0.00134367713297618 0.000376830894838385 -0.000164737256092428 -0.0020351897345207 -0.000798134457952376 -0.0013845526600727 0.900291994828651 3.433 4.341 156.526 137.484

 760 60 10000 10 0.9 13.463 1.428 0 8.021 0.999996819519944 -0.00144891842164939 0.000603591655374689 -0.000605958094430575 -0.000280743763864272 -3.98707403553107e-05 0.000695317402584012 0.000150356703364628 -0.00171546865578237 2.76483420710591e-05 0.899749602736152 0.999996014261171 -0.000740813346906825 -0.000616952959934977 -0.000236638958679725 0.00067159742409844 -0.00106839655304693 0.000697636499309035 -0.00035897265149479 0.00102108951152128 0.00193270077101716 0.899642568621675 0.999996819494834 -0.00144895492630259 0.000603617165125538 -0.00060591325305113 -0.000280788132126276 -3.99025424864944e-05 0.000695334579738883 0.000150305812869149 -0.00171544716471744 2.77508238051876e-05 0.899725699365504 0.999996014399727 -0.000740706872746859 -0.000617040766296611 -0.000236684484039476 0.000671570902539754 -0.00106839051551703 0.000697568941153951 -0.000358936583849076 0.00102097676327305 0.00193273948513055 0.899619088571266 4.012 5.946 147.446 130.467

 774 74 10000 10 0.9 16.157 1.719 0 8.28 0.999994804921939 -0.000976264714488739 -0.000534335542042291 -0.00122274745792657 -0.000338716690528605 0.00147488390150217 -0.00121411360763984 -0.00131975167952517 -0.00115918976679404 -0.000898254830273479 0.90045571675297 0.999993210620339 0.00074323045650971 -0.00272048971308536 0.00151438960831032 0.000502300008142432 0.000579495179950601 0.00109550047747935 3.06670867398814e-06 0.00065608140485063 -0.0010550772851843 0.899151296096188 0.999994805339614 -0.00097636038715827 -0.000534251753890764 -0.00122276063373474 -0.000338681962914913 0.00147487982308849 -0.0012140190263042 -0.00131965682059832 -0.0011590442644615 -0.000898192510213783 0.900429241233898 0.999993210471979 0.000743299403981626 -0.00272046760165879 0.00151452088516845 0.000502161480235222 0.000579381002130406 0.00109557943912596 3.00821898884209e-06 0.000656090419191845 -0.00105507912669362 0.899129539056543 4.099 5.66 148.778 127.744

 762 62 10000 10 0.9 16.665 1.549 0 10.51 0.999993539014736 -3.29756430224475e-05 -0.00145917383366796 0.00197957902161724 0.000143655166879357 -0.000175975663215758 -0.000774454726140027 0.0022569979525613 0.000259853775250802 -0.00102954936971701 0.900753205644074 0.999991289649772 6.39144268174409e-05 0.000765688075040538 -0.000787430892322162 0.00146962991910832 -0.000653970652951314 -0.00288852785125713 -0.00182317062145363 0.000519467331685724 -0.00129820399332898 0.899564426039041 0.999993539525165 -3.28476896249818e-05 -0.0014590316643772 0.00197946966175878 0.000143658159387513 -0.0001759025465763 -0.000774430530291348 0.00225691596039126 0.000259860098629389 -0.001029677852723 0.900725523432009 0.99999129010167 6.39426464157615e-05 0.000765662852006965 -0.000787372902216933 0.00146949870451981 -0.000653978628583568 -0.00288847638286398 -0.00182313202557789 0.000519438263641285 -0.00129822942859938 0.899541149509275 4.204 6.59099999999999 146.968 120.606

 764 64 10000 10 0.9 11.807 1.664 0 18.048 0.999997689899139 -0.0010797036183754 -0.000217415795804949 -0.00139220707116141 9.4838580148212e-05 0.000222341932920819 -0.0007063198090493 0.000589846190418331 0.000495167121260776 -0.000564357469427385 0.899442519394515 0.999990936564072 -0.000578567841633677 -0.000363810890966302 -0.000101223960274492 0.000500476614942289 -0.00181550734376043 -0.00347592478971402 -0.000976519371098095 -0.00036042054193324 0.000968170624126449 0.89976883786603 0.999997689644523 -0.00107983261978207 -0.000217518948637881 -0.00139217457367137 9.48580170054084e-05 0.000222308980635614 -0.000706305953969079 0.000590057702977642 0.000495266753776708 -0.000564320756547952 0.899419634888013 0.999990936535298 -0.000578677654750925 -0.000363748186738235 -0.000101168174529494 0.000500375480426506 -0.00181546129581739 -0.00347590981676714 -0.000976630980318517 -0.000360450577708078 0.000968232721829924 0.899745061047768 5.93 3.89800000000001 157.333 104.712

 786 86 10000 10 0.9 14.542 1.54 0 11.852 0.999997798868125 0.000149987468264166 0.000720870183474539 -0.000242872767405916 1.83972847463559e-05 -0.000875678187100139 -0.000384300372892513 -0.00166078576018934 0.000316673794028464 -0.000166710839692711 0.898646156201358 0.999998200556261 -0.000719112090502449 7.71426049560829e-05 0.00118991153800256 -0.000832679167230684 -0.000133644900401156 0.000779071134943399 0.000309397618112444 0.000489094315545149 -8.25473681373962e-05 0.899970407831021 0.999997798916082 0.000149981103990699 0.000720879558509525 -0.000242925042226836 1.83249842863852e-05 -0.000875711665330266 -0.00038435701107606 -0.00166074801521266 0.000316568255669571 -0.000166590147372044 0.89862597522966 0.999998200629342 -0.00071911295171479 7.71211178070954e-05 0.00118990112871043 -0.000832607654479015 -0.00013345780181708 0.000779080552520965 0.000309362611399454 0.000489164962900003 -8.247237676593e-05 0.899945740183783 4.96 6.95200000000001 152.266 110.289
