
 23 55 2000 10 0.8 2.951 0.511000000000001 19120.651 0.247999999999593 0.999960321658995 0.000728810710922034 -0.0016535368003998 -0.0036644207185623 0.00176803226022424 -0.00202191796362559 -0.00220795852167645 0.00256701842438741 -0.00616051630455837 0.00245582237673798 0.801785173581102 0.999950442762541 0.000252799856383609 -0.00473733330802242 0.00445511098906614 -0.00377371667887639 -0.00241824676854108 0.0047466576866203 0.00302066447730064 -9.86609330110501e-05 -0.00223696409677553 0.796762904953184 0.999960319554979 0.000728997270882477 -0.0016534688818507 -0.00366477659045079 0.00176797131025737 -0.00202175572788936 -0.00220783420462048 0.00256706924232641 -0.00616071007420845 0.00245588841678805 0.801762515104763 0.999950444191195 0.000252785728399014 -0.00473709688964572 0.00445527164232739 -0.00377370847166325 -0.00241814228129507 0.00474640929941584 0.00302070840705736 -9.85069250880564e-05 -0.00223710907276746 0.796747607660182 0.604999999999563 0.510999999998603 8.25300000000061 8.29999999999927

 13 45 2000 10 0.8 2.703 0.537000000000001 19252.801 0.259999999998399 0.999942023141864 -0.00306729841046383 0.00161788854817527 -0.00737984810627481 -0.00283334107378189 0.000781233596926593 0.000106654714693289 0.00425223721357753 -0.0040916965410058 0.00244730245059665 0.802950166930778 0.999934491981055 0.00269212225624544 0.00486256245083659 0.00164312153521956 0.00388119755552223 -0.0073908070953556 0.0033036456051287 -0.000535968074000508 0.00406561712179584 -3.94937005491957e-05 0.800572919334112 0.999942021683345 -0.0030671450793378 0.00161825765013857 -0.00737996921579821 -0.00283340540632983 0.000781168733769602 0.000106557720208741 0.00425231430857628 -0.00409166058961422 0.00244735791106129 0.80292565336111 0.999934490582954 0.00269193903618877 0.00486257638206618 0.00164302038497818 0.00388133225512979 -0.00739099357824871 0.00330380014160648 -0.00053609117591752 0.0040655002726527 -3.91667838204097e-05 0.800552192295936 0.556000000000495 0.541000000001077 8.12200000000303 8.05099999999948

 11 43 2000 10 0.8 2.474 0.633999999999999 19376.139 0.253999999997177 0.999922900496946 5.76132092992648e-05 0.0015773324581631 -0.00436787145911691 -0.000943682867410702 -0.00532579673027707 0.000285202652511436 -0.00287428857255418 -0.00952840468920553 0.00205801950614154 0.807315142648186 0.9999274220491 0.00411583765145711 0.00395629489403231 0.00585873819147742 0.00470715912326851 0.00370996169858833 0.000305148359244442 0.00130217553618678 -0.0043946521573295 -0.0046054885880541 0.796065773959902 0.999922902668515 5.76916321175805e-05 0.00157776862119877 -0.00436753208504347 -0.000943571169117473 -0.00532601867400018 0.000285472630819135 -0.00287390097066934 -0.00952827278038852 0.0020579395654388 0.807281982536385 0.999927422507073 0.00411579743517018 0.00395636382239066 0.00585863687950865 0.00470720973344314 0.00370996824410043 0.0003052613385182 0.00130204609849059 -0.0043947117289273 -0.00460541002504891 0.79605123984752 0.568999999999505 0.529999999998836 7.58400000000256 7.48199999999997

 21 53 2000 10 0.8 2.271 0.601000000000001 19581.886 0.25800000000163 0.999916184908875 -0.00160086587330451 0.00459417258824154 -0.00642163031469787 0.0046166997138076 0.00156719174090731 -0.000843977460956169 0.00639467905063675 -0.00364542354705743 -0.00490441545083377 0.800879672438307 0.999935512213072 -0.00316304346561355 -0.00516128453294611 -0.00100823087462648 0.00422353433880507 -0.00157720331744575 0.00301087033639082 -0.00628055948822277 0.00233329816950426 0.00412678119832412 0.798567572737239 0.999916184464985 -0.00160056261129783 0.00459423951756303 -0.00642162183970129 0.00461698980097204 0.00156700893567908 -0.000843881016214215 0.00639481516631509 -0.00364540943033692 -0.00490418827060595 0.800858649624635 0.999935512008635 -0.00316310208140989 -0.00516127823183005 -0.00100829570136826 0.00422344493076667 -0.00157712175544031 0.00301087392344596 -0.00628066129157333 0.00233325977993081 0.00412676467553341 0.798550034441934 0.539000000000669 0.429000000000087 7.23199999999997 7.125

 15 47 2000 10 0.8 3.201 0.568999999999999 19782.657 0.245999999999185 0.999925832690764 0.0047254951560406 -0.00427523784555121 0.00533113025832389 0.0029268415613964 0.000394902835774958 -0.00403294038112759 0.00217198217138332 -0.00460295291830131 -0.00532996854887829 0.799074416614185 0.999944788903735 0.000965186015602895 0.00123366879602298 -0.000809796016863527 6.42478745586012e-05 -0.0064096334546346 0.00314918102919589 -0.00268801855293567 -0.00700137966768958 0.000245399622006071 0.801707033788072 0.999925832981416 0.00472551164368869 -0.00427522780476531 0.0053310842924668 0.00292674385066801 0.000394933253840903 -0.00403283060659321 0.00217183434965843 -0.00460295749934591 -0.00533014417089392 0.799056217245227 0.999944789208825 0.00096526396221475 0.00123377689618566 -0.000810013594552112 6.39150683954213e-05 -0.00640945498802687 0.00314922879338065 -0.00268810228125624 -0.00700139500343497 0.00024536892265026 0.801684419228922 0.425999999999476 0.477999999999156 6.27899999999863 6.50300000000061

 3 35 2000 10 0.8 2.709 0.385999999999999 19993.555 0.245000000002619 0.999959307633936 0.00270212714907646 0.000885070858997823 -0.00207397952632436 -0.00396003591028074 0.00327894079229925 0.00169064105378308 0.00058274333517801 -0.00107400682133401 0.00618159840801264 0.799050098676659 0.999947198566872 -0.00559006514365901 -0.00221281658934978 -0.00159745827343287 0.00388553383624656 -0.00199403322746456 0.000497801889276388 4.20177655515879e-05 -0.00197792956940045 0.00660813895592609 0.799907947819085 0.999959307643437 0.00270226106068104 0.000885171621746659 -0.00207413684721799 -0.00396005385602218 0.00327880862817213 0.00169060577322821 0.000582709255545765 -0.00107388572846738 0.00618156362732407 0.799031911606677 0.999947200486247 -0.00558987095106711 -0.00221279112636328 -0.00159738763773527 0.00388564344198072 -0.00199394850482622 0.000497855216684966 4.19757368450115e-05 -0.00197803757949052 0.00660796342225968 0.799888339630424 0.425999999999476 0.465000000000146 6.01600000000326 5.88100000000122

 2 34 2000 10 0.8 3.345 0.603 20043.055 0.248000000003231 0.999918082342774 -0.00154583043171565 -0.00609916849079118 0.000203187859228251 0.00310614766191426 -0.00109892585770961 -0.00928758670940203 -0.000736606611637289 -0.00389597354175166 -0.00337069922698522 0.799698746993139 0.99993304388822 0.00278144949171606 -0.00179257567367104 -0.0018554595470851 0.00590599130554956 -0.00204551759489327 -0.00218486825182087 -0.000956990433480165 0.00589591200866174 -0.00632448318635455 0.796211750561073 0.999918083134303 -0.00154577032784458 -0.00609910069491772 0.000203026614425834 0.00310609896502888 -0.00109884292415414 -0.00928763508423328 -0.00073644488297257 -0.00389593875332413 -0.00337063854139137 0.799679526079922 0.99993304404166 0.00278150415554483 -0.00179262939496055 -0.00185525993410249 0.00590610735344581 -0.00204542648012456 -0.00218497341241798 -0.000957068105473995 0.00589603581471724 -0.00632423581050125 0.796197080909946 0.431000000000495 0.398000000001048 5.51599999999962 5.54799999999886

 26 58 2000 10 0.8 2.597 0.461 20140.468 0.253000000000611 0.999907755501247 -0.00250439974425875 -0.00583239557237092 0.00474857412446785 0.00336796116751511 -0.00449120223887413 0.00126576344745066 0.0081391094744023 -0.00359388083867974 -0.00306029025605206 0.800502710606534 0.999972734967403 -0.00197420044093451 0.00128709432204856 0.000654898603243208 0.00194030641968011 -0.00506082814350915 -0.0015364359769886 0.0030160895610327 0.00274393743448866 0.000427733048507079 0.801056060101013 0.999907756314346 -0.00250432349667986 -0.00583229518846975 0.00474848111897743 0.00336772562145083 -0.00449147685213389 0.00126580323749155 0.00813902068571038 -0.00359403007107818 -0.00306032322603434 0.800482199229428 0.999972734762963 -0.00197454498914868 0.0012875220581314 0.000655261284026297 0.00194016103753539 -0.00506068929625138 -0.00153622084886083 0.00301615441063231 0.00274393342735856 0.000427421083195154 0.801034773072083 0.411000000000058 0.29399999999805 4.69800000000032 4.69399999999951

 14 46 2000 10 0.8 3.236 0.644 20183.985 0.449000000000524 0.999931814457394 -1.69610497895446e-05 -0.000257105604109376 -0.00294295346741485 0.000859840558686503 -0.00607435241216768 0.00296680043983824 -0.00847268432685669 -0.00209648426662996 0.0022401910672107 0.802129568680942 0.999911327465061 0.00107146212251305 -0.00288522346916646 0.00272608524922195 0.0066496338530292 -0.00684984546160549 0.00381895951105069 0.00165780586811919 0.000854874487243012 0.00715762007003371 0.796754098027742 0.99993181362239 -1.70223586930243e-05 -0.000257042933194053 -0.00294306697561991 0.000859808732419609 -0.00607428319249541 0.00296687279671162 -0.00847276829624535 -0.00209659045909899 0.00224010849708592 0.802106826810626 0.999911325577206 0.00107135031216233 -0.00288523825317605 0.00272606460204977 0.00664973806208862 -0.00685000534905312 0.00381892060785142 0.00165773999052771 0.000855038929698443 0.00715766898628369 0.796738911745798 0.366000000001804 0.325999999997293 4.93899999999849 4.80999999999767

 22 54 2000 10 0.8 2.333 0.594000000000001 20327.306 0.25 0.999841897546191 0.00218373633844589 0.00844401044739368 -0.00358053145957486 0.00145950393693884 -0.00833262091205873 -0.00126154184389091 0.00883274150458533 -0.00660322833243035 -0.00570223913388751 0.800359986078413 0.99989189923097 -0.0056971101132804 8.76965163832211e-05 0.00160873885564306 -0.00925928709122451 0.00549026392402856 -0.00490646545588981 0.00155773823713164 -0.0057726386296163 0.00233159889985038 0.800172622461985 0.999841898913972 0.0021835955129066 0.00844403205458914 -0.00358060831408105 0.00145945080850598 -0.00833250120500333 -0.00126147383869565 0.00883266971765139 -0.0066032915003702 -0.00570221459437693 0.800339827557375 0.999891897448569 -0.00569714406013208 8.76541463638725e-05 0.0016086361477022 -0.00925933814970196 0.00549024506005971 -0.00490667141387108 0.00155812050638131 -0.00577250865113679 0.00233182738656453 0.800152915134299 0.283999999999651 0.288000000000466 3.70099999999729 3.72300000000178

 1 33 2000 10 0.8 3.327 0.668000000000001 20547.487 0.253000000000611 0.999937592639759 9.41472193702574e-05 -0.00301415790873612 0.00273866257133365 0.00200732326048972 -0.00126495368599323 0.00221419604914982 0.0035499587300313 -0.00914930120907797 0.00117153885255433 0.800044311570252 0.999974687518004 0.000161164074424966 -0.00176165518943415 0.00286145135793261 -0.00139568868172494 0.00293498661710247 -0.0027317122369052 0.00355199803032527 0.00293806881246854 0.000183665711731968 0.803748937308656 0.99993759201751 9.40903035288555e-05 -0.00301428717895326 0.00273872817387027 0.00200733828755802 -0.00126486847828421 0.00221430200389243 0.00355003831609096 -0.00914926087349154 0.00117152841295235 0.800024722432462 0.99997468779488 0.000161258211819885 -0.00176174078923744 0.00286171509296589 -0.0013960333599897 0.00293486764873262 -0.00273124350827191 0.00355197813857023 0.0029380793488815 0.000183614060732587 0.80372317257971 0.272000000000844 0.265000000003056 3.48700000000099 3.54300000000148

 8 40 2000 10 0.8 0.454000000000001 0.84 20592.474 0.265999999999622 0.99983086610445 -0.00344823054627175 0.00147320858211333 -0.00381598531825874 -0.00522714914940465 -0.00944887326335277 -0.00827155946644701 -0.000555395515788385 0.00638187957462279 0.00914094974178685 0.807135048417206 0.999950088319241 -0.00125819991918121 0.000398682201022145 0.00418485238650936 -0.00210052397589332 -0.000154251643340616 0.0034603321149111 0.00344624904808641 -0.0035090748609375 0.00632184581768529 0.792945521211312 0.999830876438394 -0.00344820036469681 0.0014735174943419 -0.00381582994729541 -0.00522685864135933 -0.00944863510044907 -0.00827125676272272 -0.000555147296342852 0.00638159349543969 0.00914074688794326 0.807102300325911 0.999950088455907 -0.00125831801492977 0.000398698350059139 0.00418485041860567 -0.00210057182982143 -0.000154172503503137 0.00346038681566056 0.00344619213976492 -0.00350908106982814 0.00632178464451288 0.792934442231938 0.243000000002212 0.208000000002357 3.68100000000049 3.74599999999919

 18 50 2000 10 0.8 1.837 0.541 20826.689 0.268000000000029 0.999966075791485 0.00429895876214114 0.00186891623894624 0.000489704022743219 -0.0020023034326906 0.000296908426008811 0.00396709111126376 0.00475319245338489 0.00175741905860483 0.000342076043150632 0.805162421780919 0.999932558084021 0.00120356623531261 0.00247236858139055 0.000845267503631933 0.00291019198795531 -0.0046427460255614 0.00102382767012691 -0.00967239117046027 0.00102151103400927 -0.00096564040831189 0.802682283378901 0.999966074739348 0.00429911810463965 0.00186909680670537 0.000489623585444565 -0.00200252307714361 0.00029701074028451 0.00396706697820054 0.00475309502021848 0.00175748815952113 0.00034218183563752 0.805133782895319 0.999932560125081 0.00120314716446324 0.0024722732207074 0.000844978849969651 0.00290997301914223 -0.00464268091525987 0.00102394378141407 -0.00967232478328857 0.00102168678810362 -0.000965874701705976 0.802658023836244 0.173999999999069 0.161000000000058 2.26800000000003 2.51300000000265

 9 41 2000 10 0.8 0.96 0.792000000000001 20941.23 0.251000000000204 0.999933417566483 0.00231209905398585 0.00261552546798915 -0.00385274225730583 -0.00259153996621008 -0.00276090163581935 0.00252246043387985 -0.00095355579337977 -0.00874808908941478 -0.00282670128511038 0.802370729889025 0.999923101772025 -0.00244442884565143 0.000118684867233868 -0.000359272664449926 0.00710058591955009 -0.00405580549881686 -0.00107209707772216 0.00183783127546074 -0.00183775399732119 0.00853814458440696 0.803409856384704 0.999933417117434 0.0023123501116833 0.00261538081636493 -0.00385273212338308 -0.00259169299731069 -0.00276088526101511 0.00252236047865122 -0.00095347424777758 -0.0087481115650619 -0.00282672525858585 0.802347414106558 0.999923100713811 -0.00244440546040939 0.000118675914466836 -0.000359367491810034 0.00710092646519398 -0.00405585020387743 -0.00107182563373408 0.00183784412324275 -0.00183791623312915 0.00853796328317769 0.803384462819257 0.135999999998603 0.126000000000204 2.14199999999983 1.83199999999852

 6 38 2000 10 0.8 2.823 0.587 20974.472 0.252000000000407 0.999824897573055 -0.00432450615668596 -0.00416107125048672 0.00709813981352051 -0.000810528496339045 -0.00336184320002668 -0.00143547990719285 0.00604522512179842 -0.0142682522445381 -0.00310280827164037 0.803004897509621 0.99983477077972 0.00352713801477555 0.00714925192348476 -0.00492417290702629 -0.00400603362389408 -0.00204240875700674 -0.00495414493854755 0.00895916892003887 0.000892604466792149 0.010807609075816 0.801347019138294 0.999824902320289 -0.00432428806719694 -0.00416095852617224 0.00709830265723172 -0.000810602585457246 -0.00336204114621451 -0.00143556735789948 0.00604526116173027 -0.0142678723548697 -0.0031027635357424 0.802980352280581 0.99983476958408 0.00352729269981135 0.00714911537937883 -0.00492413996702905 -0.00400612881809229 -0.00204231180029275 -0.00495405781830954 0.00895933199158183 0.000892630428675925 0.0108076601794454 0.801325098622643 0.245000000002619 0.212999999999738 2.88100000000122 5.40000000000146

 19 51 2000 10 0.8 3.118 0.607999999999999 20977.747 0.275999999998021 0.999964062336604 -0.00230146461197446 -0.00475843237906549 0.00136275008239088 -0.00097607974150768 0.000902610744826214 0.0019366179234046 0.0022984890366455 -0.00504064430890594 -0.00242248957145414 0.8033226049014 0.999947098568597 0.00536154493758203 -0.000693681243435486 3.72323430256178e-05 0.00225419713745104 0.00471027979849832 -0.00117888446121587 0.00377325133706592 -0.00453212377409206 -0.00362433988037702 0.803988340578044 0.999964061652524 -0.00230143813089159 -0.00475851657778927 0.00136263507424749 -0.00097631801690962 0.000902702814738779 0.00193673461839778 0.00229837394993244 -0.00504062379158565 -0.00242262467276215 0.803297378873184 0.999947097933586 0.00536149237957247 -0.000693782075296849 3.73408218066879e-05 0.00225438773260942 0.00471042173363664 -0.00117882337992389 0.00377310583454162 -0.00453234413482059 -0.00362416517888364 0.803961561644377 0.270999999997002 0.504000000000815 5.66499999999724 4.00500000000102

 12 44 2000 10 0.8 2.477 0.630000000000001 21215.716 0.252000000000407 0.999953359471625 0.00142187311112183 -0.00395182893053092 -0.0017225280682149 0.00512945064789588 -0.00256115628602191 -0.00201255448926661 0.00470233208189185 -0.00356454445285725 -0.000966456526276419 0.800412339490766 0.999910129498391 -0.00015560078643287 0.0054949765496615 0.00372962103233867 -0.00526867970692545 0.00507041755506314 -0.000264069063398825 0.00790585766133127 0.000510196548936454 -0.00439353345182067 0.802452396302164 0.999953357488649 0.00142206712227419 -0.0039518596286562 -0.00172244374316377 0.00512958941504899 -0.00256144649911319 -0.00201246476879666 0.00470239436059015 -0.00356458605704837 -0.00096647226712709 0.800392088644556 0.999910129855742 -0.000155416830115485 0.0054950495363628 0.00372945463139102 -0.005268379552484 0.0050703691773841 -0.000264097454278187 0.00790591402262261 0.000509897843417625 -0.00439385590510402 0.802428590399586 0.235999999997148 0.255999999997584 3.33199999999852 5.50400000000081

 10 42 2000 10 0.8 0.905 0.986000000000001 21220.655 0.259999999998399 0.999911176643578 0.00951604069116793 -0.000852266033235429 -0.0019554035048297 0.00288600947930181 0.00460683286466606 0.000757165248439185 0.00632032257170963 0.00352643760700789 -0.00016227749149338 0.800562192465767 0.999827696775 0.00183899063873419 -0.00384971769416208 0.00593287822800922 -0.00295424246001346 -0.00346382713716466 -0.00247078605211257 0.0101172012562209 0.00474532964167017 -0.011809706148097 0.797057045329264 0.999911177676385 0.00951601314929107 -0.000852244477749674 -0.00195545617734878 0.0028859799114299 0.00460679251384168 0.000757013475161344 0.0063202749412751 0.00352639376215682 -0.000162194452876156 0.800541756545764 0.99982769778733 0.00183896645744959 -0.00384965290582697 0.00593297346968163 -0.00295416161614481 -0.00346356409555841 -0.00247067080814534 0.0101172057104895 0.00474526768376733 -0.011809740041587 0.797041421770316 0.281999999999243 0.365999999998166 5.12299999999959 3.18000000000029

 27 59 2000 10 0.8 2.372 0.655999999999999 21244.29 0.25800000000163 0.999971955989919 -0.00098933967355209 -0.00121178475026345 -0.00579161592264419 0.000900394915420704 0.00143054073721092 -5.17036150447326e-05 0.00245814926051799 -0.00230410490711445 -0.00242610287297789 0.80264917161704 0.999908391014053 -0.000775774352573272 -0.0109202949523027 0.000682693329779923 0.000158440346051983 0.00188154653935512 -0.00506722078844703 -0.00505818494699435 -0.00229531996794855 -0.00167124679764693 0.802137882503563 0.99997195783137 -0.00098909964057121 -0.00121178383046316 -0.00579130409513876 0.000900550952870297 0.0014306713033062 -5.1926480068252e-05 0.00245824122983476 -0.00230401305872012 -0.00242604096187287 0.802625369909005 0.999908392252272 -0.000775849685038731 -0.0109202784460085 0.000682665240889187 0.000158459664665097 0.00188122513443142 -0.00506732103130937 -0.00505798454545727 -0.00229537256568217 -0.00167118065750808 0.802114794807647 0.130000000001019 0.123999999999796 1.99199999999837 1.92599999999948

 24 56 2000 10 0.8 2.334 0.512 21307.348 0.246999999999389 0.999954153142846 -0.000315207968427163 -0.00118245089815542 -0.00448130402849358 -0.000250080046015666 0.00314173863195084 -0.00274029359578976 0.00220602625246354 0.00580956815006367 0.00374860985166432 0.799299511314622 0.999919568370045 -0.0037689632836302 0.0093342175705711 -0.000264288059183769 0.00592111731705354 0.00173115607838142 0.000342258704190226 -0.0019778348625719 -0.00186453209538485 0.00372723184771463 0.798786015407738 0.999954153037293 -0.000315199197384957 -0.00118252652586175 -0.00448125897199317 -0.000250090093992828 0.00314167174239633 -0.00274030144462886 0.00220609474966595 0.00580956019419212 0.00374869042258716 0.799280982163583 0.999919567692572 -0.00376891149407792 0.00933441611103768 -0.000264370015437145 0.00592106266194504 0.0017310016156873 0.000342288143593505 -0.00197766929571328 -0.00186455517110421 0.00372719510728374 0.79876827044819 0.182999999997264 0.18500000000131 2.64400000000023 2.53000000000247

 5 37 2000 10 0.8 3.252 0.605 21365.942 0.254999999997381 0.999905318373444 0.00410235265722462 -0.00306208143133976 -0.00131458545660476 -0.00228285242832881 -0.0119058805435015 -8.08848403455624e-05 0.00277145178147633 -0.00193252838857773 -0.00174268572326484 0.797374590486124 0.999905541021508 0.00583495766339848 -0.000647389446954923 -0.00169282825671158 -0.000768174103569196 0.00875524189710171 0.00760835982308953 -0.00244132298824591 0.00118592284958175 -0.00301323093758489 0.80368879036196 0.999905319345909 0.00410250632930987 -0.00306186609604385 -0.00131459442208836 -0.0022828766347412 -0.0119058301882917 -8.07847517468315e-05 0.00277131490513188 -0.0019325021237631 -0.00174270133702648 0.797358703464553 0.999905542026328 0.00583512818651987 -0.00064739579485444 -0.00169270695078934 -0.000768303597677004 0.00875516964607437 0.00760820184165902 -0.00244131869407485 0.00118606773443623 -0.00301315633458007 0.803663000585423 0.226000000002387 0.200000000000728 2.46399999999994 4.3739999999998

 25 57 2000 10 0.8 2.228 0.882999999999999 21370.276 0.247999999999593 0.999937606927348 -0.00251902766767178 -0.003104041822019 -0.00244389489503772 0.00126042843716572 0.00460929834415836 0.00848065518005348 0.0022186565875566 -0.000848703321728811 -0.00155900493629681 0.798901358133667 0.999923965148038 0.000166414268066336 -0.0013196077995822 0.00180682188899392 0.00155573955316321 0.0049658376528202 -0.00851545434561673 -0.00356939165148821 0.00454309464859386 -0.00374928809521164 0.802147646487288 0.999937607801305 -0.00251882122320392 -0.00310401526521926 -0.00244396324733061 0.0012603305972539 0.00460941400927656 0.00848058395092243 0.00221857054273554 -0.000848889550717471 -0.00155886931269082 0.798883310147254 0.999923966609118 0.000166525783649469 -0.00131963569165992 0.00180668760761916 0.0015558050317658 0.0049658725633608 -0.00851531079384198 -0.00356921595957695 0.00454320743399652 -0.00374923158782388 0.802124556448379 0.277000000001863 0.270000000000437 3.56599999999889 2.04399999999805

 16 48 2000 10 0.8 0.465 0.593 21393.039 0.253000000000611 0.999923197754248 -0.000715356396323519 0.00302787159249898 0.000546357903446741 0.00495384283211396 -0.00357493895855619 0.00378112134637844 0.00881503785379783 -0.00343372125410081 -0.00158347238464065 0.799948211370891 0.999934611878731 -0.00100802680072691 -0.0018875078232189 0.00237886181339312 -0.00176491410893748 0.00935012207133936 -0.00483352212351169 0.00188435511875489 0.00101654134854217 0.00143086979978141 0.801176379859847 0.999923197200474 -0.000715291869172046 0.00302776576890056 0.000546200148574092 0.00495365370905334 -0.0035749732791826 0.00378123428027562 0.00881521105474711 -0.00343362700158714 -0.00158359267034681 0.799928716782989 0.999934607819233 -0.00100794608047471 -0.00188757667657451 0.00237881515512228 -0.00176528035417045 0.00935040670100742 -0.00483369670135689 0.00188428861311223 0.0010164797854894 0.00143098012152631 0.801154656609289 0.113999999997759 0.11699999999837 1.61599999999817 1.66999999999825

 20 52 2000 10 0.8 3.297 0.616 21438.416 0.251000000000204 0.99992576406311 -0.00183509379061237 -0.00466516710890524 0.000836041635580678 0.00237247829616523 0.00455990487360314 -0.00432672448730802 0.00473955346128491 -0.00609050929417019 0.00423514377914909 0.804060462230074 0.999924764522258 0.00108916661874196 -0.00657815622764923 0.00369291079338186 0.00392512993846699 -0.00151324095158491 -0.00727681241170318 -0.00248272757706032 -0.00216467707351333 -0.00329711640053539 0.801868352868989 0.999925762942597 -0.00183538785717832 -0.00466506244431594 0.000835852961172439 0.00237228293340797 0.00456024932307946 -0.0043265699231139 0.00473977576497622 -0.00609027663817064 0.00423541567737637 0.804033868711884 0.999924764201325 0.00108932595494194 -0.00657804960577617 0.00369302810916001 0.00392505330874345 -0.0015132825263187 -0.00727682046997397 -0.00248274829147742 -0.00216461628886921 -0.00329732107423225 0.801845622490532 0.240999999998166 0.18500000000131 2.47199999999793 2.36100000000079

 7 39 2000 10 0.8 2.412 0.484 21513.243 0.253999999997177 0.999777746647721 -0.00608140560530516 0.00899072627182348 -0.0127767259499871 0.00502709038883649 -0.00658533860020219 0.000824048311750339 0.00652459654943062 -0.00552692246246599 0.00457835331289973 0.796114705708885 0.999956734534305 0.00265533769091919 0.00236256695644429 -0.00155281965340846 0.00503836586684448 0.00627361932324913 0.000610150427000228 0.00160644770779128 0.00191758138207196 -0.000334310600011399 0.80092765385751 0.999777746730383 -0.00608127412831488 0.00899077270330142 -0.0127767518243298 0.0050270342562669 -0.00658529486073731 0.000824099043210067 0.00652457584134167 -0.00552695016343501 0.00457845799842068 0.796100425520577 0.999956735761321 0.00265530895121722 0.0023624381527234 -0.0015526504463005 0.0050384612261681 0.00627347253511375 0.00061019803623916 0.00160635808732858 0.00191757329441596 -0.000334272401622957 0.800906484870807 0.185999999997875 0.191999999999098 2.28499999999985 2.31300000000192

 28 60 2000 10 0.8 3.267 0.488 21520.593 0.25 0.999945645250005 0.0032312883162872 0.00150215392026043 -0.00629379445115483 -0.0015856072848698 0.00186557786754417 0.00254934815509146 0.00592552954130704 -0.00176431522969672 0.00238297934171678 0.799507090724728 0.999938002283489 -0.00140152706347927 0.000171024050826847 -0.00110765648693889 0.00306120958211796 -0.00489503049145026 0.00492842532480367 -0.00454674288312556 -0.00238579701577235 0.0060650273725783 0.802429035115325 0.999945646317922 0.00323130697489337 0.00150221287876467 -0.00629373587558236 -0.00158565002464654 0.00186540209957701 0.00254949028509278 0.00592535414401853 -0.00176437919179176 0.00238296934302303 0.799488060476522 0.999938003272608 -0.00140141182533125 0.000170799663214318 -0.00110769303962691 0.00306142051453308 -0.00489491277937638 0.00492821464932292 -0.00454640753931014 -0.00238628471718665 0.00606510981851992 0.802405307070606 0.128000000000611 0.120999999999185 1.58299999999872 1.61599999999817

 17 49 2000 10 0.8 0.545 0.539999999999999 21641.275 0.253000000000611 0.999969138551624 -0.000549783602148958 -0.00333986635811121 -0.00350790881021431 -0.0013109824444582 -4.57488209334623e-05 -0.00295704785581906 0.00156902306542011 -0.00478205122667836 -0.00147132713626645 0.804178196817353 0.999934955301273 0.000583589434765275 -0.00425169387813481 -0.00290817127041627 -0.00329593670171824 0.0037869313775026 0.00662239894636862 -0.00321469009842781 0.00305100130520888 -0.00380882814562165 0.802238186022108 0.999969139917687 -0.000549473667423881 -0.00333977057556688 -0.00350796982206071 -0.0013109693507602 -4.58573675093144e-05 -0.00295709265897293 0.00156901216945306 -0.00478183630431531 -0.00147121481799951 0.804151253923894 0.999934954231411 0.000583699735538046 -0.00425184888812329 -0.00290824955783736 -0.00329588752605578 0.00378700370209771 0.00662240430778317 -0.00321441609110448 0.00305106791515218 -0.00380899851884087 0.802215023922467 0.120999999999185 0.111999999997352 1.56500000000233 1.63400000000183

 4 36 2000 10 0.8 3.327 0.530999999999999 21848.491 0.253000000000611 0.999884213714999 0.00405771008211201 -0.00324518700745103 -0.00736538303694419 0.0010271908340973 0.00151193327540573 0.00706701738366876 0.00888462269760918 -0.000575651935847913 0.00421454064677469 0.799747218180253 0.999982492323922 -0.00184999945230159 -0.00187422490928345 -0.00210171792237448 0.00283506409422573 0.00371003155589239 2.55859872217014e-06 2.81914612258465e-05 -0.00113389002664647 -0.00075774663696543 0.797765740896866 0.999884212361137 0.0040578289908218 -0.00324498890177544 -0.00736544344283443 0.0010271125574583 0.00151191351811712 0.00706705361202715 0.00888465206652996 -0.000575796142633214 0.00421467813238083 0.799727823978767 0.999982492708499 -0.00184992885034635 -0.00187421062211755 -0.00210167771144226 0.00283491308508393 0.00371009477550676 2.39330654398908e-06 2.82489499456184e-05 -0.00113398771518031 -0.000757666003918847 0.797749098962622 0.135999999998603 0.0980000000017753 1.59400000000096 1.64199999999983

 9 9 5000 10 0.8 1.772 1.526 0 0.696 0.999984633543157 -0.00412402619017674 9.30384112131453e-05 0.000458334595213899 0.00112735408738264 -0.00134699940360062 0.000292960367596135 -0.00239144148878505 0.000581599655307633 -0.00206832005042466 0.799552526822304 0.999972485279521 -0.000994491030252337 0.00143205325945913 0.00345540239341449 -0.00096464459024695 0.00338661465530907 0.00502727708948163 -0.00122898055161041 0.000894046346704162 -0.000257224107317094 0.799264237200812 0.999984633307133 -0.00412406517855045 9.31188955238603e-05 0.000458202369984528 0.00112718624117731 -0.00134703631555753 0.000293046289734208 -0.00239143954276359 0.000581668489863296 -0.00206842025626678 0.799533628862622 0.999972485301201 -0.000994438264943666 0.00143207558817421 0.00345545315244094 -0.000964593556147498 0.00338668222317262 0.00502725726683016 -0.00122880823367021 0.000894002383011284 -0.000257202886971457 0.799245729683666 0.729000000000001 1.424 44.442 44.741

 6 6 5000 10 0.8 1.534 2.462 0 0.668000000000001 0.99997826859805 -0.00404515279102851 0.00370510881344691 0.00103984803391002 0.00208745000490393 -0.00140549783531823 0.000443317991904409 0.00237358731495742 0.000169633478762723 -0.000312826630489023 0.798325093029845 0.999975433844757 0.00322618290851767 0.00140817648446741 0.00115790647453509 9.29704352144091e-05 -0.00305090709979261 0.00400821256013233 0.00295981149779806 0.000636571800142926 -0.000922815851493241 0.800682777437888 0.999978268714543 -0.00404513338850065 0.00370513987593389 0.00103984681961303 0.00208739557687781 -0.00140543059089329 0.000443372616744861 0.00237362801973063 0.000169517776748024 -0.000312682995417207 0.798307903073683 0.999975433195685 0.00322618967814465 0.00140805254677458 0.00115786447885908 9.29577227396293e-05 -0.0030510748835471 0.00400838135524131 0.00295974799642787 0.000636496685517534 -0.000922706199472549 0.800662030979466 1.182 1.747 45.009 44.697

 7 7 5000 10 0.8 1.514 2.31 0 0.679 0.999969982445079 0.00276053215085251 -0.0014782422249123 -0.00252089131972335 0.00272894002971577 0.000579388832816556 0.000514443292536558 -0.00340396289650455 -0.00491874837611114 0.000212301475335927 0.802881005402377 0.999963369069068 0.00061292905125736 -0.00248394523609795 -0.000207352246317357 -0.00145211949559329 0.00486074847649978 -0.00125181698637091 0.00102862385859995 0.00613713410247131 -0.0008042415954225 0.797355841734873 0.999969983107572 0.0027604415026094 -0.00147829655653012 -0.00252090093597456 0.00272882681526127 0.000579432229557444 0.000514364021409289 -0.0034040159201126 -0.00491866673147087 0.000212437456980341 0.802856617845186 0.999963369272443 0.000612990068297796 -0.0024839474301217 -0.000207338525823822 -0.00145216419586402 0.00486072456195752 -0.00125187163855745 0.001028677260584 0.00613706267628567 -0.000804394468949281 0.797339834872785 0.656000000000001 1.629 46.534 44.23

 5 5 5000 10 0.8 1.467 3.108 0 0.667 0.999964058840838 -0.00215926577963989 -0.00178580573898375 0.00011389158419534 -0.00075739675251151 -0.00215473954219092 -4.27039919249626e-06 -0.00269771188963074 -0.00337866016939273 -0.00633300559514964 0.801373122457527 0.999969335559303 0.00153405674587677 0.00105597909522061 0.00575203562463251 0.00113477801008782 -0.00312194203579246 0.00229565012934328 0.00143212141233241 -0.00131452691632984 0.00216573309356219 0.79841677307328 0.999964057985667 -0.0021592789895426 -0.00178581393858005 0.000113964024429355 -0.000757531063949551 -0.00215477792113862 -4.31171314684399e-06 -0.00269772994478535 -0.00337885409093958 -0.00633299220313131 0.801351365570428 0.999969335834833 0.00153424555794596 0.00105599129502566 0.00575203527187241 0.00113478996838563 -0.00312189891804607 0.00229545303469456 0.00143201949243812 -0.00131466571288303 0.00216571505567348 0.798399358407985 1.146 1.841 45.398 45.388

 12 12 5000 10 0.8 1.597 1.114 0 0.669 0.999981548722066 -0.00117520831765284 -0.00114319038317738 -0.00237883275064044 0.00011134689945928 0.00398684317102729 0.002330180323767 0.00181770809820695 -0.000784936029800642 -0.00181607463410705 0.801283388065328 0.999980779001651 -0.000588575907454475 -0.00143487458342911 -0.00161176021046246 -0.000578976435389466 0.000188276822672621 0.00156931420808017 -0.00402887254017678 -0.00207628157293422 0.00317212886457104 0.79873143363682 0.999981548383174 -0.00117544475144617 -0.00114314144293451 -0.00237878600552443 0.000111274174626087 0.00398676731581245 0.00233015099987163 0.00181775363536585 -0.000784941608238443 -0.00181636085213209 0.80126167122026 0.999980778398533 -0.000588374477603795 -0.00143495455039218 -0.0016118055616431 -0.000579037813843558 0.000188404991995363 0.00156930800545424 -0.00402892897820042 -0.0020763177692433 0.00317218602406161 0.79871364731136 1.186 1.671 46.535 45.171

 2 2 5000 10 0.8 1.583 2.087 0 0.677000000000001 0.999976676863474 0.000381689779061048 0.00271794135340086 -0.00135045085271992 -0.00299412887527532 0.00116716183703388 -0.00409156028494384 -0.0020985913835874 -0.00200594569165963 -0.00133913230679772 0.798789452734586 0.999977471447775 -0.00291822207559962 0.00145640978035197 -0.00431622313732159 -0.00146931443668842 0.00251797250767241 -0.00174994124134813 0.00144794701845724 -0.00128467901574165 -0.000693793671853447 0.799306410817007 0.999976676543794 0.000381590912235152 0.00271796305570061 -0.00135044864538848 -0.0029941602158908 0.00116712287915476 -0.00409156287215146 -0.00209858209582734 -0.00200602565632504 -0.00133920812126825 0.798771482101193 0.999977471394391 -0.00291814480378788 0.00145640776874243 -0.00431631440453299 -0.00146927040064213 0.00251800224417714 -0.00174994206715188 0.00144786546981324 -0.001284694489466 -0.000693756842113905 0.799287758272385 0.93 1.76 46.755 46.359

 26 26 5000 10 0.8 1.847 1.011 0 0.714 0.999972199483817 -0.00137147810510517 0.00461024197189399 -0.00109619350458148 0.00384638895532985 -0.000697176046296356 -0.000969007212219627 0.000678034671214507 0.0018189140615556 0.00335788910980946 0.799352268612219 0.999977229146102 -0.000227522520483798 -0.000767607590103189 -0.00463197275963838 -0.00234189232208642 -0.00219791538070016 -0.00267778221348072 -0.00140428041755701 0.00198633103684832 -0.000204220462840477 0.795980792764469 0.999972199583214 -0.00137153408908089 0.00461016282851756 -0.00109617034071273 0.00384638123594001 -0.000697201347970796 -0.000969044840953617 0.000677968149991816 0.00181891218566659 0.00335796004179322 0.799333428587045 0.999977229157496 -0.000227471000278458 -0.000767614992152011 -0.0046319460825366 -0.00234196098451951 -0.00219795055661041 -0.00267770226034749 -0.00140432157551983 0.00198634878465309 -0.000204226036672543 0.795966453257271 1.282 1.792 47.081 44.996

 11 11 5000 10 0.8 1.891 1.139 0 0.69 0.999948366031258 0.00326105196158594 0.00206974288073087 0.00349084656352792 0.00216587452915693 0.00400725167141025 -0.00188621893705706 -0.00241393849498671 -0.00665980506261131 0.00129381735849679 0.803563887974681 0.999987455778224 -3.94223650506276e-05 -0.00222257563642298 0.00141054551863851 -0.000858965191864943 0.00218241864266136 -0.00284607909857465 0.0018714485663248 -0.000930665089084463 -0.000433422587827287 0.803615150958337 0.999948364249838 0.0032612444721096 0.00206971155452192 0.00349102009115949 0.00216576843741943 0.00400720072015161 -0.00188637385923119 -0.00241403432909265 -0.00665990014015526 0.00129373215105933 0.80353832104401 0.999987455413181 -3.92606890835745e-05 -0.0022226644026145 0.00141058508892139 -0.000858925255221554 0.00218239928547356 -0.00284609972264704 0.00187140606214335 -0.000930900583103238 -0.000433414488833915 0.803589338951714 1.145 1.674 46.657 46.849

 8 8 5000 10 0.8 1.507 2.336 0 0.670999999999999 0.999990112336803 -0.00106245177962187 0.00197413391979599 -0.000445738474518341 -0.00107541276880333 -0.00163423426403686 5.27938737248864e-05 -0.000498945889081421 -0.0028338647166282 0.00156229947337413 0.804468103455725 0.999951895947456 0.00237969719980677 0.00238316453922481 -0.000142095561957082 0.00363873899491854 0.00304841716998225 -0.00469376060583848 0.00526093176614855 -0.00349576912187806 -0.000617013624504386 0.8038805087977 0.999990112429923 -0.00106242306343367 0.00197402456480651 -0.000445985086188221 -0.0010753452432784 -0.00163411604462575 5.27924467412765e-05 -0.000498870766165232 -0.00283399546178973 0.00156228420735694 0.804440848898653 0.999951897907235 0.00237958180120957 0.00238317712468481 -0.000142340303096947 0.00363864652313893 0.0030483685275232 -0.00469370281832468 0.00526067061360193 -0.00349589352734581 -0.000616924626726487 0.80385403860951 0.603999999999999 1.603 46.37 47.547

 3 3 5000 10 0.8 1.766 1.984 0 0.678000000000001 0.999956115977129 0.000768617134183946 0.000179881039698493 -0.00366844723494425 0.00364958751717328 0.00355347214838699 -0.00548722037931313 0.00289081012447317 0.000773708192253064 0.00294513784800315 0.799533327373309 0.999986745651929 0.00146740506850734 -0.000143321028859666 0.00103803237573311 -0.00268167641711192 -0.00258745062692563 -0.00216441944555513 -0.000579868089276826 -0.00162052998042968 -0.00131294538749133 0.802384165944938 0.999956116870003 0.000768626821100763 0.000179939950191384 -0.00366837113284514 0.00364963011121304 0.00355334090108118 -0.00548720862625422 0.0028908306648262 0.000773546053713803 0.00294507325465796 0.799514391533326 0.999986745016928 0.00146737565291219 -0.000143302248498682 0.00103787185749221 -0.00268178523447787 -0.00258744408371905 -0.00216450051714388 -0.00057988195680133 -0.00162063413851973 -0.00131311313355926 0.802360612218701 1.235 1.798 46.993 46.323

 4 4 5000 10 0.8 1.52 2.429 0 0.759 0.999982575249028 0.00140851828289154 0.000323077104937123 0.00156695111361757 0.00184376943151118 -0.00206166507377115 -0.00096507552389906 2.35292747785166e-05 -0.00299867115988344 -0.00356814493112728 0.800081069486543 0.999959375152962 -0.000865653975241121 0.000899312908756373 -0.00277136535842475 0.00438200223060965 -0.000731941680802403 -0.00560772639847596 -0.00295861765166443 -0.000484977294984559 0.00344042996112485 0.801614040129305 0.999982574612429 0.00140848628171671 0.000323164733993389 0.00156702703824756 0.00184377709660504 -0.00206169549242834 -0.000965167304260334 2.36063077665759e-05 -0.00299869943309126 -0.00356822406099091 0.80006114932772 0.999959374617653 -0.000865761504343304 0.000899431432032075 -0.00277126859022529 0.00438208163165025 -0.000731998857461012 -0.00560783219006254 -0.0029585363345172 -0.000484956149653735 0.00344039263086306 0.801591634438018 1.193 1.924 47.003 46.515

 19 19 5000 10 0.8 1.715 1.738 0 0.708 0.999982398760693 0.000454617345040015 0.000608434422739717 -0.00074251820214383 0.00470494215284241 -0.00118949971536552 0.000693349157943598 0.00109591382586618 -0.00295040212003522 -0.000368704597790493 0.800865389504574 0.999955969767181 -0.00199301556324679 -0.00557475657995031 -0.00621118799068002 0.000497930014839556 -0.00186904578883664 -0.00157926044028028 -0.00215202484942429 -0.000374317651746832 0.00185013353664172 0.79772683987813 0.999982398223643 0.000454630759378476 0.000608417460384121 -0.000742662861609101 0.00470505829528881 -0.00118956338447858 0.000693287880310555 0.00109585406644642 -0.00295037107058871 -0.000368735067883838 0.800844300534219 0.999955969633956 -0.00199299083241277 -0.00557476254149679 -0.00621117488228857 0.000498023092374527 -0.00186904212433388 -0.001579179793132 -0.00215215894520737 -0.000374285318366245 0.00185015627353046 0.797710347438821 1.169 1.741 47.156 46.071

 31 31 5000 10 0.8 2.073 0.609999999999999 0 0.722999999999999 0.999977856917295 0.00125027588050692 0.000351920751477912 -0.000412574514588553 0.00468165772534285 -0.00165915380788264 -0.0033399009669367 -0.00143338168460522 0.000599788314581362 0.00204656820320109 0.800020386195742 0.999995756521313 0.00127518102573429 0.000937262790126622 -0.000181852982179527 0.000233492552698817 0.000814707421497966 0.00157716727667317 -0.00153280533766926 0.000119084330938367 0.000616379606267864 0.800631862182202 0.999977857894231 0.00125025736215096 0.000351826646650484 -0.000412659227426875 0.00468155983736033 -0.00165915858628876 -0.00333988357848893 -0.00143315894981476 0.000599782561747111 0.00204650737283775 0.800000614133034 0.999995756301377 0.00127538068449739 0.000937357919263492 -0.000181907790744377 0.000233391956770511 0.000814681726424978 0.00157717183952723 -0.00153273092949176 0.000119059718034538 0.000616412672394078 0.800611193115136 1.245 1.737 47.087 45.941

 22 22 5000 10 0.8 1.879 0.856 0 0.884 0.999965289270799 0.00163726538826343 0.00096290426310961 -0.00102709178055471 0.00143935786987251 0.00308916108673167 -0.00356619829906029 0.000641141171662704 0.0054065225762438 0.00328382817676617 0.798301898035846 0.999960445280607 0.00181300789286037 0.0039730933550971 -0.000141815212033098 0.0039974573790884 0.00452931466100362 0.00192637164266878 0.000874283524253345 0.00388038733099575 -0.00199706089223796 0.800823059954913 0.999965289572991 0.00163711230114401 0.000962915777765576 -0.00102709576378102 0.00143927049284844 0.00308903915845359 -0.00356630138849287 0.000641153076809207 0.00540657008541342 0.00328376835213962 0.798284606712116 0.999960444036316 0.00181305566769744 0.00397307241685244 -0.000141648966944657 0.00399756269467586 0.00452940447838794 0.00192652090583592 0.00087421383948583 0.00388046140615206 -0.00199702208061261 0.80080202980792 1.251 1.641 46.066 46.011

 15 15 5000 10 0.8 1.921 1.143 0 0.760000000000002 0.999974502070085 0.00200110633858842 3.341495906352e-05 -0.000286368966924015 -0.00131618599734513 0.00413882604165452 -0.002622953286709 0.00139387301977568 0.00250137335591125 -0.00360080521188777 0.802147296404019 0.999959704447834 0.000702836330733292 -0.00140094371008061 0.00638063755103746 0.00385192398927347 0.000706325520412724 0.00415373895496137 0.00124376937623626 -0.00170545584340588 -0.00061238835275824 0.801371962381569 0.999974501873105 0.00200109944707308 3.3384401961342e-05 -0.000286255993803006 -0.00131616287263741 0.00413889454388337 -0.0026230587880799 0.00139356101595328 0.00250129582462846 -0.00360090049297994 0.802124113173117 0.99995970593552 0.00070274825813319 -0.00140101218414332 0.00638053215147419 0.00385182572557993 0.000706119347465507 0.00415365593959473 0.00124389135088745 -0.00170539556627943 -0.000612340762870812 0.801350099256508 1.374 1.813 46.475 46.759

 14 14 5000 10 0.8 2.025 0.661999999999999 0 1.177 0.999983015330418 -0.00118157446002795 0.00179675966982785 0.00171403367223638 0.0021193917970252 0.00260531636785723 0.00246058971997996 -0.00246890181259486 -0.00158387521913569 -0.000684501376812503 0.799970122959315 0.999944759255014 0.00421281798599501 -0.00261856375411125 -0.00708030013233551 0.00273378884192779 0.00230901097454097 -0.00271947842787668 -0.000233778937686607 0.00314420033366795 -0.0023667979610916 0.796190466940718 0.99998301566073 -0.00118149175633309 0.00179694903272353 0.00171410172050418 0.00211947468423721 0.00260512871067685 0.00246048392280255 -0.00246880350429345 -0.00158385969666718 -0.000684722436920431 0.799950659331828 0.999944758824724 0.0042128687104382 -0.00261848995960177 -0.00708030828687542 0.00273384448154886 0.00230905138083261 -0.00271959563048725 -0.000233914608693757 0.0031441475401468 -0.00236676508493379 0.796175922679888 1.543 1.798 45.541 45.249

 1 1 5000 10 0.8 1.734 1.568 0 1.01 0.999926079668752 0.00492584051677308 0.00820578957672297 0.00202363127130661 0.00495711412590771 -0.000378873201406366 -0.00226275447561824 -0.000973858375719913 -0.00285934299650713 0.00363048229587753 0.802236736716996 0.999981122277797 -0.000386334844508699 0.00186755338720874 0.00194560161144353 0.000354869453883906 -0.00263868596961775 -0.00412544338641639 0.000825084671447705 -0.000382008088778804 0.00232338936390212 0.799638542198202 0.999926077735626 0.00492592284684746 0.00820587745792162 0.0020234899092534 0.00495722326017174 -0.000378914877644566 -0.0022628687696827 -0.000973853648371178 -0.00285936290154191 0.00363054416720423 0.802213559649907 0.999981121895294 -0.000386416258017387 0.00186772292859104 0.00194560213353855 0.000354845442709102 -0.00263870387972322 -0.00412544273169318 0.000825253358846982 -0.000381970390235568 0.00232333450758051 0.799619280877259 1.299 1.687 46.111 45.909

 32 32 5000 10 0.8 1.954 0.642999999999999 0 1.009 0.99998164703254 0.00107778026092079 -0.000237943548601124 -0.00356061412396605 -0.000768114918855794 0.000280944442050805 0.00336552145973285 0.000600860736518803 -0.00311419933078215 -0.000868597505138451 0.801757517378388 0.999990471439558 -0.000624540877544809 -0.00236404949863253 -0.000451806155894432 0.000949732842033535 0.00166414346015675 0.000257155114830022 0.000170611523268648 -0.00228937198829567 0.00196628911263295 0.801472102990434 0.999981646587464 0.00107761412446174 -0.000237935139080654 -0.00356076446972935 -0.000768034117333302 0.000280859405901598 0.00336549505608654 0.000600906931753387 -0.00311426700631474 -0.000868628673544506 0.801735097652001 0.999990471602865 -0.00062468067896891 -0.00236404820190929 -0.000451905119639848 0.000949508711968986 0.00166414856901544 0.000257229572165752 0.000170715359999811 -0.00228926779263605 0.00196634694883654 0.801450193661223 1.41 1.632 45.805 45.396

 13 13 5000 10 0.8 1.699 1.618 0 0.878 0.999968177908666 0.00251642676602698 0.000353266745519817 -0.00183183180713739 -0.000438206888124651 0.00195215337964293 0.00472957060139378 0.00458512048900634 0.000835778410755636 -0.00239514917517866 0.801554718521794 0.999973779263587 0.00387130138018761 -0.000621284707849606 -0.00103278781241526 -0.00119922320729807 -0.00146622984956809 -0.00324919399140836 -0.00452251406504115 -0.000432705584835275 -0.0011025289613857 0.796952460077229 0.999968178776653 0.00251638655886592 0.000353179930846055 -0.00183184162792877 -0.000438223052123993 0.00195216476462889 0.00472950353328934 0.00458492142872322 0.000835846243494371 -0.00239531190935664 0.801532556616686 0.999973779044889 0.00387133566317136 -0.000621279933271458 -0.00103274504517846 -0.00119913605517664 -0.00146629259502904 -0.00324922457857923 -0.00452252499657811 -0.000432707280807478 -0.00110252538821065 0.796936936614101 1.327 1.78 47.137 45.187

 18 18 5000 10 0.8 1.928 0.653 0 1.355 0.999982567360364 7.020987489569e-05 0.00365505341844439 -0.000221748317769788 0.000300513374708849 -0.00109996629580714 0.00199010483156047 -0.00100797460943085 -0.00256317573123899 -0.00293339804966525 0.799105047902656 0.999930894531477 0.00338513563644077 0.000519227193967955 -0.00333447314970035 -0.00110047788769708 -0.00675931183174996 -0.000525152177408132 -0.00166313921760194 -0.00418029634594187 -0.00692406439250975 0.80038659054975 0.999982567581018 7.01268749143896e-05 0.00365490663986902 -0.000221778811546534 0.000300522854409046 -0.00109998958320857 0.00199010015657745 -0.00100803311100503 -0.00256318935512667 -0.00293346685402634 0.7990867108046 0.999930893786162 0.00338515483332429 0.000519246028181461 -0.00333445113687563 -0.0011004010072484 -0.00675930784635847 -0.000525014900759804 -0.00166320370843447 -0.00418022092473379 -0.00692422839021451 0.800366200013814 1.534 1.773 45.091 45.446

 20 20 5000 10 0.8 1.829 1.056 0 0.801 0.999973452668985 0.00169934797400107 0.00230136738382402 0.00261412781665569 -0.00109808902408364 -0.00229651607492893 -0.00222365331015084 -0.00136091758420204 0.00159550114629194 0.00471742275455339 0.803397668641095 0.999968858213573 0.00142374319492838 -0.00117376161382897 -0.00022595990516094 -0.000448251387443305 -0.00434148633222035 0.0042371275106228 0.00366880406454977 0.000179684760476296 -0.00288646701975858 0.801286660050693 0.999973453811124 0.00169953629934266 0.0023012260324891 0.00261407725800111 -0.00109795612697427 -0.00229656638426726 -0.00222381303376658 -0.00136094724110953 0.00159538740453541 0.00471717083312643 0.803372262240368 0.999968857376283 0.00142375731057879 -0.00117364458882128 -0.000226069969019089 -0.000448377801284881 -0.00434160079696618 0.0042371744839433 0.0036687797364995 0.000179754565699626 -0.0028865549085729 0.801264931769648 1.287 1.672 47.636 44.618

 10 10 5000 10 0.8 1.643 1.263 0 0.894 0.99997759438751 0.000177123560121731 5.81005643911395e-05 -0.000596708251365964 0.000395027667741938 0.00276773529192102 -0.000718551777497768 0.00478572534600265 -0.00141711608421381 0.00334302356494316 0.801946947903381 0.999980510832922 -0.00305921772023914 -0.000348749956411786 -0.00104412781904833 0.00311171758782808 -0.000275471965850973 -0.00242617126312648 -0.000994645217210175 0.000535611881061742 -0.00338912001706123 0.802779795885199 0.999977594809992 0.000177048536158267 5.82676491857341e-05 -0.000596705292125523 0.000395014731911048 0.00276775385850203 -0.000718586449386035 0.00478566266117386 -0.00141709270210707 0.00334297713665515 0.801924153489197 0.999980511773917 -0.00305905059366115 -0.000348769616043996 -0.00104392957642668 0.00311163309390158 -0.000275450909632045 -0.00242617435069626 -0.000994591498379044 0.00053547556741161 -0.00338916665386286 0.802755639338494 1.338 1.763 47.373 44.799

 29 29 5000 10 0.8 1.674 0.666 0 1.63 0.999978387664992 2.27023527001257e-05 0.00268172877268335 0.00376954228321942 -0.0031443784953824 0.000351153095082903 -0.00135604770868388 -0.00106442600074787 0.00283005562055593 -0.000911625886637196 0.799338904294747 0.99995801294389 -0.00186958957132138 -0.00119443191359816 -0.00207117708053864 -0.00557836780233664 -0.00332026507831406 -0.000796924725081767 0.00194469091842491 0.00467547442087967 -0.00251817824494118 0.795941356391021 0.999978387713244 2.26145615527845e-05 0.00268165167783161 0.00376950775349244 -0.00314440323190329 0.000351089635328154 -0.00135619424310578 -0.00106446545554051 0.00283001491345332 -0.000911746138159979 0.799320152251963 0.999958012360342 -0.00186957628357087 -0.00119435896965571 -0.00207114691421879 -0.00557842905322698 -0.00332030953585845 -0.000796822067059154 0.00194471727282005 0.00467546176643741 -0.00251832056371165 0.795926949724059 1.731 1.846 45.565 44.27

 27 27 5000 10 0.8 1.828 1.16 0 1.097 0.999976211305518 0.00355973652556811 0.000952164668527471 -0.00131862847744128 0.00407908265440124 -0.00122170379263263 0.00344320029424703 0.000146835031915268 0.00122919591916361 0.000860298468338059 0.799525025018712 0.99997693651822 0.00481322072987796 0.000896058293981878 0.00434865608050934 0.000491562071345978 0.00105694686124727 0.00106264049061324 -0.000506250231816997 -0.000702865248575493 -8.55807430877724e-05 0.797321906139762 0.999976211596729 0.00355972097180577 0.000951998967894499 -0.00131868904655371 0.00407916845307878 -0.00122162833860017 0.00344309440199658 0.00014685561870885 0.00122915261328358 0.00086029737529161 0.79950588095335 0.999976935696088 0.00481332602051939 0.000896145788069677 0.00434874623233896 0.000491559211929059 0.00105681844041021 0.00106251999841278 -0.00050638168064495 -0.000702917651138689 -8.5658406561814e-05 0.797305839705534 1.597 1.68 46.314 44.716

 23 23 5000 10 0.8 2.011 0.721 0 1.779 0.999974853935823 0.00357751480303056 -0.00016980886744415 0.00161177363692429 0.000987989923968948 0.00148642774868867 0.00377729088436739 0.000416042452283283 -0.00413871315377681 0.000332684079167155 0.799016970112423 0.999955728186296 -0.000925789653933506 0.00277991649978118 0.00305112812664822 0.00214524094968467 0.000415672823390636 0.0030232253165876 0.00285838510923657 0.0059571097664694 0.00361593780303623 0.801037733456736 0.999974855281468 0.00357746108377863 -0.000169887490475615 0.00161186321390331 0.000988046710088684 0.00148635186060382 0.00377715456303545 0.000415913789725448 -0.00413853490823598 0.000332839309549623 0.79899878561065 0.999955727747991 -0.000925612047055801 0.00277974668199564 0.00305130120080796 0.00214521448563058 0.000415714087134303 0.00302321663429616 0.00285843848174935 0.00595724840522695 0.00361583660643883 0.801016402734853 1.829 1.975 45.657 43.732

 25 25 5000 10 0.8 1.728 0.688000000000001 0 1.613 0.999956439368239 0.000506068578129808 0.00655518311628553 -0.00262599613202199 0.00180895838116047 -0.00446639598862857 0.00072455672384197 0.00199521331740714 -0.00273224184733587 -0.0013434848424587 0.803600058540298 0.999944453914968 -0.000914847895554668 -0.00300440179655627 0.00221891245666054 -0.00788563237332627 -0.000729230737819577 -0.000156551441900231 0.00522075019544758 0.00148684248734888 0.00202378814171122 0.798780393100694 0.999956440251602 0.000506050664787933 0.0065551231152576 -0.00262590259322177 0.0018088410229671 -0.0044663540874447 0.000724563227832216 0.00199511949464703 -0.00273232769455059 -0.00134356823543518 0.80357425321983 0.999944454492177 -0.0009148677286493 -0.00300437654171935 0.00221892820955277 -0.00788557312458068 -0.000729140070001261 -0.000156511561925066 0.00522072844898926 0.00148682150428683 0.00202385232673977 0.798762482731202 1.661 1.949 47.254 41.952

 28 28 5000 10 0.8 1.779 0.773999999999999 0 2.061 0.999979725807761 0.00135950633624397 -0.0013830740338777 -0.00159901409814188 0.00344312434181393 0.000410128012520842 -0.00332512939418007 -0.00294167567804667 0.00140830662981867 0.000716517285759576 0.803655808639044 0.999987939187379 -0.00166770301940147 0.000656118685863016 -0.000719129467815422 0.000536668613502494 -0.00272103569682588 -0.00186366104218256 -0.00103970070278596 -0.00118900910718954 0.00259472664132411 0.793649900255968 0.999979726325876 0.0013593553924324 -0.00138297671391699 -0.00159895581090281 0.00344312874760101 0.000410107482944636 -0.00332505306163784 -0.00294171920868356 0.0014084041236865 0.000716372952062162 0.803629850232965 0.999987939229799 -0.00166766511124085 0.000656206069983787 -0.000719219044341706 0.000536604573647963 -0.00272099514094796 -0.0018635943295516 -0.00103969251341113 -0.00118906120800987 0.00259477082733223 0.793638070758186 1.867 2.307 46.759 40.326

 17 17 5000 10 0.8 1.653 0.677999999999999 0 1.614 0.999980599490998 -0.0020284224855373 -0.00309316060863792 -0.00199591434097737 0.00252991484654463 0.00220780336451442 -0.00110078810464852 0.00206390101557258 0.00208407538165651 0.000212533198627958 0.802459892836615 0.999981579136398 0.000470190815477574 -0.00131513601064695 -0.003482129019685 -0.00121602831433301 -0.00180716666205356 -0.00204199753920518 -0.00339958925018377 -1.00103059381318e-05 0.00151455135444037 0.801225656035268 0.999980600012697 -0.00202830191908012 -0.00309299698981055 -0.00199597449527909 0.00253001470352917 0.00220773825735243 -0.00110084196287692 0.00206387953143494 0.00208408882586634 0.000212330902046925 0.802436236045774 0.999981580688555 0.000470161474607964 -0.00131503502080574 -0.00348200888393866 -0.00121592208720958 -0.00180700651069638 -0.00204195289086631 -0.00339949925472281 -1.00750470359714e-05 0.00151443767906013 0.801203971998195 1.806 2.267 45.784 42.25

 21 21 5000 10 0.8 1.999 0.742999999999999 0 2.179 0.999973802721727 -0.000253667112236999 0.00213179474949842 0.00121871309502013 0.000801108529205936 -0.000215435296608882 -0.00123585453075236 0.00573053212133593 0.00103709793926282 -0.00318898394311368 0.803871998622814 0.999965957688461 -0.00284366335695096 -0.00247379399047448 0.00128703843342126 -0.00314790355480706 0.000457287894650844 -0.00242816610877595 0.00158134638488581 -0.000483164814025712 0.00578553489204528 0.797152821771608 0.999973801685559 -0.000253706014624764 0.00213177708176328 0.00121858062911292 0.000801130079892803 -0.000215334630023049 -0.00123590218991302 0.00573068157502991 0.00103694270918656 -0.00318913301475211 0.803845751702551 0.99996595790081 -0.00284367632913077 -0.00247381516149481 0.00128699876211188 -0.0031479495027191 0.000457246980404254 -0.00242819186477196 0.00158127833829203 -0.000483214433141865 0.00578547346438143 0.797137133356772 1.785 2.276 46.368 40.76

 30 30 5000 10 0.8 1.237 0.630000000000001 0 2.909 0.999952279012413 -0.00199354985841537 0.00369818239106224 -0.000990464159733053 0.00135255957420298 0.00146066363629782 0.0034541294300919 -0.00105570032299317 -0.00729402489980906 0.00256838789982989 0.796827082036116 0.999945374663183 -9.6550483545375e-05 0.00826240483812639 0.0045424276386105 -0.00204923570380858 -0.000498030872803316 0.000894066535724786 -0.00272286699766568 -0.000299287565522872 -0.0027544601512783 0.798767381990403 0.999952278972404 -0.00199359342094141 0.00369822797975743 -0.000990469579529918 0.00135268415430453 0.00146061992878639 0.00345410185802644 -0.00105565164777538 -0.00729401284616944 0.00256835249602043 0.796811789424316 0.999945375314741 -9.65414925276539e-05 0.00826230889225771 0.00454243291259345 -0.00204928243881953 -0.00049792954836509 0.00089407771435159 -0.00272288863737092 -0.000299369126237916 -0.00275445270288658 0.798749347617688 1.679 2.688 43.397 41.841

 24 24 5000 10 0.8 1.693 0.593 0 2.603 0.999981051501145 -0.000254423558313677 -0.00248431197477823 0.00025502595475463 0.00442715535532725 0.00228951563274664 0.00049967391311804 9.51354506219809e-05 -8.39098815437777e-05 -0.00254709856037508 0.804675371632197 0.99999021679497 0.00160103249297653 -0.00184771490696678 0.000236602181140214 -0.000637752776024812 0.000249093416334758 0.00206073385997184 -0.0022173544401138 -0.00197453934637391 4.59545161356018e-05 0.80126024756072 0.999981051816254 -0.00025417056120021 -0.00248416760945797 0.000255099727496148 0.00442690480909173 0.002289710569424 0.000499617998001005 9.49786760662123e-05 -8.39723965064638e-05 -0.00254740849968398 0.804647421981141 0.999990216782871 0.00160114014851351 -0.00184758734911351 0.000236543883545887 -0.000637650703188724 0.000249076877014652 0.002060767721729 -0.00221740987928748 -0.00197452475802312 4.58349758730018e-05 0.801238603587006 1.61 2.438 46.681 39.902

 16 16 5000 10 0.8 0.796000000000001 0.573 0 3.92 0.999964522751016 0.00416173825140989 -0.00484201922817356 0.00382279323588207 2.40700518854679e-05 0.00181214915853729 -0.00154425821868424 -0.00045140387030754 -0.00254524683911467 -0.00179528031718971 0.80451632553359 0.999924914260598 -0.00164839739988794 -0.00468407489691972 0.00263398465107735 -0.00641151391880371 -0.00110093042034807 -0.00351822987782433 0.00164905069254182 -0.00657977461457825 -0.00422609654483789 0.799491158636601 0.999964524279481 0.00416164100368422 -0.00484180620039986 0.00382272533753444 2.41484738565981e-05 0.00181224308456749 -0.00154434702577784 -0.00045123878540518 -0.00254506423933951 -0.00179550162178204 0.804488785427578 0.999924914686265 -0.00164832059115486 -0.00468395383385926 0.00263406632901372 -0.00641145783549434 -0.00110092445564673 -0.00351833642565333 0.00164901823030017 -0.00657984489700608 -0.00422601023684715 0.799472337189644 1.926 3.01 46.9 35.14
