
 3965 65 2000 5 0.7 0.257 0.407 8.709 0.266 0.999931639734318 -0.0090319573298955 -0.000895815939164226 -0.00409834183837843 0.00612704765839508 0.700632263206748 0.999746324541427 -0.0155140738577532 0.00224323161026348 0.0124131107849423 0.0103673849560922 0.701684769245406 0.999931639816759 -0.00903194825516625 -0.000895814306960617 -0.00409836513238336 0.00612703223853747 0.700631845836499 0.999746324470522 -0.0155140611750405 0.0022432484313004 0.0124131414099981 0.0103673704645988 0.701684292391466 0.257 1.047 46.993 47.968

 3974 74 2000 5 0.7 0.23 0.368 8.74 0.27 0.999963897526563 0.00281144369221604 0.00507512376895596 -0.00352087655846515 0.00511331348933957 0.69919112839405 0.999989748589972 0.000257568339367567 -0.00219907608117995 -0.00394306049144119 -0.00022959064711985 0.703655036052488 0.999963897315313 0.00281145018270678 0.00507514991844477 -0.00352090753379994 0.00511330394987442 0.699190711511574 0.999989748604707 0.000257568006221419 -0.00219908202648711 -0.00394305309380441 -0.000229596943847951 0.70365453839218 0.559999999999999 1.102 47.606 46.792

 3961 61 2000 5 0.7 0.275 0.394 8.801 0.574999999999999 0.999969499908691 0.00109890876810254 -0.00447579602716746 -0.0046267214035229 0.00428396438592041 0.703861664664479 0.999922501908593 0.0113068021371634 0.000154944565118285 -0.00501166304315908 -0.00141620196777384 0.702124903506948 0.999969499938518 0.00109888972589359 -0.00447577926744022 -0.00462673924788366 0.00428396054628635 0.703861180673966 0.99992250199439 0.0113068097702682 0.000154956308631076 -0.00501163290739255 -0.00141618580734631 0.702124418975424 0.974 1.151 46.993 48.626

 3963 63 2000 5 0.7 0.237 0.37 8.695 0.273 0.999976767541894 0.00583564036875336 0.00211858238720862 -0.000670670072092707 -0.00273340232576918 0.700781015013925 0.99980871307622 0.00531078741238092 -0.00320753846423052 -0.0128634400908992 -0.0133632481066869 0.700274439153749 0.999976767593983 0.00583562819644051 0.0021185844000261 -0.000670662666167319 -0.00273340951383697 0.700780554015999 0.99980871282963 0.00531081118606696 -0.0032075590993691 -0.0128634341031121 -0.0133632579187419 0.700274002680251 0.681000000000001 1.083 47.772 47.814

 3986 86 2000 5 0.7 0.191 0.365 8.47 0.266999999999999 0.999709541657818 0.0205006053970319 -0.00357259911046293 0.00268251684538826 0.0118574084707297 0.701457889497812 0.999859902696629 -0.0109750292214898 -0.000632491491699508 -0.0060661146865053 0.0110691427038457 0.70624870561676 0.99970954157497 0.0205006160898607 -0.00357260277356851 0.00268250257985701 0.0118573990921725 0.701457442899781 0.999859902976783 -0.0109750143955965 -0.000632484416607747 -0.00606608125950964 0.0110691508206057 0.706248215623061 0.381 1.224 47.755 47.671

 3973 73 2000 5 0.7 0.253 0.393 8.997 0.696000000000002 0.999969426341797 7.83586059487033e-05 -0.00756986687574685 0.00138116329364843 0.00138915262892599 0.698381920742833 0.999930084408814 -0.000309820979807105 -0.00463391743528694 -0.00275475260958681 -0.0105199074332841 0.705486581059919 0.999969426520992 7.83667625511075e-05 -0.00756984149666019 0.00138114418952394 0.00138918046767843 0.698381503367598 0.999930084321773 -0.000309796707001392 -0.0046339453392831 -0.0027547503584401 -0.0105199047195089 0.70548607954167 1.051 0.926000000000002 47.967 46.858

 3969 69 2000 5 0.7 0.112 0.446999999999999 8.964 0.447000000000001 0.999893732371332 -0.00662381365164038 -0.00583015492752891 -0.00524945497664912 -0.0103489889943621 0.701423483594691 0.999889722692783 -0.000393464619246187 -0.00194221236536041 0.00737160782256197 0.0127387145419519 0.698798989525717 0.999893732415831 -0.00662380854649496 -0.00583016202966423 -0.0052494363772759 -0.0103489933958129 0.701423020289193 0.999889722094612 -0.000393470521083677 -0.00194219042444272 0.00737161416196403 0.0127387609880418 0.698798584353899 1.155 1.018 48.288 48.002

 3962 62 2000 5 0.7 0.259 0.362 8.801 0.288 0.999896072034985 -0.00012113928180346 -0.00376714514748935 -0.0104900133016782 -0.00914323206808101 0.700708385060624 0.999895944220079 0.00985954891112945 0.00276584863251365 -0.0025316128349722 0.00984027668823047 0.70922726982895 0.999896072387441 -0.00012112900365738 -0.00376713443966889 -0.0104899951706187 -0.0091432188733944 0.700707941325014 0.999895944270626 0.00985953028921016 0.00276585256023622 -0.00253161029812685 0.00984028975912549 0.7092268803819 0.583 1.044 47.821 48.621

 3984 84 2000 5 0.7 0.204 0.365 8.506 0.266999999999999 0.999914600353323 0.00690541247455333 -0.0044224487491992 -0.0101670373936442 -0.000424942945085125 0.702934060443844 0.999959969760387 0.00184249015557751 0.00662715714967412 -0.00567084291191734 -0.000765790843133857 0.699819892247727 0.999914600216157 0.00690541992527166 -0.00442244997489908 -0.0101670450142564 -0.000424949544563165 0.702933612467093 0.999959969518136 0.00184248665174408 0.00662718738301532 -0.00567085081979173 -0.000765795401107998 0.699819463809189 0.339 0.988999999999997 47.443 48.367

 3968 68 2000 5 0.7 0.238 0.388 9.108 0.734 0.999829909573868 -0.0140993201903017 -0.0093072499790082 0.00265354221080255 -0.00690614966863987 0.700528612199517 0.999933201312802 -0.0085862135317686 0.00595025303932646 0.00492661647443461 -0.000439076757672125 0.700956517224973 0.999829909826847 -0.0140993014581171 -0.00930723323737775 0.00265351816173887 -0.00690618308920574 0.700528161276145 0.99993320131319 -0.00858620924117638 0.00595025354779511 0.00492662512150727 -0.000439055863051757 0.700956067602813 0.985999999999999 0.891000000000002 48.011 48.606

 3992 92 2000 5 0.7 0.238 0.364000000000001 8.762 0.853 0.999983850307354 0.000268101280833079 0.00234870384672717 0.00106146891875359 -0.00505807474812775 0.707217484490962 0.999913614585327 0.00756268160383572 -0.00701400778454889 -0.00814171731608021 0.000292143471289761 0.703567342864992 0.999983850114948 0.000268102450329557 0.00234871039468184 0.00106146487924211 -0.00505811053188034 0.70721704814769 0.999913614625096 0.00756268840534291 -0.00701400491534521 -0.008141708632635 0.000292142169529353 0.703566862482598 1.08 1.086 48.526 47.644

 3970 70 2000 5 0.7 0.127 0.367 8.761 0.269 0.999962439243206 0.00645718908286663 -0.00214032599055374 -0.00394763923828509 -0.0036414229395246 0.709615664676023 0.999803248858156 -0.00334853733618945 0.00449515494024319 -0.00467506342323279 -0.0184441924311185 0.700214251763116 0.999962439212786 0.00645719446013697 -0.00214032666405878 -0.00394763788085309 -0.00364142283358541 0.709615286706419 0.999803248906422 -0.00334853979471572 0.0044951485637528 -0.00467504028468732 -0.0184441967874108 0.700213838504537 0.409000000000001 1.068 49.134 47.04

 3985 85 2000 5 0.7 0.183 0.364000000000001 8.755 0.265000000000001 0.999939241646623 -0.00209575650800031 -0.00385787474315213 -0.00350951403249374 -0.00948266489745439 0.700401540733701 0.999856692342808 0.00266667938832668 0.00805208149638104 0.0137975995934844 0.00492684761015108 0.698119171371646 0.999939241771903 -0.00209569881519435 -0.00385786623139339 -0.00350952904605534 -0.0094826623435933 0.700401134223833 0.999856692327852 0.00266666484615177 0.00805210269059694 0.013797591765837 0.00492684579917042 0.698118757255016 1.038 1.072 48.115 48.23

 3967 67 2000 5 0.7 0.257 0.376 8.964 0.398999999999999 0.999933239946187 -0.00333316780317411 -0.00529708474688122 0.00213561150681946 -0.00947553163647215 0.709546623054578 0.999870555221156 -0.00612802110524266 -0.00265606156290585 0.00341404718535888 -0.0142341061489867 0.705141888642732 0.999933239932084 -0.00333313722230373 -0.00529709030134794 0.00213561734577331 -0.00947553946090557 0.709546245785466 0.999870555477724 -0.0061280187858801 -0.00265602947484149 0.00341403745230141 -0.0142340974469783 0.705141398617245 1.002 1.172 48.222 48.929

 3987 87 2000 5 0.7 0.171 0.365 8.764 0.266 0.99968789029201 -0.0142058069679823 -0.00885841100894199 -0.011195865564151 -0.0147816846321598 0.706774125822138 0.999877357500896 -0.0117260470732244 -0.00985765470310058 0.00177141018654845 0.00273103034899859 0.707266511381599 0.999687890199647 -0.014205839524624 -0.00885841172850994 -0.0111958661561441 -0.0147816587107359 0.706773675434087 0.999877357357653 -0.011726065054495 -0.00985764639184492 0.00177142437139545 0.00273102638650871 0.707266072069253 1.003 1.211 48.204 47.292

 3980 80 2000 5 0.7 0.271 0.366000000000001 9.145 0.462 0.999873553318524 -0.0145345562954299 0.00370603294149816 0.0044328026650826 0.00287047519637686 0.70522515461078 0.999890632149033 -0.00462002472518289 0.00182190693579674 0.0126682809741197 0.00579434417552815 0.704711450798812 0.999873553268697 -0.014534561970757 0.00370604462458815 0.00443278287119086 0.00287047929882156 0.705224638187847 0.999890632318399 -0.00462003236993291 0.00182188507675636 0.0126682663871275 0.00579434761850534 0.704710946604731 1.172 1.115 48.977 47.563

 3988 88 2000 5 0.7 0.206 0.362 8.943 0.481999999999999 0.999726918389315 0.0170146625735161 -0.00479297382116911 -0.000387592549970377 -0.0152796295530305 0.696798800891027 0.999925446934075 -0.011281479401158 -0.000216479067095102 -0.00388323644012409 -0.00258890088189419 0.703810398501207 0.999726918396169 0.017014670578528 -0.00479294976202872 -0.000387600954620314 -0.0152796275243132 0.696798455970134 0.999925447048111 -0.0112814679919625 -0.000216458805621825 -0.00388324841054103 -0.00258889029307335 0.703809859478946 1.146 1.083 48.778 48.197

 3971 71 2000 5 0.7 0.268 0.372999999999999 8.886 0.526999999999999 0.999879275932361 -0.00167738055602324 0.00338073820487616 -0.0138814502835325 -0.0058733212634281 0.700177552455918 0.999873277956053 -0.0149044908492312 0.00081893237825638 -0.00467077719772486 0.0029660364245666 0.704047584198595 0.9998792758328 -0.00167738647276883 0.00338076089477038 -0.0138814428935667 -0.00587334092841157 0.700177139229098 0.999873278399396 -0.0149044637907737 0.000818931991929931 -0.00467077284572576 0.00296602990029896 0.704047087585263 1.016 0.988 47.871 47.676

 3966 66 2000 5 0.7 0.201 0.365 9.135 1.432 0.999870874953345 -0.0125547034063524 -0.000778630417198298 -0.00999408379128232 0.000353364200214657 0.700698677807534 0.999958482556974 0.00224556002210735 0.0057088364934979 0.00423707902121665 0.00523898556963455 0.707199835347394 0.999870875252395 -0.012554681450707 -0.000778614724725964 -0.00999408295505419 0.000353356304809248 0.700698241350758 0.999958482443478 0.00224557117680319 0.005708834484738 0.00423711406859708 0.00523897629515048 0.70719939334984 1.225 1.286 46.404 46.404

 3964 64 2000 5 0.7 0.215 0.409 8.917 0.273999999999999 0.999958467692778 -0.00046380444025431 0.00746497629937457 0.0049391062228877 0.00165140350062279 0.695912713482341 0.999898601292514 0.00188313563955251 -0.00398225240754296 0.00770261568084479 -0.011137877305571 0.699984556536777 0.999958468196321 -0.000463642026518124 0.00746487299453308 0.00493917904766576 0.00165139336608173 0.695929015059849 0.999898601132759 0.00188314315688515 -0.00398222576017772 0.00770263847948659 -0.0111378841371222 0.699984107009046 0.776 1.118 52.383 46.823

 3975 75 2000 5 0.7 0.253 0.365 8.921 0.629 0.999945105057623 0.00309399033097392 -0.00635251321013349 0.00745657898878412 -0.00206375890812618 0.697232239805739 0.999879570773482 0.0120693426751059 -0.000993786115933785 -0.00799356790785335 0.00550365137771861 0.705964644327177 0.999945105083287 0.00309399227198072 -0.00635249853027747 0.00745659518821672 -0.002063730218836 0.697231855288036 0.999879571046019 0.0120693098040265 -0.000993786349504872 -0.00799356293871741 0.00550368112457542 0.705964191702894 1.109 1.083 47.926 46.413

 3977 77 2000 5 0.7 0.233 0.363 8.544 0.273 0.999934218906924 0.00241268368384228 0.00813534562402684 -0.00135047823756575 0.00759797187076084 0.702085853627986 0.99985459646619 0.0118148200076682 -0.0110223465132869 -0.00484905235442695 0.0024880760084928 0.711391826665689 0.999934218605709 0.00241270744074976 0.00813535481058993 -0.00135049194451766 0.00759799169575363 0.70208540296199 0.999854594662878 0.0118137208342843 -0.0110236973122604 -0.00484877939974622 0.00248856735534164 0.711450168302591 0.417 1.078 47.924 54.638

 3991 91 2000 5 0.7 0.206 0.367 8.848 0.333 0.999863231798346 -0.0026256187436922 -0.0053586260604614 -0.0034659844855031 -0.0150298337406376 0.704491329491081 0.99985922741926 -0.0083104246220293 0.0116877768150239 0.00606169798274323 -0.00625410887743734 0.695665559403466 0.999863231837212 -0.00262562779256238 -0.00535863006974908 -0.00346598755345044 -0.0150298274372898 0.70449084319726 0.999859220416381 -0.00831041055678255 0.0116881706928939 0.00606164189085559 -0.00625456538580622 0.69568652699658 0.923999999999999 1.254 49.041 51.878

 3981 81 2000 5 0.7 0.177999999999999 0.371 8.869 0.307 0.999968011274012 0.0036826310643304 0.00228619744543272 -0.00291637703165112 0.00605662475240653 0.705038805176303 0.999759466721 -0.00910927428704181 0.0145753639734052 0.0135968507206232 0.000845126753353231 0.695185785416881 0.999968011347822 0.00368264570916065 0.00228622145909701 -0.00291637317402827 0.00605659645450552 0.705038305623717 0.999759482860698 -0.00910885173684436 0.0145748811162481 0.0135965060205768 0.000844461144776257 0.695215939059953 0.862 1.079 48.278 52.611

 3978 78 2000 5 0.7 0.23 0.367 8.734 0.275 0.999848865161471 0.00825874325839148 0.0105360434217338 0.0110538629589727 -0.000918639107279132 0.69428131274831 0.999783988882152 -0.0161615895354354 -3.72212515961069e-05 0.0130542954327881 -0.000602149410655289 0.697035363952251 0.999848853197509 0.00825886835854736 0.0105360904480733 0.0110548009125835 -0.000918709919449565 0.694327592479817 0.999783988652535 -0.0161615840852302 -3.72619281094491e-05 0.0130543204150556 -0.000602132821211062 0.69703491894648 0.962999999999999 1.232 55.289 44.106

 3976 76 2000 5 0.7 0.23 0.369 9.203 0.971 0.999649447494057 0.0135793641746646 0.00269270381281851 -0.00794446875090036 -0.0211238669726923 0.70184174579925 0.999886045610893 -0.00908976885609591 0.00118537041253515 -0.00204488074917323 0.0118188516557347 0.693460647495513 0.999649447146715 0.013579403329658 0.00269268911205464 -0.00794449727358264 -0.0211238493862544 0.701841292851955 0.999886028534062 -0.00908996066994494 0.00118432939053608 -0.0020441764183384 0.0118203749544649 0.693521427659597 1.089 0.829000000000001 48.645 50.922

 3979 79 2000 5 0.7 0.249 0.361999999999999 8.887 0.382999999999999 0.999874124861913 0.00176243965997319 0.002672811201923 -0.00626535434197923 0.0142207472840713 0.705059586258236 0.999849436318375 -0.0129064700584008 0.0055907306756987 -0.00897751374324864 -0.00476190108678986 0.693695224881648 0.999874125011822 0.00176246620829969 0.0026728177738624 -0.00626536777697724 0.0142207262991366 0.70505910057707 0.999849457230546 -0.0129057282200321 0.00559045663899701 -0.00897629810547746 -0.00476213416255943 0.693752430193205 0.859 1.086 48.692 53.257

 3983 83 2000 5 0.7 0.288 0.366 9.138 1.918 0.999918067935013 0.00674892127624685 0.00397009725635077 0.00725642722458242 -0.00706343191570587 0.700092228738094 0.999817428588084 -0.00430723345650157 0.0179095288457536 -0.00294089241315712 -0.0041421202059023 0.70801023296539 0.999918067830565 0.00674894230164847 0.00397010090181618 0.00725639363250202 -0.00706345907316325 0.700091801490118 0.999817428624049 -0.00430723870152616 0.0179095293903266 -0.00294087950101486 -0.0041421128836011 0.708009801377894 0.972999999999999 1.598 47.583 43.253

 3990 90 2000 5 0.7 0.206 0.369000000000001 8.97 1.048 0.999933331264785 0.00913892765147499 -0.00365389998008301 -0.00491048284118823 -0.00351414289586688 0.694990416083663 0.999811169798429 -0.010856421544458 -0.0119112656899199 -0.00886119760725638 0.00627405643699338 0.699295445344933 0.999933343489361 0.0091381331184256 -0.00365329618824571 -0.00491028195023121 -0.00351363905775017 0.6950237550229 0.999811169290201 -0.0108564631421532 -0.011911285627295 -0.00886119037794171 0.00627403780630705 0.699295018328736 1.116 0.914000000000001 55.878 40.132

 3989 89 2000 5 0.7 0.201 0.399 9.229 0.423 0.999933265499894 -0.00411802657669432 -0.0052158748565389 -0.00307752901589112 -0.00893475620649744 0.696961901601556 0.999946533279849 0.00365405370437818 0.00153738447580149 0.00672003554496827 -0.00678646037234928 0.685469419964118 0.999933265522583 -0.00411805353386695 -0.00521584954564556 -0.00307752952149503 -0.00893475584424761 0.696961505712024 0.999946541141007 0.00365324105337063 0.00153850515784913 0.00672007946720981 -0.00678544204725802 0.685662567919077 1.149 0.968 47.571 51.861

 3960 60 2000 5 0.7 0.032 0.44 19.542 0.667999999999999 0.999720516978517 0.0170743253637737 -0.00573881580316111 -0.0119985729633503 0.00951081413966927 0.705109431704563 0.999956074720053 0.000507243275833761 -0.00739538892723117 -0.00267588666301496 0.00507338032317757 0.706288477920165 0.999720516939066 0.0170743265952901 -0.00573882875239003 -0.0119985900228457 0.00951078674025914 0.705108929610454 0.999956074808663 0.000507247207585788 -0.00739537282928934 -0.00267587545092319 0.00507339184452749 0.706288028592981 0.52 0.727 35.36 34.793

 3982 82 2000 5 0.7 0.27 0.396 9.171 0.504 0.999897423678466 -0.00779941112000634 -0.00532870360541826 0.00923845366916133 -0.00552876107605036 0.693333444245771 0.999966962182792 0.0067265854189272 -0.00401770521620068 0.000780482767802367 0.00201903020444607 0.709962243258056 0.999897405348563 -0.00780018641467878 -0.00532949159152619 0.00923938905017348 -0.00552865973478156 0.693397048060737 0.999966962368174 0.0067265944277561 -0.00401773098176088 0.000780514583834507 0.00201884479711968 0.709972987066117 1.11 1.09 57.795 41.93

 3972 72 2000 5 0.7 0.272 0.369 8.859 0.470000000000001 0.999851143969775 -0.00626162530684674 0.000577608246599146 0.0158285212300559 -0.00275794039657134 0.713943909934397 0.999962378341104 0.00104872731880537 0.00135916301538087 -0.00500003970930003 0.00687708893469717 0.702843382513928 0.99985115309159 -0.00626355885707157 0.000578318089519797 0.0158272386473293 -0.00275745477755436 0.714083148031898 0.999962378139011 0.00104876203066255 0.00135916614326892 -0.00500003282369412 0.00687711741455491 0.702842887420877 1.077 0.920999999999999 62 36.885

 3995 95 2000 5 0.7 0.122000000000002 0.741 9.32 0.274000000000001 0.999859674981819 0.0111103741199885 0.00232277921238491 0.000345244159624448 -0.0123156581377768 0.69873186340614 0.999759774801712 -0.0144140272626175 -0.0139994831880675 0.00354380285991582 -0.00800527565167884 0.700140122398131 0.999859675139276 0.0111103655379811 0.00232279334812797 0.000345209864966386 -0.0123156513918007 0.698731422234324 0.999759774657496 -0.0144140103568984 -0.0139995030207756 0.00354380796734715 -0.00800528715822255 0.700139694610533 0.317999999999998 0.337 13.955 13.847

 3993 93 2000 5 0.7 0.114000000000001 0.991 9.226 0.289000000000001 0.999898601373972 -0.000763450863064313 0.00945314062885115 -0.00824441411283065 -0.0066986477248932 0.700582974403428 0.999848302403538 -0.00665949263806558 0.0110649592280185 -0.00272760611404792 0.0113644261067642 0.69866592253202 0.99989860100667 -0.000763448388865604 0.00945315777088837 -0.00824442249610425 -0.00669866832481907 0.700582544055884 0.999848302115646 -0.00665949994603193 0.0110649733038868 -0.00272759774307167 0.0113644354573999 0.698665527541127 0.238 0.384999999999998 14.413 13.989

 4000 100 2000 5 0.7 0.129999999999999 0.657 8.653 0.268999999999998 0.999898819269696 -0.00567995906497706 0.00683036999770727 0.00840753479580398 0.00726282950645245 0.702686192328008 0.999865755264429 0.0108625264592157 0.00919204350375454 -0.00802947430849261 0.00122916515166451 0.705582941953851 0.999898818829599 -0.00567996203206835 0.0068303976931854 0.00840755360331657 0.00726283995738802 0.702685719010435 0.999865754810689 0.0108625441025549 0.00919206398297337 -0.00802948236459747 0.00122917255123758 0.705582451353229 0.344000000000001 0.427 14.451 14.393

 3999 99 2000 5 0.7 0.0999999999999996 0.905999999999999 9.151 0.260000000000002 0.999812360403072 -0.00179784102051854 0.00325519594009124 -0.00742923595212062 -0.0174991972804786 0.705442496608457 0.999927016709615 -0.00699745375057293 0.00415693917201041 -0.00464106392981052 0.00762740306637293 0.707158941325371 0.999812360548795 -0.00179785548622062 0.003255209412034 -0.0074292548337494 -0.0174991769462506 0.705441998327699 0.999927016958966 -0.00699743883364374 0.00415694426263176 -0.00464106872583705 0.00762737836953014 0.707158484942333 0.271999999999998 0.341999999999999 14.202 14.057

 3994 94 2000 5 0.7 0.072000000000001 1.005 9.203 0.332000000000001 0.999928083858218 -0.00393335684407061 -0.00880008327658085 0.00524562304718042 -0.00483712608297277 0.704354291306949 0.999919172631267 0.00798708544702898 0.00474308091928054 0.00868009706070337 0.000117340847936411 0.699400724829369 0.999928083942757 -0.00393330547341983 -0.00880008068477439 0.0052456430703257 -0.00483713338025778 0.704353798640284 0.999919172670242 0.00798709162614834 0.00474308045104166 0.00868008659441807 0.000117381273564091 0.699400320182742 0.341000000000001 0.373000000000001 13.943 13.815

 3998 98 2000 5 0.7 0.0340000000000007 0.587999999999999 9.481 0.332000000000001 0.999805043128752 -0.00805202213839217 0.00656396181105463 -0.016791367444914 7.11229206687232e-05 0.705895154779559 0.999980380976068 0.00118687531322367 -0.00505948715000847 0.00129334916108936 -0.00324928110128346 0.703933132024487 0.999805042977028 -0.00805201267601258 0.0065639515013085 -0.0167913850785718 7.11154066028596e-05 0.705894645178862 0.999980380904854 0.00118690182328551 -0.00505949177455174 0.00129334636138611 -0.00324928724761396 0.703932624367461 0.373999999999999 0.367999999999999 13.941 14.33

 3997 97 2000 5 0.7 0.0980000000000008 0.663 9.156 0.373000000000001 0.999839721584547 0.00856046371364345 0.00563299890935174 0.000200818879134287 0.0146791892762167 0.697677963510384 0.999881059958424 -0.00491619426147364 0.0126502300857241 0.00689217548909694 0.00248325717716301 0.69530647779391 0.999839721782727 0.00856046918983585 0.00563297598290099 0.000200798791196275 0.0146791816566791 0.697677513353237 0.999881056882381 -0.00491677853525401 0.0126503104328264 0.00689220833447879 0.002482838463509 0.695333678612827 0.312000000000001 0.385999999999999 13.859 15.167

 3996 96 2000 5 0.7 0.100999999999999 0.814 9.013 0.27 0.999938129397349 -0.00320946858856336 0.00223773299347277 0.004502948851977 0.00938896647113082 0.709514277434946 0.999748144404655 0.0026537774973792 0.00137928503201019 -0.00668322428431334 0.0212140828321581 0.69330779983361 0.999938129559701 -0.00320947684656728 0.00223774650230566 0.0045029293562087 0.00938895248804607 0.709513897810791 0.999748168246352 0.00265393023203011 0.00137954646543459 -0.00668196496302763 0.0212133198290426 0.693371743622808 0.297000000000001 0.433 14.299 15.606

 4002 2 5000 5 0.7 0.280999999999999 1.079 47.141 0.673999999999999 0.999920465391506 -0.00803379616765293 0.00101627919185559 -0.00941683840583689 -0.00219347701467786 0.703698282386643 0.999964160283506 0.00416452446777874 -0.00532330118997445 -0.000452588366535448 0.00507863295299902 0.70060631702704 0.999920465506267 -0.00803379002158792 0.00101627468854447 -0.00941683547344234 -0.00219346188554356 0.703697835841421 0.999964160443519 0.00416450228169909 -0.00532329797102401 -0.000452584142181772 0.00507862339028493 0.700605928275747 0.170999999999999 0.293999999999997 34.054 37.025

 4007 7 5000 5 0.7 0.366 0.761999999999999 47.226 0.679000000000002 0.999904396013251 0.00616720755190041 -0.000520994342758552 -0.0112956736859787 -0.00502998064231814 0.705396539604186 0.999974722011838 -0.00233651509847728 0.00514793826404154 -0.000668726192027351 0.00425999664933447 0.696904233031311 0.999904396093886 0.0061672156256212 -0.000520995151172794 -0.0112956637782274 -0.00502997687958027 0.705396104719612 0.999974722051257 -0.00233651258618944 0.00514793916393726 -0.000668721089570109 0.00425998848767628 0.696903879127071 0.308 0.560000000000002 34.259 36.884

 4001 1 5000 5 0.7 0.347 0.958 47.215 0.686 0.999981475674946 0.00500194590043781 0.00185428916954094 -0.000415597093804581 0.00290133329675205 0.699103358100116 0.999872594100801 -0.00932845557820391 0.00756724174797074 0.00420829635435223 0.00963340940595163 0.69702862448461 0.999981475711249 0.00500193902563134 0.00185428125052765 -0.000415609490574556 0.00290133592189174 0.699102981803024 0.999872594137325 -0.00932846019031466 0.00756723192424604 0.00420829211080944 0.00963341071939656 0.697028274828563 0.333000000000006 0.541999999999994 34.57 37.717

 4003 3 5000 5 0.7 0.361000000000001 0.930999999999999 47.364 0.670999999999999 0.999965751892737 0.00442044253225352 0.00159563600326361 0.00331404266534855 -0.00595195735625872 0.700293227894343 0.999967457715252 0.00202902156730623 0.00196137875661107 0.00287066598380739 -0.00699134122744113 0.698715161272816 0.999965751990743 0.00442042896671128 0.00159563334290248 0.00331403121768666 -0.00595195805280336 0.700292844188155 0.999967457611323 0.00202902104242681 0.00196137200307002 0.00287068469778434 -0.00699135045522421 0.698714800467655 0.333999999999996 0.410000000000004 37.02 37.297

 4008 8 5000 5 0.7 0.371 0.92 47.462 0.734999999999999 0.999961313649425 0.00630714110101306 -0.0045860775415575 -0.00406271004579676 0.000231204485350056 0.700544849065308 0.999969166610743 0.000986373266882155 0.003019558778406 -0.00704941321568398 0.00137147136035012 0.702412599636365 0.999961313755478 0.00630713475271095 -0.00458607271417943 -0.00406269901151081 0.000231208633401427 0.700544460671647 0.999969166559504 0.000986371368923353 0.00301956306620553 -0.00704941938801499 0.00137146891858634 0.702412183082639 0.343999999999994 0.585999999999999 36.77 37.071

 4011 11 5000 5 0.7 0.281 1.051 47.203 0.685000000000002 0.999902127770075 0.0134223966010557 0.000788250375560764 -0.0022424647867623 0.00315026401850875 0.697641998473539 0.999972241525955 -0.0047977081363259 0.000574165469747853 -0.00498546396200355 0.00270437743181409 0.70257864606045 0.999902127767311 0.0134223975056335 0.000788239413836414 -0.00224246587634559 0.00315026300866551 0.697641636655876 0.999972241380347 -0.00479772186922864 0.00057416042332418 -0.0049854799931079 0.00270437842726938 0.702578222043098 0.403999999999996 0.518999999999998 36.948 37.631

 4004 4 5000 5 0.7 0.175999999999999 1.098 47.638 0.679000000000002 0.999969381703714 0.00278209015541719 0.00145028732542573 -0.00481843667495192 -0.00530800943325577 0.701141505935009 0.99996308489466 0.00257805226788598 -0.000786829203804042 -0.00284995479823658 -0.0076446812824585 0.699802343842239 0.999969381730786 0.0027820901825675 0.00145028164363932 -0.00481844125486376 -0.00530800171385042 0.70114109634354 0.99996308497663 0.00257804430146872 -0.000786826367227381 -0.00284995731178862 -0.00764467260180907 0.699801957921127 0.284999999999997 0.497999999999998 37.017 37.909

 4014 14 5000 5 0.7 0.286 0.889 47.329 0.733000000000004 0.999952864346357 -0.00439663993062252 0.00357818581221964 -0.00376492394029404 -0.00692535752527097 0.701940336763073 0.999975188793016 0.000253118574412051 0.00295674752274092 -0.00237824253882484 -0.00592953083064943 0.702089520649883 0.999952864404375 -0.00439663652003313 0.0035781790932155 -0.00376493470619923 -0.00692534893215082 0.701939915117147 0.999975188701995 0.000253116658192303 0.0029567629197113 -0.00237824748799266 -0.00592953659991024 0.702089099176216 0.494999999999997 0.619999999999997 36.939 37.352

 4005 5 5000 5 0.7 0.387 0.846 48.019 0.850999999999999 0.999960769298602 -0.000116391487326053 -0.00695059949897207 0.000733530027056572 -0.0054403508226762 0.697595331321075 0.99997953339346 -0.00181971656657221 0.00129319319139942 -0.00550942480972531 0.00236544191466718 0.698542883930905 0.999960769233345 -0.000116391559681606 -0.00695060944294101 0.000733519484179966 -0.00544035153277665 0.697594979557918 0.999979533484421 -0.00181970247791586 0.00129318927817025 -0.00550941578684901 0.00236543745423024 0.698542514197248 0.472000000000001 0.578000000000003 37.092 37.757

 4006 6 5000 5 0.7 0.265 1.045 48.338 0.962000000000003 0.999959877768103 0.00276848755560189 -0.00750245963158605 -0.00303551415297592 0.00266027892493404 0.699495246562153 0.999911926269411 -0.00908701164354335 0.00473668725414218 -0.0052909075752777 -0.0065678013422884 0.703329126584405 0.999959877627132 0.00276849776793788 -0.00750246851385071 -0.00303552300373209 0.00266028613725754 0.69949486316593 0.999911926252656 -0.00908700749183795 0.00473669448176979 -0.00529090698085507 -0.00656780490374272 0.703328688530025 0.506 0.590000000000003 37.697 37.33

 4021 21 5000 5 0.7 0.0800000000000001 0.637 47.176 1.215 0.999912664220354 0.00363703254050868 -0.00885960733801147 0.00547562172662673 -0.00727742059912926 0.704994988359059 0.999913848091449 0.00299810150013704 -0.0122839468532993 -0.0024981883776308 0.00248424774935745 0.70201758955883 0.999912664111766 0.00363704786931381 -0.00885961503889376 0.00547562319936536 -0.00727741737486969 0.7049945245657 0.999913848140068 0.00299810231518363 -0.0122839423231738 -0.00249818198724335 0.00248425602291037 0.702017164350089 0.580000000000005 0.713000000000001 38.248 36.677

 4009 9 5000 5 0.7 0.154 0.827000000000001 47.92 2.016 0.999964405825254 0.00379651747956986 0.00304669785261182 -0.00152460444808942 -0.00672062132885851 0.696879554394279 0.999987840174394 -0.00168469098572244 0.00364330577457954 -0.0027826262839327 0.000681640396561687 0.70531366609594 0.999964405777784 0.00379650996154513 0.00304670010594852 -0.00152462347916933 -0.00672062730004247 0.696879211010247 0.99998784019173 -0.00168469103875996 0.00364329262567571 -0.00278263804010432 0.000681637120890719 0.705313218513389 0.445 0.959000000000003 36.554 35.87

 4024 24 5000 5 0.7 0.226 0.574 47.085 1.409 0.999952196255812 -0.00123467956329683 -0.00420921525892688 0.00443616740612058 -0.00752885749651577 0.698909763869403 0.999981134069532 0.00351489423640607 -0.00266166647717668 -0.00200749973420855 0.00377657250700692 0.697199377231551 0.999952196316693 -0.00123467834451903 -0.00420919297131271 0.00443616941707767 -0.00752886088598947 0.698909394798149 0.999981134046284 0.00351489605768903 -0.00266165945496329 -0.00200748985263533 0.00377658716960088 0.697199017794162 0.544000000000004 0.771000000000001 38.026 36.161

 4010 10 5000 5 0.7 0.146 1.022 47.753 1.112 0.999972935815552 0.00178445520851666 0.0032950326919801 -0.00618686989626528 -0.00134490017476796 0.703570573989511 0.999972726844508 -0.00253934930400664 0.00678234372970356 0.00046397377355826 0.00137179230995349 0.702719793911756 0.99997293585291 0.00178446739972594 0.00329503145240685 -0.00618686132800219 -0.00134489867544427 0.703570128803862 0.999972726904028 -0.00253934265590511 0.0067823376925578 0.000463969385765203 0.00137179256115006 0.702719370083465 0.612000000000002 0.817 38.623 36.588

 4023 23 5000 5 0.7 0.0940000000000003 0.544 46.817 1.74 0.999965679133603 -0.0046491587362325 -0.00590819307060914 -0.00327188848375747 -0.00118906614937099 0.701788136027647 0.999965931059863 -0.00413021081643641 -2.77120911531431e-05 0.00639537949512919 -0.00319005193487527 0.702575671829395 0.999965679144875 -0.00464916236644571 -0.00590819109602674 -0.00327188118881331 -0.00118907236035123 0.70178772778447 0.999965931140364 -0.00413020738057856 -2.76977878458441e-05 0.00639536999690956 -0.0031900503150343 0.702575246954695 0.498000000000005 0.722999999999999 37.484 37.111

 4015 15 5000 5 0.7 0.296 0.882 48.194 1.751 0.999961186989037 0.00542788067371998 0.000480794413705667 0.00201551144003347 -0.00662338110292416 0.701433809518022 0.999955910237656 -0.00731170165744877 -0.00458420780640722 0.00167471477776145 0.00330105571806383 0.703517822063967 0.999961186941168 0.00542788516201744 0.000480800408021803 0.00201549719486505 -0.00662338855150276 0.701433403957202 0.999955910227827 -0.00731170513611411 -0.00458421143404471 0.00167470653421842 0.00330105013469409 0.703517383435128 0.780000000000001 0.850999999999999 36.742 36.541

 4012 12 5000 5 0.7 0.291 1.062 47.27 0.781999999999996 0.999964774136031 -9.38828258562482e-05 -0.00604477151442455 -0.0057756978723806 0.000737376781373725 0.701121083957495 0.999988134466892 -0.00266259175818269 -0.000600946639335622 0.00210035010604668 0.00344513034930171 0.695855962464597 0.999964774041047 -9.38642954596489e-05 -0.00604477911551733 -0.00577570549030647 0.000737385968293796 0.701120688910435 0.999988134363189 -0.00266256983659264 -0.000600892837810246 0.00210037289983077 0.00344517288005492 0.695873474251113 0.590000000000003 0.582000000000001 37.132 41.039

 4020 20 5000 5 0.7 0.161 0.598 47.174 2.79 0.999873094034257 0.00935516715670142 -0.00777653331999765 -0.00963244883958021 0.00360806495343598 0.702482025484837 0.999949880973799 -0.00423861311500872 0.00102552167484388 0.00757861321403364 -0.0048767434209189 0.701235091943702 0.999873094171566 0.0093551658334567 -0.0077765307139384 -0.00963244203171763 0.00360805412500716 0.702481606504956 0.999949880890539 -0.00423861371750793 0.00102552170009402 0.00757861515153656 -0.00487675695287449 0.701234692314469 0.816000000000003 0.833999999999996 37.538 34.643

 4017 17 5000 5 0.7 0.286 0.823 47.055 1.124 0.999909394421247 0.00777364914578566 0.00126184029396919 0.00493637327516051 -0.00973721238621115 0.700200410905278 0.99997066759438 -0.00357923910209711 -0.00217311085905768 0.00640413547027884 -0.000342981591515592 0.695620011795857 0.999909394599284 0.00777364947807909 0.00126184803477284 0.0049363639798189 -0.00973719754764679 0.700200026046833 0.999970667345802 -0.00357906158492081 -0.00217300416999408 0.00640430427502309 -0.00034308277918507 0.695641799623943 0.541000000000004 0.547999999999995 36.762 39.636

 4016 16 5000 5 0.7 0.193 0.699 47.227 2.68 0.999883901379515 0.00577322343368002 -0.0129480003809179 -0.000696223052617897 -0.00554240136246912 0.703669555438287 0.999951582625181 0.00329605382687801 7.11396808678987e-05 0.00253579655263205 0.00891813374843255 0.702131940404657 0.999883901302563 0.00577322635167541 -0.0129480085891345 -0.000696235377271792 -0.00554239148153007 0.703669114206144 0.999951582583369 0.00329604918261832 7.11309597751133e-05 0.00253579991357421 0.00891813926700294 0.702131522971596 0.716000000000001 1.07400000000001 36.978 33.502

 4018 18 5000 5 0.7 0.196 0.590999999999999 47.071 2.625 0.999980214215176 0.00188453727282074 -0.00513991924448163 0.000696138249152644 -0.00301932428472996 0.701880192247026 0.999923419582924 0.00267165830716417 0.00604814901771953 -0.0103058958488194 -0.00179599991468172 0.700630254562658 0.999980214291859 0.00188453733894293 -0.00513990732241286 0.000696141793799835 -0.00301931832467186 0.701879777592543 0.999923419618571 0.00267165973196193 0.00604815838868378 -0.0103058868770686 -0.00179599787356477 0.700629848184088 0.713000000000001 0.878 38.217 34.792

 4013 13 5000 5 0.7 0.153 0.844 47.787 2.589 0.999973123916764 0.00631777089380066 0.000626378597032789 0.00331999829898025 0.00155643060533813 0.703727213274708 0.999985104960077 -0.00184419372056415 -0.000380239062553228 -0.00350831109674356 0.0037330924188669 0.697629230087056 0.99997312408113 0.00631775578836759 0.000626379692655354 0.00331998410806876 0.00155641614814094 0.703726779309783 0.999985104980957 -0.00184419690150763 -0.000380244140722979 -0.00350830392322612 0.00373309147869151 0.697628870399694 0.725000000000001 0.961000000000006 37.182 33.302

 4019 19 5000 5 0.7 0.217 0.677 48.133 4.31 0.99996849786761 0.00565626978343274 -0.000508159049512043 -0.00348506856531824 -0.00431346218338005 0.699137569612608 0.999940067454383 0.00257259498324281 0.00766347422292289 0.00667033083910861 0.00316561269063232 0.69913118725757 0.999968497798937 0.00565626648832907 -0.000508158171841769 -0.00348508149904907 -0.00431347207796024 0.699137194339116 0.999940067319374 0.00257260688342695 0.00766348052945758 0.00667033706048848 0.00316561728938882 0.699130812495243 0.961999999999996 1.35600000000001 35.702 30.352

 4022 22 5000 5 0.7 0.0860000000000003 0.524 47.891 5.099 0.99981834226022 -0.000179364700975674 0.0127887651264489 -0.0131753738141678 -0.00510953224141425 0.700233468889918 0.999927582177625 0.00705670511394024 -0.00558178957780748 0.00737766088137084 0.00307360673668725 0.695971255995765 0.999818342229047 -0.000179349827296937 0.0127887524016718 -0.0131753855559461 -0.0051095404354453 0.70023308547734 0.999927582046846 0.00705678826847332 -0.00558170954225974 0.00737767379384379 0.00307357271902863 0.69598663405159 1.264 1.31399999999999 36.388 29.041

 4025 25 5000 5 0.7 0.137 0.649999999999999 102.23 0.689999999999998 0.999994975314129 0.00213509485387435 0.000213373637330204 -0.00181543638264591 0.00146607601829557 0.70400706139572 0.999957482943309 0.00779891699437317 0.00206669896988309 -0.000907419807724298 0.00437201830465105 0.699922264283061 0.99999497527003 0.00213510275716474 0.000213375039648219 -0.00181544963351985 0.001466077974903 0.704006620251723 0.999957482975145 0.00779891545189474 0.00206669320953549 -0.000907402772736396 0.00437202003347839 0.699921868878964 0.243000000000009 0.38600000000001 15.099 14.743

 4031 31 5000 5 0.7 0.116 0.531 101.675 0.674000000000007 0.999959390871463 0.00635655046797446 -0.00204619086972479 -0.00604314321449402 -0.000323105455623657 0.703869826643967 0.999978484338729 -0.00299524684599901 -0.00135061287352119 -0.0049417089201316 -0.0027954809538558 0.696883016857573 0.999959390891539 0.00635654834930826 -0.00204619250784558 -0.00604314113098126 -0.00032311359751175 0.703869378580337 0.999978484371408 -0.00299524582794566 -0.00135060477969781 -0.00494170786500762 -0.00279547613087649 0.696882665216391 0.394000000000005 0.364000000000004 15.043 14.44

 4028 28 5000 5 0.7 0.163 0.623 101.988 0.692000000000007 0.999936970325335 0.0058379957254195 -0.00660782485473469 -0.00657874809770464 -0.00224274533934261 0.701305854323224 0.999955781133579 0.00238274658421758 0.00497539304053784 -0.00428145044190005 -0.00629864608111197 0.702093919491458 0.999936970485369 0.00583798188454128 -0.00660781398974325 -0.00657874697961865 -0.00224274530746051 0.701305458573658 0.999955781008788 0.00238275150859696 0.00497540436462472 -0.0042814441243555 -0.00629865937888958 0.70209351392101 0.284000000000006 0.448999999999998 14.928 14.921

 4032 32 5000 5 0.7 0.109 0.538 101.674 0.746000000000009 0.999956191893091 0.00867044066984672 0.000457161708257536 -0.00130921065298982 -0.00324264149986416 0.705066489275335 0.999996436811251 8.57031437634836e-05 -0.00130318842730744 -0.00134866734120701 0.00189784511989723 0.700045204849733 0.999956191930041 0.00867043731603748 0.000457152732837136 -0.00130920963952055 -0.00324264074764305 0.705066036162569 0.999996436826142 8.56902147763506e-05 -0.0013031894633485 -0.00134865546189836 0.00189784558744754 0.700044830285412 0.355999999999995 0.280999999999992 14.986 14.69

 4029 29 5000 5 0.7 0.1 0.605 102.172 0.870000000000005 0.999965220300737 0.00351430547059892 -0.00636575163012925 0.00363058022837301 -0.00187188123218748 0.703667565659034 0.999963962693598 0.000746569833579165 0.00844171025017791 0.000410776158067468 0.000291098952697862 0.699261338701547 0.999965220401654 0.00351430332335448 -0.00636574421335002 0.00363057152380324 -0.00187187345806214 0.703667131093401 0.999963962644291 0.000746582472286747 0.00844171412966255 0.000410783372923838 0.00029111323021603 0.699260958135668 0.368000000000009 0.359999999999999 14.671 14.514

 4026 26 5000 5 0.7 0.141 0.7 101.859 0.691000000000003 0.999871781830623 0.0089652622686618 0.00416574137692889 -0.0115962324246917 -0.00492117502661482 0.702292303782927 0.999925429132529 0.00272552038418062 -0.00819698421265019 -0.00852768121564409 0.00134008046969748 0.695671772233591 0.999871781710138 0.00896527442356371 0.0041657509262459 -0.0115962360898765 -0.0049211606428204 0.702291883374032 0.999925427563928 0.00272549822677177 -0.00819725986912796 -0.00852759747288484 0.00134014271257001 0.695692547631069 0.166000000000011 0.384 15.105 16.201

 4030 30 5000 5 0.7 0.0890000000000004 0.612000000000001 101.712 0.680999999999997 0.999892507830583 0.00513096023767236 -0.00904689030763564 -0.00317902006623935 -0.009833292352364 0.698987665997901 0.999873673559857 0.0106680697338927 -0.0106583244754875 0.00227072709679674 -0.00448030444238027 0.694519505534734 0.999892507827283 0.00513095156092097 -0.00904689097433713 -0.00317902025540398 -0.00983329654081526 0.69898729674714 0.99987367900247 0.0106681109276854 -0.0106580154876365 0.00227081420945637 -0.00447968257703575 0.694561721766121 0.0799999999999983 0.39200000000001 14.946 16.51

 4027 27 5000 5 0.7 0.145 0.605 102.228 0.798999999999992 0.99995935740404 0.0053575833317681 0.000197977228286476 -0.00416469085036421 -0.00593262134978756 0.701563439211526 0.999979774817913 -0.0037297133839407 0.00137557294349382 0.00257451617150264 -0.00424486263022749 0.694394484284699 0.999959357319276 0.00535759083250034 0.000197973244429024 -0.00416470402388376 -0.00593261974849704 0.701563035775014 0.999979771459522 -0.00372946310834449 0.00137531054863523 0.00257491008136718 -0.00424571968623624 0.694438997378337 0.334000000000003 0.408000000000001 14.827 15.589

 4033 33 5000 5 0.7 0.0899999999999999 0.808 48.764 0.692999999999998 0.999980499163102 0.00488212002129933 0.00348024711731796 -0.00144468421270293 -0.000983343855746456 0.698270932893452 0.99985400054882 -0.00410820378695238 -0.00153488144787163 0.00894819533863231 0.0138807127802576 0.701172218254787 0.999980499108478 0.0048821261542968 0.00348025416346653 -0.00144469282341743 -0.00098333136704606 0.698270576277705 0.999854000667047 -0.00410819873466327 -0.00153488034419324 0.00894820106448364 0.0138807021902692 0.701171809761731 0.168999999999997 0.225000000000001 26.01 36.679

 4036 36 5000 5 0.7 0.136000000000001 0.792 48.411 0.753 0.999984157690613 0.000836506065148695 0.00426288238026359 0.00168883522993393 -0.0031559934690538 0.699472981528763 0.99998306250529 0.00334309686043497 -0.00364925917674129 0.00302350401309697 -0.00048962931482557 0.698801691045814 0.999984157700294 0.00083651724382479 0.00426287673837406 0.00168881832486886 -0.00315600410534421 0.699472593220023 0.999983062553124 0.00334308592495539 -0.00364925366000189 0.0030235076170794 -0.000489625149624418 0.698801326393312 0.241 0.180999999999997 29.664 35.98

 4042 42 5000 5 0.7 0.225 1.004 48.659 0.812999999999995 0.999936696316331 0.00513597967448973 0.00231323271044028 -0.00905739152798677 -0.00358297165796993 0.696722179838873 0.999950612444898 0.0077206665810089 0.00478088324002569 -0.00219570434654912 -0.00338910260768236 0.697349639590831 0.999936696159688 0.00513601655647322 0.00231321342449568 -0.00905739974781288 -0.00358295417786183 0.696723057211892 0.999950612423747 0.00772066749806668 0.00478088539207893 -0.00219570270924262 -0.00338910478410849 0.697349290513715 0.358000000000004 0.352999999999994 30.651 38.171

 4035 35 5000 5 0.7 0.185 0.895 48.956 0.878 0.999945917129541 0.00101398664077144 -0.00542533092878465 0.0077951865691835 -0.0041152761413395 0.697901975586794 0.999974800061437 -0.00318450435885726 -8.14353440013962e-05 -0.00180597978184336 -0.00608193878535757 0.702225204633 0.999945917154493 0.00101398544735397 -0.00542532771633502 0.00779518392557207 -0.00411527961507599 0.697901624359629 0.999974800077324 -0.00318450587450387 -8.14447838319193e-05 -0.00180598533522772 -0.00608193360426518 0.702224780026604 0.395000000000003 0.556000000000004 33.124 36.901

 4034 34 5000 5 0.7 0.173999999999999 1.095 49.025 0.878 0.999951201735232 0.00227443630222039 -0.00209364165922013 -0.00858452252765189 -0.00378731109723107 0.699191404728887 0.999905133269046 0.00144396904605481 0.0105689989123228 0.00809708217917457 -0.00322070454725155 0.699957148559776 0.999951201766413 0.0022744287543344 -0.00209364687928538 -0.00858451808679289 -0.00378731457776862 0.699191033437647 0.999905133285211 0.00144397055343818 0.0105689982456166 0.00809708155116113 -0.00322070261949185 0.699956770855555 0.356000000000002 0.334999999999994 32.294 38.046

 4038 38 5000 5 0.7 0.21 1.071 48.708 0.726999999999997 0.999948280522245 -0.000315315394112079 -0.0026300457739927 -0.00682848132492976 -0.00705631340212614 0.699236237224552 0.999974161443152 0.00532218325624784 0.00358107183621791 0.00175899137637978 -0.00272629515907637 0.700257892904528 0.999948280475807 -0.000315308464731127 -0.0026300505967681 -0.00682848111506605 -0.0070563186981274 0.699235853557345 0.999974161434883 0.00532218473143241 0.0035810669176415 0.00175898879257013 -0.00272630343985555 0.700257507386346 0.390999999999998 0.539999999999999 34.074 37.109

 4041 41 5000 5 0.7 0.246 0.972999999999999 48.546 0.735999999999997 0.999934175065786 0.00919036716684797 0.00118558600040108 -0.00415597590858833 -0.00533900149160834 0.702984669947353 0.999854596238163 0.0113381595189735 0.00196307576518385 0.0084640814340977 -0.00931333340749489 0.696425631724512 0.99993417496764 0.00919037512752999 0.00118557849493016 -0.00415598065183735 -0.00533900414435602 0.702984229602391 0.999854596894201 0.0113381361839586 0.00196305099376792 0.0084640968033945 -0.0093132826386414 0.696431164989918 0.378 0.399999999999999 33.408 38.475

 4037 37 5000 5 0.7 0.208 1.071 48.63 1.407 0.999928628881885 0.00908537809917202 -0.00612046309900898 0.000718905859703849 0.00471340142644293 0.696709365976684 0.999970116876013 0.00243098810171328 -0.000980917295170865 -0.000420212960774507 -0.00726063868746419 0.699092029168485 0.999928629048601 0.00908537112428968 -0.00612045811754782 0.000718871729051917 0.0047133911771122 0.696710459505768 0.999970116863917 0.00243097615505822 -0.000980920837633863 -0.000420209407181321 -0.00726064408044801 0.699091662764301 0.497 0.615000000000002 33.175 36.933

 4049 49 5000 5 0.7 0.227 0.621 48.534 1.34 0.999946229762833 0.00625236174340511 -0.00471331650931341 -0.00540764979204526 -0.00412159276673287 0.700523574384294 0.999947175918203 -0.0101421383896221 -0.000289591990451779 0.00157633089155603 0.000462298058825363 0.699942951746195 0.999946229652099 0.00625236724300038 -0.00471332410837482 -0.00540764672244763 -0.00412160662656186 0.700523181894833 0.999947175841858 -0.0101421468642729 -0.000289584146736822 0.00157632516661068 0.000462301704851142 0.699942572950686 0.499000000000002 0.643000000000001 34.229 35.617

 4044 44 5000 5 0.7 0.143 0.769 48.622 1.146 0.999890357467914 0.00802898276500585 -0.00789891296132808 -0.00901397146313545 -0.00334125289950913 0.700686994188213 0.99997767023389 0.00224141307868544 0.000916870933435055 -0.00596050104675444 0.00180745013093321 0.699253818531051 0.999890357368537 0.00802897581784781 -0.00789891533786693 -0.00901398447758758 -0.00334125860391347 0.700686604647996 0.999977670156837 0.00224141615643602 0.000916871159857798 -0.00596050675431714 0.0018074700066427 0.699253449550964 0.536999999999999 0.710999999999999 34.325 36.385

 4047 47 5000 5 0.7 0.24 0.632000000000001 48.476 1.462 0.999996389257023 0.00149759780699737 0.000369182688317581 -8.43946277777419e-05 -0.0021989214208065 0.705376453356496 0.999964921815575 0.00037079883095935 -0.00698348955062675 9.71193135529404e-05 0.00460858851858429 0.699735782521312 0.999996389243219 0.00149760643529048 0.000369180825832205 -8.43930027140127e-05 -0.00219892219716689 0.705376012958285 0.999964921846838 0.000370790634333458 -0.00698349126030085 9.71177104783917e-05 0.00460857983774003 0.69973540491456 0.378999999999998 0.613 35.427 35.778

 4045 45 5000 5 0.7 0.182 0.652 48.679 1.295 0.999946291845845 0.00298153626110761 -0.00582812188419061 -0.0078752830641156 0.00159272635124658 0.69946338734881 0.999965705492553 0.00622339455034982 0.00539598882800278 0.000224623405135716 -0.000830691245247915 0.700212592594335 0.99994629192851 0.00298153458384131 -0.00582811804080356 -0.00787527775127233 0.00159271792560372 0.699463014555258 0.999965705494283 0.00622339434196974 0.00539599002633928 0.000224623066937093 -0.00083068303115577 0.700212203187131 0.427999999999997 0.699999999999996 35.707 35.144

 4050 50 5000 5 0.7 0.207 0.718 48.764 1.82899999999999 0.999938707826211 0.00730157746546044 -0.00356645666818951 0.00432979585759003 -0.00614823649754127 0.702440849506734 0.999965532942529 0.00376624815345284 0.00435452538988108 -0.0040543452359357 -0.00439871516997521 0.701392354016395 0.999938707884174 0.00730157402208373 -0.00356645377956031 0.00432979437764101 -0.00614823387762639 0.702440425803257 0.999965532952481 0.00376625441849921 0.00435451714100715 -0.00405434924268322 -0.00439871201626938 0.701391944822954 0.606000000000002 0.716000000000001 36.795 34.578

 4043 43 5000 5 0.7 0.266 0.936 49.238 2.483 0.999934611683898 0.00713288049688684 0.00791810440522647 0.000914983416701651 -0.00404484862060411 0.699955124677901 0.999982374404549 -0.00281537418550006 0.00296665454094342 -0.000874719515352238 0.00421406870392723 0.69815793449868 0.999934611774519 0.00713288010523212 0.00791809775887803 0.000914982206650761 -0.00404484019312802 0.699954746143858 0.999982374402704 -0.00281537257404277 0.00296666103006655 -0.000874712842995709 0.00421406703501823 0.698157577600765 0.685000000000002 0.891999999999996 35.844 33.872

 4039 39 5000 5 0.7 0.255 1.031 49.687 2.084 0.999879660900001 0.00911440079576829 -0.0094516514209716 0.00161183332707903 -0.00810306703511977 0.704727872441719 0.999944859186148 -0.0022494453418095 -0.00683187933222788 0.000792213299921274 -0.00761028289391817 0.696528543798218 0.999879660917413 0.00911440963510571 -0.00945164864490331 0.00161183341920232 -0.00810305816375337 0.704727417058291 0.999944859188876 -0.00224940233616818 -0.00683192467972107 0.000792213620558546 -0.00761025450417932 0.696532512757273 0.659999999999997 0.798000000000002 36.642 34.137

 4048 48 5000 5 0.7 0.0979999999999999 0.782 48.628 0.965000000000003 0.999938301144436 0.00842801571182117 -0.00445546407115303 -0.00123382056946193 -0.00556677485208692 0.696343421692782 0.99998005629475 0.000909635591391206 -0.00292001025692188 0.00520260388859533 0.00186172734763994 0.696055206812337 0.999938301010638 0.00842804317653836 -0.00445546613133968 -0.00123381083719765 -0.00556675781259496 0.696351774146891 0.999980056148557 0.000909643899763361 -0.00292008918868376 0.00520244165074888 0.00186213133396311 0.696069096722067 0.494 0.494 38.735 37.53

 4040 40 5000 5 0.7 0.248 0.898 49.625 1.91 0.99996706478768 -0.00156656913394936 0.00615558857440689 -0.00447792462526787 -0.00233925659427652 0.699293439733652 0.999977570215073 0.00493086769437086 0.00169903380468073 -0.00293482240932663 0.00300760903286711 0.696037366382785 0.999967064850996 -0.00156657877880796 0.00615558289585868 -0.00447792128542916 -0.00233924440534885 0.699293058267426 0.999977570520349 0.00493083675949576 0.00169893534238116 -0.00293480767456345 0.00300762824959765 0.696051479428532 0.695 0.777000000000001 36.061 36.852

 4055 55 5000 5 0.7 0.0839999999999996 0.519 49.606 4.795 0.999960883268186 0.00609502628164189 0.00255684243232988 -0.00355989340267546 -0.0046767834964455 0.69671252293011 0.999985561779395 0.00355184961666372 0.00252349053278384 -0.00219841106804445 0.00224935131856509 0.70116159954907 0.999960883143229 0.00609505777234813 0.00255683090694822 -0.00355989681736602 -0.00467677287540444 0.696713553335839 0.999985561670656 0.003551863961064 0.00252349256892704 -0.0021984234656826 0.00224936260859616 0.70116118183128 0.884 1.07900000000001 35.339 29.959

 4046 46 5000 5 0.7 0.18 0.7 49.103 1.888 0.999954237491039 0.00546088991758156 -0.00553800541193724 -0.00556347796093157 0.000282513821232321 0.701483533528112 0.999966262683856 0.0030978855802506 -0.00296447725001121 0.00021350311500076 -0.00700306290607919 0.691699969639906 0.999954237506002 0.00546088669840899 -0.00553799928539768 -0.00556348447560299 0.00028251488852527 0.701483119424463 0.999966265204701 0.00309663873866989 -0.00296446998820495 0.000213511966177676 -0.00700325720030471 0.691792163588658 0.666000000000004 0.667999999999999 36.554 39.432

 4051 51 5000 5 0.7 0.162999999999999 0.582 49.584 4.318 0.999986320707257 0.00217765387806042 0.000967956368390516 0.00134362278962039 0.00445802200748376 0.70152770693002 0.999914187937395 -0.00741760531065006 -0.00893383629666932 0.000926417796294379 0.00599368100970152 0.699728615153987 0.999986320749731 0.00217764440629387 0.000967959923515485 0.00134362472040106 0.00445801575299863 0.701527280848383 0.999914187705915 -0.00741762168188012 -0.0089338469335159 0.000926419905726377 0.00599368318579823 0.699728238238299 0.808 0.937999999999988 37.06 29.823

 4056 56 5000 5 0.7 0.0810000000000004 0.533 50.435 5.369 0.99993162915269 0.00922857459335094 -0.00113986191585912 -0.00048202618851879 0.00707381061305903 0.699835901567496 0.999984263515402 0.000693072435665145 -0.0012215940766221 -0.00523489475073348 0.00144774204184913 0.698373010118915 0.999931629190191 0.00922857090450217 -0.00113985515621799 -0.000482036394779413 0.00707381051822437 0.699835521257875 0.999984263439575 0.000693083912504347 -0.00122158815606367 -0.00523490813383351 0.00144774552599501 0.698372654044704 1.084 1.084 37.236 25.087

 4053 53 5000 5 0.7 0.151 0.556 51.008 6.41100000000001 0.999975695367076 0.00514511408298898 -0.000739655992388005 0.00177672743388164 -0.00429332328672899 0.700936807539407 0.999922638759602 0.00694918663583606 -0.00477810001645162 0.00532699475383874 0.00743089417630698 0.699634628469966 0.999975695370628 0.00514512305859904 -0.000739650261128532 0.00177672981572801 -0.00429331170469408 0.700936406790631 0.999922638765458 0.00694917633663791 -0.00477810140640045 0.00532699402771035 0.00743090264674982 0.699634232126929 1.21499999999999 1.13800000000001 36.851 24.521

 4052 52 5000 5 0.7 0.155 0.566 50.037 4.499 0.999857978529436 0.0137613754790775 0.00395317872447305 -0.00551292311493297 -0.00697333296603213 0.696247883906522 0.999911233396222 0.0102766745649731 0.00736875475328154 -0.00257581107134061 -0.00331390081965897 0.699645410540728 0.999857979591591 0.0137612774599559 0.00395329854054798 -0.00551297934663426 -0.0069732617235694 0.696258040493479 0.9999112334614 0.0102766736301844 0.00736876136808102 -0.00257580052907551 -0.00331387753759344 0.699645033025611 0.857000000000006 1.029 42.168 24.165

 4054 54 5000 5 0.7 0.0949999999999998 0.522 50.976 6.255 0.999944683126028 0.00555964798095623 0.00419402696611504 0.00142226310913449 0.00775295477679379 0.695214450928032 0.999941053971527 -0.00756051612858037 0.00131935515688538 -0.00744115899337793 -0.00190148178684922 0.703598733733195 0.999944683336072 0.00555947566309173 0.00419391683675411 0.001422196002695 0.0077531231364836 0.695243959628356 0.999941053882286 -0.00756053015406152 0.00131935121078806 -0.00744115748111891 -0.00190148160554157 0.703598300062833 1.063 1.345 44.516 18.429

 4060 60 5000 5 0.7 0.148 0.611 100.953 0.64800000000001 0.999943065716127 0.00658386953400723 -0.00488461687692361 -0.00473020179346218 0.00492784914053054 0.701765518341276 0.999983390171507 -0.00214819016690952 -0.000141497931762529 -0.00368194937122505 -0.00387658190541544 0.701060107921053 0.999943065531078 0.00658387613350175 -0.00488462124615739 -0.0047302173239063 0.00492785863425177 0.701765108794008 0.99998339027401 -0.00214819272508526 -0.000141497541865566 -0.00368193763134615 -0.00387656521124582 0.701059708755101 0.185000000000002 0.236000000000004 13.675 14.064

 4061 61 5000 5 0.7 0.077 0.561 100.966 0.647999999999996 0.999966088880422 0.00188260119372633 0.00390093317554196 0.00454727375795378 0.00532746878617537 0.703829422744281 0.999960585762631 0.00821210894681351 0.000905975215684218 0.00311992677577198 0.000912936867868875 0.702281697466758 0.999966088837618 0.00188260071852991 0.00390094488114334 0.00454727629890868 0.00532746624832928 0.703828989854014 0.999960585762614 0.00821210450798651 0.000905972633153439 0.00311993662956037 0.000912945702440323 0.702281264003149 0.126000000000005 0.337999999999994 13.585 14.295

 4058 58 5000 5 0.7 0.157 0.566999999999999 101.342 0.655000000000001 0.999956187482428 0.00183402191073937 -0.00345889649871261 -0.00847018220965423 -0.000742649032223457 0.699729455983508 0.999973292314525 -0.00396238642526226 -0.00522255171747329 -0.00162703984284751 0.0027913878940414 0.698329188876842 0.999956187513918 0.00183402338719251 -0.00345890584885305 -0.00847017454946701 -0.000742646804099435 0.699729078813193 0.999973292208096 -0.00396240006952534 -0.00522255887212482 -0.00162703821045931 0.00279139421797975 0.69832881724985 0.174000000000007 0.265000000000001 13.882 13.903

 4059 59 5000 5 0.7 0.172 0.624 101.473 0.720000000000013 0.99994659538961 -0.0076773634196786 -0.00548791520036137 -0.00237819794436018 -0.00347727205448944 0.700870824840618 0.9999769342241 -0.000372022253157026 -0.00129394131764044 0.00630044550222968 -0.00215005152349374 0.705122756016762 0.999946595278025 -0.00767736909755997 -0.00548792588336561 -0.00237820077460547 -0.00347727281074554 0.700870426294759 0.999976934113768 -0.00037201695221321 -0.00129394770819716 0.00630045673192655 -0.00215006700235829 0.705122317204617 0.287000000000006 0.247 13.878 14.028

 4063 63 5000 5 0.7 0.0899999999999999 0.537 101.034 0.739999999999995 0.999833280935569 0.00767314731987726 -0.0109251924864737 -0.00847959352758267 -0.00912522912391692 0.699584920676316 0.999876752438257 0.00926690691358172 -0.0080319152017349 -0.0050370639555346 -0.00840955971968367 0.698721017032265 0.999833280994766 0.00767314382001674 -0.0109251939697715 -0.0084795897897103 -0.00912522727826074 0.699584545136288 0.999876752343351 0.00926691441016431 -0.00803191787233371 -0.00503706688120734 -0.00840955843989088 0.698720644333934 0.257000000000005 0.284000000000006 13.639 13.752

 4057 57 5000 5 0.7 0.0960000000000001 0.664000000000001 101.955 0.741 0.999896014007055 -0.0080607190679635 -0.0102783482788919 0.00376615953947198 -0.00481223231908103 0.704948431222438 0.999964075914586 0.000632525018697003 0.00745151068943463 0.00395535626598283 -0.00052624865168707 0.701594688449508 0.999896013988331 -0.00806071087058744 -0.0102783595075501 0.00376614969265617 -0.00481223366362092 0.704947975646979 0.999964075947369 0.000632525074461342 0.00745151284105492 0.00395534383701998 -0.000526249241881844 0.70159428229944 0.224000000000004 0.290999999999997 14.049 13.332

 4062 62 5000 5 0.7 0.0870000000000002 0.611 101.335 0.858999999999995 0.999983560698505 0.0044918842480233 0.00220794224263378 -0.00196164496786249 0.00199455476625207 0.703465592492925 0.999962889976554 0.00290492054579011 0.0035508013652587 -0.00453467002773105 0.00571040136636915 0.706630045363313 0.999983560781861 0.00449187640952858 0.00220793726060429 -0.0019616349076123 0.0019945460373107 0.703465162646168 0.999962889995083 0.00290491634997838 0.00355080007778914 -0.00453466501544115 0.00571040503697136 0.70662964081799 0.236999999999995 0.292000000000002 13.265 13.476

 4064 64 5000 5 0.7 0.0870000000000002 0.538 101.676 1.58000000000001 0.999924386051616 -0.00785277260349949 -0.0050103857216059 0.00584043523383394 -0.00550831125991405 0.701450708671464 0.999963550867624 -0.00132484233523459 -0.00289825996022493 0.00222828875182298 -0.00760108856946512 0.698057366060174 0.999924386102885 -0.00785277064617772 -0.00501037892062195 0.00584043536589998 -0.00550831078972299 0.701450300860441 0.99996355085518 -0.001324828650807 -0.00289825653909376 0.00222828312928347 -0.0076010955444084 0.698057003871831 0.409000000000006 0.426999999999992 14.073 10.203

 4065 65 5000 5 0.7 0.134999999999998 0.622 45.15 0.640999999999991 0.999870355564759 0.0147557315401843 -0.00412283121207709 -0.000188287139526855 -0.00495048081166271 0.696826715544246 0.999951292858079 -0.00787737382845499 -0.000814771196263333 0.00587913939240612 0.000361608800281103 0.702552443850917 0.999870355641559 0.0147557281152229 -0.00412284089760602 -0.000188291392913173 -0.00495046728059121 0.696826380936041 0.999951292947068 -0.00787735245354213 -0.000814770300538121 0.00587915362767371 0.000361598933423841 0.702552018102602 0.0719999999999885 0.0679999999999978 16.565 25.713

 4069 69 5000 5 0.7 0.148999999999999 0.657 44.647 0.654000000000003 0.99996768445895 -0.000193863049235707 -0.00740032848420667 -0.000928003326763961 -0.00299439527714386 0.700411172163076 0.999942789069341 -0.00348616416897314 0.00166567001440213 0.00377655484682038 0.00923192420393344 0.699318337073018 0.999967684493807 -0.000193865918073831 -0.00740032676140283 -0.000928011004813415 -0.00299438532916499 0.700410786891574 0.999942788893182 -0.00348616278954154 0.00166566273456269 0.00377655927900879 0.00923194330556711 0.699317953695146 0.143000000000001 0.188000000000002 21.268 24.104

 4066 66 5000 5 0.7 0.123999999999999 0.650000000000002 44.977 0.647999999999996 0.99997395138872 0.00372877206435505 0.00448151405774401 -0.00146862425581679 -0.00399399267254583 0.701248049209333 0.999975584060514 0.00523096644867761 -0.00455604160398296 -0.00014360990694987 -0.000830743006691452 0.700580574648483 0.999973951281045 0.00372878117910867 0.00448152166696085 -0.00146863199135581 -0.00399399973889754 0.701247639042751 0.999975584137842 0.00523096139318565 -0.00455602972820972 -0.000143607047486097 -0.000830747384425465 0.70058017772174 0.140000000000001 0.122 21.183 24.668

 4070 70 5000 5 0.7 0.137 0.667999999999999 44.746 0.756999999999998 0.999927379482731 0.0115193894981489 -0.00278077350395454 0.000726260523468086 0.00206863983310415 0.701942749667982 0.999894677026004 -0.00331219331138859 0.0118235944658357 -0.00159493057338199 -0.00757119811549565 0.699333242318526 0.99992737959611 0.01151938316306 -0.00278076745950435 0.000726250358251205 0.00206863200050764 0.701942339467501 0.99989467703036 -0.00331218786663737 0.0118235924454887 -0.00159492841432777 -0.0075712035321295 0.699332870980325 0.224999999999994 0.484999999999999 23.044 23.667

 4068 68 5000 5 0.7 0.145999999999999 0.670999999999999 45.465 0.878999999999998 0.999984827691112 -0.000740716823349562 -0.00151567862647038 -0.00504335771884674 -0.00143631033730885 0.700604015658667 0.999929323596704 -0.00461807753629304 0.00562853157827689 0.00889434742051605 -0.00303831985519768 0.698878640535001 0.999984827670131 -0.000740713700580995 -0.00151568019887634 -0.00504336490210298 -0.00143629967339026 0.70060362191159 0.999929323489532 -0.00461808206925179 0.00562853849693469 0.00889435299065408 -0.00303831911324614 0.698878272978361 0.397999999999996 0.351000000000006 23.815 23.445

 4067 67 5000 5 0.7 0.148999999999999 0.635999999999999 44.905 0.769000000000005 0.99995116036723 0.00418698830084906 -0.00320211489364705 -0.00475447704344245 0.00687658472287494 0.698351400039545 0.999983852090077 0.000991177475018444 -0.00130644812124924 0.000243513385408272 -0.00543571714138269 0.696226991076497 0.9999511604517 0.00418699237989362 -0.00320211811530393 -0.00475447867210492 0.00687656732988508 0.698351038637463 0.999983852143484 0.000991194307346671 -0.00130651111681086 0.000243532021713208 -0.00543568827100011 0.696235557571463 0.231000000000002 0.472000000000001 22.511 26.089

 4077 77 5000 5 0.7 0.119000000000001 0.582 44.155 0.969000000000001 0.999924489537692 0.00814683178958134 -0.00368778238549313 -0.00328241725387282 -0.00776339826539323 0.699916497728858 0.999942739185194 0.00617200080251267 -0.00680968482942699 -0.00532416975143772 0.00130620285014161 0.70481872276975 0.999924489562102 0.00814681884723619 -0.00368778449727641 -0.003282418750893 -0.00776340706683043 0.699916114454595 0.999942739211441 0.00617199997362772 -0.00680967715262045 -0.00532417584846373 0.00130620184376026 0.704818272469524 0.531999999999996 0.432000000000002 23.831 23.603

 4075 75 5000 5 0.7 0.158999999999999 0.645 44.496 0.942 0.999946273847622 0.00692341726034765 -0.00314278746270018 -0.00478073172415438 0.00517524906080478 0.700045500127562 0.99997873929033 0.000363739660053199 -0.00379869081569494 -0.00526902268020315 0.000442728883392871 0.706705346848412 0.999946273927546 0.00692341155851915 -0.00314277610882512 -0.00478073816749078 0.00517524218880734 0.700045117209516 0.999978739339042 0.000363728117188608 -0.00379869327175654 -0.00526901190090506 0.00044273555534919 0.706704949313334 0.343000000000004 0.335000000000001 24.176 23.28

 4071 71 5000 5 0.7 0.116 0.632 44.786 0.801000000000002 0.99992448771899 0.00717000185555257 -0.00615980708434391 -0.00719976700029472 -0.0031352934681028 0.706175604052834 0.999941537809816 -0.00686219848476 0.00390659798786075 -4.7323131798674e-05 0.0073869782169694 0.704277269453695 0.999924487877304 0.00716999252942627 -0.00615979572470545 -0.0071997638014822 -0.00313529396892548 0.706175166717881 0.999941537784095 -0.00686219233650343 0.00390660376922988 -4.73402748950257e-05 0.00738698424289454 0.704276821080757 0.496000000000002 0.411000000000001 25.165 23.012

 4073 73 5000 5 0.7 0.16 0.511000000000001 44.647 1.004 0.999942749032098 0.00682144478153514 -0.00349907577247515 -0.00717769658685545 -0.00205029014250035 0.706458760978095 0.999975364552361 -0.00229827829997907 -0.00408213979016853 0.00508861282593605 -0.00119597636665606 0.702524210616814 0.999942749142745 0.00682142830262128 -0.0034990752321365 -0.0071776993471477 -0.00205028226449724 0.706458344433288 0.999975364496326 -0.00229826814287828 -0.00408214656728933 0.00508862266459802 -0.00119597774419673 0.702523791777776 0.369 0.399000000000001 24.892 22.949

 4072 72 5000 5 0.7 0.166 0.665999999999999 45.45 1.517 0.99999525675913 0.00110329136043863 -0.000967769529205193 0.000115309347092721 -0.00270542664089661 0.69788324497901 0.999978688075774 -0.000734643051589527 0.00386439032874151 0.00459368821780159 0.002459310835481 0.700626067057759 0.999995256782551 0.00110327787058077 -0.000967770275877437 0.000115307809403726 -0.00270542328345525 0.69788288784092 0.999978688080781 -0.000734628839586921 0.0038643953042436 0.00459368658421838 0.00245930827810727 0.70062567568377 0.409999999999997 0.643999999999998 24.19 22.497

 4074 74 5000 5 0.7 0.193999999999999 0.515000000000001 44.721 0.963000000000001 0.999884243152049 0.0105489190935754 -0.00414649683524585 0.00246459325777237 -0.00984646872129476 0.705051343150685 0.999993082075541 0.00192283521166601 -0.00301621241795685 -0.000406870885503109 -0.000935641246214572 0.704679466094843 0.99988424317918 0.0105489183442631 -0.00414650867705393 0.00246459748851956 -0.00984646072326018 0.705050888878503 0.999993082073777 0.00192283224625666 -0.0030162151695413 -0.00040686924347956 -0.000935641069077927 0.704679010954381 0.298999999999999 0.418999999999997 24.903 22.267

 4078 78 5000 5 0.7 0.125999999999999 0.539 44.958 2.827 0.999974338650685 0.0026142170062728 -0.00637406937803809 0.00195418012778196 -0.000200821217266301 0.70356228910505 0.999962749461772 -0.00816564041523585 0.00070774893762374 -0.000582110794131067 -0.00264239359786763 0.69993193151226 0.999974338602034 0.00261422680255872 -0.00637407260417077 0.00195418043502717 -0.000200830561035268 0.703561854396657 0.9999627495515 -0.00816563293867669 0.000707736401997887 -0.000582105085436052 -0.00264238736159922 0.699931550985826 0.631999999999998 0.652999999999999 24.387 18.945

 4076 76 5000 5 0.7 0.184000000000001 0.625 45.26 2.386 0.999917974238251 0.000997476868312504 0.0050851820176296 -0.0110705247961004 0.00382547248799197 0.70317229557167 0.999972856262331 -0.00433659554852089 -0.00318699378489591 -0.000374747836186805 0.00501829774698809 0.704000482094601 0.99991797413241 0.000997481372877371 0.00508517911868685 -0.0110705331951911 0.00382547852607803 0.703171862497702 0.999972856333177 -0.00433660100223138 -0.00318698493953783 -0.000374746542555098 0.00501828463110554 0.70400003624189 0.576999999999998 0.680999999999997 25.411 18.191

 4079 79 5000 5 0.7 0.121 0.505 44.304 1.677 0.999988415508513 0.00263133097723644 -0.00198234826242709 0.00257853445648383 0.00238042044270992 0.700574497242154 0.999943982597243 -0.00143864354412878 0.00752011604646294 -0.00678070726217132 -0.00272613939299143 0.693272552711007 0.99998841555219 0.00263133013715687 -0.00198233772510031 0.00257852404734447 0.00238042307395848 0.700574113572875 0.999943994971202 -0.00143791162243128 0.00751964819809157 -0.00677949196855756 -0.00272629984135711 0.693337112553886 0.472000000000001 0.686 24.038 21.693
