
 6487 87 5000 5 0.8 1.237 1.934 116.071 0.792000000000002 0.999994473708773 0.000951008948092415 -0.00222525200793117 0.00125215926534544 0.00190485814971037 0.800169783583446 0.999993221961869 -0.00284625150326365 0.000777229744957554 0.0020581212623043 -0.000784176953185405 0.803072121226369 0.999994474967876 0.000951525270412395 -0.00222570602498588 0.00125230873507646 0.00190330998655697 0.80009836341658 0.99999321901244 -0.002847242070867 0.000776548413853556 0.0020584481104173 -0.000784159209000871 0.802985617155859 0.335000000000008 0.324999999999989 28.203 43.438

 6484 84 5000 5 0.8 1.515 2.166 115.885 0.799999999999997 0.999993480179955 -0.00241848848894153 0.00205576399962367 -0.000149620978906297 0.00171521396679581 0.801218305367656 0.999979257965476 0.000916679652722758 0.00385367495260972 -0.00493096099282299 0.00121579203664038 0.799914766751574 0.999993478423049 -0.00241910925321911 0.00205519230542593 -0.000150638763805642 0.00171595872399842 0.801141617250254 0.999979257457188 0.000916779699782983 0.00385399608096205 -0.00493104868734269 0.00121476063660885 0.799844831107676 0.369 0.289000000000001 30.107 43.885

 6481 81 5000 5 0.8 1.324 2.181 115.971 0.796999999999997 0.999975723742651 -0.00478535921217988 0.000127855370807603 -0.00137408771689384 -0.00487317130032909 0.800975163113056 0.999976922958657 0.000195182835261601 0.00355958326417898 0.00532959339228049 -0.00224505123668332 0.799346097012368 0.999975719648171 -0.00478583648332229 0.000128517561275915 -0.00137426544945722 -0.00487347524745172 0.800899621133813 0.99997692085993 0.000194674204052009 0.00356009376293949 0.00533005323219831 -0.00224412887081069 0.799278441251452 0.308999999999997 0.334999999999994 29.236 44.768

 6491 91 5000 5 0.8 1.43 0.986999999999999 116.002 0.787999999999997 0.99997660320001 -0.000117468000094565 -0.00478116127889351 -0.00224382410404738 0.00434568798396742 0.802948664301232 0.999956817055217 0.00140779926078655 0.00385431745748871 -0.00285678801728644 -0.00783358954775199 0.79818713041298 0.999976608797883 -0.000116541296589099 -0.00478005294175099 -0.00224354439976119 0.0043457884914791 0.802861424206644 0.999956824622669 0.00140730020570727 0.0038543432724243 -0.002856848194394 -0.00783267853364828 0.798126255002367 0.366 0.355000000000004 30.837 43.119

 6492 92 5000 5 0.8 1.355 1.027 116.514 1.146 0.999963337458729 -0.00387962026841958 0.00101157701073124 -0.00694823105928289 0.00299517646749209 0.798440115378602 0.99996370649162 0.00178079072178634 -0.00650610715195418 -0.00149593550838525 0.00498469965279792 0.80322537201381 0.999963339624366 -0.00387990251848871 0.00101140160228557 -0.00694794890967066 0.00299480157592608 0.798377943163507 0.999963709526432 0.00178137913173643 -0.00650611295595725 -0.00149575129788209 0.00498392824848585 0.803136982212041 0.439000000000007 0.445000000000007 32.934 43.534

 6500 100 5000 5 0.8 1.388 0.577999999999999 115.939 1.12400000000001 0.999985344188164 0.000384713153396792 -0.00124222620347331 -0.00525329739079475 0.000152135637734761 0.803219940864573 0.999982390901679 0.00267845524851626 0.00407920659056388 -0.00188267763450289 0.00280345546784135 0.802912170093387 0.999985339166436 0.000383706172543242 -0.00124209894997338 -0.00525434257969518 0.000152630323395267 0.803131024554982 0.999982387771904 0.00267928767452703 0.00407948427008258 -0.00188295897639697 0.00280318339442078 0.802825629621382 0.406000000000006 0.439000000000007 34.912 44.035

 6486 86 5000 5 0.8 1.547 1.677 116.649 1.203 0.99998092881445 -0.00150022377309966 0.00268197120807911 -0.00525922861281348 0.00101925505015429 0.8021280666213 0.999949877809591 -0.00861842910270647 -0.00139194595699836 -0.00202183063358015 0.00446533713494071 0.801338744192845 0.999980923719267 -0.00150037137293347 0.00268236005075536 -0.00526001556058826 0.00101895248420893 0.80204654827629 0.999949876305398 -0.00861835252827911 -0.00139173056093951 -0.00202133221205156 0.00446611449149719 0.801260861068375 0.384 0.411000000000001 34.692 44.22

 6499 99 5000 5 0.8 1.183 0.901 117.439 2.32700000000001 0.999903772639728 0.00219192398745364 0.00300055889237767 -0.00551009625250632 0.0121768803761178 0.796717146224007 0.999960337079129 -0.00381585457176735 0.00437550566150892 0.000634505557214491 0.00672427508253509 0.80287235675564 0.999903784011026 0.00219156934741738 0.00300049407149415 -0.00551051498403371 0.0121758368979283 0.796663162201303 0.999960346513947 -0.00381552676557976 0.00437570691330654 0.000633562592449703 0.00672301589012972 0.802786883072498 0.494 0.542000000000002 36.813 40.424

 6490 90 5000 5 0.8 1.364 2.313 118.07 2.89700000000001 0.999975696297847 0.0031144913022346 -0.00393696046878182 -0.00081915860245197 0.00476823646803236 0.801188983264078 0.999988479434875 -0.00417297858501095 0.00154986653956042 -0.00130267480166289 -0.0012362035940087 0.798462845212148 0.999975701600579 0.0031142164893787 -0.00393648890808519 -0.000819233280705224 0.00476768035795178 0.801112711520927 0.999988476186692 -0.00417389744281518 0.00154913244122695 -0.00130254195079511 -0.00123678902851606 0.798400523985348 0.555000000000007 0.597000000000008 39.361 40.035

 6488 88 5000 5 0.8 1.47 0.934 118.254 3.28100000000001 0.999994955260857 0.0030783689370857 0.000763559400169858 -0.000116316764022487 -0.000128627281600795 0.795985284476458 0.99998031481863 0.00514633391723637 0.00142328627550545 -0.0027208439320028 0.00185916296246986 0.801082416820608 0.999994955473251 0.00307828396814216 0.000763624795107241 -0.000116243271371048 -0.000128687749766447 0.795933734812523 0.999980309578277 0.00514670376238025 0.00142402400828718 -0.00272128256639931 0.00185975077164731 0.801006611899317 0.552000000000021 0.655999999999977 39.369 39.794

 6494 94 5000 5 0.8 1.512 0.789000000000001 119.245 3.625 0.999976601040381 0.00091722147682287 -0.00339910174131703 -0.00421693042954635 0.00407672437046053 0.799070536437854 0.999964670133993 0.00650618202824345 0.00296770914599205 -0.000995769647379413 0.00430455856785817 0.796342726041475 0.999976598142647 0.00091750255820054 -0.00339899517963834 -0.004216912875893 0.00407747883869242 0.799005742589543 0.999964667257602 0.00650637082790274 0.00296796000619147 -0.000995929108928098 0.00430473154268029 0.796290256783077 0.638999999999982 0.677999999999997 40.526 37.657

 6485 85 5000 5 0.8 1.28 2.677 119.88 3.77799999999999 0.999929592518867 0.00649337176732514 -0.00907326253460953 -0.00321953695902982 0.00244061813726446 0.798913142678444 0.999982464477724 -0.00285802603690557 0.00452673348976259 0.000943442448530859 0.00234968604065567 0.802129907952247 0.999929590918346 0.0064937198418571 -0.00907328144875746 -0.00321939194734567 0.00244046875134949 0.798848781353886 0.999982456100882 -0.00285953027732037 0.00452773447177967 0.000942808980457893 0.00234974654376112 0.802048287034498 0.704999999999984 0.716000000000008 40.829 37.841

 6483 83 5000 5 0.8 1.262 1.728 120.048 4.06800000000001 0.999963682464963 -0.00147630708050321 -0.0036494035383262 0.000986331395645142 0.00749421595011472 0.800432647179514 0.999965313776591 -0.00389706093006323 0.00677780911160301 0.00284851413866656 -0.000362533639175257 0.799413124073708 0.999963682518684 -0.00147595880938511 -0.00364961396967736 0.000986371868918385 0.00749416957871829 0.800360980294298 0.999965310758783 -0.00389723114873612 0.00677771513197803 0.0028495200475386 -0.000362879528075477 0.799345542695034 0.65300000000002 0.776999999999987 40.614 37.512

 6489 89 5000 5 0.8 1.602 1.8 121.086 4.67699999999999 0.99998260694834 -0.000237717717080429 0.0018769768209078 -0.00513736577312676 0.00219401960255527 0.802676070669675 0.999989605512166 -0.000310388885376606 -0.00281496075545229 0.00196366900597235 -0.00298538545976122 0.797787748181363 0.999982604172211 -0.000237963485016969 0.00187633435154723 -0.00513791328582561 0.00219452564631098 0.802591441784393 0.999989603430269 -0.000310598909027383 -0.00281533033270465 0.00196374580825358 -0.00298566193831184 0.797727878651144 0.787000000000006 0.925999999999988 42.156 35.185

 6497 97 5000 5 0.8 1.216 0.848000000000001 121.113 4.98999999999998 0.999973864859165 0.00220039188982071 -0.00417529200893727 0.00520379724404477 -0.00170742643753317 0.802581083764545 0.999994087298623 -0.00183670166179494 0.00133432821705225 0.00197435833560411 0.00166534446042489 0.794523698538177 0.999973868088412 0.00220024857259557 -0.0041738719471901 0.0052042549462858 -0.00170779680886162 0.802497216929276 0.999994087137393 -0.00183683624900713 0.00133431011926068 0.00197422412779272 0.00166546643467361 0.794478355730567 0.735000000000014 0.787000000000006 43.431 32.755

 6498 98 5000 5 0.8 0.816 0.522 121.278 5.39800000000002 0.999991243621675 -0.00168432669423497 -0.00189889541555131 -0.00296624624960574 0.00150708425430979 0.801513042670439 0.999995037357533 -0.000800635128544385 -0.00251633470027712 -0.00106607447493039 0.00134751199866573 0.801645500645134 0.999991244413476 -0.00168433362977878 -0.00189847744110615 -0.00296598800149238 0.00150758588240891 0.801433884232298 0.999995037843166 -0.000799310576775796 -0.00251644516596866 -0.00106666252414872 0.00134726628162744 0.801566630236061 0.847999999999985 0.911000000000001 43.429 31.524

 6482 82 5000 5 0.8 1.404 2.895 125.075 6.458 0.999979763827444 0.00240815384824489 0.00329817347739555 -0.00422315741988576 -0.00244125454901928 0.799053476665474 0.999995221431831 0.0017676340818848 0.0020550898979063 0.000782723091837223 -0.00126353999875284 0.802403814633564 0.999979765754038 0.00240856151273224 0.00329809401904524 -0.00422282702263999 -0.00244074204222486 0.798988503989376 0.999995221826772 0.00176737540197914 0.00205517984598649 0.0007826077656467 -0.00126351442353725 0.802319832915663 0.960999999999984 1.30000000000001 42.428 29.204

 6496 96 5000 5 0.8 1.502 1.151 125.857 6.98099999999999 0.999948853978396 0.00174481843855526 -0.000525008433938741 -0.00836489087988899 0.00538497935195154 0.80019341978655 0.999960697002441 0.000502682614143061 -0.00393448198568846 -0.00186233962146569 0.00770735384039077 0.798123542538417 0.99994885859675 0.00174478880781149 -0.000524486041595819 -0.00836471374703941 0.00538445739104973 0.800122177954201 0.999960690248019 0.000502516713852108 -0.00393458229615869 -0.00186317390352091 0.00770798811740356 0.79806263849433 1.11500000000001 1.161 43.376 27.565

 6493 93 5000 5 0.8 1.344 2.528 126.338 7.542 0.999975179567713 2.71796355804755e-05 -0.00484033881645804 0.00105527302090914 -0.00500969348166853 0.800020120823412 0.999961698214374 -0.00427077127976919 0.00541094830851529 -0.000784386697281911 0.00533563424647573 0.802158407201802 0.999975183373341 2.64477079218813e-05 -0.00483964941649569 0.00105490796549769 -0.00500968069657339 0.799950336463443 0.999961696450951 -0.00427055801598659 0.00541120290665048 -0.000784538607541161 0.00533585489358356 0.802077810054485 1.07399999999998 1.11199999999999 43.087 25.597

 6495 95 5000 5 0.8 1.346 0.829000000000001 147.724 9.69 0.999987658648501 -0.00376357818836533 -0.00182855015305801 -0.0013390961099982 0.00231975340410852 0.795359462138886 0.999960838358302 -0.00641841846537892 -0.00016930857108029 -0.000299601977469392 -0.00608335659225317 0.799504043735586 0.999987659647787 -0.00376337611599482 -0.00182843237287887 -0.00133902181969287 0.00231978619180024 0.795311305135972 0.999960840734945 -0.00641806440958318 -0.00017007131672307 -0.000300043336450651 -0.00608329644516657 0.799436918985125 1.04300000000001 0.97799999999998 38.373 12.342

 6502 2 10000 5 0.8 2.054 1.01 324.533 1.60700000000003 0.999991187984796 -0.00166715128462433 0.00371641338383117 0.000191947127997263 -0.000997991589267321 0.797699085569137 0.999995079085199 0.00205663927036355 -0.0011428159085903 -0.00205364872190259 0.000297555077288049 0.799489770543729 0.999991188956156 -0.00166735632462733 0.00371610198585173 0.000191792061988067 -0.000997865109191022 0.797640497638665 0.999995079769551 0.00205614727682611 -0.001143165892329 -0.00205369584472558 0.000296985159076049 0.799422867978951 0.424999999999955 0.272999999999968 58.157 70.386

 6511 11 10000 5 0.8 1.807 0.795 324.128 1.60599999999999 0.999995504100987 0.00260490233270892 0.00145065029170993 -7.25893953867583e-05 0.000310815316976389 0.801751976864814 0.999993287900762 -0.00173198581017228 -0.000460277853370068 -0.00295898420988849 0.00120703575803127 0.801721380708274 0.999995504560099 0.00260480734452511 0.00145060884884775 -7.25836361775728e-05 0.000310328655775564 0.801672505468663 0.999993285645562 -0.00173285619690822 -0.000460323513901715 -0.00295920614458498 0.00120709338923091 0.801642242945025 0.351999999999975 0.274000000000001 59.833 70.439

 6505 5 10000 5 0.8 1.738 0.939 325.508 1.49299999999999 0.999993671963477 -0.00115752153933682 1.87260272710714e-05 -0.00283279054178993 -0.00181414552080566 0.799540718794278 0.999996702372811 -0.0021257198832084 0.00120206486538307 -0.000691105396325971 0.000392392498536761 0.800563700671069 0.999993671990143 -0.0011573943842192 1.83356101515183e-05 -0.00283286290709497 -0.00181410293685604 0.799473312102952 0.999996703668438 -0.00212513671173171 0.00120205636021379 -0.000691115117697402 0.000392258352212087 0.80049010045246 0.290999999999997 0.316000000000031 61.275 71.639

 6504 4 10000 5 0.8 1.208 0.793000000000001 325.486 2.63200000000001 0.999982903216028 0.00342450591953947 0.00430581661571974 -0.00070279702645065 -0.00185258048745871 0.79951391331824 0.999992612989574 0.00304492480225534 0.00030256946164055 1.88511461141364e-05 -0.00232604720231473 0.801529041114891 0.999982906195162 0.00342428992191169 0.00430540393546057 -0.000702455398515448 -0.00185246035680051 0.799446387228743 0.999992614516697 0.00304445895768572 0.000302283210759049 1.85712774273606e-05 -0.0023260399143348 0.801450538467383 0.338000000000022 0.364000000000033 66.258 69.133

 6506 6 10000 5 0.8 1.673 0.823 326.715 3.358 0.999991851799729 -0.000331727777706294 0.00195323471931509 0.00351517094702145 0.000121400881601556 0.799861508163089 0.999979695532105 -0.00528280354421966 0.00282846022200805 -0.000459651888581794 -0.00211873621438995 0.800305322337116 0.999991850847905 -0.000331763813122137 0.00195304126600244 0.00351555272952675 0.00012119972592408 0.799792578521486 0.999979693335074 -0.00528271009688033 0.00282928285580385 -0.000459408203074273 -0.00211896062923657 0.800233738471743 0.376999999999953 0.406000000000006 67.788 66.989

 6510 10 10000 5 0.8 1.976 1.028 327.477 3.55799999999999 0.99999857467042 0.00119283083813349 0.0003931628391418 0.00072269173500706 0.000866574496281229 0.797376486290868 0.999989775608687 -0.00299183966452441 0.00279865234761728 -0.00185158595439524 0.000486567570128422 0.798909795664172 0.999998575213195 0.00119264351534057 0.000392819797274868 0.000722627230404221 0.000866415326571105 0.797318923988126 0.999989775880226 -0.00299178507362836 0.00279852332934439 -0.00185166599871409 0.000486782592958934 0.798845092495541 0.468999999999994 0.451999999999998 68.928 67.117

 6512 12 10000 5 0.8 1.718 0.797000000000001 327.96 4.08000000000004 0.999996141816103 -0.00175073193361985 -0.00187550567718616 0.000797493621829523 0.000705530284457768 0.799372637631871 0.999998446806441 -0.00159475357666464 0.000524336990546843 0.000485968673722403 -0.000228146669515931 0.797439416346465 0.999996139974749 -0.00175099750654206 -0.00187620284159935 0.000797701829774379 0.000705392104998026 0.799306258656813 0.99999844695093 -0.0015947306527688 0.000524113776023727 0.000486067861202141 -0.000227975124146772 0.797381593234708 0.456999999999994 0.541999999999973 69.324 66.056

 6503 3 10000 5 0.8 1.418 0.787000000000001 327.295 4.13600000000002 0.999990415959761 0.00110039693804891 0.00284107374434096 -0.00237353064504007 -0.00206198144014359 0.801468783642579 0.999994427444548 -0.00124758932167332 0.00254860512013408 0.00155461159209749 -0.000822432656115805 0.797921865263829 0.999990415128514 0.00110059001128602 0.00284131851738944 -0.00237339895469041 -0.00206209583028531 0.801391670026501 0.999994426614779 -0.00124758072007853 0.00254855878375122 0.00155501238942093 -0.000822840398442692 0.797862197501294 0.47199999999998 0.533999999999992 70.155 65.359

 6501 1 10000 5 0.8 1.876 0.872 328.458 4.928 0.99999317931792 -0.000350931860433899 0.00319533021186246 0.00130337531546912 0.00126855906102874 0.800670914794872 0.999981330789882 -0.00281213847024311 0.00489672951995926 0.00101946147251003 0.0021006397202603 0.800602640458695 0.999993179876269 -0.000350088643972078 0.00319481202031773 0.00130383911746787 0.001269180286244 0.800597672262759 0.999981332606302 -0.00281212797061464 0.00489612272958958 0.0010198008490645 0.00210103870657061 0.800529240405725 0.587000000000046 0.730999999999995 70.158 64.843

 6508 8 10000 5 0.8 1.776 1.349 329.545 6.25200000000001 0.999994626027847 0.00273608310771738 0.000721247542698149 -0.00122453303285571 0.00111448889040896 0.800952532182797 0.9999924327518 0.000108032019686352 -0.00226363353107167 -0.00279049767302833 0.00148723037678601 0.800340443402227 0.999994627930812 0.00273552966210054 0.000720918665527281 -0.00122481394325768 0.00111404401509487 0.800877209224887 0.999992432000355 0.000107686314730629 -0.00226371784379951 -0.00279076466882743 0.00148713138634104 0.800269620366364 0.625 0.673999999999978 70.364 62.138

 6507 7 10000 5 0.8 1.703 0.960999999999999 330.82 7.01999999999998 0.999981908623272 0.0043031620569976 0.00393673915596135 -0.000231309531163854 0.0014538924266199 0.80018048935817 0.999998244233674 -0.00121406135054042 0.000934618189442004 0.00104853640344619 -0.000254253528409148 0.799085562297484 0.999981912294463 0.00430327679705467 0.00393583333993534 -0.000231456264015198 0.00145345678796468 0.800109368061917 0.999998243765221 -0.00121392582353105 0.000934840254618498 0.00104881780882245 -0.000254765520922282 0.799020600762346 0.689999999999998 0.836000000000013 70.634 59.2809999999999

 6509 9 10000 5 0.8 1.747 0.917000000000001 333.265 10.053 0.99999168456545 -0.00125116765566664 -0.000400752562212785 -0.00191576900044098 0.00335180637433849 0.802984636547816 0.999994303149493 -0.000422123137035655 0.00256151983469715 0.00078030774108339 0.00201127237896219 0.801080384560995 0.999991685794556 -0.00125148862508773 -0.000401251899521633 -0.0019164558493637 0.00335086733154293 0.802897540511193 0.999994303896536 -0.000421848664901509 0.00256158916585097 0.000779754652210795 0.0020110847356487 0.801005310294101 0.787000000000035 0.776999999999987 72.353 53.333

 6518 18 10000 5 0.8 0.533999999999999 1.483 363.993 1.577 0.999959188273696 0.00225549112804432 0.00765521068308023 -0.00131648788308967 -0.0040248174907424 0.798724061415325 0.999980755046939 0.000840648938990599 0.00237076530251987 -0.00524880327057032 -0.00214764550687283 0.801222286440309 0.99995918900318 0.00225552596097132 0.00765510401034394 -0.00131615265604402 -0.00402492925644843 0.798660770685686 0.999980756750986 0.000840661764865579 0.00237138708690624 -0.00524824357075566 -0.0021475284000752 0.801145032145223 0.199999999999989 0.251999999999953 65.86 112.608

 6513 13 10000 5 0.8 0.972000000000001 1.541 366.023 1.666 0.999987469584816 0.000591500479155731 -0.000489935115307038 -0.00342538635456072 -0.00356896237647372 0.80029041511239 0.99999129642023 -0.00230271539116363 0.00184486734550276 0.0013108814340475 0.00264246853489983 0.799627756976786 0.999987467661798 0.00059175268301522 -0.00049081906253044 -0.00342548622716495 -0.00356924205708026 0.800219150616456 0.999991296102531 -0.0023028141467331 0.00184451499157281 0.00131150504809715 0.0026424392405103 0.79955962693094 0.331000000000017 0.233000000000004 72.455 111.797

 6514 14 10000 5 0.8 0.963000000000001 1.687 367.342 2.44100000000003 0.999994902601169 0.00262522531409531 -0.0011404845722853 -0.00133212719457457 0.000477174816842737 0.800693130645843 0.999990458064132 -0.00206004954681306 -0.0002018331573199 -0.00366909027536372 -0.00115629428765502 0.800656382182466 0.99999490336383 0.00262489826158837 -0.00114056398874637 -0.00133238541585057 0.00047646445024709 0.800620040847923 0.999990456986244 -0.00206019566495501 -0.000201386150941726 -0.00366921735809802 -0.00115664076624815 0.800583395798949 0.336999999999989 0.293000000000006 83.048 109.582

 6522 22 10000 5 0.8 0.619 1.468 364.338 2.66199999999998 0.999997416469795 -0.000847715113313661 0.00136151435373721 -0.000298923548956391 0.00158283170265387 0.803826460786405 0.999993005975105 0.00237600751834381 -0.000480167900572357 0.0027826476538429 0.000607371358569346 0.797632381092946 0.999997416856913 -0.00084742620668303 0.00136106193633054 -0.000299238606236384 0.00158307137758599 0.803734143938829 0.999993006579414 0.00237600197259779 -0.00048015483734004 0.00278240431631834 0.000607523204359949 0.797573778251973 0.26600000000002 0.310000000000002 88.217 109.254

 6530 30 10000 5 0.8 0.22 0.842000000000001 363.221 3.04899999999998 0.99999672501432 -0.000606583020522122 0.00156882148695763 -0.00157142838337126 0.00111867316581802 0.800682471783353 0.999991983897201 0.00310140682731727 -0.000451916282005755 -0.00155552746380971 -0.00194666972401798 0.799229712309693 0.99999672572385 -0.000606924928152052 0.00156845726677049 -0.00157107918660225 0.00111885463822795 0.800608956470141 0.999991982331592 0.00310154500942159 -0.000452074833127965 -0.00155569098350786 -0.00194708628377848 0.799163881042013 0.365999999999985 0.408999999999992 91.761 106.883

 6526 26 10000 5 0.8 0.379 1.269 365.313 4.048 0.999992519488433 0.00284242130507448 -0.00128306743394138 -0.00209048918761675 -0.000930161930176467 0.799798002247544 0.999967687794193 -0.00052140483176093 -0.00491403567019949 -0.00503465897532947 0.00385434390935626 0.796826461932825 0.999992518926611 0.00284262118444827 -0.00128322434306327 -0.00209023543530269 -0.000930508852151571 0.799729329864686 0.999967687746955 -0.000521304812997041 -0.00491385184644435 -0.00503498465038469 0.00385417862868292 0.796771896580392 0.38900000000001 0.529999999999973 95.924 104.831

 6517 17 10000 5 0.8 0.382000000000001 1.382 370.525 4.68299999999999 0.999987369743619 -0.00425332291993094 0.00184583514652881 0.000147169691982014 -0.00193412281718982 0.797408157307753 0.999998759042074 0.000488488983050294 -0.00122281668521746 0.000536053625726702 0.000678718417592356 0.797809495319085 0.999987369246646 -0.00425336962024891 0.00184554797706388 0.000146855084108985 -0.00193457496488194 0.797350837713635 0.999998759208917 0.000487980818379397 -0.00122283262367879 0.00053588465339244 0.000678942825375315 0.797750307344039 0.507000000000005 0.569999999999993 99.485 105.212

 6516 16 10000 5 0.8 0.784000000000002 1.658 371.204 5.012 0.999974942669648 0.00165620597745375 -0.00207310633569352 0.0038625861097277 -0.00530600351120329 0.80110526403664 0.999986180577359 0.00231617968882482 -0.00318589753885485 -0.000120028482766352 0.00347988735311119 0.799780522787559 0.999974945236949 0.00165620538080769 -0.00207325728039046 0.0038619782657151 -0.00530590333702394 0.801029870434512 0.999986179360348 0.00231621315522809 -0.00318614271335724 -0.000119719220923387 0.00348000098161002 0.799712358849827 0.515999999999963 0.536999999999978 101.484 103.94

 6521 21 10000 5 0.8 0.568000000000001 1.525 368.494 6.05000000000001 0.999998019452174 0.00176598202591556 -0.000663738813821287 0.000620951973838737 -0.000127548604700518 0.798690802743672 0.999975212179325 -0.000227632758464053 -0.00695920139371299 0.000747135568304942 -0.000731105084820532 0.799746820123094 0.999998019331771 0.00176604314579881 -0.000663590941930471 0.000621068040292998 -0.000127850279012102 0.798627335331364 0.999975208606171 -0.00022736018096994 -0.00695973864211794 0.00074753551446063 -0.000730553955108348 0.799678720082879 0.631000000000029 0.703000000000031 102.214 103.173

 6529 29 10000 5 0.8 0.325 0.934 366.624 6.34799999999996 0.999999520216323 0.000685583707903957 -3.41605843755222e-06 0.000212819715331009 -0.000666511967101829 0.80118820109777 0.999990571281716 -0.000460474239446786 0.00410955048854899 0.00131493146715284 -0.000166916626733111 0.798375664415691 0.999999520141033 0.000685089379895375 -3.3901192202524e-06 0.000212431215276001 -0.000667256870433137 0.801112242810672 0.999990569971648 -0.000460010293250646 0.00410974387057616 0.00131551823334206 -0.000166659548342021 0.79831387835221 0.555999999999983 0.700000000000045 104.385 102.853

 6523 23 10000 5 0.8 0.661999999999999 1.389 370.266 6.71000000000004 0.999994383698291 -0.00233035627411475 0.0023769554336609 -0.00033594557359046 0.000198078140073603 0.796060893685261 0.999998793644488 0.000260011249309502 -8.93751623975614e-05 -4.82020252516372e-05 -0.00152800273670256 0.800704578596034 0.999994383768531 -0.00233068843428249 0.00237666239418175 -0.000335693050238477 0.000197759596699622 0.796009377959489 0.999998793357259 0.000260183552121385 -8.91864867891979e-05 -4.83594847346308e-05 -0.00152816742418438 0.800630997686606 0.677000000000021 0.730999999999995 104.3 100.425

 6520 20 10000 5 0.8 0.607000000000001 1.883 373.669 8.36400000000003 0.999977983212743 0.00109009519048236 0.00648446975109341 0.000403048207530398 0.000796232654939923 0.80095087422773 0.999990961526266 0.00133811320262841 -0.00192784789795224 0.00352381793959082 -0.00039042085231263 0.797758428869352 0.999977986694001 0.00108939478079832 0.00648398855707743 0.00040315292511355 0.000796684714833421 0.800875891506115 0.999990960492733 0.0013378483250358 -0.00192788016497881 0.00352419087434561 -0.000390450291852062 0.797699719994729 0.77600000000001 0.92900000000003 107.878 96.529

 6524 24 10000 5 0.8 0.56 1.383 371.995 8.38800000000003 0.999993113974299 0.00310598057138716 0.000531866122618271 -0.00126309265320248 -0.00149886758984434 0.799397119456902 0.999993915286415 0.000113928360424524 -0.00276573335533829 0.000923381223008121 0.00191167376915239 0.799950228082689 0.999993113742208 0.00310601613282946 0.000531800295810554 -0.00126259618114519 -0.00149939030133731 0.79933012371742 0.999993915393046 0.00011458380959288 -0.00276539606637119 0.000923140378334517 0.0019121830128018 0.799880340981437 0.805000000000007 0.892999999999972 106.985 97.617

 6525 25 10000 5 0.8 0.532999999999999 1.281 372.753 8.745 0.999979066329622 -0.00117561125497647 0.000581122224840805 -0.000584286887557948 0.00630917954308554 0.800581460884249 0.9999890467803 0.000862283550475226 0.00259483481129322 -0.000505105812233753 0.00376490198091054 0.797660451848525 0.999979069358213 -0.00117553454874141 0.000581102166913941 -0.000584447769668251 0.00630870074442718 0.800508327108404 0.99998904665544 0.000862351043940697 0.00259475559564336 -0.000504487462151834 0.00376505718698792 0.79760192213612 0.764999999999986 0.882000000000005 107.86 97.162

 6527 27 10000 5 0.8 0.395 1.13 373.438 9.81999999999999 0.999993066031942 0.00115823505212386 -0.00230156164472526 -0.000565747478057722 -0.002628521140567 0.800634728687321 0.999989509093513 -0.00223699137683619 0.0026421236625696 0.0025929314184026 -0.00150780028723173 0.7978156481096 0.999993067876956 0.00115770404205083 -0.00230103200076594 -0.000565019329752708 -0.0026286734817763 0.800561814855482 0.99998951154682 -0.00223692952856876 0.0026418973882179 0.00259253100733702 -0.00150734992716118 0.797756218543672 0.831999999999994 1.09499999999997 107.662 94.277

 6515 15 10000 5 0.8 0.933 1.741 377.934 10.124 0.999984397189809 -0.00247903243121698 -0.00137141199116955 -0.00100114141616761 -0.00470921651169664 0.798274866936927 0.999999534258891 0.000348932855383532 -0.000142988032727765 0.000420907104145989 0.00078238065930752 0.801577978361604 0.999984398940224 -0.00247910207174736 -0.00137102910212191 -0.00100080531234113 -0.00470899108141583 0.798213382796469 0.999999534305999 0.000349114994808411 -0.000142932205851162 0.000420215228192776 0.000782621269387657 0.801498851252238 0.829999999999984 1.04300000000001 109.403 92.905

 6528 28 10000 5 0.8 0.486 1.209 376.653 11.868 0.999997928652925 -0.00140009022159088 -0.000430006401456217 -0.00085061514217559 0.00112870970818858 0.799079511139872 0.999998769364115 0.00124064104668663 7.92327745377363e-05 -0.000780580059947639 -0.00055362169919312 0.801945735871593 0.999997928470653 -0.00140068907390474 -0.000430368568946429 -0.000850630701286486 0.00112797820290759 0.799014716300226 0.999998770110679 0.00124056424980056 7.93286901208593e-05 -0.00077985060868193 -0.000553459535721191 0.801865568160443 1.238 1.11199999999997 109.926 87.811

 6531 31 10000 5 0.8 0.207 0.851999999999999 379.895 14.357 0.999986408005177 -0.000515792005375886 -0.00180480880063621 0.00242668440016727 -0.00421564129478955 0.800884825370869 0.999983379076501 -0.00215115534968935 -0.000631721638147167 -0.00521924815402981 0.000987156463614135 0.799323617578871 0.999986405172949 -0.000516149849375582 -0.00180474384901259 0.00242679191468238 -0.00421623519965676 0.800810480714646 0.999983381754391 -0.00215116401664553 -0.000631382795855768 -0.00521872922962697 0.000987385141958293 0.799257178030823 1.19099999999997 1.08500000000004 109.484 81.136

 6519 19 10000 5 0.8 0.632 1.714 388.052 17.587 0.999996874408692 0.00092599718073394 -0.00015241282078184 -0.00094209917062321 0.00211729108848653 0.7996679663292 0.99999232967082 -0.00153369019425756 0.00340941463881756 0.0011658385849026 -7.14571806088123e-05 0.798299883454906 0.999996876260823 0.000925726736840733 -0.000152735628187896 -0.000942324528582239 0.00211641085694907 0.799599921467618 0.999992328796619 -0.00153360543079976 0.00340962213367247 0.00116611954031726 -7.10240795926325e-05 0.79823815101116 1.16899999999998 1.084 111.86 73.135

 6532 32 10000 5 0.8 0.212 0.863999999999999 386.988 21.568 0.999995867934044 0.00131520391946601 -0.00109134783641145 -0.00230414671862924 -0.000184989963155543 0.8013299995846 0.999995883277664 -0.000202989171459377 3.8604823706377e-05 0.00159774963122106 0.00237443233304454 0.80339977799191 0.9999958676182 0.00131550847898692 -0.00109104902526521 -0.00230418941494248 -0.000185760945947141 0.801253350893505 0.999995884603604 -0.000203946050583472 3.85111893632047e-05 0.0015979670150483 0.00237364701919293 0.803310924547537 1.34300000000002 1.26599999999996 112.003 64.3920000000001

 6480 80 5000 5 0.8 0.355 0.956 168.805 7.352 0.999980884193792 0.00487436814265416 -0.00185681849652693 -0.00315471736588809 0.00103526113765042 0.802498784368625 0.999981573167449 -0.00172150800296049 0.000383640536311693 0.00538218962580265 -0.0021850836415746 0.80017013841183 0.99998088574475 0.00487435195740868 -0.00185665205615018 -0.0031545236918577 0.00103472777090887 0.802415295283385 0.999981573041719 -0.001721998760201 0.000383019986951431 0.00538224082420417 -0.00218473721053277 0.800099365849448 0.860000000000014 0.817000000000007 20.029 2.62199999999999

 6533 33 10000 5 0.8 0.622999999999998 1.094 453.687 1.57799999999997 0.999993695440604 0.00145722130908162 0.00129179359332369 -0.000458241307675629 -0.00293374663486889 0.8015727276392 0.999979968761037 -0.000285004303477385 0.000325810068876041 0.00285950242999739 0.00563009261681817 0.799304071675713 0.999993694338342 0.00145741108355641 0.00129129430382061 -0.000457683088933074 -0.00293433496720549 0.801493909620612 0.999979968939137 -0.000284749149171848 0.000326425291931511 0.00286006075139427 0.00562975465118924 0.799237798189053 0.256000000000029 0.221000000000004 47.304 70.831

 6541 41 10000 5 0.8 0.361999999999999 1.112 450.112 1.72300000000001 0.999994619048961 0.00310832886296058 0.000791192083081062 -0.000666788581515157 -0.000171967668662483 0.80046268070648 0.999975515575448 0.00257423602648481 -0.00266944435509789 0.00302280918959769 -0.00510668678656694 0.796918503973968 0.99999461734222 0.00310874706650707 0.000791443898431604 -0.000667020969605368 -0.000172272587968092 0.800390712729289 0.999975517537853 0.00257447918608849 -0.00266943658018615 0.00302251391050852 -0.00510635876412503 0.79686334099158 0.206999999999994 0.427999999999997 51.195 70.421

 6536 36 10000 5 0.8 0.41 0.869 452.777 1.71600000000001 0.999977718189135 0.00252413493483306 0.00227606593362431 -0.00125029644527032 -0.00560786507920571 0.801741335504296 0.999987696917629 0.00162921752432111 -0.00194030666595199 0.00341726391613354 0.00255130966434133 0.799163714394084 0.999977715331431 0.00252389326154938 0.00227607312389404 -0.00125069362700527 -0.00560839191949339 0.801662032177227 0.99998769538899 0.00162867824456861 -0.00193997146322252 0.00341774585227727 0.00255186241874452 0.799098426296142 0.384000000000015 0.39100000000002 52.3410000000001 70.075

 6540 40 10000 5 0.8 0.581 1.207 450.864 1.959 0.999997835322195 -0.000342098455372888 -0.00075733820520445 -0.00158932975313341 -0.00105488831122319 0.79868902060184 0.999983021842753 0.00560444432203601 -0.00114789665611401 -0.00102013779345521 0.000433453834050074 0.797571784547818 0.99999783527847 -0.000342110596304651 -0.000757671748514203 -0.0015890595744212 -0.00105509331554486 0.798625729233494 0.999983022413413 0.00560448659382147 -0.00114728750341353 -0.00102007948271453 0.000433340731302826 0.797513367362695 0.425999999999988 0.329999999999984 53.379 69.722

 6538 38 10000 5 0.8 0.58 0.963 451.669 1.96600000000001 0.999997922603593 0.00188552316368635 0.0001778258664548 -0.000103690376793228 0.000746469801248502 0.800947591488368 0.999979731745169 0.00386383568252195 -0.000951483427711583 0.00449026123304248 -0.00213051778317065 0.801417158100089 0.999997921810783 0.00188585121075612 0.000177887648034663 -0.000104529169630727 0.000746571471917823 0.800872750635792 0.999979730244186 0.00386368039235753 -0.000951886868113299 0.00449034300498775 -0.00213115125680764 0.801339436289817 0.382000000000005 0.43300000000005 53.757 70.162

 6534 34 10000 5 0.8 0.683999999999999 1.317 458.545 6.15899999999999 0.999996730041537 0.0017391725037578 0.000442870722951816 0.00106900344708229 0.00147522282690512 0.799894882474863 0.999989363231851 0.00221909688054229 0.00317506244967469 0.00198935265476995 -0.00152002850204156 0.799619085700134 0.999996730206833 0.00173986275858752 0.000442540861908336 0.00106834165999444 0.00147487521755788 0.79982548300183 0.999989361661733 0.00221954694281872 0.00317529443998173 0.00198925476402054 -0.0015200478387683 0.799551171200569 0.506000000000029 0.50200000000001 62.888 63.2919999999999

 6535 35 10000 5 0.8 0.411 1.262 458.25 6.15500000000003 0.999980530528868 0.000744469983232416 -0.00273065847568458 -0.00291540568261961 -0.00473584645470117 0.800887106020891 0.999992791026806 0.000876139272030979 0.00233528811854484 -0.00283502765540057 -0.000399151589555646 0.800689587708678 0.999980528828366 0.000744649798167661 -0.00273033713161723 -0.00291602948294232 -0.00473597846516397 0.800812215313367 0.999992791819249 0.00087617146651215 0.00233471844893868 -0.00283525783687074 -0.000398793015021481 0.800615343117149 0.496999999999957 0.444999999999993 65.021 61.716

 6542 42 10000 5 0.8 0.254 0.853999999999999 460.981 7.97500000000002 0.999998193534961 0.00129250612618681 0.000448920185389141 -0.000157691124016303 -0.00130994614576392 0.79888387036983 0.999988006174495 0.00324714841769261 0.00184095848090752 0.000296923750706149 -0.00315693561368296 0.799349290821733 0.999998192947472 0.00129283558606539 0.000448866798833326 -0.00015740140985044 -0.00131012263945759 0.798819396991924 0.999988007324484 0.00324696061715832 0.00184088146281853 0.000296923751567896 -0.00315680941511878 0.799282691520559 0.555999999999983 0.590999999999951 68.462 55.835

 6539 39 10000 5 0.8 0.466 1.225 465.623 8.73500000000001 0.999997939554777 0.00163039938578494 -0.000649332691165436 -0.00068525271379257 -0.000755962841548687 0.79898328190783 0.999984564755254 -0.00283641840818784 -0.00317527069226529 0.00212701507727689 -0.00286678299694372 0.800270824627857 0.999997939183806 0.00163047054173253 -0.000648863350978757 -0.000685467401213594 -0.000756508259180998 0.798918801571757 0.999984567530019 -0.00283595356898665 -0.00317527808427074 0.00212674212261594 -0.00286646928936115 0.800199702616118 0.66500000000002 0.759999999999991 70.541 51.1940000000001

 6537 37 10000 5 0.8 0.379 1.066 467.903 7.54000000000002 0.999991661247054 0.000450213885022957 -0.00103635259419051 -0.00226029639626612 -0.00320808000458371 0.799221134690205 0.999998658203045 0.000730029626622054 0.000940769297356786 -0.00111142462203669 -0.000174176039006472 0.798645608417724 0.999991661843884 0.000449711500059143 -0.001036396999457 -0.00226014036808558 -0.00320806001361229 0.799155726760045 0.999998658597477 0.000729819323485109 0.000941015249393382 -0.00111102671123173 -0.000174002723903428 0.798582833303658 0.718000000000018 0.72399999999999 70.555 51.288

 6543 43 10000 5 0.8 0.234 0.866000000000001 466.155 8.21199999999999 0.999986276793274 -0.00346431955491919 0.00352903426020565 -0.000386723786123323 -0.00168554948010934 0.800235109703509 0.999992791954887 0.000874894361303415 -0.000612413752232508 -0.00214476556662709 0.00294542495882039 0.798555607668453 0.999986277962997 -0.00346418946086768 0.00352870944698314 -0.00038667924998719 -0.00168581312370195 0.800163750874225 0.99999279202981 0.000874891628306933 -0.000612083979221964 -0.00214489902605195 0.00294537169700092 0.798492684764152 0.737000000000023 0.62700000000001 69.8410000000001 50.755

 6544 44 10000 5 0.8 0.259 0.866 474.633 11.947 0.999997067839935 0.000636911326764794 0.00153903219851698 -0.000314279825244979 -0.00172952698101575 0.800697670140044 0.999995830564847 -0.00126336409452415 -5.60219815140283e-05 -0.000971205442035142 0.00240756840270976 0.799449494764589 0.999997068791874 0.00063715752084542 0.00153844177961842 -0.000314091610876039 -0.00172944537501479 0.800623866609623 0.999995828212762 -0.0012631900130271 -5.61404044057215e-05 -0.000971198622592452 0.00240863645087968 0.799382664368924 0.783999999999992 0.795999999999992 71.6370000000001 37.5920000000001

 6548 48 10000 5 0.8 1.001 2.508 364.443 1.83800000000002 0.999995172413498 0.000310820200181049 -0.001811804826597 0.00239684526880281 -0.000728722531782654 0.801928557480168 0.999996434405974 -0.000567258455578518 -0.000249359969325172 0.00203908089772717 -0.00160914942804902 0.798378212295028 0.999995170798392 0.000311273534127505 -0.00181250450862764 0.00239693669539311 -0.000728704718295167 0.801847822264232 0.999996432482878 -0.000567598709753686 -0.000249502822065378 0.00203934608379713 -0.00160986617912056 0.798316231819145 0.32099999999997 0.238999999999976 47.676 108.292

 6549 49 10000 5 0.8 0.956999999999997 2.412 363.4 1.83200000000005 0.999992153951974 0.00141749555170941 -0.002223153620782 0.000745449759830568 -0.00286087984463516 0.800481344301222 0.999981327571079 -0.00434165677358042 0.000553240091757816 0.00237483048110517 0.00354240472414238 0.800912062204904 0.999992153038614 0.00141760060640295 -0.00222301211167967 0.00074506623067519 -0.00286135687751309 0.800408172705295 0.999981326889277 -0.00434198647903207 0.000553219017204405 0.00237464181134618 0.00354232284868848 0.800837702743672 0.406999999999982 0.358000000000004 50.452 109.877

 6550 50 10000 5 0.8 0.832999999999998 1.906 364.528 2.03900000000004 0.99999232817679 -0.00190173333514193 0.00216571065118257 0.00164567294721681 0.00208049412666651 0.799843255846041 0.999990053834527 -0.00144470749894659 -0.00215810010796948 -0.000458892066136676 -0.00359681445965291 0.800256658569899 0.99999233009764 -0.00190180407980264 0.0021648930542309 0.00164612061748354 0.00208000291131993 0.799774676986678 0.999990055879413 -0.00144393254835853 -0.00215839415488261 -0.000458739311580149 -0.00359640014470973 0.800185390417171 0.336000000000013 0.353999999999985 54.071 110.226

 6559 59 10000 5 0.8 0.514000000000001 0.921000000000001 359.768 1.76500000000004 0.999995806424289 0.00173466510627599 -0.000709949537388914 0.00074577836369879 -0.00207794540143891 0.801479093796804 0.999994049366276 0.0012037309947455 -0.00242101304320037 0.00179458657560703 -0.00117064879352462 0.803491723715098 0.999995808321144 0.0017343296407175 -0.000709855632063662 0.000744797211081717 -0.0020776965453409 0.801401111942894 0.999994048039439 0.00120324305161425 -0.0024211902258269 0.00179475194171061 -0.00117166343798895 0.803402545831076 0.324999999999989 0.302999999999997 54.909 111.161

 6545 45 10000 5 0.8 1.75 5.736 373.205 3.428 0.99998368053821 -0.000254826242782588 -0.00496824865857108 0.00123108444933804 0.00252480834638628 0.801908882552218 0.999988119732369 0.00377948776255189 0.00303832303769289 -0.000279977233597855 -0.000407519621383747 0.7999946781322 0.999983678174721 -0.000254236921708299 -0.00496891061302683 0.00123110005500356 0.0025244935566585 0.801827990504082 0.999988119009562 0.00377958105658841 0.00303845292488815 -0.000279762683338556 -0.000407606941806126 0.799924636075818 0.399000000000001 0.49799999999999 64.968 106.817

 6546 46 10000 5 0.8 1.591 4.741 377.759 5.76599999999996 0.999978572430652 -0.00271845714625469 -0.000560184441803061 -0.00401332082216564 -0.00436395688196536 0.797701528143188 0.999995086152133 0.000924267172940221 0.00111605420911057 -0.00057985999735079 -0.00271874735269611 0.798178658038778 0.999978571623002 -0.00271867644941524 -0.000560160642223057 -0.00401338410008576 -0.00436395019492675 0.79764262049943 0.999995084979777 0.000924691168354862 0.00111602030341507 -0.000579866300739477 -0.00271904694457488 0.798117517220741 0.454999999999984 0.486999999999966 82.294 101.654

 6556 56 10000 5 0.8 0.465 1.119 369.449 6.55400000000003 0.99997952221759 0.00175061258901008 -0.00227861049908182 -0.00570072933822987 0.000447348017195535 0.80304721239753 0.999992967446267 -0.00281660818636148 1.72109448675081e-05 -0.00245666337208062 -0.000310298554308515 0.798400457376872 0.999979521379107 0.00175103931959928 -0.00227878437705123 -0.0057008012001675 0.000445747856796663 0.802959796897951 0.999992967281955 -0.00281643762079458 1.70158272945254e-05 -0.00245702093742711 -0.000309555056516923 0.798338417737361 0.527000000000044 0.489000000000033 91.284 98.359

 6547 47 10000 5 0.8 1.384 3.356 381.52 6.56500000000005 0.99998829922634 -0.00298933810107039 0.0035734662986429 0.00128100066174602 -0.000233760658469566 0.799966939053494 0.999992798987695 0.00260537624319343 -0.000470252586501847 0.00263288136320266 0.000678811917852097 0.799580313045055 0.999988301594305 -0.00298914710497424 0.00357300059628782 0.00128094574822793 -0.00023349272256488 0.799897176095473 0.999992800389605 0.00260518584636916 -0.000470122464427049 0.00263260106835872 0.000678654658552087 0.799512498972264 0.538999999999987 0.55800000000005 93.802 97.328

 6552 52 10000 5 0.8 0.663000000000002 1.461 373.946 7.166 0.999978262310801 -0.00150301148669259 -0.00544239987521345 -0.00340103212415049 -0.000170664674445814 0.800045151392512 0.999990198930583 0.00302564769540351 0.00274973909575032 0.000879379505669919 -0.00145365930925271 0.801416252052418 0.999978261179814 -0.00150281633905565 -0.00544241584417335 -0.00340139735865541 -0.000171221007565356 0.799975084140961 0.999990199513186 0.00302571755674439 0.00274962435441687 0.000879856822903751 -0.00145304119899824 0.801338642851557 0.616999999999962 0.55600000000004 95.0290000000001 96.778

 6561 61 10000 5 0.8 0.198 0.965999999999999 378.772 9.51600000000002 0.999990126087424 0.000673751940980186 0.00205942909387274 -0.00342074285028765 -0.00183058901421005 0.79942845130373 0.999997938825743 0.00193586989564264 -6.03909865490706e-05 -0.000597504461065249 -0.000118715462348861 0.801161890140905 0.999990127334424 0.000673372309606224 0.00205883203614713 -0.00342059632224159 -0.00183099286215756 0.799361254566851 0.999997940469655 0.00193532423503037 -5.97792109247748e-05 -0.000596729790325344 -0.000117968453934036 0.801085214767579 0.876000000000033 0.710999999999956 104.48 90.376

 6551 51 10000 5 0.8 0.629999999999999 1.905 382.533 9.07499999999999 0.999991699521143 -0.00208199294216251 0.000827712067141995 -0.00329254819631243 0.000860356503882598 0.801962067429302 0.999989270906202 -0.00266090000643685 -0.00124520931883067 -0.00134073195124644 0.00332108043043359 0.801633910109147 0.999991700122948 -0.00208235843826958 0.000826980183665994 -0.00329236777050252 0.000860166722311994 0.801881672557764 0.99998926596119 -0.00266201014059237 -0.00124563931235046 -0.00134050289507126 0.00332161091984282 0.801554936077183 0.698000000000036 0.701999999999998 105.461 89.165

 6553 53 10000 5 0.8 0.592000000000001 1.551 381.944 10.383 0.999987795159379 -0.000655494281174288 0.00107626725009961 -0.00445887634004578 -0.00171462244296939 0.801431633389001 0.999989184560429 0.00387599170241999 -0.000136331027517189 0.002142629649195 0.00141350717313451 0.800948311338233 0.999987792529 -0.000655748041060419 0.00107528732361242 -0.00445972478537993 -0.00171446770002626 0.801353597019388 0.99998918624124 0.00387570036064434 -0.000136396371793975 0.00214229144020661 0.00141362325706875 0.800873317360008 0.722999999999956 0.658000000000015 108.015 85.686

 6562 62 10000 5 0.8 0.233 0.927 380.404 10.528 0.999997333709872 -0.000613481151840935 0.00058419317312381 0.00214819253274835 1.41845622105473e-05 0.798692281111195 0.999988380670228 0.003056935004522 0.000805150521100642 -0.00215257561871987 0.00293459090131284 0.800457367019445 0.999997334481546 -0.000613643184593743 0.000584394549904789 0.00214773242325641 1.41524916601353e-05 0.798629112182095 0.999988382877544 0.00305626233700906 0.000804800930118329 -0.00215241045723214 0.00293475640705679 0.800384905720186 0.75200000000001 0.90500000000003 107.504 84.534

 6554 54 10000 5 0.8 0.565999999999999 1.661 385.647 11.112 0.999996667461988 0.00092736797095893 0.00133443293239312 0.000388773250452042 0.0019680441239074 0.798491059698499 0.999987951486492 -4.18155751727338e-06 -0.00384196318376359 -0.00279538439299719 -0.00123369743170765 0.802078987335715 0.999996667754623 0.000927240135976625 0.00133432270406385 0.00038872866687547 0.0019680392083858 0.798428768925478 0.999987950102837 -4.34265299142862e-06 -0.00384193955979037 -0.00279562634519369 -0.00123434356048499 0.801997953286806 0.891999999999996 0.983000000000004 107.621 82.8389999999999

 6557 57 10000 5 0.8 0.535 1.074 384.499 10.414 0.999984273044776 -0.000485442925163184 0.00386716535054931 -0.0034214479240629 -0.00213465091579403 0.801205666059131 0.999991442783911 -0.000639495079004504 0.00174043260718143 0.00348729529553509 -0.00123088214588454 0.800568827441193 0.999984273360016 -0.000485061122349361 0.00386679533657436 -0.00342189354716864 -0.00213454602334188 0.801129003131452 0.999991443651229 -0.000639845769023018 0.00174052492305948 0.00348690027116069 -0.00123098383956528 0.800496016049229 0.874000000000024 0.913000000000011 109.028 82.136

 6555 55 10000 5 0.8 0.598000000000001 1.522 392.673 12.597 0.999969479448633 0.000433631753038378 0.00306432615092323 0.00467715822364136 -0.00543932265311611 0.798943246559999 0.999995666852908 0.00109523774001795 0.00247576309235563 0.00107682592694837 -0.000421631040399665 0.800476349396987 0.999969483330239 0.000433164596529618 0.00306367538696955 0.00467721719679556 -0.00543896213477026 0.798878705228347 0.999995665789826 0.0010954592315459 0.00247621946125678 0.00107677394378123 -0.000421029319082155 0.800404292391856 1 1.09500000000003 111.366 74.734

 6558 58 10000 5 0.8 0.605 1.085 391.115 15.172 0.999984875414596 0.00214413862696323 -0.00435668007391048 -0.000767942987080352 -0.00246601174059681 0.800506980717604 0.999986893110784 -0.000398791956697913 -0.000879126383797557 0.000243958449338467 -0.00502217011786678 0.798322779396009 0.999984875708503 0.00214423697008824 -0.00435676007515148 -0.000768025488568844 -0.00246563999057069 0.800434070356073 0.999986893635505 -0.000399161439716854 -0.00087924361022128 0.000244066103198813 -0.0050220105305417 0.79826100047218 1.05899999999997 1.072 109.241 72.89

 6564 64 10000 5 0.8 0.397 0.855 391.342 15.58 0.999987482212985 0.000461622139464721 -0.00352754257652398 -0.0030545877303962 0.00174592654566373 0.800584995553321 0.999994186963932 0.000623053745873541 -0.00161752928700688 0.000487183338223227 -0.0028955299643567 0.796942247392994 0.999987479596682 0.000462307833903895 -0.00352789739202612 -0.00305489998573353 0.00174598035797107 0.800512021219801 0.999994185571872 0.000623100512787723 -0.00161761354531463 0.000487031888270217 -0.00289597903273082 0.796886984594458 1.01100000000002 0.966999999999985 111.486 67.5989999999999

 6563 63 10000 5 0.8 0.195 0.888 397.16 16.486 0.999995208774896 -0.00111654898081935 -0.00160943531700208 -0.00038099441229866 -0.00236649674512653 0.803002833011403 0.999981583380221 0.00130361027191955 -0.00407640535982989 -0.00118704818651281 -0.00413610161744233 0.800251387781462 0.99999520910456 -0.00111635971958022 -0.00160943006854317 -0.000381969585627106 -0.00236629309150629 0.802915980491846 0.99998157982678 0.00130478942422978 -0.00407705177030453 -0.0011870508513952 -0.00413595101925784 0.800180249737276 1.15999999999997 1.23099999999999 110.525 63.553

 6560 60 10000 5 0.8 0.301 0.922 410.779 18.032 0.999990010831757 -0.000965095423988673 -0.000148199165681462 0.000203291101835836 -0.00435701012851621 0.803288820342434 0.99999582789985 0.000362591912492931 0.000721174953069633 -0.00243454113843305 -0.00132876865182483 0.801347577694671 0.999990011015516 -0.000964940613500678 -0.000148582211602761 0.000203041978145119 -0.00435700081270938 0.803200173497528 0.999995828744618 0.000362561991412731 0.000721538476408444 -0.00243409719302982 -0.00132875703172957 0.801270851508763 1.33099999999996 1.346 108.151 53.491

 6565 65 10000 5 0.8 1.044 3.436 456.061 1.589 0.999967950321413 -0.0028893184777165 -3.74400317227597e-05 0.00262305726471758 -0.00699058921386083 0.8024258423258 0.999989458272283 -0.000428164133235634 -0.00328998707420259 0.00300581021435795 0.00102034787565195 0.800310051735405 0.99996794891853 -0.0028891484502597 -3.82618518602883e-05 0.0026223404539144 -0.00699112462157895 0.802342651985332 0.999989455933774 -0.000427362749695678 -0.00329011893951134 0.0030067621165021 0.00101974570036731 0.800238714011703 0.213000000000022 0.199999999999989 34.463 62.944

 6569 69 10000 5 0.8 0.881000000000002 2.779 454.47 2.36200000000002 0.999968203321747 -0.00717850234625928 0.00272273465583469 -0.0020712648255866 -0.000598354040325027 0.802127549648435 0.999998351931012 -0.000915786816623822 0.00141925447215752 0.000523364605776775 0.000411431645321309 0.799927915331206 0.999968206424546 -0.00717792491310759 0.0027227447552365 -0.00207186804949837 -0.00059796137086462 0.802046340602635 0.999998352037225 -0.000915789511705098 0.00141888991611085 0.000523476668897452 0.000412281442221867 0.79985910307185 0.317000000000007 0.298000000000002 44.146 65.453

 6568 68 10000 5 0.8 0.957999999999998 3.215 454.991 1.90799999999996 0.999997528823481 -0.00169552551646534 0.000515780927333413 0.000466216648125651 0.00125863109188423 0.800047274273132 0.999978169789103 -0.00268125183736411 0.00277368988932347 0.00461364617338019 -0.00273710562566327 0.799758294858861 0.999997528903879 -0.00169537566851884 0.000515550824211826 0.000466590739096954 0.00125872471478945 0.799976863543846 0.999978170947833 -0.00268120873532865 0.00277382121342091 0.00461314331264488 -0.00273743898522832 0.799689311422263 0.267999999999972 0.30699999999996 43.621 66.9259999999999

 6567 67 10000 5 0.8 0.886999999999999 3.721 458.646 4.06199999999995 0.999996211596838 -0.000156078652825849 0.00243513002242323 -0.00118493644254559 -0.000467438580596517 0.800683152703822 0.999998522399151 -0.00103736725806278 0.000491089911425961 -0.000793275890560032 -0.00100429714086154 0.798437379700246 0.999996211982601 -0.000156269322345864 0.0024348639105582 -0.00118505788211608 -0.000467627952198182 0.800609334332403 0.99999852242756 -0.00103708581239212 0.000491464248497176 -0.000793085115443715 -0.00100452705586822 0.798375676701724 0.325000000000045 0.338000000000022 53.086 63.8049999999999

 6571 71 10000 5 0.8 0.407999999999999 1.058 452.455 3.43600000000004 0.99998756307117 -0.000401876952682943 0.00323245127469656 0.00106354833298352 0.00362385452215161 0.798829924917937 0.999979113208513 -0.00405354355259187 0.00202881524841912 -0.00104714499433136 0.00448657190205981 0.800515438120146 0.999987564839721 -0.000402010077598793 0.00323217274482151 0.00106417176707256 0.00362341711914821 0.798766146015987 0.999979115691206 -0.0040529872968415 0.00202905895999201 -0.00104762382588994 0.00448629908304966 0.800443127185904 0.307000000000016 0.365000000000009 52.5099999999999 64.701

 6566 66 10000 5 0.8 1.1 3.386 463.706 4.88999999999999 0.99997246361971 -0.000595280441617548 0.00310501459550612 0.00655436979048779 0.00145491049052995 0.803455873105381 0.999988443200841 0.00278369617588471 -0.00369868453067267 0.000555672480598568 -0.00117280057756565 0.799723142931225 0.999972468043522 -0.000594963260911453 0.00310463715773609 0.00655396986921703 0.00145460672926811 0.803365997821079 0.999988445203962 0.00278348184772755 -0.00369814037919818 0.000555671308169498 -0.00117331773191086 0.799654818754557 0.426999999999964 0.48599999999999 57.412 62.024

 6573 73 10000 5 0.8 0.266 1.085 453.923 5.089 0.999995297866421 -0.00081989767846589 0.000204369202414033 -0.00228847365369947 0.00185826112530145 0.799932688641039 0.999997398790067 -0.00150918333901366 0.0015660917718708 0.000511332326470793 0.000458992988430957 0.801146605299921 0.99999529646824 -0.000819788783341013 0.000204600995922293 -0.00228910103819389 0.00185826333355418 0.799863108006483 0.99999739987429 -0.00150899446533373 0.00156531489739096 0.000511569576166523 0.000459637034100635 0.801070894828685 0.432999999999993 0.538000000000011 56.682 60.9880000000001

 6574 74 10000 5 0.8 0.328 0.873 455.736 6.68000000000001 0.999991353518943 -0.0035656140874098 -0.00201116654128387 -7.04989356818005e-05 0.000727683018773714 0.80043010639059 0.999998912841371 -0.000590771141738542 -0.000755213377121009 0.000952604006159445 -0.000589494611546843 0.801572783963135 0.999991353326398 -0.00356567302120441 -0.00201120788209649 -7.08101935487196e-05 0.000727514340600888 0.800357825447236 0.999998913567619 -0.000590834610704228 -0.00075483641886953 0.000951934074350339 -0.000589763973171259 0.801493622529428 0.553999999999974 0.550000000000011 60.1950000000001 57.389

 6572 72 10000 5 0.8 0.348 1.141 461.823 9.00800000000004 0.999987310181487 0.000679813257815111 0.00161481831634305 0.00175433101532394 0.0043854320678932 0.800559009654783 0.999988139208138 0.000952877692431572 0.000587950417925837 0.00441032467041426 0.0017368988910049 0.800004969638417 0.999987312036231 0.000679870157911404 0.00161448932586924 0.00175423049594399 0.00438516165096189 0.800486091849383 0.999988139354489 0.000953127370417016 0.000587922972359778 0.00441025197011143 0.00173687152703479 0.799934865485397 0.602000000000032 0.673000000000002 62.551 50.9409999999999

 6570 70 10000 5 0.8 0.395 1.251 487.236 10.1700000000001 0.999995375668506 0.000586420487531188 0.00195274436154098 0.0021035602176528 0.000816441353339604 0.800443037333508 0.999982691548418 -0.00264324628083462 0.0037320825461361 -0.00151368492560283 -0.00337789438778896 0.800376955459851 0.999995377692927 0.000586316952206678 0.0019522944091652 0.00210334261316218 0.000815672485549651 0.800370666310794 0.999982690827709 -0.00264305633323196 0.00373188694531997 -0.00151372777490052 -0.00337845323255516 0.800305310311088 0.701000000000022 0.716999999999985 66.5160000000001 32.2329999999999

 6575 75 10000 5 0.8 0.508999999999999 0.851 486.497 10.613 0.999994795615181 0.000694317315511461 -0.00061644807071624 -0.00140061514350772 -0.00275407607257693 0.800397790576936 0.999986873137354 -0.00183706088711313 -0.00242551375221291 -0.00375141569161688 -0.0017095390081175 0.801841444271459 0.999994793398958 0.000694844521176095 -0.00061623032776693 -0.00140109547120812 -0.0027545521834447 0.80032638117019 0.999986872090573 -0.00183832633037975 -0.00242568275565411 -0.00375113048465649 -0.00170917701577721 0.801762090518662 0.816000000000031 0.769000000000005 65.0290000000001 30.302

 6576 76 10000 5 0.8 0.208 0.86 504.264 11.911 0.999998287022575 0.000902864027988617 0.0011651878011665 0.00103134629128715 -0.000435259323443344 0.801700143246957 0.999985590535552 -5.83351525314291e-05 -0.000296174629219893 0.0033613957181168 0.00417475959657013 0.801070976998453 0.999998287090913 0.000903233024747332 0.00116512301387453 0.00103094204714903 -0.000435467795019444 0.801621097369063 0.999985591746133 -5.86237599038543e-05 -0.000295781011707344 0.00336124386019376 0.00417461575438745 0.800995321688766 0.810000000000059 0.826000000000022 59.9960000000001 20.914

 6579 79 10000 5 0.8 1.911 8.502 372.866 1.40300000000002 0.999991929720105 0.000531389301021612 0.00389082582132465 0.00017974885093001 -0.000829026447052492 0.802446308108807 0.999989177950771 -0.00153433754310929 0.00258161621822385 -0.000363408612355973 -0.00353454120463457 0.79844477986418 0.999991930356251 0.000531656859151005 0.00389068704704275 0.000179166653988701 -0.000828864870942668 0.802363055068589 0.999989177125027 -0.00153452388280683 0.00258152702001568 -0.000364284603157706 -0.00353466890054737 0.798382491775444 0.220000000000027 0.216000000000008 40.143 94.763

 6577 77 10000 5 0.8 2.192 8.546 381.593 1.42899999999997 0.999989934043215 0.000765240286976707 0.00330583658865214 -0.000919047305369605 -0.00278801292120959 0.800797066157364 0.999989084705681 0.000927017890845992 -0.00140206634390698 -0.0021704625621182 -0.00378079483143206 0.799157332901795 0.999989931638469 0.000765807255685809 0.0033056920762789 -0.000919694430060696 -0.00278867764168516 0.800723703172147 0.999989086130056 0.000926915711284867 -0.00140157042744734 -0.00217079668051947 -0.00378043517981775 0.799091854981906 0.231000000000051 0.19199999999995 43.035 95.745

 6578 78 10000 5 0.8 2.243 8.897 379.468 1.697 0.999988532512962 0.00224089804859306 0.00229450202192479 0.000197079262719293 -0.00355100531463289 0.800155029556506 0.999989186761656 -0.00401213937981463 0.0015469351610772 -0.0017527797498407 -0.000252689758511327 0.798588033564109 0.999988531733582 0.00224084474821709 0.00229434874016575 0.000197526209289 -0.00355133262092586 0.800084331921423 0.999989188519187 -0.00401190103256113 0.00154689516911639 -0.00175241445844882 -0.000252296936823413 0.798525146364422 0.283000000000015 0.24799999999999 49.478 97.3229999999999

 6580 80 10000 5 0.8 1.952 8.094 373.301 2.61700000000002 0.999986013587661 0.000445372730596909 0.000714397707998523 -0.00359087479040145 -0.00379071580877444 0.803248853008209 0.999994446069871 -0.000187430127857477 0.00010881005391259 0.00321691168300846 -0.000844001750970059 0.800165230337855 0.999986014655277 0.000445717389784367 0.00071435040929129 -0.00359085530464805 -0.00379042102398683 0.803160299448268 0.999994445779214 -0.000187898957464676 0.000109031247010529 0.00321702739046498 -0.000843772280155878 0.800094668830221 0.33299999999997 0.33499999999998 57.335 99.8480000000001

 6587 87 10000 5 0.8 0.507 1.607 345.702 3.32999999999998 0.999992244374735 0.000585229888706507 -0.001983703466928 0.00173889369892133 -0.00286528630616001 0.801729637421861 0.999998355192894 0.00119867849209089 0.00128078373471805 0.000227937770539376 0.00040052312888862 0.799262124720183 0.999992243282723 0.000585745895935367 -0.00198403540595388 0.0017387383231462 -0.00286542644007437 0.80165044068524 0.999998354728254 0.0011987097518613 0.00128088365124201 0.000228399638535257 0.00040100672365365 0.799196491409182 0.334000000000003 0.310999999999979 57.863 99.5239999999999

 6581 81 10000 5 0.8 1.946 6.957 368.428 4.28299999999996 0.999986797182494 0.00374438547981715 -0.00108392064187903 0.00314747515519228 -0.00114173300990198 0.798467323398096 0.99998649612655 0.00315123277061279 -0.000108387838888522 0.0041257009011203 -0.000210096932873978 0.799948489364137 0.999986798254227 0.00374388441171385 -0.00108428339236541 0.0031475718358169 -0.001141826534895 0.798404675242107 0.9999864977298 0.00315089846097908 -0.000108388501251185 0.00412559466897932 -0.000209565117178447 0.799878036692646 0.437999999999988 0.365999999999985 63.987 101.127

 6588 88 10000 5 0.8 0.565999999999999 1.295 350.422 5.37200000000001 0.999992673970053 -0.00163245546214533 0.000586692272672516 0.00341031501345598 0.000112423636153114 0.803877635825957 0.999995946390478 0.00232880767668459 -0.000481594474066571 -0.00150654672173803 0.00042689712545989 0.799693552594317 0.999992676661703 -0.00163270671708509 0.000586199939126102 0.00340949556933535 0.000112255662669381 0.803785154648182 0.999995945065393 0.0023292777630939 -0.000481371402623803 -0.00150668924130555 0.000427184945232592 0.799625010893677 0.485000000000014 0.557000000000016 71.691 97.638

 6583 83 10000 5 0.8 0.887999999999998 3 358.249 7.39700000000005 0.999996897475572 0.00129848481089244 -0.000979853425066871 -0.0013237883151506 -0.00134404173634999 0.800801663062642 0.999979702312555 -0.00435089824207334 0.00371409445376173 0.00227859737984607 -0.00163650351378377 0.801168429695334 0.999996896020453 0.00129897767033898 -0.000980122263776407 -0.00132386262015907 -0.00134437888310712 0.800727667879789 0.999979698643167 -0.00435090189251416 0.00371467845364935 0.00227947933178157 -0.00163618220388952 0.801091805254348 0.519000000000005 0.536000000000001 79.031 94.482

 6584 84 10000 5 0.8 0.980999999999998 2.235 361.863 7.55199999999996 0.999993723399473 -0.00169750850688394 -0.000373229157033026 -0.00308608247678428 -9.17685651683356e-05 0.801070703558474 0.999985023824787 0.00128728901759352 0.00443278723366813 -0.0018960859858983 -0.00224728022289349 0.798222970384977 0.999993722439377 -0.00169777953724188 -0.00037354546244326 -0.00308617875414915 -9.26874685049495e-05 0.800995200260842 0.999985021096228 0.00128730824521316 0.00443312660186348 -0.00189627231525983 -0.0022476566678591 0.798161228508335 0.588999999999999 0.650000000000034 83.648 90.244

 6591 91 10000 5 0.8 0.42 1.052 358.188 8.14400000000001 0.999986420681778 -0.00169471241110369 0.0032704301752727 -0.00136077993966409 0.00342621749361341 0.802862586591393 0.999991031246014 -0.000622007102395977 -0.00178016800705059 -0.00193912578864779 -0.00325903785492353 0.796524329211888 0.999986419357824 -0.00169478971425708 0.00327044958571765 -0.00136142398824924 0.00342629128556164 0.802776704655418 0.999991032984147 -0.000622571940906811 -0.00178016445998303 -0.00193917985300818 -0.00325836638044996 0.796470808063037 0.699000000000012 0.656999999999982 87.842 85.975

 6589 89 10000 5 0.8 0.445 1.096 361.599 9.53699999999998 0.999968025846624 0.00277691562579977 0.00182787506960621 0.00704406767482059 0.00180997440191597 0.798967193326493 0.999997934352166 0.00186601618382357 -3.02660726362473e-05 0.000484477171256169 0.000643149157021893 0.801539710874328 0.999968025472129 0.00277715841299997 0.00182801394725608 0.00704418505720405 0.00180921154345155 0.798901785640849 0.999997935077823 0.00186561228661171 -3.06570133227735e-05 0.000484568185287155 0.000643105517999731 0.801460529497158 0.687000000000012 0.721000000000004 90.859 84.775

 6592 92 10000 5 0.8 0.271 0.996 363.864 9.54300000000001 0.999989171073824 0.00342065282687349 -0.00277760968867087 -6.55723451693888e-05 -0.00149581215733691 0.803983902542096 0.99999683370238 -0.000299026212167976 -0.00152695094613453 -0.00168338772065655 -0.0010381691235696 0.802818072204916 0.999989171276805 0.00342009699673834 -0.00277777837461639 -6.55935079628738e-05 -0.00149663303971685 0.803890861240248 0.999996833502364 -0.000298239800385187 -0.00152689469600814 -0.00168341324151534 -0.00103862924725027 0.802732235720341 0.788000000000011 0.759000000000015 93.1439999999999 79.589

 6585 85 10000 5 0.8 0.969999999999999 2.145 375.581 12.285 0.99999076596591 -0.00412645532027744 0.00078622766056114 0.000811384515419584 -0.000404784679572923 0.799735017829574 0.999990887656183 -0.000427216097400531 0.0009856445491183 0.00294314402267414 0.00289974121067013 0.80270749231116 0.999990767257578 -0.00412629508965072 0.000785636470855265 0.000810900475460059 -0.000405344529333507 0.799666519004358 0.9999908871378 -0.000427977988927798 0.000986360569146096 0.00294295121398713 0.0028997598481825 0.802622240202209 0.838000000000022 0.721000000000004 95.499 74.2089999999999

 6586 86 10000 5 0.8 0.427999999999999 1.547 375.994 12.075 0.999989226936183 0.00046508223459441 0.00367764696081865 0.00176047846611002 -0.00216917922104098 0.800499920269636 0.999979522016239 -0.00338808112236551 0.000275812298956276 -0.00500717565449318 0.0020805225360131 0.801300439059483 0.999989229028933 0.000465154629129041 0.00367739360418726 0.00176014640929156 -0.00216889792029429 0.800427560265458 0.999979523249631 -0.00338788984042242 0.000275445842729855 -0.00500699196838666 0.00208073181512162 0.801223344546776 0.846000000000004 0.84899999999999 98.528 69.052

 6590 90 10000 5 0.8 0.530999999999999 0.923999999999999 383.6 13.826 0.999986938574088 -0.00014943602186833 0.00301275961247301 -0.00258766885153086 -0.00321365827858857 0.80093328423584 0.999991092738114 -0.00293497946639365 0.00250234670028525 -0.0012467658488796 -0.00117651003947652 0.799347354330531 0.999986936940705 -0.000148876569625193 0.00301290664988576 -0.00258757142068527 -0.00321413306750501 0.800858505671313 0.999991092284852 -0.00293574922861191 0.00250168792739896 -0.00124659669633424 -0.00117655497332547 0.799280867436846 0.980000000000018 0.980000000000018 101.159 59.7470000000001

 6582 82 10000 5 0.8 1.44 4.043 396.891 13.81 0.999996283788162 0.00022779128127275 0.0025454953192776 -0.000931207945740028 0.000183919384028918 0.800524860584548 0.999998425907335 4.11728177260673e-05 -0.00146178621657945 0.000850975519067699 0.000534330773103885 0.802310318455208 0.999996284446434 0.000227552139179902 0.0025451706119165 -0.000931530949494149 0.000183493861000491 0.800452496542037 0.999998426624781 4.10972838772379e-05 -0.00146165222568228 0.000850695599754276 0.000533805903680177 0.802227153999213 0.841999999999985 1.012 100.673 56.864

 6594 94 10000 5 0.8 0.186 0.847 388.47 15.867 0.999984140446524 0.000279101740452721 0.00371503028191897 0.000298255023990902 -0.00421314034770899 0.799246989599546 0.999986944758583 0.00341257456415455 0.00357053378400056 -0.00044321630053844 0.00123267799778867 0.796867964533807 0.999984135825848 0.000279524427589232 0.00371547414879153 0.000298126855261061 -0.0042138266403512 0.799180839943959 0.999986943373558 0.00341269948200696 0.00357066523016847 -0.000443564195712609 0.00123294982582504 0.796812840487462 1.11900000000003 1.10899999999998 100.061 53.302

 6593 93 10000 5 0.8 0.222 0.829 412.575 17.401 0.99999475103252 -0.00274017404697267 0.000418759348345766 0.0016745451674513 -9.94620061685994e-05 0.801936937174552 0.999957797713059 -0.00711205877081675 0.00335639832642738 -0.00220838538793941 0.00420464471065794 0.799568576390558 0.999994751461243 -0.00274001593158953 0.000418522754339511 0.00167459087450172 -9.97334846031292e-05 0.801856564033276 0.999957798376327 -0.00711200478353879 0.00335641478926864 -0.00220798999941044 0.00420477279450172 0.799501446033941 1.01999999999998 1.173 95.289 36.95

 6595 95 10000 5 0.8 0.675 0.859 420.389 17.837 0.999986177657748 0.00281345294442137 0.000988312698565552 0.000941317783996693 -0.00422683508261062 0.801736735154512 0.999989647923111 -0.00116666870421566 0.000486132876465782 0.000374078474105548 -0.00435507415184111 0.801236505024721 0.999986175977679 0.00281336333036438 0.000987962522383101 0.000941035438429563 -0.00422743689099637 0.8016576361584 0.999989647908321 -0.00116610844501414 0.000485574629690919 0.000373784600842256 -0.00435531510207246 0.801160298835077 1.15700000000004 1.19399999999996 91.046 32.3190000000001

 6596 96 10000 5 0.8 0.199 0.862 419.379 18.268 0.999991052367004 -0.000994496991109756 0.000347068500352587 -0.00330537394355229 -0.00242078669352319 0.801915355338071 0.999973519142619 -0.000789818465047431 -0.00348332650825348 -0.00207458173638447 0.00599163979014776 0.800790923107573 0.999991051739051 -0.000994317967216582 0.000346927358649651 -0.0033055605770736 -0.00242088502112686 0.801834574711329 0.999973516825895 -0.000790091808747719 -0.00348332432445433 -0.00207529344877804 0.00599174519964078 0.800716661880577 1.12 1.28000000000003 91.481 31.3879999999999

 6597 97 10000 5 0.8 1.326 4.02 430.234 1.32100000000003 0.999992553916002 -0.00243820791719721 -0.00238467731416886 0.000667726105291024 -0.00167770994514511 0.798841912251076 0.999993362121744 -0.00205644256654179 -0.00148041380193263 -0.000705856996325893 0.00252128881657567 0.798053370996305 0.999992554947436 -0.0024378421473177 -0.00238443536608973 0.000667445492366293 -0.00167808219832992 0.798778108838906 0.999993362363665 -0.0020562977349882 -0.00148050461111713 -0.000705834683088021 0.00252126391593512 0.797993067927247 0.0919999999999845 0.0679999999999836 17.335 20.667

 6598 98 10000 5 0.8 1.226 3.229 422.317 1.40099999999995 0.999992554973847 -0.00241262563622185 0.00250750241077221 -0.00166361268128567 0.000118570329065321 0.799353717220231 0.99999689066634 -0.00190218611944907 0.000695084848422602 0.000387890125050544 0.00140240647557764 0.799868076736158 0.999992554448485 -0.00241311918225054 0.00250714432821686 -0.001663760190557 0.000118459920888824 0.799287315384656 0.999996891501681 -0.00190158196618252 0.000695278225081189 0.000387470566515837 0.00140265025982228 0.799799319976895 0.119000000000028 0.103999999999985 18.129 20.032

 6599 99 10000 5 0.8 1.127 3.085 425.076 1.43000000000001 0.999995912314018 -0.00077145741747938 -0.00103152949883617 -0.00227863724416252 0.00115063804485967 0.801052661255358 0.999988166311311 -0.00110342712981532 0.00216155628489457 -0.00107650184999973 0.0040765799519751 0.801176637225531 0.999995914919718 -0.000771171767066115 -0.00103124570889622 -0.00227781795828421 0.00115044148844921 0.800977408187548 0.999988166730081 -0.00110311311708728 0.00216228454728611 -0.00107656632417876 0.00407615894545323 0.801100613883499 0.185000000000002 0.245000000000005 21.07 15.941
