
 1386 41 5000 10 0.95 0.148999999999997 0.709 0 1.033 0.999998782997149 -0.000171421434897467 -0.000174467644264662 -0.000400197490292307 0.00052028079536495 -0.000117109275515984 0.000551466105104194 0.00112452688283271 -0.0002018625384308 -0.000565854374813025 0.949959907519317 0.999996581152776 -0.00098331635036544 -0.000523234703928662 2.6919622185262e-05 0.000203046799669683 -0.00166917643948667 -0.000625497008062082 -0.000230145772929132 -0.000984913704852035 0.00116388397770566 0.949702304780414 0.99999878286423 -0.000171590739022595 -0.000174873234228892 -0.000400389692118864 0.000520291509363574 -0.000117587271996737 0.000551192909896208 0.00112464802964477 -0.000202178180813782 -0.000565580472457364 0.950074853543791 0.999996580257489 -0.000982993286934724 -0.000523685980098394 2.79517221238044e-05 0.000202976429146503 -0.00166951268282185 -0.000625447090643887 -0.000229909747037695 -0.000984301173357296 0.00116482008813768 0.949841638548162 0.107999999999997 0.114000000000001 1.849 1.95

 1390 45 5000 10 0.95 21.271 4.047 0 0.988999999999997 0.99999801875891 0.00156203256532563 0.000725624027041799 0.000354053795894304 -0.00026612174495601 0.000383755590343673 -0.000535037888707122 7.07455433176922e-05 -0.000586658597369723 -0.000130844487966156 0.950300373608437 0.999999149310664 0.000150481051395489 0.000106122855329393 -0.000511759209058396 -0.000112360654057497 -0.000963268582978595 0.000459669532542391 -0.000273860414907378 0.000274328529992029 -0.000321730982059468 0.950599750864425 0.999998020265566 0.00156168761660376 0.00072516717777576 0.00035334893434406 -0.000265648259242309 0.000383963010757371 -0.000534868613094675 7.03855165079479e-05 -0.000586362064870008 -0.000130453883128001 0.950382677962821 0.999999149418615 0.000150615607002217 0.000106082291943024 -0.00051153490326055 -0.000112724919683898 -0.000963368365672884 0.000459353283310039 -0.000273820024575422 0.000274366502714982 -0.000321730070117397 0.950652134234916 0.518999999999998 0.999000000000002 52.416 53.248

 1387 42 5000 10 0.95 20.78 4.08 0 0.748999999999999 0.999997616730565 0.00174895210866911 0.000791661145339316 0.000341768039468577 0.000278039142619837 0.000225358495391281 0.000841055772657062 -0.000143518589718722 0.000143570501657376 -0.000295786827096003 0.949191459683362 0.999998014633661 0.000326463400207757 -0.000383767099363908 4.16258399123068e-05 -0.00117425622587734 -0.000796425062793454 -0.000428079564215752 0.00061682976545719 0.000605473460592804 -0.000878430838305687 0.949570458743606 0.999997616327116 0.00174927013809122 0.000790938024233738 0.000341659637324784 0.000278793930649533 0.000225670657626131 0.000841021368687488 -0.000144266924937364 0.000143876420340614 -0.000295966535861302 0.949378227634632 0.999998012529443 0.000327368650342221 -0.000383930983967479 4.10730307833641e-05 -0.00117354166889135 -0.000797384392523916 -0.00042841795304287 0.000617465816737201 0.000605889863676161 -0.000879628623107645 0.949721523539893 0.400999999999996 0.419000000000004 51.537 56.452

 1388 43 5000 10 0.95 20.639 1.907 0 1.321 0.999998006055104 -0.000594798436641106 0.000393543091391795 -0.000369962661265703 -0.000123014401925852 -0.00077638820722651 0.00133260824549356 0.000720257467760911 -0.000636989878607361 0.000155142668981311 0.950700675674111 0.999998533373949 -6.87638648649228e-05 0.000158456982189822 0.00099816404558079 0.000290519265857615 -0.000115007222691568 0.000592734580312579 -0.000315946011410607 -0.000483499745206454 -0.0010604362931792 0.949567859404239 0.999998006488234 -0.00059436944838107 0.000393634979184215 -0.000369919836635804 -0.000122948348999983 -0.000776475751789574 0.00133247860931263 0.000720182639670286 -0.000636961846105943 0.000155054098387781 0.950742691956507 0.999998534133607 -6.90511086561359e-05 0.000158054589490989 0.000998248341480902 0.000290234520419031 -0.000115242816214115 0.000591872355270777 -0.000315131802821289 -0.000483398171922993 -0.0010605045326636 0.949720470227571 0.515000000000001 1.17100000000001 50.04 58.548

 1399 54 5000 10 0.95 23.743 2.055 0 1.001 0.999997609135898 0.000901203554608226 -0.000186950629503879 -0.000270608381591723 -0.00161094914351932 0.000715259186031286 -0.000542558522654132 0.000183950069093872 -0.000580524671853673 0.000299008506428567 0.950413084886109 0.999996488494748 -0.000468541474662401 -0.00071587575598106 0.000556728496674302 -0.00110894583047513 0.000647263333955766 -0.000922656035446069 0.000542802386212245 -0.000596237298282097 0.00168252909585872 0.949980982922992 0.999997609100438 0.000901472101074708 -0.000187461210603831 -0.000270682552495801 -0.00161058906394126 0.000715358281871253 -0.000542830882866822 0.000183758685269297 -0.000580706250556949 0.000298904220865142 0.950483768797092 0.999996489377667 -0.000468706735153191 -0.000716201407615823 0.000557302563657545 -0.00110875982320042 0.000647003685035129 -0.000922773845268468 0.000542126266355835 -0.000596317064095609 0.001681977146256 0.950092980436336 1.156 1.79499999999999 53.71 56.534

 1394 49 5000 10 0.95 23.784 1.887 0 1.049 0.999997801700384 -0.000156129754142422 2.70902355194366e-05 5.7211374590998e-05 0.000341753531890772 -0.000350611822792639 9.1229072334021e-05 -0.00198452571515313 -0.000349894729705674 0.000243711655015001 0.950233266095055 0.999999163887811 -0.000390905693957544 0.000192014847028635 -0.000566853345285471 -0.000338447600549745 0.000415558677983482 0.000226497839965791 -0.00042916540645199 0.000695666561533951 -0.000393131054850531 0.94984065009066 0.999997800270162 -0.000155822674988897 2.68869612314893e-05 5.68456017414574e-05 0.000341678825554498 -0.000350668181391279 9.16622423022534e-05 -0.00198521850567853 -0.000350151014647679 0.000243735495576616 0.950322236038029 0.999999163396907 -0.000391081972719341 0.00019306533892451 -0.000566330160857088 -0.000339015950420703 0.000416114629952622 0.000227039781953253 -0.00042970107122975 0.000695740055113422 -0.000392337614900289 0.949966778730812 0.910000000000004 1.522 56.367 57.027

 1389 44 5000 10 0.95 20.933 4.105 0 1.203 0.999996015624357 -0.0002305745952545 -0.00134013435682669 -0.00158986333871398 0.000917019491652159 0.000342249248250264 0.00074719707879431 -0.00116967474715303 0.000789239572495896 0.000290765108756239 0.949847670026466 0.999996982350444 -0.00118090554034913 -0.00053593523212817 0.000114294160831674 -0.00109153969526336 0.00136865428977053 2.21807798284544e-05 0.000960559373362065 -0.000495690627176923 -0.000326976171482971 0.950256052619371 0.99999601615086 -0.000230108798751425 -0.00134038081481756 -0.00158973929742942 0.000916818382572259 0.000342960073676016 0.000746850140166128 -0.00116914426948504 0.000789273644447464 0.000291593361361673 0.949973799098467 0.999996981065202 -0.0011819799965655 -0.000536010532587701 0.000114730486103082 -0.00109159012379121 0.00136865626154071 2.22749038114556e-05 0.000960608522634261 -0.000495525354105402 -0.000326671321116872 0.950342537270558 0.991 1.39599999999999 56.341 57.388

 1392 47 5000 10 0.95 20.128 5.209 0 1.266 0.999995638153699 -0.000520350177963625 -0.000781225540540634 0.00157057044649018 6.9512007240638e-05 0.00041546914015432 -0.000869560771843422 0.000552953894643659 0.00194543261642422 0.000593174392766946 0.949740529611098 0.999997745698459 0.000587216394334373 -0.000172516139100288 0.000225149347342109 0.000760644172951536 -0.00103396979977605 0.000983525871706718 -0.00071960585119407 -0.000941256446099 -0.000254024281860473 0.950370808390413 0.999995640692472 -0.00051996722879457 -0.000780679405116347 0.00157102721559075 6.97355038201076e-05 0.000415560351443768 -0.000869132408717169 0.000553406091266676 0.00194399521543157 0.000593568023081623 0.949875724750486 0.999997745402422 0.000586981255002541 -0.000172590400827273 0.000225326638308871 0.00076083665505404 -0.00103438400428117 0.000983654235810528 -0.000719646682562393 -0.000940902256010197 -0.000253962193102021 0.950446220511135 1.28599999999999 1.83 56.233 57.256

 1391 46 5000 10 0.95 20.323 5.689 0 1.746 0.999998552132088 -0.000388098532995033 -8.17443061062289e-05 -0.000400565445637405 -0.00103636859015986 -3.89819415967975e-05 -0.000315161264644476 -0.00116046741431048 -0.000143324500353736 0.00018932999659286 0.949007241083755 0.999998416851699 8.55009354262292e-05 -0.000573505834850105 0.000418517030824663 0.0011263831539596 -0.000860988493265869 -0.000391337076476822 0.000197788325304899 0.000652753263823891 0.000162868937897673 0.949448007754342 0.999998551003016 -0.000389695816226958 -8.26970799759543e-05 -0.000400575248639309 -0.00103595661173857 -3.99798301528224e-05 -0.00031467984201028 -0.00116108217487376 -0.000144249962663975 0.000189952474944885 0.949207883499569 0.999998420046791 8.51564460442573e-05 -0.000573334434724418 0.00041793163426396 0.00112566823798977 -0.000859482057526278 -0.000391304741422351 0.000197204279267849 0.000652116163947318 0.000161772272345311 0.949610853336059 1.281 1.79 56.851 56.831

 1396 51 5000 10 0.95 22.531 1.425 0 1.234 0.999997458186981 0.000665470512496587 0.000343019301144751 -0.000520952627569528 0.000951993388559849 0.000417130079374259 -0.000478166192803912 0.000226266120216256 -0.000412174509027779 -0.00164975716012644 0.94927697560947 0.999997858030835 0.00127663869865839 -0.000182347064931259 6.24108039256726e-05 0.000320356728597072 0.000882613779854306 -0.000618009096639097 0.000288195918534773 -0.000775885884257118 -0.00081752997480851 0.950361402067397 0.999997457213503 0.000666661879536429 0.000343756060718956 -0.00052046318178952 0.000951595952901721 0.000417272004138782 -0.000478327580547938 0.000226179225584222 -0.000412977155666272 -0.00164982516775642 0.949454734002003 0.999997858823492 0.00127642115134614 -0.000182722309341692 6.21515839182677e-05 0.000320215389674355 0.000882482511913005 -0.000618058157922331 0.000288195463179338 -0.000775251472580119 -0.00081759805403032 0.950437512263726 1.3 2.003 56.786 57.241

 1410 65 5000 10 0.95 23.78 1.173 0 1.126 0.999999099691979 0.000620682754580617 -0.000230809969331268 0.000561126323239129 0.000632372578746877 -0.000623679504936165 0.000425575800739033 -0.000164989915769696 -0.000201672500323404 9.6709471442275e-05 0.949911748226986 0.999998205239042 -0.000663100441723545 -0.000863335809685219 2.97555706788874e-05 0.00130735794494522 0.000561193184868843 -0.00039753690193142 -1.27385334162509e-05 -0.000461956335409052 -8.86469573309869e-05 0.949947718496992 0.999999100673343 0.000620006115794658 -0.000231341436495548 0.000561221611210685 0.000632070146335156 -0.00062257391757532 0.00042602903276008 -0.000164744961421613 -0.000201475828468217 9.7011666427143e-05 0.950031218886676 0.999998205512496 -0.000662500497873307 -0.000863052200494393 3.02357060743651e-05 0.0013075621957722 0.000560700652989005 -0.000397909715280797 -1.25407810202077e-05 -0.00046253506852247 -8.80872252128227e-05 0.950063885077249 1.255 1.831 57.254 56.523

 1414 69 5000 10 0.95 23.239 1.244 0 1.282 0.999997867548556 0.000436276960742812 -0.000366080241064315 -0.000312907396292015 -0.000845224861351732 0.000691674695913327 -0.00134313179485226 0.000685682246443324 0.0006019319852377 0.000115458842844179 0.949809526493189 0.999998018114996 0.00102379354468716 0.000845399765762016 -0.000148621226331241 0.00088146499355631 0.000406753964375935 -0.00064767461657614 1.58254798417456e-05 -0.000791477264747239 0.000436148355932388 0.949476467039052 0.999997867749964 0.000436055503608159 -0.000365946017155934 -0.000312893853874455 -0.00084578968433671 0.000691586889866436 -0.00134310868655332 0.000684916155018106 0.000601997703373834 0.000115875526055101 0.949939098454068 0.999998018676378 0.001022757595408 0.000846966812805764 -0.000148957028319319 0.00088179193702044 0.000406197666719792 -0.000647280984757401 1.61644989558185e-05 -0.0007908887378826 0.000435633695264334 0.949636491690713 1.225 1.773 56.484 57.533

 1398 53 5000 10 0.95 24.638 1.282 0 1.326 0.99999906571305 0.000472702010096474 0.000504878515384904 0.000555355048200236 0.000612011319579307 -0.000568402453064739 -0.000224584857717645 0.000204136706847392 -0.000426217450703462 -0.000332255351674579 0.950464417634853 0.99999762130712 -0.000473537070069601 -0.00102303658367747 -0.000366042047268839 0.00131577417963768 -0.000448834296243366 0.000577741477063618 -0.000864833394903688 1.61094432208452e-05 0.000581254390105589 0.949725066737541 0.999999065880795 0.000472485982697455 0.000504551312976032 0.00055552229763741 0.000611894818683706 -0.0005687480917898 -0.00022413587778462 0.000203881819805544 -0.000426498222555352 -0.000331997590215232 0.950531078832399 0.999997622462174 -0.000473584090581349 -0.00102249067980502 -0.000365360636516875 0.00131532254186799 -0.000449619247960881 0.000577982190638119 -0.000864352904485022 1.60989598450309e-05 0.000581509358653219 0.949862088598329 1.257 1.906 56.839 56.791

 1415 70 5000 10 0.95 23.721 1.086 0 1.24 0.999996088630091 0.00146050129287725 -0.000918392732088182 0.000728765604462229 -0.000656138518688697 0.000664762804245095 0.000379210800511312 0.00148954028532875 -0.000881983551106451 -0.000549784100443633 0.950215189091663 0.999998274452429 0.000484005089311299 0.000100086887080727 -0.000218850029903295 -0.00060963162983672 0.000256064505876811 -0.000119446737400181 -0.00163157235880448 -9.98380237937878e-05 0.000188242520221185 0.949856274693967 0.99999608895474 0.00146033990914457 -0.000918920848323209 0.000728216847243376 -0.000655235683487635 0.00066499601630039 0.000378717340656269 0.00148955966199608 -0.000882421607581514 -0.00054984640094663 0.950305297740171 0.999998274150374 0.000483919150583714 9.99050560665859e-05 -0.000218853236734227 -0.000610249153926519 0.000256666632769346 -0.000119476892194152 -0.00163152290026491 -9.95444873833845e-05 0.00018790469054623 0.949981206980235 1.309 1.759 56.942 56.468

 1404 59 5000 10 0.95 23.999 1.635 0 1.232 0.9999980398034 0.000435609934813914 -0.000853571946662065 -0.00106611573198309 0.000219461039298505 0.000334825888481368 -0.000667645458797566 0.000789239127868486 7.29629268092086e-05 -0.00079448193696725 0.950142235456322 0.999996754853387 0.0002517913235557 -0.0017297518023212 0.0003566309424401 0.0005368900849926 -0.000534502144963857 -0.000990503716853319 -0.000615440915009461 0.000743607508650592 -0.000906033184043271 0.95049535296217 0.999998039954223 0.000436060621489946 -0.000853259988844936 -0.00106612305607286 0.000219674229165397 0.000335024279016532 -0.000667204396163094 0.000789618256275228 7.30116634063114e-05 -0.000794216868003238 0.950239711293565 0.999996754758657 0.00025219629508458 -0.00172973469599336 0.000356483728003228 0.000536890492789639 -0.000534035757240467 -0.000990276597324422 -0.000615685471960947 0.000743698012977209 -0.000906398229533309 0.950558289122512 1.195 1.793 57.025 56.462

 1393 48 5000 10 0.95 22.951 3.768 0 1.278 0.999999233415464 0.000363024763588983 -0.000163256042632834 0.000503763827707334 9.00149112735081e-05 1.69152785879437e-05 -2.26519080838672e-05 0.000675408510923719 -0.000239542406412437 0.000773622540867025 0.950411490369661 0.999996539058713 0.000975452131308421 -0.000406874800611051 -0.000347329707051606 0.000532312732912258 0.00149354965825714 -0.00100252724925407 -0.000184742920055009 0.00113503103059782 -0.000917956974372716 0.950182239490444 0.999999233232222 0.000363254294260214 -0.000163214624055158 0.000503875234291868 9.01774359426951e-05 1.64732233719873e-05 -2.29292031381903e-05 0.000675341698285871 -0.000239661819870521 0.00077369162994067 0.950482693235391 0.999996540681187 0.000974931167797341 -0.000406574659071942 -0.000347469568338739 0.000532615658670432 0.00149279736972902 -0.00100219631505436 -0.000184458744238299 0.0011353263623486 -0.000917924269985661 0.950276851597033 1.374 1.896 56.754 56.164

 1400 55 5000 10 0.95 24.142 1.187 0 1.829 0.999997469640943 0.000495890571801254 -0.00103584129805575 0.000748185738443088 0.000272768559489119 -0.000245812719725131 -0.000573922046692945 -0.00137173860071214 0.000666455313246578 0.000626109086809765 0.949949676121836 0.999998584713631 -0.000316230794171992 0.000224129600101299 -2.51547998119247e-05 0.000231020229318407 0.000864384318693894 0.000872671126530575 -0.00047561221532201 -0.000281385106478717 -0.000901239107857827 0.949168363424973 0.999997468797743 0.000496385206577352 -0.00103618750367157 0.000748538168089836 0.000272031887107802 -0.000246199783504661 -0.000573493156591306 -0.00137172195723423 0.000666786281512343 0.000626315214333742 0.950066520980658 0.999998586388033 -0.000316109107906972 0.00022279535657409 -2.57175167573667e-05 0.000232471035803016 0.000863590964701283 0.000872909379811077 -0.000474256076283228 -0.000282365549200949 -0.000900303145701524 0.949355566031289 1.74 2.389 56.915 55.193

 1395 50 5000 10 0.95 22.342 2.898 0 1.839 0.999996882933966 0.00164690473524281 0.000177734477704741 0.00106020071778153 0.000188791003308014 0.000270892730882188 0.00076679330236596 0.000581404463575758 -0.000796931617862794 0.000834316487523059 0.949834436295484 0.999997272540131 0.000200236488135343 -0.000458103972180958 -0.000465864069865021 0.00100343215093553 -0.00111763215507134 -0.000446874104838765 -0.00153802314411745 -8.25215945041928e-05 -0.000399912340498565 0.950067738140441 0.999996881257637 0.00164714231580506 0.00017860921107199 0.001060538572415 0.000188840580429275 0.000270789566072711 0.000767779634036603 0.000581280193385475 -0.000797242480372905 0.000834145264314862 0.949962090357729 0.999997272779849 0.00020021030754591 -0.000458005510015635 -0.00046536191565636 0.00100358109798826 -0.00111778024279369 -0.000447070851627639 -0.00153779037031556 -8.28970506331498e-05 -0.000399833409875396 0.950172931835522 1.636 2.242 57.701 54.383

 1407 62 5000 10 0.95 24.098 1.614 0 2.311 0.999996530700506 -0.00151245443525205 0.000263401991742757 -0.0016713956996245 -0.000523209112287809 5.17776306160626e-05 0.000633333332207303 0.000359498063910395 0.000979250422994824 -0.000149714000833581 0.950078666863931 0.999996735434295 -7.74115936777063e-05 0.000424558139683933 -0.000588028032731489 0.000255319740484582 -0.000121859763764038 -0.00192106626527502 -0.00100529941384857 -3.98038215015496e-05 -0.00110197858101065 0.950371202067039 0.99999652934643 -0.00151305644559417 0.000263863282706131 -0.00167142123077448 -0.000523208212932214 5.13732643952224e-05 0.000634105565750466 0.000359040158277668 0.000979362953124142 -0.000148811894284462 0.950183425079742 0.999996734636661 -7.71401941908249e-05 0.000424527504422036 -0.000588185250474857 0.000255624152894519 -0.000122180240854742 -0.00192117373312024 -0.00100562729453426 -3.97531509106199e-05 -0.0011020585800566 0.950446906905041 1.821 2.57 58.368 54.539

 1413 68 5000 10 0.95 24.386 0.899999999999999 0 2.588 0.999996841599316 -0.000610284731159181 -0.00193225633492032 0.000333030307168824 0.000812690142848974 -0.0004679485794256 -0.000144067002534076 0.000258919734849268 -0.000222712598745756 -0.00104066490140377 0.950408072008122 0.999998151280924 0.00137694169220098 0.00022237878071033 -0.000160347697331837 0.000359693586289054 0.000368069416815649 -1.35595096915625e-05 -0.000406753546143199 0.000921698393035408 -0.000668047751024186 0.949569116560472 0.999996840687388 -0.000610256346868508 -0.00193251918821052 0.00033321339789324 0.000812939103572267 -0.000468398086292687 -0.000143810631255772 0.000259171044821993 -0.000222859710980435 -0.00104055587073397 0.950479686030158 0.999998151626321 0.0013770700681437 0.000221946215883831 -0.000160965690760205 0.000359582621793188 0.000368236176598603 -1.37306739574014e-05 -0.000406707487649433 0.000921243986691709 -0.000667880494171078 0.949720840954898 1.81 3.003 57.546 54.452

 1408 63 5000 10 0.95 23.908 0.872000000000003 0 2.56 0.999995522236653 0.00163580222313532 0.00015570948628284 0.00196838267736603 -0.000567613391920958 0.000989979746991919 -0.000932728027230716 -0.000413309739725585 -0.000194466111142783 -3.67128967540959e-06 0.949800694958588 0.999997728981179 -8.47507423598723e-05 0.000601365272900658 0.000892439809588974 0.00132676496475929 2.68107149818038e-05 0.000394275028532861 -0.000593937119304137 -0.00096327062960281 -0.000423830507322702 0.950285536180742 0.999995524416702 0.0016351637891475 0.000155595520256657 0.00196796781059326 -0.000567268425232834 0.000990137115460119 -0.000932184622837558 -0.000414137007703816 -0.000193969842971264 -3.43113223905233e-06 0.94993183081745 0.999997728130193 -8.49127883340327e-05 0.000601839522678215 0.000892625218821132 0.00132733888636945 2.66053500980436e-05 0.000394546461193471 -0.000593548513050677 -0.00096270346282516 -0.000424538113192735 0.9503691503548 1.958 3.135 59.239 52.748

 1411 66 5000 10 0.95 23.28 0.704000000000001 0 3.201 0.999998137274207 0.000237891121624638 0.00100030577505785 -0.000460428733541172 -0.000462213892343054 0.00106263035092332 2.81899865319339e-05 -7.79266068759565e-05 0.000754582966329054 0.000732913391339683 0.949975410360739 0.999998687094862 0.000241586372319318 9.79860579703364e-05 0.000474271497683319 -0.000136906267298792 -0.000978984645800411 -0.000224362871239873 0.00044560620546734 -0.000433174085900026 0.000958755556614669 0.950707867312609 0.999998137798387 0.000238036603974222 0.00100054434507353 -0.00046050531784847 -0.000461764742213777 0.00106239800323584 2.80458474969672e-05 -7.78678022969815e-05 0.000754213870369988 0.000732788836191085 0.950089359570893 0.999998687692265 0.000241358996433314 9.8056168086428e-05 0.000474365030122926 -0.000136625569429085 -0.000978655159148854 -0.000224318320687298 0.00044576584152438 -0.000433120005514521 0.00095847331158189 0.950749541735527 1.933 3.126 58.367 51.503

 1402 57 5000 10 0.95 23.732 0.844000000000001 0 3.35 0.999997696101787 -0.000408986107796575 -0.000200330622139199 -0.00153651536772009 -0.000239512050555788 -0.000429078020823364 0.000598317954151412 -9.12271512385666e-05 -0.00116824670160825 -0.000258705537077803 0.949330183425638 0.999996803540341 -0.000620146650464871 -0.000575236400734216 -0.000737815484245679 0.00101844553157972 0.000936994247292844 -0.000765989919621942 -0.00101708745761266 0.000318100727507384 -0.00122289557255231 0.949695098026477 0.999997695721482 -0.000409974608493423 -0.000200473287017948 -0.00153593622971466 -0.000239464395660252 -0.000427754068230328 0.000598698962059763 -8.88779115922508e-05 -0.0011695691964321 -0.000258136263904381 0.949503300943762 0.999996804137768 -0.000620052364875566 -0.000575128304882501 -0.000737494963971306 0.00101868064918948 0.000936541451172921 -0.000766587136066346 -0.00101733386809475 0.000317282976761077 -0.0012224832298021 0.949834875857898 2.052 3.074 58.591 51.435

 1397 52 5000 10 0.95 24.913 0.960999999999999 0 3.016 0.99999839015626 0.000827941580909906 -0.000113701027628659 0.000479711808333122 0.00038386605552559 0.000821260458806087 7.81841737971057e-05 0.000605363305381032 -0.000913414202565583 0.000512270819955208 0.949601092040038 0.999998077952631 0.000636100176050356 0.000749885248588344 0.00065638199579173 0.000602750793512739 -0.00031886837543002 -0.000807237660188341 0.000953844899529835 -0.000641063203942224 9.43508069093432e-05 0.950568680783557 0.999998390773421 0.000827616812867161 -0.000112958720431146 0.000479374444584527 0.000384452962081505 0.000821414113517572 7.92585115028997e-05 0.000605039558599327 -0.000913109693164828 0.000512144640674977 0.949751318540597 0.999998077891097 0.000636183609046682 0.000749825693743793 0.000655965624181546 0.000602772354398663 -0.000319058859377638 -0.000807209526144202 0.000953834566587206 -0.000641461347086763 9.46664161593768e-05 0.950623927269719 1.851 3.047 61.261 49.659

 1417 72 5000 10 0.95 24.309 0.899999999999999 0 4.29000000000001 0.999999361049267 1.65717501579218e-05 -7.60289237379332e-05 -0.000174242064959788 -0.000268690757295003 -0.00030378145621047 -0.000135524023433696 -0.000460095754277531 -0.000915427791337802 -9.45776899936467e-05 0.950023355173896 0.999998090767637 0.000898498608343836 0.000409934390929889 -0.000869800528314927 0.000850088195036915 -0.000113387353265391 0.00084048599585516 -0.000170780720924001 -0.000622437142006855 -0.000477540340878095 0.949999721503875 0.999999361046076 1.69480379147283e-05 -7.57931645734635e-05 -0.000173105388680512 -0.000268327973545242 -0.000304306265098015 -0.000135798235768634 -0.000460179060591787 -0.000915485294740437 -9.48085764927323e-05 0.950133292419477 0.99999809036309 0.000897746553930055 0.000410490811958532 -0.00087030449428083 0.000850913476346852 -0.00011305787022577 0.000840449977657861 -0.000171564920877418 -0.000622167950749075 -0.000477146943628288 0.95011114931323 2.575 3.253 58.24 50.69

 1403 58 5000 10 0.95 23.343 0.819999999999997 0 4.312 0.999998052335019 -8.00775633126059e-05 0.000829727672158936 -0.000310355988266402 -0.000830526788848514 0.000897839993851935 5.98914522294942e-05 0.000731768296082756 0.000960075710333889 0.000383974356261864 0.949522675569919 0.999998877604023 -0.000313964105278249 0.000407783896742399 0.000146019543043303 -0.000492297573943882 -0.00067292719278865 -0.000598692838907643 -0.000184534125240289 0.000922175186902222 0.000143272049061809 0.950356272880966 0.999998053094702 -7.87860334675447e-05 0.000829002624745706 -0.000309421996521296 -0.000830214149113945 0.000897134009854779 5.91968087235424e-05 0.000731798236974555 0.000960854130329787 0.000385011292209024 0.949678538852949 0.999998878261437 -0.000313462597713573 0.000407114643621078 0.000145475775219371 -0.000491725560134525 -0.00067319696167866 -0.000598931991795719 -0.000184498422829998 0.000921841369901268 0.000144127192965723 0.950432873348172 2.534 3.125 57.981 50.462

 1418 73 5000 10 0.95 24.149 1.041 0 5.136 0.99999821366434 -8.87870338258577e-06 0.00050824913815502 -0.000660469291829262 -0.000584899845547198 -0.000756546749977424 -0.00117220658939872 -0.000599662037242077 -0.000395397137808543 -0.000271256093627865 0.950067688275458 0.999997353192862 -0.000521038937023226 -0.000289221922883035 0.000398502089010666 -0.000230307673876843 -0.00094802641357236 -0.00022177621966485 0.000696438021467518 -0.000641637692154236 0.00169763577283766 0.950529959541528 0.999998213465957 -9.43223949068743e-06 0.000508111666232326 -0.000660737812362265 -0.000585929546241597 -0.000756804243952654 -0.00117195462902417 -0.000599259399654923 -0.000395148129293588 -0.000270973031890731 0.950173440726264 0.999997352918891 -0.000521325855517425 -0.000289153298922168 0.000398346504738797 -0.000230024032799403 -0.000948239546958325 -0.000221810346242485 0.000696104700204496 -0.000641773318111334 0.00169775767558462 0.950589667626272 2.988 3.327 57.099 49.376

 1405 60 5000 10 0.95 22.997 1.052 0 5.351 0.999998532629722 0.000839966604217125 0.000516533925996037 -0.000201653310594577 -0.000286993896327403 0.000619700425513515 0.000132164783574447 -0.000363639018084669 -0.00053263174308889 -0.00101090632538729 0.949476751473316 0.999998504132547 -0.000675003089464232 -0.000113701823319575 -0.000484510955919273 0.000592440586823544 -0.00013397713602386 0.000441198490941996 -0.000381307271782494 -0.000246059349182047 0.00123243346977609 0.949969361863026 0.999998532776909 0.000839343577859807 0.000517472295199549 -0.000200331861793294 -0.000287087030129047 0.000619931036804475 0.000131726310137935 -0.000364403288372361 -0.00053432323292065 -0.0010097819613687 0.949635606431253 0.999998505058269 -0.000675070372729374 -0.000112336930120812 -0.000484111755699332 0.000592503425839866 -0.000133911328669195 0.000441788867963719 -0.000381382241841818 -0.000244752422604552 0.00123192991748259 0.950083793757343 3.215 3.771 57.418 48.034

 1416 71 5000 10 0.95 23.783 0.941000000000003 0 5.272 0.999997629500291 -0.000420390744112104 0.000286798849074974 -0.000326710247449333 -0.00120097360533374 -0.000507123323441043 -0.0013821297903538 -0.000608727464372575 0.000418572470713173 -0.000468749178523773 0.949470708918878 0.999997649698511 9.82704126347295e-05 0.000620732705871985 -0.00017003198484308 0.000393934658409572 -4.38761834393444e-05 0.00112767433101402 -0.000520080765760846 -0.000734351047937494 -0.00142765749251698 0.949114551407766 0.999997630124541 -0.000420048125355085 0.000286080232606619 -0.000326110170133238 -0.00119961764334967 -0.00050769682473676 -0.001382708838943 -0.000609575182365418 0.000417813648257233 -0.000469300218157145 0.949631355694701 0.999997648952491 9.67424055623896e-05 0.000619498353292216 -0.000169855396020405 0.000394366759311099 -4.5943750552159e-05 0.00112783227709021 -0.000520839824485445 -0.00073477342725524 -0.00142803837661866 0.949307040659466 2.994 3.41 58.492 47.854

 1412 67 5000 10 0.95 23.353 1.187 0 4.488 0.99999935511922 0.000697939477898122 0.000281266094310625 0.000460738605612508 -0.000163066085628436 0.000242857832237118 -0.000372189209873393 -0.000488985728156649 -0.000103549119063457 -0.000193199910719971 0.948629040050612 0.999998892288122 0.000200740088445949 0.000855530313931553 0.000152298596862646 -0.000431656005081111 0.000747147766538764 7.78178767493751e-05 -0.000740177457434003 -7.78059655070028e-05 -0.000339809085191005 0.94951391812628 0.999999353113538 0.000699616233435814 0.000282932529311902 0.000459379298215233 -0.000163505258310921 0.000245160112344646 -0.000372293809717401 -0.000488544829183264 -0.000104162285677206 -0.000195610614666305 0.948861971449066 0.999998892139973 0.00020023639744502 0.000855708012452713 0.000151663146151687 -0.000430457647952741 0.000747290363996404 7.82009906772819e-05 -0.00074058826580093 -7.83743005954214e-05 -0.000340471319141038 0.949669735513045 2.619 3.262 61.04 46.966

 1409 64 5000 10 0.95 21.292 0.937999999999995 0 5.395 0.999998383393077 -0.000137238057680234 -0.000282622282404846 -0.00123540115114231 8.7399209190791e-05 -0.000504033959539971 0.000321600198365542 0.00107235973512051 0.00012863016314474 0.000276891546003245 0.949338576653823 0.999994319551792 -0.00125441578052064 0.000718959955386377 -0.000975979621725325 -0.00062629566013123 -0.00150141869721247 -0.00216514790372087 -0.000323520121264121 -0.000578667212776778 0.00073754643445123 0.950285670967126 0.999998383440236 -0.000137280041721794 -0.000282687110894129 -0.00123544429147732 8.74688829941608e-05 -0.000504098728140227 0.000321762960087882 0.00107252207740737 0.00012865680204922 0.000275467948845274 0.949510605462764 0.999994320033244 -0.00125424088193938 0.00071852348814726 -0.000976356332272021 -0.000625852661294027 -0.00150128650068723 -0.00216534058401726 -0.000323127018938211 -0.000578386796198561 0.000737589626944611 0.950368940648895 3.109 3.53 57.897 47.088

 1406 61 5000 10 0.95 23.176 0.939 0 5.794 0.999999254144346 0.000118934263147953 0.000220147019042717 -0.000110260007119251 -4.90205114876061e-05 0.000804078707824422 0.000578386680260641 0.000217414421278136 -0.000611044302508253 0.00011323653084028 0.949313139661002 0.999998638921914 0.000275145234676281 0.000750252850719919 0.0011793937876585 -0.00014407738357986 -9.70825519675841e-05 -0.000123516912441721 -8.14491309825561e-05 0.000714264290253642 -0.000361044586438218 0.949340702927229 0.999999256213991 0.000119030920799469 0.000219474074784233 -0.000110167291254127 -4.87542192656323e-05 0.000803965000680493 0.000576204931902141 0.000217292458422337 -0.000610099957913077 0.000113624870479485 0.949487052162463 0.999998636204171 0.000275387565189717 0.000751719223892322 0.00117948762601308 -0.00014307627533694 -9.7694721419705e-05 -0.000122544074465612 -8.24692578490809e-05 0.000715974292709686 -0.000361975330687753 0.949513695902944 3.211 3.584 57.689 46.351

 1401 56 5000 10 0.95 21.848 0.983999999999995 0 6.401 0.999998600537688 -0.000150266904359277 0.00046598840199149 0.000560933049791756 0.000318078913296045 0.000251726426884955 -0.000725394219988163 -0.00116462426412897 0.000103017210880312 -0.000432263878167955 0.949665844668622 0.999998835164194 -0.000236486492856147 0.000897886574009324 -0.000740359355223783 1.16169342498598e-05 -0.00041285699096892 -0.000498708617677063 -0.000633918854601368 -0.000229616119668557 0.0002133994103958 0.949206042929161 0.999998600945812 -0.00014965540677065 0.000466399515467675 0.000560512586824906 0.000318141199365976 0.000251200794552748 -0.00072600383113303 -0.0011642571538917 0.00010396764074375 -0.000431631317042645 0.949809291218399 0.999998837700217 -0.000234530510697191 0.000897211593937656 -0.000738922456311862 1.22167344923845e-05 -0.000412879121483584 -0.000498316433829831 -0.000633765398530006 -0.000228952641338818 0.000213501838539786 0.949388900061241 3.041 3.6 57.407 44.571
