
 99 99 5000 10 0.8 0.0300000000000002 0.557 0 0.628 0.999945494352881 0.00282586835793857 0.00103986433993552 -0.00103308268233789 0.000174485879933947 0.00221679156163479 -0.00145208871286229 -0.00227587711973629 -0.00824365580477747 -0.00432244887198647 0.80135710280291 0.999955406403085 -0.000929510613021364 0.00152399638807324 -0.00318146222598447 0.00438039920079415 -0.000669230968998858 -0.00304604292145368 0.00651762632677312 -0.0017931165448011 0.00112609225582696 0.799324906730895 0.999945494017189 0.00282576307787254 0.00104000515241827 -0.00103314412525162 0.000174450014839186 0.00221676275632149 -0.00145219703395938 -0.00227584886626146 -0.00824369527452469 -0.00432246622376119 0.801335070655987 0.999955406993064 -0.000929485971497247 0.00152406178385249 -0.00318162152792429 0.00438039850232754 -0.000669214376394692 -0.00304606337517995 0.00651745739044192 -0.00179312813035803 0.00112596667900507 0.799306113862995 0.0120000000000005 0.011000000000001 0.264999999999999 0.249000000000001

 100 100 5000 10 0.8 1.832 1.607 0 1.37 0.99996704400189 0.00358751683037289 -0.000336776601739619 2.15574576600111e-05 0.00637415745234742 -0.000746452897333705 0.00248982194626054 -0.000392120424892535 0.00100587152096422 0.0020916322540026 0.801175032736454 0.999958616656507 0.00310718050353621 0.0019178366752314 0.00289289895652696 -0.0015869949076507 -0.00131511673261326 0.00568211321692823 -0.00303504933731304 0.00280072690640333 -0.00273374298111945 0.797252247805011 0.999967044885028 0.00358758540328793 -0.000336677324729457 2.14819098897456e-05 0.00637403205821039 -0.000746417060006075 0.00248965703971663 -0.000392150626035592 0.00100579346969573 0.00209173226917673 0.801153529575037 0.999958616484144 0.00310713586925765 0.00191776542105634 0.00289287745482635 -0.00158692052327499 -0.00131517922739664 0.00568213852787196 -0.00303515706728449 0.00280080188792747 -0.00273369358041068 0.797236294050501 0.408000000000001 0.414999999999999 51.654 68.046

 131 31 10000 10 0.8 3.451 1.831 0 3.265 0.999992204069434 0.00274769106376418 0.00142322305721075 0.000561793886234818 0.000202479724750715 0.000624216148835662 0.000437870552566391 0.00169027105387017 -0.00138968153723474 0.000538713710316271 0.801063982306888 0.999988519881229 -0.000613377334007433 -0.00309562260009218 6.97585271829872e-05 -0.00160876566441796 0.00107542822768081 0.00236653612326 -0.00138493482862282 -0.00036091132125835 0.00126596245628961 0.800285267923406 0.999992203709978 0.00274779296870303 0.0014231848080955 0.000561806454554986 0.000202484783945436 0.000624391532099143 0.00043789299294987 0.00169032028570557 -0.00138966480114705 0.000538614424288595 0.801042503468744 0.999988519976741 -0.000613228302734499 -0.00309556301061716 6.97413652245237e-05 -0.00160877248722588 0.0010754307482706 0.00236662660297037 -0.00138492892692884 -0.000360872110892133 0.00126594354662287 0.800265120439222 1.388 2.275 40.413 126.662

 124 24 10000 10 0.8 1.725 1.557 0 5.598 0.999987789069882 0.00184424017097907 0.00379220998464171 0.00102965489557317 -0.000957511587670018 -0.000333029213094056 0.00159912382418825 -0.000799772075557756 -0.000589087015805588 -0.00100391770678159 0.801092394379203 0.999982442463455 0.000959197624395924 -0.00370156130639738 -0.000365075243799908 0.000437757579673808 -0.00170271273593464 0.000866946375862887 -0.00385852888134765 -0.000858857258572162 0.000944208348527429 0.801032032474303 0.999987788625527 0.00184432392973428 0.00379223559047501 0.00102964374478196 -0.000957545865092205 -0.000333001041498843 0.00159914041729689 -0.000799950638316266 -0.000589064646995179 -0.00100394224038115 0.801070934306385 0.999982442517845 0.000959264441526783 -0.00370152586047491 -0.000365063503280398 0.000437732662561898 -0.00170274126279992 0.00086688012314093 -0.00385854215117762 -0.000858866268542587 0.000944184876282339 0.80101062577793 2.54 3.048 116.732 96.179

 108 8 10000 10 0.8 4.674 1.556 0 5.054 0.999982992395907 -0.00114854681822452 0.00290591352075261 0.001464465190001 0.000103129678923554 0.000929809730132234 -0.00109018261952503 0.00120483872598536 -0.00155487091563097 -0.00402166974305913 0.800293031919231 0.999988825334633 0.000100727996377432 0.00109275568562367 0.00150589661255967 -0.000134123501302079 0.000984012065881678 -0.00274994101634816 0.00265924031317796 -0.00180021776675636 0.000128189830533864 0.802339069687641 0.999982992359952 -0.00114846498377631 0.00290591526182685 0.00146450226841133 0.000102994591201856 0.000929773434087267 -0.00109023075789602 0.00120487317911134 -0.00155479649675587 -0.00402170454667126 0.80027282052792 0.999988825640793 0.000100736751739503 0.00109275851042557 0.00150583001225467 -0.000134213788121589 0.000983955636112887 -0.00274989020754347 0.00265920855449657 -0.00180024118850378 0.000128311357409543 0.802315442068995 2.765 3.351 132.084 105.562

 121 21 10000 10 0.8 3.705 1.556 0 3.32 0.999981019184876 0.000643046470735082 -0.00131668582604496 -0.00267540996004398 -0.00130551509001091 -0.00025335721077835 -0.000560834445497236 0.00309915249189275 0.000286639768133534 -0.00410929165034869 0.798690286504251 0.999982339254615 0.000775726343163506 0.00110961924982872 -0.000751033383766727 -0.00213414308243787 0.00102300165467802 -0.000543218337125178 0.00124998341655577 -0.0022386105306998 0.00452262098692207 0.798048121922875 0.999981018950179 0.00064309865827397 -0.00131668564973314 -0.00267541710775542 -0.00130557659385357 -0.00025332957473518 -0.00056090726801668 0.00309912702939606 0.00028661485917725 -0.00410932916376571 0.798672508094284 0.999982339856641 0.000775733525147274 0.00110961296579947 -0.000751075476523595 -0.00213413193478325 0.00102298630055109 -0.000543170033384694 0.00124987014453182 -0.00223865818433529 0.00452250344537643 0.798031234562557 0.800999999999998 0.481999999999999 126.83 127.603

 117 17 10000 10 0.8 3.435 1.928 0 3.162 0.999983081613859 0.000474722147886791 0.00123510461085713 0.00230407576951676 0.00149425817417152 -0.00127697979722125 -0.000556720086760151 0.00178568659108296 -0.00437020102532282 0.000562246057276224 0.797508402937912 0.999993018469169 -0.000170009818959411 1.28279281050835e-05 -0.000455805841299804 -0.000762877848007275 -0.000186195032058416 -0.0018729848816327 -0.00264934819921976 0.00028847796951589 0.00158088490194497 0.799670390490911 0.999983081524475 0.00047478070072398 0.00123509716621659 0.00230405261898589 0.00149429662722793 -0.0012770427996332 -0.000556700285065568 0.00178562998291559 -0.00437022920415386 0.000562201884092529 0.797492092155149 0.99999301872946 -0.000170011060618686 1.29169533648424e-05 -0.000455720692362735 -0.000762770918491871 -0.000186123549886001 -0.00187298727747905 -0.00264934726763175 0.00028843996375783 0.00158080961374372 0.799651179508804 0.856000000000002 0.398999999999997 124.361 133.135

 107 7 10000 10 0.8 2.328 3.969 0 2.972 0.999992163179572 0.000980936890044698 -0.00155427065322712 0.0022214747362549 0.00176533186639378 5.95438532510797e-05 0.00195835007046705 -0.000331751415348154 -0.000191603661971461 0.000508711074850559 0.797318113309858 0.999986779527259 0.00101683255089216 -0.000378205248168075 -0.000457985972686416 0.000796394064184455 0.00251755968998019 0.00211566131009254 0.0017318422256531 0.00287507306490369 -0.00152981574188328 0.798580539652022 0.999992163117814 0.00098089845136013 -0.00155427948609907 0.00222150274490684 0.00176534806219477 5.95757775608459e-05 0.00195834067755605 -0.000331753605961605 -0.000191620444445616 0.000508725765547237 0.797302109290242 0.999986779198563 0.001016838521282 -0.000378224429798872 -0.00045800014601256 0.000796344982038594 0.00251752178752866 0.00211568946141233 0.0017319140451628 0.00287507888851796 -0.00152997437855479 0.798562868654779 0.811 1.399 145.979 116.556

 120 20 10000 10 0.8 2.294 1.937 0 3.247 0.99998295783217 0.000389851731215827 0.00252029836562996 -0.00278531321181652 -0.00141200830842616 0.00146496308241326 0.00264154740071248 0.00250825736631747 1.53830316737776e-05 -0.00155336367053657 0.801307359231939 0.999987351568376 0.000560696121196616 -0.00101168404937363 0.000730913571697185 0.0028208736459201 -0.00267983028089883 0.00213897723257588 -5.40208633736214e-05 0.000987694330216231 -0.00165290152571057 0.800760847369176 0.999982958158861 0.000389848067761706 0.00252023685275562 -0.00278527413625443 -0.00141193872721546 0.00146494761091219 0.00264164092699043 0.0025081696680673 1.52443643197944e-05 -0.00155338591358066 0.801285549343213 0.999987351660976 0.000560703854282367 -0.0010115756894298 0.000730963427793013 0.00282077967664422 -0.00267994473925302 0.00213894390346507 -5.40213165660446e-05 0.00098769292605143 -0.00165290590073991 0.800739951766073 0.614000000000001 0.460999999999999 133.979 145.487

 101 1 10000 10 0.8 4.793 1.658 0 3.512 0.999996162228074 1.88064652887589e-05 0.000696695672852933 -0.000871982426440946 -0.000451045160722921 0.00122125022614803 -0.00199522185089276 0.000100997697279992 -0.000772393914692314 0.000383197400109581 0.799690326481889 0.999980053368265 -0.00140971588867702 0.000746858272539345 -0.000365136454432177 -2.68701779299604e-05 -0.0047610709544416 -0.00179479811519896 -0.00198127127394315 0.000141802108240402 0.00271644661146895 0.801535721847601 0.999996162300232 1.88285309701511e-05 0.000696663845580813 -0.000872005171531824 -0.000450917965110515 0.00122130761530845 -0.00199515463784083 0.000100976660224066 -0.000772508294745866 0.000383105832728444 0.799671073056538 0.999980053219819 -0.00140973726321583 0.000747002185544989 -0.000365089171534553 -2.67977385177089e-05 -0.00476115716307272 -0.00179472833516897 -0.00198116603823439 0.00014185141184025 0.00271642684915186 0.801513535317514 1.472 2.503 121.456 139.272

 130 30 10000 10 0.8 3.415 1.644 0 3.953 0.999990136803355 -0.00235578681673852 0.00171153224122974 0.000236335600515659 -0.00188884231792813 0.0020848991314451 -0.000443277403379046 0.000558831021771684 -0.00146528477639448 -0.000788029960741923 0.798449737750479 0.999988512053036 -0.00075044423823069 0.00326826284098336 0.000330041650146523 -0.00244312266912548 -0.000253121770870591 0.000757643158442302 -0.0015873306965267 -0.000511751913508189 -0.00149454842310765 0.799149642676211 0.999990136605127 -0.0023557565248156 0.00171152916764165 0.000236332104002335 -0.00188895385494618 0.00208488754507868 -0.000443240958175826 0.000558828275644317 -0.00146535803368409 -0.000788029316312966 0.798432167286451 0.999988512236142 -0.000750449084201151 0.00326816421623253 0.000330032534900676 -0.00244317080173635 -0.000253077289386329 0.000757594336374401 -0.00158736056474614 -0.000511852489518158 -0.00149452859071885 0.79913106148195 2.184 1.519 147.303 113.277

 113 13 10000 10 0.8 3.091 1.97 0 4.945 0.999987807083281 0.00118244134688458 0.00232501205235799 0.000649200099005525 -0.000578768398102138 0.000747372693771639 0.00224171423668992 0.00177000616463154 -0.000773482047281702 -0.00274050316509047 0.801982556789932 0.999984063708412 0.00104066471933675 0.00242013163247222 0.000221652373120566 -0.00161442409529484 -0.000154690163135982 -0.00250098074873107 -0.00280439756015648 0.00181303696740715 -0.00220141582365049 0.799027175264716 0.99998780721367 0.00118252448851629 0.00232508287330013 0.000649179184145347 -0.00057878135132045 0.000747414915957692 0.00224161242823848 0.00176993050790141 -0.000773459440542958 -0.00274048885271308 0.80195963654435 0.999984063573889 0.00104067714813982 0.00242009335309548 0.000221656476927606 -0.00161437535124893 -0.000154724060284927 -0.00250096119193516 -0.00280447405727639 0.00181306258684428 -0.00220144975423369 0.799008925280612 2.539 3.33600000000001 138.261 118.363

 127 27 10000 10 0.8 3.331 2.35 0 2.843 0.999981629724092 0.000731773117484463 -0.00012862618031194 0.00233981863471595 -0.00149273267106673 0.00172552432603226 0.000783848359735811 -0.00440939210786853 -0.00231364363540698 0.000312470165511407 0.800732104801665 0.999989279316867 0.00163042575165382 0.00110964567011279 0.00333689632481649 -0.00190003272985197 0.000131775578496961 -0.00119531793605977 -0.000882610505368522 3.09616406325083e-05 0.00076193079214017 0.79739702462798 0.999981629956146 0.000731872207872407 -0.000128633616765616 0.00233977502435894 -0.00149271306897405 0.0017254915574059 0.000783838519831262 -0.004409395944563 -0.00231360996979036 0.000312313326970678 0.800711206446837 0.999989278761813 0.0016305172795271 0.0011096780780721 0.00333700166752896 -0.00190002411706577 0.000131712713847168 -0.00119533367111679 -0.000882723834032107 3.09685805852055e-05 0.000761830935241686 0.797380921661778 0.760999999999999 1.655 149.062 131.36

 109 9 10000 10 0.8 3.416 1.961 0 2.884 0.999990039383384 -0.000701836107096612 0.000143336993706241 0.000283143127322059 0.00202857129278189 0.00221231876278208 0.00223632980273752 0.00134022221200666 0.000251147868344208 0.00185955558088895 0.79866483849545 0.999978071598018 -0.00235302424315292 0.00196043711700604 0.00238105261047002 0.00120734116164167 0.00353368294568594 0.0028147596990027 -0.00258051931884956 -0.00043950987774624 0.000295238726647009 0.798913664881348 0.999990039299707 -0.000701846838447139 0.000143374964417146 0.000283220569464486 0.00202849634252898 0.00221237322695832 0.00223639997914582 0.00134014107418434 0.000251104938396633 0.00185957864885088 0.798646978826638 0.999978072144269 -0.00235293638965545 0.00196039724181878 0.00238105958862931 0.00120734341076744 0.00353370430873741 0.00281475175687212 -0.00258038761721865 -0.000439509849858798 0.000295259205075737 0.798895575564941 1.318 2.622 145.091 134.56

 126 26 10000 10 0.8 2.838 1.963 0 2.854 0.999986780409298 0.00153444828360231 0.000838763095646129 -0.00182218852840484 -3.08061358893792e-05 0.000995994308245452 0.00129454105086648 0.0030546562264905 -0.00158460863632951 -0.00235581857181965 0.800963631110618 0.999982943037494 0.00152743634420184 -0.0018459487012307 -0.00355036063954988 0.000707177785140271 -0.0021056341845886 -0.00235205104982858 -0.000675230543747612 0.00171279131688298 -0.0013829153070089 0.796783545275798 0.99998678021552 0.00153454208286947 0.000838618140425985 -0.00182214507321439 -3.08114873679996e-05 0.000995937290243023 0.00129451533307357 0.00305470633797116 -0.0015846518640769 -0.00235586905755104 0.80094247771999 0.999982943203194 0.00152749882727976 -0.00184592341471273 -0.00355035401635555 0.000707168350339033 -0.00210562123076319 -0.0023519242952779 -0.000675242289391837 0.00171287379247694 -0.00138290947030231 0.796768246202563 0.558 1.315 148.274 139.033

 116 16 10000 10 0.8 3.504 1.849 0 3.747 0.999984366037384 5.7218948030827e-05 0.00187088354596418 0.000811778730477375 0.00114651456104901 0.000946123887962274 -0.00199956240019411 0.00388032908358037 0.00115243208185612 -0.00212420985569526 0.801942691483336 0.999983210749492 -0.000333509703577507 -0.00123261011235675 0.000942384070428908 -0.00197972450645122 -0.0010981475613756 -0.00334071460280273 0.00189685409155923 -0.00144047833549437 -0.00301677484493246 0.799238575165787 0.999984366771291 5.72186518862585e-05 0.00187087492036389 0.000811846416580342 0.00114651603777552 0.000946161211752901 -0.00199955375158898 0.00388018572766473 0.00115232684526591 -0.00212415577703928 0.801919846979956 0.999983211099256 -0.000333448452534932 -0.00123255681754115 0.000942395261769085 -0.00197965649969814 -0.00109818396788265 -0.00334072060774696 0.00189684163575816 -0.00144048630191426 -0.00301671270951465 0.79922005378973 1.455 2.603 142.179 138.966

 104 4 10000 10 0.8 3.676 1.611 0 9.664 0.999987393624005 0.00159071863839909 -0.000844318785349536 0.000335254180789717 -0.00300726243568642 0.00204822790881311 -0.000168318453096451 0.000911474010877422 -0.00148188673178954 -0.0023585946072497 0.800457117686654 0.999989385450536 -0.00086414723054458 0.00271324015680631 -0.00162091141624902 0.00163201478085767 -0.00170013243713197 -0.00181747220246356 -0.000839116917298775 -0.000963720733512427 5.66325542838037e-05 0.800086572707986 0.999987393426962 0.00159071109311968 -0.000844368340702316 0.000335219974938263 -0.00300724718260689 0.00204826316453911 -0.000168253226668435 0.000911388606429276 -0.00148188848086048 -0.00235869574621555 0.80043669094248 0.999989385347433 -0.000864225713732427 0.00271331162495395 -0.00162084712142541 0.00163208695647349 -0.00170009105696423 -0.00181747847947905 -0.000839079520593239 -0.000963640223484371 5.65564577673724e-05 0.800066673351679 3.136 4.517 152.621 98.266

 111 11 10000 10 0.8 1.397 5.198 0 3.786 0.999992358856906 0.000529254639014041 2.10996526606624e-05 0.00054911109318133 -0.00137311624719279 0.00067096906370866 -0.000645072975067445 -0.00113423505034578 -0.00176187380631134 -0.00274912601130876 0.800682501714583 0.999995352363872 -0.00111982919489531 -0.000386317662341637 -0.000996008625673903 0.000822287536753428 -0.000998765968038432 0.0013771766300818 -0.00154560960511634 0.000313068765434076 -0.000918004295183481 0.800680986556783 0.999992358848565 0.000529173805012907 2.11243025116638e-05 0.000549072991945276 -0.00137318628043406 0.000670985860775526 -0.000645098076622645 -0.00113415472395845 -0.00176188412538034 -0.00274913358284437 0.80066177039052 0.999995352128959 -0.00111985894097307 -0.000386339184372117 -0.00099605453652092 0.000822266625667529 -0.000998794980049227 0.00137723852372672 -0.00154566710103456 0.000312928379450211 -0.000918010403755949 0.800660184240427 1.593 1.014 144.531 143.11

 106 6 10000 10 0.8 1.259 4.559 0 7.864 0.999971491384153 0.00221745452132631 0.00276134409521612 -0.00182550701168077 -0.00435985284357483 0.00250703532214619 -0.000602209008911526 0.00268508041326294 -0.00253957860711222 0.00135148155539123 0.799428093900062 0.999985919049235 0.000669161075175414 2.06107309272597e-06 0.00057911130667851 0.00174336633806027 -0.00201546947805076 0.00388764603309975 0.00110182155663673 0.000898743593800503 -0.00177244652525414 0.801654277967988 0.999971492104765 0.0022173450854008 0.00276124374534356 -0.00182549852255101 -0.00435984950201568 0.00250704639021267 -0.000602276937382201 0.00268503092170436 -0.00253954443496868 0.00135146693857026 0.799409239469563 0.999985918765554 0.000669249034007594 2.01407256075452e-06 0.000579031722268074 0.00174335025204655 -0.00201552805760843 0.00388777827310707 0.00110177961326553 0.000898666257220146 -0.0017723238527787 0.801631955025107 3.167 2.757 117.894 141.633

 129 29 10000 10 0.8 4.307 1.558 0 3.387 0.999990138659915 0.00224686392142872 0.00202295968655676 -0.000878092132712783 -0.00174534132578605 0.000371276413559394 0.000288482094529241 0.000338317587395855 -0.00144599702283517 -0.00208281615531902 0.801344382556331 0.999987786977838 -0.00109172464541867 -0.00121230500099442 -0.00232277223616295 -0.00167508726399214 0.000460667389537661 0.00188743016885485 -0.000162514514970876 0.00308550968932688 0.000491703924066187 0.798237558974867 0.999990138561702 0.00224687460702512 0.00202289252924077 -0.000878110045045574 -0.00174527016351115 0.000371301904165208 0.000288522375480133 0.000338237556264096 -0.00144606612989513 -0.00208292398007828 0.801322525181932 0.999987786939568 -0.00109173099086931 -0.00121223314046994 -0.00232274874854663 -0.0016751619045146 0.000460588813330313 0.00188746770813202 -0.000162539674030081 0.00308553419278461 0.000491568917620485 0.798220340839155 2.272 2.92 145.617 131.311

 103 3 10000 10 0.8 3.804 1.974 0 8.034 0.999978177484044 0.00387931807639244 0.00221914737270419 -0.000885274893997616 -0.000306203243026302 0.000706559118169612 -0.00253296351796956 0.00102599486796536 -0.0038027421439689 0.000603917687649536 0.800330665463923 0.999995223476451 0.00130030366254759 -0.000571625786647031 -0.000367449680364649 0.000949717620777052 -0.000115277744819586 -0.0022126540355458 9.22738947252493e-05 -0.000989994429876919 -0.000775090651598311 0.802175363844006 0.999978177575766 0.00387926784603404 0.00221913608021025 -0.000885163987397048 -0.000306238411943373 0.000706548964389298 -0.00253295768225884 0.00102595717285972 -0.00380279302952524 0.000604054660088418 0.800310444000031 0.999995223299756 0.0013002723134808 -0.000571579765857465 -0.000367541478053127 0.000949624329653995 -0.000115248949559759 -0.00221275596851474 9.23250291618463e-05 -0.000990032258845019 -0.000775134805467568 0.802152221145415 2.98 4.372 129.17 138.632

 110 10 10000 10 0.8 2.28 2.536 0 6.491 0.999985790820223 0.00176109240274185 0.00182286570710023 0.00137051342783387 0.00124390194273259 0.00309732397026592 0.00101875465044651 -0.00271542828284598 0.000737744670723521 0.000138484451551034 0.799558867545432 0.999990532016907 -0.00233436602035573 -0.00238912134262023 0.000114189888558079 0.000585216754658638 -0.00194369360305596 -0.0013423258354208 -0.000137658403945713 -0.00134790577968611 -8.72339295131e-05 0.800748853189955 0.99998579063067 0.00176110281396619 0.00182283686985105 0.00137052931663775 0.00124390948359721 0.00309735037035018 0.00101880775204841 -0.00271544292011577 0.000737784756499194 0.000138393694984376 0.799539797842661 0.999990532045962 -0.00233433597825084 -0.00238910589500533 0.00011432544011675 0.00058522602778418 -0.00194366892959381 -0.00134232802534391 -0.000137652774889879 -0.0013479840096056 -8.72042158011645e-05 0.800728031152037 2.674 3.124 139.192 127.073

 128 28 10000 10 0.8 3.328 1.659 0 13.129 0.999985557032092 0.000842625110366652 -0.000501177966608395 -0.00199970513258874 0.00202906129041091 0.00303656331688551 -0.00216559713201335 -0.000166695762163443 -0.00127646361522321 -0.00205935569884304 0.799960262611864 0.999989689209692 -0.000106165080713474 -0.00100561732873509 0.000866785852840429 0.00253275122252419 -0.00240314610077429 0.000628119009120437 1.4090029674174e-05 -0.000564872601762122 0.00243800458201893 0.796244936306496 0.999985556986633 0.000842606571134113 -0.000501195573769583 -0.00199975757658015 0.00202901828313046 0.00303663782494065 -0.00216551415277169 -0.000166742842075803 -0.00127649565755941 -0.00205932624233914 0.79994061151446 0.999989689409477 -0.000106158658162547 -0.00100558534864897 0.000866709711293362 0.00253269645839028 -0.00240314353396546 0.000628075299616454 1.41280723296177e-05 -0.000564915846704335 0.00243802361877884 0.796230263080298 4.163 5.587 139.562 112.953

 115 15 10000 10 0.8 0.827 1.54 0 3.565 0.999980399887852 -0.00272189837457862 -0.000491159832784693 0.000982171027832132 -0.00130506661049328 0.000163835200046234 0.0035163677040734 -0.00316821478842714 -0.00227083388834863 -0.00113844512661826 0.799833425492272 0.999983314690267 3.83309367768378e-05 -0.000464344007431702 0.002084678167328 0.00254154171060184 -0.00156689764257886 0.00267234693574663 -6.07389180613019e-05 -0.00323226475393286 -0.00151661072725688 0.799665203075548 0.999980400010734 -0.00272186135172895 -0.00049114055687888 0.000982156135889914 -0.00130504371873767 0.000163743134489454 0.00351638369513377 -0.00316822424803075 -0.00227079986046175 -0.00113847851374661 0.799813933096654 0.999983314921932 3.83120605617844e-05 -0.000464306804986304 0.00208465235670579 0.00254151334553481 -0.00156698111471624 0.00267234591677784 -6.06768919120448e-05 -0.00323221354886238 -0.00151658002203411 0.799645968695486 2.826 3.286 143.511 133.754

 102 2 10000 10 0.8 3.05 2.26 0 4.387 0.99997343704297 0.000658935025258123 -0.000158398978776999 0.00279398138246357 -0.00090882831889727 0.000663227716366195 -0.00297422827689301 -0.000278315948649881 -0.00387551150750548 -0.00443290738997993 0.800478324663261 0.999985079972799 -0.00049082998659008 0.00235071976305879 -0.000742891224510307 -0.000696370556634186 0.00331424408446934 -0.00261841830834983 -4.44110249788145e-05 0.00226686920872573 -0.000234985858202182 0.798060392918103 0.999973436957378 0.000658939663102652 -0.000158367565028748 0.00279394662464375 -0.000908895255123109 0.000663255501796564 -0.00297417516939026 -0.000278245888218973 -0.00387558221311359 -0.00443290937116846 0.800457897891317 0.999985079998855 -0.000490721772391845 0.00235067666652782 -0.00074292438532393 -0.000696393021387377 0.0033142697604704 -0.00261848109066431 -4.44635403719299e-05 0.00226679670765738 -0.000234988436728738 0.798043474104075 2.472 3.14 144.159 135.043

 125 25 10000 10 0.8 4.387 1.509 0 4.737 0.999987294017141 3.42547858050486e-05 0.00347343512686905 -0.00287058961439398 -0.000503363743906806 0.000517919171499585 0.000317990599545515 -0.00105618210238132 -0.000987614223757138 -0.00154659585356515 0.799890566921472 0.999976567018333 -0.000303563684523244 -0.000394930338559363 0.000590530226853567 -0.00402727358233917 -0.00443114322984775 0.000472010237975062 0.00307894235489682 -0.000750723923867895 0.00038514733253289 0.799058832516774 0.999987294007771 3.42331255944021e-05 0.00347337256121779 -0.00287064247141469 -0.000503379908924134 0.00051792279740282 0.000317912107297252 -0.00105622432647186 -0.00098770696310317 -0.00154656639782673 0.799871041417242 0.999976567380586 -0.000303630732381147 -0.000394956637115772 0.000590516001975084 -0.00402725259773591 -0.00443106112391141 0.000472056640940998 0.00307892832334554 -0.000750777847320911 0.000385263010233524 0.799040446318247 2.488 1.504 146.304 130.338

 112 12 10000 10 0.8 3.301 1.975 0 5.341 0.999988604257248 -0.00137258310821888 0.000599339290321885 -0.00163093210145423 0.000276588176500906 -0.0016182809082623 -0.0030158410662346 -0.000237130760708492 -0.000463447568279755 -0.00241383057558187 0.799930140152762 0.999982443252536 -0.00105450903032919 0.000969770450927443 -0.00182287402213796 -0.00207479539593683 -0.00123768461448602 0.00021554861504832 -0.00306700082310286 -0.00280419832104519 0.00256607683979718 0.797741172901506 0.999988604055065 -0.00137251981365431 0.000599328179473005 -0.00163109718617199 0.0002765482682834 -0.00161824521272181 -0.00301590882183638 -0.000237115500117163 -0.000463469441363329 -0.00241378268438306 0.799910533768466 0.999982443362922 -0.00105441607826335 0.000969684230801528 -0.00182285166298216 -0.00207485911047096 -0.00123756454504223 0.000215523994841927 -0.00306696094454607 -0.00280423544184254 0.00256613604270119 0.797724709433341 2.607 3.346 147.807 125.436

 119 19 10000 10 0.8 3.53 1.532 0 3.248 0.999984255227847 -0.00103444300570795 -0.00118831965661755 6.60662182510149e-05 -0.00112660668070526 -0.00242257865452646 -0.000345323213447399 0.0044004184718243 8.44748211336803e-05 -0.0015409603921635 0.802066220898166 0.99998446366039 0.000529875739441317 -0.00357563937710328 -0.00179818271814935 4.26164870029798e-05 0.000220230620398329 -0.000946677842646604 -0.00102622439991236 0.0024010559358727 0.00264731727315785 0.797608687078382 0.999984255270783 -0.00103445207967504 -0.00118826205739839 6.60823150910182e-05 -0.0011265993113595 -0.00242268004600311 -0.000345290792167553 0.00440035936336022 8.45024579655394e-05 -0.00154099068957046 0.802043126968244 0.99998446359081 0.000529879294012685 -0.00357556065775755 -0.00179823828174226 4.26198798683718e-05 0.000220277989875679 -0.00094670998115468 -0.00102628263555675 0.00240111376777231 0.00264732090803259 0.79759227865808 1.691 3.199 156.308 121.238

 105 5 10000 10 0.8 2.174 3.391 0 4.627 0.999976049098651 -0.000661168709183002 0.00202731723333232 -0.00194740465233789 -0.000938156772559861 0.0047648803635951 0.000551520769394997 0.00261903965068739 -0.00184071532684587 0.00232931002037681 0.800152335124834 0.99998587090562 0.000464332561696145 -0.00071348417453355 0.00172530594707131 0.00115017413040255 -0.000697478037635249 0.00308257287871928 -1.43623187547427e-05 0.00363565957206487 0.000163663148854698 0.798433883828567 0.999976049324017 -0.000661235208276321 0.00202718452620262 -0.00194742028977965 -0.000938197051303805 0.00476481340343056 0.000551518997903216 0.00261909358579203 -0.00184075509421467 0.00232932591818318 0.800132337314333 0.999985871249863 0.000464386288225701 -0.00071347723271431 0.00172530653534386 0.00115019665799243 -0.000697447496034434 0.00308247933666115 -1.44374546538848e-05 0.00363563893510896 0.000163616915249217 0.798416421345358 2.681 3.195 149.929 129.805

 118 18 10000 10 0.8 3.972 1.581 0 3.783 0.999992750078085 0.00143593588499832 0.00138115496016903 -8.21961716271938e-05 -0.00179247010325337 0.000300531041394499 0.0010915243829466 0.00204357440123313 -0.00010325451430377 -0.00135719670040247 0.80114628721683 0.999982131702932 0.000608306846489942 -0.00101727318285023 -0.00181535142525871 -0.000997234380097708 -0.00378759600510594 -0.000313908331127003 2.60018411290747e-05 -0.00325284700710613 -0.00223948744592585 0.798454567626124 0.999992750159479 0.00143589952693802 0.00138115519275148 -8.22274338113797e-05 -0.00179250614266346 0.000300663522199218 0.00109154792201085 0.00204352646693596 -0.000103418837903528 -0.00135713685532972 0.801124772921925 0.999982131762085 0.000608309662405664 -0.00101727429285508 -0.00181533621035686 -0.000997240349187906 -0.00378756918287806 -0.000313823356533689 2.59772679365339e-05 -0.0032528368409372 -0.00223954176274236 0.798437074796655 2.612 3.445 149.064 125.034

 122 22 10000 10 0.8 3.244 1.546 0 4.48 0.999984447488318 0.00247801937894517 -0.000989297486998371 0.00310788613888784 -0.00304216164667925 0.00115405710174077 -9.92616269797175e-05 -0.00172436336332884 -0.000662897165750871 -0.000563228071986716 0.800395380100185 0.999975583619719 -0.00118134209454974 0.00340122286297912 0.000236505728219993 0.00372211585916624 0.00417327370079257 -7.082339402757e-05 1.09989931627781e-05 0.0020758456075142 -0.00047719133197198 0.798482001880979 0.999984447679809 0.00247803819902515 -0.000989320647909637 0.00310787150403044 -0.00304212741020758 0.00115401708423533 -9.92644706680855e-05 -0.00172430469248766 -0.00066291891023484 -0.000563265800409643 0.800374961492484 0.999975583278677 -0.0011812250864861 0.00340123818656845 0.000236583381390295 0.00372216188799609 0.00417332494688332 -7.07781077439382e-05 1.09413337451304e-05 0.00207586146309219 -0.00047717980565092 0.798464407002991 2.706 3.433 146.743 123.802

 114 14 10000 10 0.8 4.54 1.568 0 17.812 0.999989885152961 0.000663031521389718 -0.000589417585766033 -0.00164519449460949 -0.00236554216998839 -0.00169197180845713 -0.000892276008451021 0.00224603513892969 -0.00142612769136189 -0.000634566058913188 0.801177111769152 0.999983589980904 0.00199553007548873 -0.00138578537091555 -0.00479856552403262 0.0014244530666103 0.000434207557972465 -0.000559975416023832 -0.000939045508379232 0.000688155104847124 6.67631173074506e-05 0.798362845027837 0.999989885066344 0.000663025336868835 -0.000589521883845284 -0.00164527368764349 -0.00236552669171907 -0.00169202430594948 -0.00089218657561924 0.00224599604479016 -0.00142616382351516 -0.000634507441440551 0.80115538260653 0.999983589821571 0.0019955583743818 -0.00138578249086036 -0.00479855154773996 0.00142450123746454 0.000434234560891092 -0.000560051950514326 -0.00093910491094874 0.000688146324270813 6.67776637720062e-05 0.798345484128877 5.384 5.774 150.881 93.692

 123 23 10000 10 0.8 3.122 1.658 0 33.011 0.999978982215319 0.00233756066342018 0.00135358642733552 0.00129675607125004 -0.00190217651369945 -0.00490897066857608 -0.00107914111522861 0.00018848154144186 -0.00191863043081307 0.000677999375239183 0.801041748932221 0.99998675880158 0.00130276656763221 0.000656746253884022 0.00309465247717073 0.000464029269139711 0.00025065932857554 0.00146990261525429 -0.000200889893011089 0.0026942018918499 0.00224476805955644 0.802333363401448 0.999978982471353 0.00233763586305267 0.00135353967065039 0.00129666677087141 -0.00190212512870987 -0.00490891044229246 -0.00107912607626846 0.000188440399781376 -0.00191872100145756 0.000677985903784417 0.801020476787188 0.999986758978045 0.00130279660070213 0.000656704513410901 0.00309471083431923 0.000464011045689435 0.000250705444691454 0.0014698250407516 -0.000200841010384995 0.00269421564713964 0.00224464105177716 0.802309891173572 5.75899999999999 5.595 147.222 75.251
