
 5546 46 500 3 0.8 0.00399999999999956 0.385 0.885000000000001 0.0739999999999998 0.999937486347355 0.000705448941368728 0.0111591101403249 0.805722827026489 0.999984563214709 -0.00349385896525154 0.00432044926124712 0.786989079648743 0.999937459386023 0.000697056933548018 0.0111620530484646 0.805495354670946 0.999984559218285 -0.00349460178076313 0.00432077347308875 0.786934817881542 0.00199999999999889 0.000999999999999446 0.0449999999999999 0.0409999999999986

 5544 44 500 3 0.8 0.0120000000000005 0.392 0.883000000000001 0.0739999999999998 0.99998701867268 0.00280362587293103 -0.00425466427451136 0.811132803355532 0.999848435457129 0.017396364309596 0.000687475627572053 0.819914736358702 0.999987031232357 0.00280173426719629 -0.00425295805207108 0.810800892678603 0.99984861788749 0.0173861898857435 0.000679492260647066 0.819373790634871 0.00300000000000011 0.000999999999999446 0.0460000000000012 0.0460000000000012

 5533 33 500 3 0.8 0.0119999999999996 0.393 0.850999999999999 0.0730000000000004 0.999856811384657 0.00654009232935175 -0.0156071752738636 0.806322148125813 0.999814285844866 0.0137081549095117 0.0135454903749058 0.791815078677649 0.999856748390178 0.00652996030373565 -0.0156154512279525 0.806078295295988 0.999814294169649 0.0137089566751364 0.0135440644167467 0.791732131940701 0.0120000000000005 0.000999999999999446 0.0470000000000006 0.0419999999999998

 5522 22 500 3 0.8 0.0120000000000005 0.391 0.898000000000001 0.0730000000000004 0.999622841128559 0.0238361064470141 0.0136387508047195 0.800416009301883 0.999935140489136 0.00891216425551076 0.00709141334678596 0.800388739830154 0.999623012796626 0.0238289967312738 0.0136385923825313 0.800251546819013 0.999935105191772 0.00891413536306566 0.00709391259093999 0.800233714398377 0.00199999999999889 0.000999999999999446 0.0460000000000012 0.0419999999999998

 5540 40 500 3 0.8 0.0109999999999992 0.392 0.893000000000001 0.0739999999999998 0.999957912518201 0.00108417458080995 0.00911031051726638 0.792312076942652 0.99992051142201 -0.0104237094028353 -0.00709345612734225 0.817575803627167 0.999957921284656 0.00108131528021594 0.0091096881030317 0.792228685805604 0.999920794167231 -0.0104079660307643 -0.00707669662176472 0.817077037511991 0.00300000000000011 0.000999999999999446 0.0429999999999993 0.0470000000000006

 5537 37 500 3 0.8 0.00399999999999956 0.390000000000001 0.887999999999999 0.0729999999999986 0.999858901686935 -0.00167751321162865 0.0167141457101507 0.807779321657485 0.999928298653854 0.00169205834129616 0.0118547243653271 0.811570822744709 0.999858949496601 -0.00167752465114073 0.0167112842893077 0.807513275485603 0.9999282484679 0.00169286853224464 0.0118588410921911 0.811236509616621 0.00200000000000067 0.000999999999999446 0.0459999999999994 0.0449999999999999

 5521 21 500 3 0.8 0.00399999999999956 0.39 0.921 0.0710000000000015 0.999854043398192 -0.0141948328001995 0.00950781899595225 0.799432724713608 0.999999803924819 -0.000222536546628918 0.000585344180367153 0.803154527137388 0.999854058719057 -0.0141951858924927 0.00950568043356737 0.799286594408426 0.999999798269554 -0.000233557522098325 0.000590687510665892 0.802967565707307 0.00200000000000067 0.000999999999999446 0.0440000000000005 0.0419999999999998

 5545 45 500 3 0.8 0.00399999999999956 0.391 0.918 0.0719999999999992 0.999961049065017 -0.00614136876628828 -0.00633908056946554 0.802547239520603 0.999644110215374 -0.00110125274782123 0.0266540832537607 0.816572017067858 0.999961072452688 -0.00613547064513502 -0.00634110236738808 0.802356755746055 0.999644378740126 -0.00109053147624345 0.0266444514743219 0.816122466941429 0.00300000000000011 0.000999999999999446 0.0459999999999994 0.0460000000000012

 5527 27 500 3 0.8 0.00300000000000011 0.387 0.918 0.0730000000000004 0.999870387300264 0.0130606141695145 0.00941429538174254 0.79173913898251 0.999993005637401 -0.00195662117676206 -0.00318752409372851 0.795614070457791 0.999870377479259 0.0130595806323387 0.00941677190928141 0.791656047926571 0.999992990380079 -0.00195675134691145 -0.00319222725917741 0.795501974778635 0.00199999999999889 0.00100000000000122 0.043000000000001 0.043000000000001

 5525 25 500 3 0.8 0.00400000000000045 0.388 0.921999999999999 0.0730000000000004 0.999983828219764 0.000113741637317251 0.00568597940417917 0.801481990439373 0.999708677922326 -0.0240926362038909 0.00145057490068634 0.813432379813382 0.99998386562362 0.000117677427812198 0.00567931725350538 0.801309637132488 0.999708663370266 -0.0240942748251591 0.0014332840216525 0.81305327268081 0.00200000000000067 0.000999999999999446 0.0449999999999999 0.0459999999999994

 5538 38 500 3 0.8 0.00300000000000011 0.387 0.922000000000001 0.0719999999999992 0.999907078427784 0.0135272769281009 -0.00168739115922447 0.795782947524159 0.999919322269281 -0.00154215173840994 -0.012608359154029 0.805300076750873 0.999907033939021 0.0135306708172615 -0.001686542766912 0.79566599848234 0.999919470725478 -0.00154616407302484 -0.012596088311032 0.805074944040877 0.00300000000000011 0 0.0449999999999999 0.0429999999999993

 5535 35 500 3 0.8 0.0150000000000006 0.394 0.938000000000001 0.0709999999999997 0.999747708018182 0.00782039326164275 0.0210561573328058 0.797371748346075 0.999759204644442 0.00547632658354495 -0.0212495311916006 0.793265910529437 0.99974767753639 0.00782705119023323 0.0210551307348061 0.797240330449199 0.999759135097918 0.00547724188607501 -0.0212525671292719 0.793175496170538 0.00300000000000011 0.000999999999999446 0.0449999999999999 0.0410000000000004

 5530 30 500 3 0.8 0.00399999999999956 0.388999999999999 0.933000000000001 0.0709999999999997 0.999978097930021 0.00646555449162455 -0.0014143073831463 0.81649066387798 0.999978485047758 -0.00277276287348577 0.00594484883230699 0.784891210129408 0.999978284402022 0.00643581715153213 -0.00141809096326086 0.816036482018146 0.999978482737835 -0.00277491477978907 0.00594423328123523 0.784845743152262 0.00199999999999889 0.000999999999999446 0.0469999999999988 0.0399999999999991

 5542 42 500 3 0.8 0.0140000000000002 0.393999999999999 0.938 0.0700000000000003 0.999852084039197 0.00256178151926937 0.0170072725009415 0.802793451805282 0.999781160667275 -0.00948292518012353 -0.0186468470478382 0.803318012961206 0.999852012618528 0.00255867147738792 0.0170119388357306 0.802606102563383 0.999780915065221 -0.00949760110636041 -0.0186525452572477 0.803125027910058 0.00300000000000011 0.000999999999999446 0.0440000000000005 0.0419999999999998

 5550 50 500 3 0.8 0.0119999999999996 0.394 0.945 0.0699999999999985 0.999809528792255 -0.00157126349180322 -0.0194534641451942 0.806260663960796 0.999984521738265 -0.00425281386801976 0.00358745844552506 0.789751708415508 0.999809369605695 -0.00157623201643352 -0.0194612420285253 0.806016232029478 0.999984512184816 -0.00425538182218648 0.00358707625272699 0.789683231309984 0.00200000000000067 0.000999999999999446 0.0450000000000017 0.0399999999999991

 5523 23 500 3 0.8 0.0140000000000002 0.393 0.937999999999999 0.0700000000000003 0.999947229668171 -0.00851376880956241 0.0057492277400701 0.810976023390882 0.999958200172797 -0.00907492098647081 0.00111522027850461 0.798311327634017 0.999947269704871 -0.00851070100682963 0.0057468059082657 0.810644239208702 0.99995824413225 -0.00907035323944955 0.00111296184063813 0.798172761513531 0.00300000000000011 0.00100000000000122 0.0459999999999994 0.0410000000000004

 5531 31 500 3 0.8 0.0109999999999992 0.394 0.951000000000001 0.0700000000000003 0.999773671884874 0.0057156175083302 0.0204923576567956 0.808068331447613 0.999986077269408 0.00458028297729764 -0.00262035783607118 0.802719771369212 0.999773472252907 0.00572058203353971 0.0205007102453388 0.807799328495018 0.999986077976579 0.00458161920763019 -0.00261775064820015 0.802534173297704 0.00200000000000067 0.000999999999999446 0.0449999999999999 0.0410000000000004

 5543 43 500 3 0.8 0.0120000000000005 0.394 0.952 0.0700000000000003 0.999485963188665 -0.0215942540488693 0.0236959401775931 0.78702814280939 0.999975847432771 0.00690778692133642 -0.000766179457150458 0.796670452242864 0.999485984845476 -0.0215926006605182 0.0236965333790288 0.786974189637158 0.999975834736455 0.0069096143056257 -0.000766272325569785 0.79654615619074 0.00200000000000067 0.00100000000000122 0.0419999999999998 0.0419999999999998

 5524 24 500 3 0.8 0.00599999999999934 0.388000000000001 0.939000000000001 0.0700000000000003 0.99996458383897 0.00771345201427746 0.00336655993236992 0.801872658261865 0.999926812616404 0.00843068873461247 -0.00867714804866915 0.798402716451646 0.999964628291294 0.00770557763989664 0.00337138539637395 0.801690840456298 0.999926727452776 0.00843294223804954 -0.00868476889679784 0.798261954813524 0.00300000000000011 0.000999999999999446 0.0449999999999999 0.0419999999999998

 5541 41 500 3 0.8 0.0139999999999993 0.396 0.957 0.0700000000000003 0.999953619443791 -0.00113844912562281 0.00956362352094504 0.793566406109723 0.999848910645123 0.00729213924565765 -0.0157791187010925 0.792369031057838 0.999953619411355 -0.00114211299862406 0.00956319005507896 0.793468888413258 0.99984886762554 0.00729710407240224 -0.015779549425805 0.792276198943938 0.00300000000000011 0.00100000000000122 0.0440000000000005 0.0419999999999998

 5551 51 500 3 0.8 0.00300000000000011 0.39 0.937 0.0700000000000003 0.999881699006253 -0.00870721785745276 0.0126796036827323 0.790075750223241 0.999820158796315 0.00817730436977509 0.0171108666570257 0.799641752040773 0.999881697628261 -0.0087059545797474 0.0126805797534296 0.790001591957234 0.999820271017543 0.00817918576694027 0.0171034085081196 0.799491116495263 0.00300000000000011 0.000999999999999446 0.0440000000000005 0.0409999999999986

 5536 36 500 3 0.8 0.00700000000000056 0.388 0.969 0.0700000000000003 0.999773520791046 0.0105240253477736 -0.0184973515822135 0.805368841306567 0.999606416744361 0.0241259291949589 -0.0143161148353553 0.794420888678057 0.999773692159156 0.0105169461868744 -0.0184921147885318 0.805141788159071 0.999606464708376 0.0241247028220124 -0.0143148324116109 0.794321024857903 0.00300000000000011 0.000999999999999446 0.0459999999999994 0.0400000000000009

 5526 26 500 3 0.8 0.00300000000000011 0.387 0.972 0.0709999999999997 0.999871364935991 -0.00860747099255191 0.0135338473521366 0.790530928919248 0.999539708587811 0.027953270046729 -0.0117892175265545 0.782937288697554 0.999871332785914 -0.00860755536857031 0.013536168715611 0.790457580602867 0.999539733065951 0.0279525963445757 -0.0117887395443166 0.782901002008501 0.00300000000000011 0.00100000000000122 0.0440000000000005 0.0380000000000003

 5547 47 500 3 0.8 0.0120000000000005 0.393 0.978999999999999 0.0719999999999992 0.999858042599049 -0.0145492382271796 -0.00849790074120742 0.797636080670267 0.999971132620841 0.00511094733078506 0.00562246764095209 0.791365857363131 0.999858059670586 -0.0145460611388758 -0.00850133031444786 0.797504449676219 0.999971145047173 0.00510773651824368 0.00562317532236323 0.791284529025177 0.00200000000000067 0 0.0459999999999994 0.0399999999999991

 5539 39 500 3 0.8 0.00300000000000011 0.386 0.984 0.072000000000001 0.999796125461397 0.0133468031268121 -0.015151579411813 0.812383388730339 0.999946920376743 0.00329858326329235 -0.00976093118112698 0.796446193215782 0.999796108979473 0.0133538681878398 -0.0151464409657156 0.812029666609595 0.999946916421037 0.00329514651012802 -0.00976249709537576 0.796329215381373 0.00199999999999889 0.00100000000000122 0.048 0.0380000000000003

 5548 48 500 3 0.8 0.0110000000000001 0.393 0.987 0.072000000000001 0.999981413583868 -0.00181210559916642 -0.00582140533779035 0.812593332988065 0.999968843482544 -0.00227996891915059 -0.00755736765751742 0.785054740931479 0.999981335092532 -0.0018302877990211 -0.00582919489559568 0.81222521663907 0.99996884933215 -0.0022786450215728 -0.00755699293375765 0.785009404077583 0.00200000000000067 0.00100000000000122 0.0500000000000007 0.0380000000000003

 5529 29 500 3 0.8 0.00399999999999956 0.390000000000001 1.005 0.0730000000000004 0.999960516491499 0.00371467471720809 0.00807258631413209 0.807465498295237 0.999885380554742 0.0131330443901969 0.00753318644024975 0.796009430757312 0.999960505925055 0.0037051707954954 0.00807826091953387 0.807200680221046 0.999885436773006 0.0131262053084924 0.00753764309671454 0.795895863639743 0.00199999999999889 0.000999999999999446 0.0519999999999996 0.0389999999999997

 5532 32 500 3 0.8 0.00300000000000011 0.387 1.001 0.0739999999999998 0.999912925950442 -0.00492295197697789 -0.0122435722343519 0.797982994150054 0.999662941654682 0.00973623092008082 0.0240667590210749 0.8037522882095 0.999912949922042 -0.0049194133045988 -0.0122430368348079 0.797847259349084 0.999662909342378 0.00974231688095186 0.0240656383028315 0.803545931918126 0.00199999999999889 0.00100000000000122 0.0500000000000007 0.0419999999999998

 5534 34 500 3 0.8 0.00300000000000011 0.388999999999999 0.997999999999999 0.0739999999999998 0.999918383629798 0.0110060128419348 0.00648797044507979 0.797615407829628 0.999745204596031 -0.0125250149828314 -0.0187789745971411 0.808962116541949 0.999918466532118 0.0109995308397324 0.00648618604137458 0.797486064369977 0.999745153130602 -0.0125258905800014 -0.0187811303453064 0.808673817192067 0.00200000000000067 0 0.0500000000000007 0.0410000000000004

 5552 52 500 3 0.8 0.00900000000000034 0.392 1.018 0.0749999999999993 0.999828512874407 0.0161836674990553 -0.00900187478427599 0.790077582864449 0.999624661222098 0.0210924622771649 -0.0174826974947329 0.814547046530018 0.999828506021896 0.0161836108425468 -0.00900273770143127 0.790006188619528 0.999624478922728 0.0210976690934425 -0.0174868378298394 0.814139917487772 0.00200000000000067 0.000999999999999446 0.0469999999999988 0.0410000000000004

 5528 28 500 3 0.8 0.00800000000000001 0.390000000000001 1.007 0.0749999999999993 0.999541461907274 -0.02738355421809 0.0129231144332612 0.809679291744283 0.999656134834671 -0.0261445551255489 0.00201849565098514 0.804153804412763 0.999541143537437 -0.0273874956138335 0.0129393763325395 0.809364642834345 0.999656184108856 -0.0261420230863468 0.0020268699694245 0.803939635305007 0.00199999999999889 0.00100000000000122 0.0549999999999997 0.0409999999999986

 5549 49 500 3 0.8 0.0100000000000007 0.393 1.043 0.0739999999999998 0.99997738832715 -0.00110087537374833 0.00663407173783341 0.80821320488332 0.999755579328551 0.0153365536693751 -0.0159239355367661 0.800984862807222 0.999977399203711 -0.00110977311722548 0.00663094905806614 0.807922598820305 0.999755466978725 0.0153381618051522 -0.0159294393683684 0.800820589800546 0.00199999999999889 0.000999999999999446 0.0520000000000014 0.0379999999999985

 5553 53 500 3 0.8 0.00200000000000022 0.286 0.962999999999999 0.0720000000000001 0.999826160326351 -0.0161287711781079 0.00935477778192662 0.803818086615956 0.999925500095346 0.00525731314751674 0.0110161208027842 0.812435542678821 0.999826084885104 -0.016131030546777 0.00935894421528125 0.803613986036731 0.999925652618637 0.0052416623539885 0.0110097325562628 0.812085050698638 0.00300000000000011 0.00100000000000033 0.0449999999999999 0.0460000000000003

 5554 54 500 3 0.8 0.00200000000000022 0.295 1.021 0.069 0.999829399531027 -0.0161584530311568 -0.00894853222969671 0.801016028385356 0.999530581512557 -0.0304912003292516 -0.00298384377121743 0.813829619406876 0.999829454783617 -0.0161517928749063 -0.00895438071674811 0.800848222448692 0.999530700526036 -0.0304881720020658 -0.00297490737737123 0.813464377406724 0.00300000000000011 0 0.0449999999999999 0.0489999999999995

 5555 55 500 3 0.8 0.00300000000000011 0.285 1.026 0.0699999999999994 0.999897810722725 -0.00811844178005333 -0.0117668608798436 0.802918842584862 0.999985419549444 -0.00536873883405132 -0.000580802766471236 0.81709124979416 0.999897684582152 -0.00812418297747837 -0.0117736153410638 0.802727361137888 0.99998547299233 -0.00535780238688157 -0.000589710004732911 0.816633291865543 0.00299999999999923 0.000999999999999446 0.0469999999999997 0.0470000000000006

 5556 56 500 3 0.8 0.004 0.290999999999999 0.984 0.069 0.999548952393496 -0.0136182219896388 0.0267663183666751 0.811442125996782 0.999961570743904 -0.0079812098010314 -0.00362730278537746 0.80093604046616 0.999548984882183 -0.0136164681303217 0.0267659973969332 0.811105421356103 0.999961662269935 -0.00797036816232678 -0.00362590977617164 0.800772633690764 0.00199999999999978 0 0.0470000000000006 0.0449999999999999

 5557 57 500 3 0.8 0.00599999999999978 0.286 0.951000000000001 0.0749999999999993 0.999976005768186 0.00687600389116427 -0.000841699705364583 0.796032089813346 0.999792978576591 0.01802743948333 -0.00943458608646252 0.801524948504584 0.999975967131066 0.00688133074085512 -0.000844066066203806 0.795919005497368 0.999792797813183 0.0180337695675142 -0.00944164159845668 0.801353340079759 0.00200000000000067 0.00100000000000033 0.0440000000000005 0.0429999999999993

 5563 63 500 3 0.8 0.00300000000000011 0.277 0.941 0.0739999999999998 0.999958733749288 0.00865123595063126 0.00277252863776694 0.811829481409474 0.999632524324897 -0.0252644075044534 0.00982476591493442 0.794391167904958 0.999958599860169 0.00866307446087761 0.00278382948021365 0.811482748627639 0.999632587246958 -0.0252633452974935 0.00982109455875324 0.794287448540373 0.00199999999999978 0.00100000000000033 0.0470000000000006 0.0419999999999998

 5560 60 500 3 0.8 0.004 0.278 0.969 0.0730000000000004 0.999875133108016 -0.000173715287178573 0.0158015193961208 0.797116340363832 0.999833369404113 -0.0118244731804236 0.0139073814941146 0.802388028390084 0.999875129290725 -0.000172804385786634 0.0158017709292554 0.796991009984181 0.999833414005849 -0.0118222032344923 0.0139061047058714 0.802193664535138 0.00199999999999978 0.00100000000000033 0.0449999999999999 0.0439999999999996

 5559 59 500 3 0.8 0.00300000000000011 0.288 0.96 0.0720000000000001 0.999994713087806 -0.00315474616277269 0.000788272215699803 0.805528957950985 0.999992813430173 0.0029382898499605 -0.00239573386763599 0.796661413129179 0.999994696782613 -0.00316087281165815 0.0007844040530364 0.805292880495465 0.99999283521526 0.00293587677815737 -0.00238959111361949 0.796540239047765 0.00199999999999978 0.00100000000000033 0.0490000000000004 0.0419999999999998

 5561 61 500 3 0.8 0.00300000000000011 0.293 0.942 0.0720000000000001 0.999918890567472 0.00386210506447273 0.0121365740959996 0.803155584544184 0.999954396571057 0.00108315746169468 -0.00948849556707575 0.805819473237623 0.999918929430762 0.00385223263266342 0.0121365097858927 0.802957349262202 0.999954420059233 0.00107722815665043 -0.00948669507796738 0.805591438404664 0.00300000000000011 0.00100000000000033 0.0460000000000003 0.0430000000000001

 5558 58 500 3 0.8 0.00299999999999967 0.279 1.078 0.0710000000000006 0.999873452738263 0.0126170840560665 0.00968956651182407 0.809215698335885 0.999839303066257 -0.00971731692776528 -0.0150645874722029 0.794731693795312 0.999873500599448 0.0126029270814339 0.00970304220262474 0.808920575330462 0.999839270395609 -0.00971887391508194 -0.015065751378519 0.7946211966381 0.00200000000000067 0.00100000000000033 0.0460000000000003 0.0430000000000001

 5564 64 500 3 0.8 0.004 0.283 1.043 0.0699999999999994 0.999944434990701 0.00121011224574604 0.0104719892800184 0.797057693443001 0.999948090075385 0.0101886369414755 -9.3978004235081e-05 0.803491239101862 0.999944440004256 0.00120152183348948 0.0104724996948293 0.796929317475499 0.999948010824884 0.0101964253016017 -9.25117603592063e-05 0.803288855863866 0.00199999999999978 0 0.0430000000000001 0.0419999999999998

 5568 68 500 3 0.8 0.00300000000000011 0.291 0.962 0.0700000000000003 0.999505851760337 0.02427364085028 0.0199710454587231 0.80872666438005 0.999994426685848 0.00333491007167375 -0.000158025491144598 0.799011736736447 0.999505925430753 0.0242686017962968 0.0199734823119975 0.808442888302035 0.99999443877116 0.00333149300804178 -0.000153561352973819 0.798863933549865 0.00200000000000067 0 0.0449999999999999 0.0419999999999998

 5576 76 500 3 0.8 0.00300000000000011 0.298 0.877 0.0720000000000001 0.999978874432503 -0.00484231300369285 0.0043362072690121 0.787266845429458 0.999732407130948 -0.0147558244975664 0.0178151557825646 0.806023924950891 0.999978867655604 -0.00484281956781019 0.00433720426647225 0.787212448447019 0.999731974940141 -0.0147597430513985 0.0178361505752538 0.805788841343369 0.00200000000000067 0.00100000000000033 0.04 0.0419999999999998

 5565 65 500 3 0.8 0.00300000000000011 0.296 0.972 0.0729999999999995 0.999965542072998 -0.00247503158742511 0.00792394379692577 0.789806094300164 0.999762864321663 -0.0020047148977606 -0.0216840088895562 0.799384493314552 0.999965511287063 -0.00247839795485171 0.00792677614041902 0.789740314680405 0.999762889173084 -0.00200607026089539 -0.021682737705293 0.799237542590703 0.00199999999999978 0.00100000000000033 0.04 0.04

 5569 69 500 3 0.8 0.004 0.298 0.995 0.0730000000000004 0.999695790874606 0.0110787451926372 -0.0220360412177885 0.801734664994137 0.99996347448771 0.00814622693209521 0.00258624771396084 0.788467744857804 0.999695706660474 0.0110875297643505 -0.0220354434568375 0.801556790806047 0.999963477561462 0.00814637796902574 0.00258458297844837 0.788405330111495 0.00299999999999923 0.00100000000000033 0.0449999999999999 0.0390000000000006

 5562 62 500 3 0.8 0.00300000000000011 0.287999999999999 1.1 0.0739999999999998 0.999909416761814 0.0133604376023337 -0.0016300239640593 0.817670901328287 0.999837998007357 0.0131736664672015 0.0122650826515879 0.788898070407533 0.999909460615486 0.0133558436851513 -0.00164073492845279 0.817196108531583 0.999837994125436 0.0131743682133092 0.0122646453435874 0.788833475656485 0.00200000000000067 0.00100000000000033 0.0459999999999994 0.04

 5575 75 500 3 0.8 0.00300000000000011 0.298 0.951000000000001 0.0729999999999995 0.999892195650357 -0.0100180395802686 0.010734801371088 0.794356070348557 0.999895954020533 0.0141958216489758 -0.00256120695743498 0.796725041144475 0.999892223318754 -0.0100169312874263 0.0107332583245452 0.794250830329738 0.999895947338305 0.0141979443164459 -0.00255203323285349 0.796604028554819 0.00200000000000067 0.000999999999999446 0.0439999999999996 0.0410000000000004

 5566 66 500 3 0.8 0.004 0.297 1.038 0.0720000000000001 0.999910116221924 -0.00454801106709082 0.0126124966755996 0.802301362633208 0.99985587302966 -0.0123656083318069 0.0116329230496932 0.789915602620392 0.99991015605849 -0.00454260694622063 0.0126112859462588 0.802118305473965 0.99985585933955 -0.0123668801910177 0.0116327476853907 0.789839460162307 0.00199999999999978 0.00100000000000033 0.0439999999999996 0.0430000000000001

 5571 71 500 3 0.8 0.00300000000000011 0.301 1.013 0.0720000000000001 0.999934687350427 0.00630596616355573 0.00953183215067119 0.81323585081671 0.999488247939129 -0.0318936616037834 0.00245694547647227 0.812162713054735 0.999934511774947 0.00631370066323431 0.00954512154623935 0.812868324988293 0.999487895346608 -0.0319047132229631 0.00245689433412285 0.811816069777681 0.00200000000000067 0.00100000000000033 0.0440000000000005 0.0430000000000001

 5570 70 500 3 0.8 0.00299999999999967 0.303000000000001 1.037 0.0720000000000001 0.999923315604813 0.0110878484898038 -0.00551566185917303 0.806943999225336 0.999866232258657 0.0108382620514417 -0.012249476094155 0.796190710697299 0.999923430286375 0.0110795791030343 -0.00551148720662954 0.806696807735849 0.999866180020172 0.0108399866589764 -0.012252213722544 0.796073020216502 0.00200000000000067 0.000999999999999446 0.0439999999999996 0.0410000000000004

 5580 80 500 3 0.8 0.00300000000000011 0.295 0.921 0.0720000000000001 0.999436498202246 0.0185685498777168 -0.0279623857471173 0.800874173538208 0.999696146443813 -0.00151721189587294 -0.0246031065813549 0.802108095666151 0.999436562233398 0.0185668245495417 -0.0279612427698372 0.800712654940238 0.999696257633142 -0.00151993761488516 -0.0245984199479882 0.801925588099676 0.00300000000000011 0 0.0419999999999998 0.0409999999999995

 5573 73 500 3 0.8 0.00300000000000011 0.303 0.984 0.0720000000000001 0.999696617625199 0.0207196914522863 0.0133179238193466 0.792721566138271 0.999981889628469 0.000841126011534057 -0.00595927194452232 0.811981548717931 0.999696495916202 0.0207237691838661 0.013320714833679 0.79263381759252 0.999981992039508 0.000843919006428778 -0.00594166621473278 0.811627940869049 0.00199999999999978 0 0.0419999999999998 0.0439999999999996

 5567 67 500 3 0.8 0.00299999999999967 0.298999999999999 1.055 0.0720000000000001 0.999813984432733 0.00873051497795671 -0.0171980999230171 0.805546794581875 0.999984947404528 -0.00235940140116143 0.00495360367727056 0.785296403782946 0.99981400555288 0.00872600869192015 -0.017199159067077 0.805314402467977 0.999984946373902 -0.00236240786437742 0.00495237868766144 0.785251704262807 0.00199999999999978 0.000999999999999446 0.0449999999999999 0.0380000000000003

 5581 81 500 3 0.8 0.004 0.299 0.947 0.0710000000000006 0.999830740703406 0.00443656476700383 0.01785516277007 0.80357204798326 0.999997821075083 -0.00108031489803087 0.00178627120212846 0.809797899855239 0.999830753285807 0.00443317672978772 0.0178552997179403 0.803375336145617 0.999997830359954 -0.00108436218113205 0.00177860452190886 0.809500575920351 0.00300000000000011 0.000999999999999446 0.0429999999999993 0.0419999999999998

 5583 83 500 3 0.8 0.00299999999999967 0.294 0.954 0.0720000000000001 0.999963626033945 0.00522743269444963 -0.00673947746263542 0.815137495524965 0.999832534946542 0.000483224396384054 -0.018293948632113 0.811033711140352 0.999963626828692 0.00521934516317242 -0.00674562492855231 0.814719877074099 0.999832476027511 0.000498436456619735 -0.0182967604180365 0.810694233160933 0.00200000000000067 0 0.0460000000000003 0.0430000000000001

 5577 77 500 3 0.8 0.00300000000000011 0.297 0.970000000000001 0.0700000000000003 0.999981141436941 0.0056092268613273 0.00250066880871421 0.795164057974739 0.999908162805864 -0.00832125229587292 -0.0106968553524262 0.810783750999677 0.999981117219596 0.00561062121168879 0.00250721635842573 0.795054614759264 0.999908207030673 -0.00832068959766598 -0.0106931584354258 0.810470369608177 0.00200000000000067 0.000999999999999446 0.0419999999999998 0.04

 5574 74 500 3 0.8 0.00199999999999978 0.302 1.077 0.0710000000000006 0.999908625250109 -0.0132890944434995 0.00247812818645967 0.803810501721272 0.999303809376895 -0.0291952972780068 -0.0232278105226255 0.798339827527851 0.999908599320208 -0.0132906782642213 0.00248009612242988 0.80360483689795 0.9993037440861 -0.0292003721414985 -0.0232242399724851 0.798199010603537 0.00200000000000067 0.000999999999999446 0.0429999999999993 0.0430000000000001

 5578 78 500 3 0.8 0.00300000000000011 0.298999999999999 1.019 0.0700000000000003 0.999954239162857 -0.0012585878962369 0.00948343485975769 0.7899811553354 0.999922298590264 0.0102013375769639 0.00716446045453183 0.804033788162907 0.999954247301742 -0.00125803482429931 0.00948265002974455 0.78991304582063 0.999922287862962 0.0102067939899019 0.00715818352293229 0.803819338006464 0.00200000000000067 0.000999999999999446 0.0409999999999995 0.0419999999999998

 5579 79 500 3 0.8 0.004 0.302 0.976 0.0710000000000006 0.999811966855893 0.00723263831495641 -0.0179922170605955 0.792935554918521 0.99983043046983 0.00697690194549259 -0.0170420992180122 0.792229099894441 0.99981194649997 0.00723061952801164 -0.0179941595297689 0.792847742406395 0.999830425764774 0.00698076259430381 -0.017040794248866 0.79214157460678 0.00199999999999978 0.00100000000000033 0.0410000000000004 0.0389999999999997

 5584 84 500 3 0.8 0.00300000000000011 0.297 0.962 0.0699999999999994 0.999384800996733 0.00877316866004555 -0.0339566053719082 0.810025863020224 0.999947946728405 0.00267763994090521 -0.0098455105501665 0.796082070699986 0.999384853605293 0.00877750892475013 -0.0339539352859706 0.809715483841962 0.999947936542309 0.00268139499872239 -0.00984552312674268 0.795967009271915 0.00200000000000067 0 0.0449999999999999 0.0389999999999997

 5572 72 500 3 0.8 0.00200000000000022 0.301 1.014 0.0749999999999993 0.999992186005918 0.00162294410806419 0.00360471628940708 0.803799149054897 0.999765470812991 -0.0211163720024351 -0.00480647516723105 0.794735015870317 0.999992197342267 0.0016194513640504 0.00360314194341821 0.803600990903645 0.999765344240873 -0.0211229821509268 -0.0048037568611399 0.794623657663405 0.00199999999999978 0 0.0430000000000001 0.0410000000000004

 5582 82 500 3 0.8 0.00300000000000011 0.301 1.044 0.0739999999999998 0.999983355726169 -0.0011655773283012 0.00565063714305803 0.809538658663796 0.999930373742302 0.00268811473371435 -0.0114900699196752 0.790296869452476 0.99998335555153 -0.00117556689415442 0.0056485982667628 0.809245386273564 0.999930340222699 0.00268816570807894 -0.0114929746907794 0.790225772016848 0.00199999999999978 0.00100000000000033 0.0429999999999993 0.0369999999999999

 5586 86 500 3 0.8 0.00300000000000011 0.277 0.899 0.069 0.999975182739414 0.000198231942179703 -0.00704234402543406 0.808907266914301 0.999812103246838 -0.000268691868696923 0.0193826212317496 0.803509232480627 0.99997520973989 0.000192090946670823 -0.00703867933142431 0.808630420956004 0.999812257343142 -0.000277306962521473 0.0193745494724305 0.803309162065593 0.00300000000000011 0.00100000000000033 0.0449999999999999 0.0439999999999996

 5587 87 500 3 0.8 0.00300000000000011 0.275 0.945 0.069 0.999443969238532 -0.0251910128664532 0.021844111872335 0.812859823506061 0.999746489089315 -0.020539458353615 -0.00922432675746424 0.821748051749667 0.999443596164329 -0.0251883950440584 0.0218641908429565 0.812475736989159 0.999746588388311 -0.0205361428430716 -0.00922094588755086 0.822252597847811 0.00200000000000067 0.000999999999999446 0.048 0.0469999999999997

 5585 85 500 3 0.8 0.00200000000000022 0.275 0.968 0.0700000000000003 0.999977869517305 0.00523346260701002 -0.00410747425704386 0.786701328541343 0.999821637792 -0.0163744386862174 0.00941118274367887 0.791536777607011 0.999977868447559 0.00523331741880397 -0.00410791965238962 0.786647931741269 0.999821600754274 -0.0163770787919331 0.00941052365192062 0.791452165428069 0.00199999999999978 0 0.0419999999999998 0.0440000000000005

 5588 88 500 3 0.8 0.00300000000000011 0.284 0.945 0.069 0.999970013999904 0.0055173397718237 -0.00543415705266446 0.811246599120453 0.999904716491885 0.00568521368437659 0.0125792003976934 0.810911942864606 0.999970081482225 0.00551778693534291 -0.00542126994054034 0.810921648510169 0.999904655974077 0.00567287379068449 0.0125895776068387 0.810583929205256 0.00199999999999978 0.000999999999999446 0.0449999999999999 0.0460000000000003

 5590 90 500 3 0.8 0.00299999999999967 0.277 0.926 0.0730000000000004 0.999674530254581 -0.0159415128124645 0.0199173725559495 0.790979585066373 0.999842726067302 0.00371643468851169 -0.0173410277525002 0.794483006990898 0.999674448812857 -0.0159431435800909 0.0199201547055928 0.790900242604157 0.999842717736166 0.00371596803385629 -0.0173416081010043 0.794377589825221 0.00199999999999978 0.00100000000000033 0.0429999999999993 0.0419999999999998

 5589 89 500 3 0.8 0.00300000000000011 0.281 0.937 0.0739999999999998 0.999869776737833 0.0138384076172809 0.0083022913014435 0.801660204805919 0.999755290941495 -0.0162744159919101 0.0149833780773613 0.803073165118574 0.999869824477741 0.013832944885747 0.00830564474553927 0.801488729053884 0.999755277026144 -0.0162806691404593 0.0149775121671464 0.802868740908119 0.00300000000000011 0.00100000000000033 0.0430000000000001 0.0440000000000005

 5591 91 500 3 0.8 0.00300000000000011 0.29 0.989 0.0700000000000003 0.999895137633568 -0.00194768942867739 0.0143499213460108 0.804810719002135 0.99999686552255 -0.00245854880594678 -0.000473796204497483 0.809808628146627 0.999895245811217 -0.0019520680048834 0.0143417863123997 0.804590179141596 0.999996859486969 -0.00245587927439586 -0.000499673081503702 0.809501289385187 0.00199999999999978 0 0.0449999999999999 0.0459999999999994

 5592 92 500 3 0.8 0.00300000000000011 0.278 1.021 0.0750000000000002 0.999738597374995 0.0048756841507498 0.0223375160378299 0.806261401306103 0.999747144813821 -0.00622722361544225 -0.0216071312916948 0.792207559356404 0.999738726908785 0.00487659480925468 0.0223315190228714 0.806006900352809 0.999747169417368 -0.00622845903633103 -0.021605636764378 0.792123131098592 0.00200000000000067 0 0.0449999999999999 0.0390000000000006

 5593 93 500 3 0.8 0.00299999999999967 0.291 0.948 0.0709999999999997 0.999965435550316 -0.00077843767313934 0.00827778590301945 0.810978130639709 0.999921386524555 -0.0125356228359943 0.00028094648091268 0.801474187689957 0.999965474922193 -0.000782233704494322 0.00827267031046273 0.810658082316952 0.999921430970178 -0.0125320769507093 0.000280951690075983 0.801297744332537 0.00199999999999978 0.00100000000000033 0.0440000000000005 0.0419999999999998

 5595 95 500 3 0.8 0.00300000000000011 0.279 0.908 0.0730000000000004 0.999955228052208 0.00319487361221442 -0.00890700138426305 0.775264017839278 0.999985098173338 0.00519199915645868 -0.00168717990140344 0.794942435792569 0.999955133245855 0.00319563070721879 -0.00891736730474593 0.775471321375147 0.999985116217425 0.00518655020421065 -0.00169323377077909 0.794832152766044 0.00200000000000067 0.00100000000000033 0.0449999999999999 0.0440000000000005

 5596 96 500 3 0.8 0.00300000000000011 0.279 0.959 0.0720000000000001 0.999901028563792 -0.00636041960608985 0.0125490294248469 0.793082901547345 0.999764438853608 -0.0216806799577184 -0.00100743252966883 0.807054091483303 0.999901016843038 -0.00636126364260305 0.012549535494472 0.792990222725512 0.99976458056184 -0.0216734677321378 -0.00102188574325112 0.806798668479503 0.00199999999999978 0.00100000000000033 0.0439999999999996 0.0439999999999996

 5594 94 500 3 0.8 0.00199999999999978 0.282 1.018 0.0719999999999992 0.999744942716874 -0.000171553472861346 -0.0225836241874439 0.801106550785332 0.999841453963107 -0.000863779114570844 -0.0177854103855018 0.809616700675571 0.999745126379347 -0.000166015444488421 -0.0225755336507402 0.800925664791772 0.999841305990489 -0.000865353007982848 -0.0177936505362341 0.809311737690924 0.00199999999999978 0.000999999999999446 0.0459999999999994 0.0439999999999996

 5597 97 500 3 0.8 0.00300000000000011 0.283 1.012 0.0709999999999997 0.999976743491618 0.00614806995475083 0.00295189968152996 0.810955171007399 0.999724937323193 -0.0182519310515261 0.0147280924436526 0.79385365100486 0.999976730732361 0.00614927701598369 0.00295370716228095 0.810633083150722 0.999725018928104 -0.0182477744810315 0.0147277036801691 0.79375311239379 0.00199999999999978 0 0.0430000000000001 0.0419999999999998

 5599 99 500 3 0.8 0.00300000000000011 0.285 0.967 0.0699999999999994 0.999822993756203 -0.0184764886796769 -0.00354972146138116 0.791496779226972 0.999648413559274 -0.00180898775241381 0.0264532952907137 0.796282673051542 0.999822943089266 -0.0184792132684483 -0.00354980975514355 0.791412959995536 0.999648419963192 -0.00181448173209111 0.026452677012695 0.796165953203112 0.00199999999999978 0 0.0419999999999998 0.0410000000000004

 5600 100 500 3 0.8 0.00300000000000011 0.287 0.939 0.0720000000000001 0.999860631560694 -0.0164632006261903 0.00277136792784196 0.799090049458662 0.999962225018184 0.00809473157682846 0.00316604759612914 0.810523464386983 0.999860676016409 -0.0164607169352371 0.00277008194605074 0.798942127057964 0.999962262588741 0.00809546514869136 0.00315227575432701 0.810215949881696 0.00200000000000067 0.00100000000000033 0.0419999999999998 0.0420000000000007

 5598 98 500 3 0.8 0.00300000000000011 0.283 1.065 0.0709999999999997 0.999454265664034 -0.0182818814567801 0.0275126090432374 0.813428313914524 0.999541554863741 -0.0302731683970545 -0.000464085961068301 0.809301355967597 0.999455099079708 -0.0182672790924369 0.0274920249914417 0.813026261547874 0.999542010551001 -0.0302581114196651 -0.000464582584064579 0.808994238993989 0.00199999999999978 0 0.0469999999999997 0.0430000000000001

 5602 2 1000 3 0.8 0.004 0.326 1.8 0.148000000000001 0.99999591690454 0.00269643137117181 0.000946272745763578 0.798649147513961 0.999955159058929 -0.00281929086728176 0.00904054591477546 0.796788858558329 0.999995908340904 0.00269966234703499 0.000946110280579211 0.79850758356639 0.999955119398657 -0.00282356955016364 0.00904359681833822 0.796664934974429 0.00199999999999978 0.00199999999999978 0.0710000000000006 0.0660000000000007

 5601 1 1000 3 0.8 0.004 0.325 1.902 0.145 0.999991909042962 -0.00346031901253691 0.00205135100442913 0.791524766927708 0.99994761352265 -0.00950300682743388 0.00380303452449224 0.80158355876568 0.999991902420178 -0.00346192852731642 0.00205186377329637 0.791444991212511 0.999947627373884 -0.0095006563655692 0.00380526450634471 0.801408048014222 0.00199999999999978 0.000999999999999446 0.0700000000000003 0.0670000000000002

 5603 3 1000 3 0.8 0.00300000000000011 0.326 1.943 0.145 0.999825315856859 -0.018397204219065 -0.00329858282506984 0.808414763064028 0.999845846748708 -0.00570242310392582 0.0166061768659266 0.795510844492362 0.999825413132122 -0.0183932453794686 -0.00329116690433367 0.808134512014779 0.999845853663988 -0.00570385130788253 0.0166052699824081 0.795397677881626 0.00200000000000067 0.00100000000000033 0.0720000000000001 0.0670000000000002

 5605 5 1000 3 0.8 0.004 0.323 1.869 0.143 0.999825761082765 -0.0116288421872268 -0.014601969204644 0.796462807708081 0.999998372953631 0.000428697691127881 0.00175222954529055 0.810652170787794 0.999825819376738 -0.0116275604449139 -0.0145989981072432 0.796343831171885 0.999998376531444 0.000437506965058523 0.00174800518672616 0.81032026664015 0.00200000000000067 0.00100000000000033 0.069 0.0720000000000001

 5614 14 1000 3 0.8 0.004 0.319 1.84 0.141999999999999 0.999916023014061 0.0125957466863132 0.00304862020547462 0.794675521883827 0.999999964455502 -0.00017315982104592 0.000202742867946065 0.807417105551236 0.999916031254544 0.0125959377849484 0.00304512585607006 0.794568945908508 0.99999996445708 -0.000169232201049241 0.000206024999898253 0.807153570572842 0.00200000000000067 0.000999999999999446 0.069 0.069

 5604 4 1000 3 0.8 0.004 0.327 1.916 0.143 0.999963881742554 0.00829678826758437 0.00184350611796793 0.803719597791033 0.999964077296768 0.00204790836514764 -0.00822497339516915 0.80157214479851 0.999963835192598 0.00830164605261792 0.00184688378858074 0.803512050070434 0.999963999754083 0.00205154317793995 -0.0082334905359526 0.801396901209067 0.00199999999999978 0.00100000000000033 0.0709999999999997 0.0679999999999996

 5616 16 1000 3 0.8 0.00300000000000011 0.321 1.879 0.141 0.999955113260646 -0.0078917251163963 0.00524329462995347 0.795629644199434 0.999943505204339 0.00134067793724378 -0.0105446186431757 0.802498384785033 0.99995512001147 -0.0078906450369376 0.00524363268611297 0.795515323222774 0.999943457791715 0.0013409504870532 -0.0105490791702694 0.802310107899872 0.00200000000000067 0.00100000000000033 0.0700000000000003 0.0680000000000005

 5606 6 1000 3 0.8 0.00300000000000011 0.323 1.963 0.143000000000001 0.999833781090563 0.00282434446844177 0.018012031214463 0.791146737797805 0.999950443032694 -0.00424990544655211 -0.00900276526490039 0.792798419413996 0.999833764596211 0.00282722443604518 0.0180124949786717 0.791067319548998 0.999950455247209 -0.00424814504634643 -0.00900223941941762 0.792709803414809 0.00199999999999978 0.000999999999999446 0.0670000000000002 0.0640000000000001

 5610 10 1000 3 0.8 0.00299999999999967 0.324 1.881 0.141 0.999789529476563 0.00100208278219708 0.0204912805634825 0.799137865435163 0.999993515688759 -0.00359529276841737 -0.000206034813970786 0.803600097166058 0.999789611494989 0.00100368784674095 0.020487199842948 0.798987869572589 0.999993537047603 -0.0035893838320675 -0.000205394084655363 0.803397373929132 0.00199999999999978 0.000999999999999446 0.0700000000000003 0.0680000000000005

 5613 13 1000 3 0.8 0.00300000000000011 0.32 1.929 0.141 0.999985057109895 -0.000788249985596704 -0.00540964128938463 0.807654300003759 0.999950087812632 -0.00225449817561562 -0.00973340235914192 0.796774877475435 0.999985091515592 -0.000788549350145467 -0.00540323389049225 0.807393996118813 0.99995013264175 -0.00225200301374012 -0.00972937367828759 0.796653964953423 0.00199999999999978 0.00199999999999978 0.069 0.0650000000000004

 5609 9 1000 3 0.8 0.004 0.321 1.915 0.141 0.999923200135708 -0.0119768999128911 0.00318554529749408 0.794873322650076 0.999956968416908 -0.00678845453858016 0.00632283160029169 0.791596206278746 0.999923227945545 -0.0119754429348678 0.00318229185896916 0.794766235041172 0.99995695688387 -0.00678877381990297 0.00632431257703634 0.791514955784876 0.00199999999999978 0.000999999999999446 0.0659999999999998 0.0640000000000001

 5608 8 1000 3 0.8 0.004 0.322 1.978 0.143000000000001 0.999940170385588 -0.0109244111814758 0.000559365335994956 0.794352403332342 0.999812546941398 0.0177969766154428 -0.00762486733686381 0.811763191138663 0.999940173830465 -0.0109241243075633 0.000558809459164958 0.794251390510081 0.999812520537291 0.0177986947401535 -0.00762431914439279 0.811426491967796 0.00200000000000067 0.00100000000000033 0.0659999999999998 0.0679999999999996

 5615 15 1000 3 0.8 0.004 0.322 1.886 0.144 0.999993417381299 0.00143549285992433 0.00333234966944665 0.801067456190992 0.999966372637938 -0.00561476524714579 0.00597729073608572 0.801799610262943 0.999993415324994 0.00143735268623371 0.00333216504846161 0.800898185908931 0.999966336014936 -0.00561980949158412 0.00597867695583197 0.801624885323849 0.00199999999999978 0.00100000000000033 0.0699999999999994 0.0670000000000002

 5612 12 1000 3 0.8 0.004 0.322 1.944 0.144 0.999927732875469 -0.000173812750755388 0.0120207660176766 0.79995106100158 0.999984490370177 0.00442543412327705 0.00338150142956443 0.809067627612058 0.999927708408915 -0.000173054220104782 0.0120228119977183 0.79979529075898 0.999984473074428 0.00442666912157576 0.00338499786495982 0.808778395999621 0.00199999999999978 0.00100000000000033 0.0680000000000005 0.0670000000000002

 5607 7 1000 3 0.8 0.004 0.322 2.041 0.148 0.999850633398565 -0.00223804237577468 -0.0171377378557802 0.796596173571673 0.999959186703632 -0.00248789821270165 -0.00868534912910712 0.795859470170153 0.999850678011632 -0.00223668889384495 -0.0171353115662157 0.796473923923605 0.999959180625528 -0.00248643448118221 -0.00868646799880846 0.795747165073518 0.00199999999999978 0.00199999999999978 0.0680000000000005 0.0649999999999995

 5611 11 1000 3 0.8 0.004 0.32 2.008 0.149 0.999810550269315 -0.0169073401297471 0.00964393176599096 0.806066333567456 0.999953159669036 -0.00639014275888388 0.00726942524772948 0.799064747879576 0.999810584570865 -0.0169107928861721 0.0096343169984236 0.805834338045119 0.9999531776305 -0.00639143966179725 0.00726581349303608 0.798917102081214 0.00199999999999978 0.00100000000000033 0.069 0.0679999999999996

 5520 20 500 3 0.8 0.00300000000000011 0.267 0.944 0.0710000000000006 0.999907610943329 0.00577919518446715 0.0123032711350682 0.808125369362798 0.999902307977731 -0.00996267668987182 -0.00980405905635809 0.799879691998733 0.999907519275819 0.00575975867416588 0.0123198244993182 0.807844933072001 0.999902369501484 -0.00995444284451216 -0.00980614771321138 0.79972019275549 0.00199999999999978 0.00100000000000033 0.0430000000000001 0.04

 5617 17 1000 3 0.8 0.00299999999999967 0.301 1.681 0.14 0.999985804956396 0.00212306922571451 0.00488696866893783 0.803004284343867 0.999950006066263 0.00164621476116974 -0.00986282642248611 0.803566155452772 0.999985786178396 0.00212521859436782 0.00488987598024466 0.802810203269392 0.999949990586929 0.00164455779748761 -0.00986467205999772 0.80336924218908 0.00200000000000067 0.00100000000000033 0.0680000000000005 0.0659999999999998

 5618 18 1000 3 0.8 0.00299999999999967 0.3 1.769 0.14 0.999888380511845 -0.00226585520202813 -0.014767952383567 0.797980760496842 0.999988993291913 -0.00183089842778658 0.00431985022582583 0.797173591555685 0.999888422811505 -0.00226811960977104 -0.0147647404635639 0.797848657338248 0.999988995469723 -0.00183092619466595 0.00431933429181961 0.797045543252612 0.00199999999999978 0.00100000000000033 0.0659999999999998 0.0649999999999995

 5619 19 1000 3 0.8 0.00299999999999967 0.301 1.831 0.140000000000001 0.999995790011375 0.00252765524061731 0.00142510298225204 0.799009088104547 0.999645753570712 -0.00891177304875634 0.0250788291028884 0.804872264095391 0.999995786610509 0.00253073467908019 0.00142202082007243 0.798861754863317 0.999645587454468 -0.00891356247085107 0.0250848138699565 0.80464694784067 0.00199999999999978 0.00100000000000033 0.0680000000000005 0.0670000000000002

 5620 20 1000 3 0.8 0.004 0.302 1.857 0.141 0.999966201326414 0.00472343874823821 -0.00672943765953454 0.808427276904532 0.999987080318871 -0.00478972323174636 0.00170227691730622 0.799134682302198 0.999966231524183 0.00471889995429471 -0.0067281345516278 0.808143623920283 0.999987078666271 -0.00478954095999654 0.00170375992720242 0.798987289687248 0.00199999999999978 0.00100000000000033 0.0709999999999997 0.0649999999999995

 5621 21 1000 3 0.8 0.00300000000000011 0.299 1.741 0.14 0.999977977027912 -0.00450003171891985 0.00487802969375247 0.811657446212484 0.999986105987329 -0.00403552341448602 0.00339151633770306 0.798374129260111 0.999977974799807 -0.0044966037426661 0.00488164624474829 0.811316747375145 0.999986075117372 -0.00404214437390578 0.00339273344292799 0.798238438577544 0.00199999999999978 0.00100000000000033 0.0699999999999994 0.0640000000000001

 5622 22 1000 3 0.8 0.00299999999999967 0.299 1.712 0.141 0.999988084326453 0.00196372638332596 0.00446933818380947 0.804322807428545 0.999942116905249 0.0105659371145579 0.00203071709999904 0.800712092397355 0.999988098224425 0.00196209111306661 0.00446694615617147 0.804110785143673 0.999942082797141 0.0105692095259952 0.00203048302430523 0.800550128579251 0.00199999999999978 0.00100000000000033 0.069 0.0640000000000001

 5623 23 1000 3 0.8 0.00300000000000011 0.299 1.823 0.141 0.99983866564295 -0.0120770894044057 -0.0132961120950006 0.79727303318994 0.99995877293502 0.00741281712376374 -0.00524428952091278 0.793588534345369 0.999838744154119 -0.0120720412195722 -0.0132947925560445 0.797147568259594 0.999958748507419 0.00741409215014569 -0.00524714408655164 0.793495863166775 0.00200000000000067 0.00100000000000033 0.0650000000000004 0.0629999999999997

 5624 24 1000 3 0.8 0.00300000000000011 0.298 1.76 0.14 0.999910879195674 0.0119616874612899 -0.00592888684426775 0.803778173628818 0.999977888737023 -0.00190899891576452 -0.00637006751819415 0.789904222822975 0.999910974114634 0.0119571160921543 -0.0059220959027476 0.803575651000651 0.99997787341032 -0.00190935619340996 -0.00637236602066823 0.789833264287811 0.00199999999999978 0.00200000000000067 0.0670000000000002 0.0630000000000006

 5626 26 1000 3 0.8 0.00300000000000011 0.298 1.779 0.141 0.999928842079716 0.00513120488702092 -0.0107694713670176 0.803043346909049 0.999861896200306 0.01520717507909 -0.00670301072966866 0.789883260041046 0.99992887565367 0.00513514835028721 -0.0107644732991702 0.802852473865121 0.999861905891574 0.0152065244048079 -0.00670304127954766 0.789813323273599 0.00199999999999978 0.00100000000000033 0.0670000000000002 0.0620000000000003

 5625 25 1000 3 0.8 0.00300000000000011 0.299 1.87 0.141999999999999 0.999919138420991 3.5763315283571e-07 0.0127167849433817 0.805143847479774 0.99992666482426 0.00186516548460827 0.0119660407464767 0.812276939481248 0.999919190018341 1.65522456319116e-06 0.0127127271002426 0.804916830961451 0.999926754233284 0.00186279432440823 0.0119589366498534 0.81192428474908 0.000999999999999446 0.00100000000000033 0.0680000000000005 0.0670000000000002

 5627 27 1000 3 0.8 0.00300000000000011 0.296 1.748 0.143 0.999928162550896 0.00497168237935219 -0.0109065169466233 0.810442411771083 0.999997402198541 -0.00227470715167193 -0.00014595733221695 0.79159368113615 0.999928236930293 0.00496779989420038 -0.0109014656669122 0.810128950256376 0.999997407131625 -0.00227232537041351 -0.000149222781358085 0.791511443563403 0.00199999999999978 0.00100000000000033 0.069 0.0629999999999997

 5628 28 1000 3 0.8 0.00300000000000011 0.299 1.845 0.141 0.999894810543144 -0.00717605210001759 0.0126044486252911 0.797249971232791 0.999980000986486 -0.00617929377461798 0.00134683165795226 0.804993642921641 0.999894796826314 -0.00718046211895321 0.0126030251694901 0.797122161848654 0.999980023543327 -0.0061737193643214 0.00135561923041754 0.804768876349614 0.00199999999999978 0.000999999999999446 0.0659999999999998 0.0679999999999996

 5631 31 1000 3 0.8 0.00300000000000011 0.298 1.837 0.141 0.999993192778255 0.00282156306556479 0.00237764148258212 0.802845909367456 0.999998925553494 0.000782560797209132 0.00123955252298159 0.80416620499 0.999993204126596 0.00281975104308941 0.00237501677457234 0.802653583540763 0.999998917551386 0.000789918635187474 0.00124133984283881 0.80395891493086 0.00199999999999978 0.000999999999999446 0.0680000000000005 0.0649999999999995

 5630 30 1000 3 0.8 0.00300000000000011 0.299 1.874 0.141 0.999939290316579 -0.00154883880828907 0.0109094811757087 0.801544092284227 0.999906316055777 -0.00821667976314541 -0.0109473871510644 0.79449726421602 0.999939299984541 -0.00154293551279912 0.0109094315355222 0.801368838799402 0.999906276109999 -0.00822098425821577 -0.0109478040565551 0.794391252627071 0.00199999999999978 0.000999999999999446 0.0680000000000005 0.0650000000000004

 5632 32 1000 3 0.8 0.00299999999999967 0.3 1.867 0.142 0.999941856456983 0.00855811995886982 0.00656066217184273 0.797700648298791 0.999775844668477 0.0160335656527373 0.0138269732729808 0.798830053084346 0.999941810793649 0.00856401838654656 0.00655992498388298 0.797568372343881 0.99977580992226 0.0160342403868798 0.0138287031028115 0.798683743492012 0.00199999999999978 0.000999999999999446 0.0659999999999998 0.0650000000000004

 5629 29 1000 3 0.8 0.00299999999999967 0.299 1.952 0.140000000000001 0.999922218333792 -0.0124655620927167 0.000408710338368022 0.805666676616962 0.999896213014986 0.00965890799183143 0.0106896536283528 0.799763215575095 0.999922240145505 -0.0124635633200711 0.000416235223560366 0.805432168194971 0.999896253716664 0.00965454290480193 0.0106897897397539 0.799611206599021 0.00200000000000067 0.000999999999999446 0.0680000000000005 0.0630000000000006

 5633 33 1000 3 0.8 0.00299999999999967 0.303 1.744 0.142 0.999982441364806 0.00425089956100064 -0.00412877887563124 0.792971500113535 0.999924564897227 -0.00187909301046868 0.0121381021807026 0.795439758426779 0.999982437044438 0.00425195973034039 -0.00412873359740048 0.792880254247019 0.99992456684976 -0.00187803253546867 0.0121381054582275 0.795328366482609 0.00199999999999978 0.000999999999999446 0.0659999999999998 0.0630000000000006

 5635 35 1000 3 0.8 0.004 0.301 1.79 0.142 0.999868152651629 0.00439712716065496 -0.0156314614080919 0.804612613776963 0.999869953660258 0.00339928830683367 -0.0157645363534595 0.794650627359211 0.999868387774496 0.00438673185288044 -0.0156193377862569 0.804392038360643 0.999869909791366 0.00339941157154822 -0.0157672919289558 0.794547685245872 0.00199999999999978 0.000999999999999446 0.069 0.0630000000000006

 5634 34 1000 3 0.8 0.00300000000000011 0.302 1.819 0.14 0.999937910023029 0.00563913315401223 -0.00961125777655821 0.809649263475361 0.999917500532511 -0.00526741255135406 -0.0117152248731604 0.806193501802769 0.999938122804536 0.005624672361652 -0.00959758422545896 0.809343586754028 0.999917446306132 -0.00527180940384527 -0.0117178751586126 0.805955050741854 0.00100000000000033 0.000999999999999446 0.069 0.0649999999999995

 5637 37 1000 3 0.8 0.00300000000000011 0.3 1.763 0.140000000000001 0.999838655505657 0.0179434245027323 -0.000834550030847016 0.804271500405121 0.99998424186753 -0.00560584178919668 0.000300922675332361 0.802845528606987 0.999838578379742 0.0179476581911471 -0.000835912094761675 0.804060151880158 0.999984255014752 -0.00560354086797065 0.000300087209437759 0.802654912867488 0.00199999999999978 0.000999999999999446 0.0680000000000005 0.0629999999999997

 5638 38 1000 3 0.8 0.004 0.302 1.811 0.139 0.999865037600317 -0.0148397378365942 0.00704902585171108 0.812450660532501 0.999964104135092 -0.00839403666767548 0.00115351190903045 0.804473493656233 0.999864830654786 -0.0148471750986792 0.00706270566180054 0.81209440980243 0.999964062742596 -0.00839794622067674 0.00116091455163782 0.804257816569277 0.00200000000000067 0.000999999999999446 0.069 0.0650000000000004

 5636 36 1000 3 0.8 0.00300000000000011 0.298 1.884 0.138 0.99988797456277 0.0148724183744868 -0.00168804515770621 0.80335409687469 0.999849076712989 0.0173703635416442 -0.000307028686218233 0.800834283077018 0.999887885977292 0.0148787856397583 -0.00168440308376924 0.803149979571569 0.999849137881308 0.0173668421948515 -0.000307034499988601 0.800668699513349 0.00100000000000033 0.00100000000000033 0.0679999999999996 0.0629999999999997

 5639 39 1000 3 0.8 0.004 0.303 1.905 0.138999999999999 0.999987820319395 -0.00101343538638729 0.00483033762612819 0.804246993594975 0.999963426910324 0.00593284238076979 -0.00616005057172104 0.79861626186682 0.999987835645782 -0.00101367561326781 0.00482711323836924 0.804039252171038 0.999963426888938 0.00593423493544626 -0.00615871254910564 0.798474778799889 0.00199999999999978 0.000999999999999446 0.0659999999999998 0.0630000000000006
