
 2400 100 10000 10 0.6 0.414999999999999 3.36 340.752 1.42700000000002 0.999982262773605 0.00268331266275902 0.00267093356794921 -0.000825577474328514 -0.000980317934472788 0.00278533188093583 -0.00195669502233707 -0.00255563282985723 0.000918488992144325 -0.000732033813034492 0.599873494271419 0.999962972793554 0.000955536833861884 0.00522761319985619 -0.00327653705305511 -0.00457699840203124 -0.000326340509174792 0.00281731249708904 0.000426945955212417 -0.00129918039337633 -0.00205269132142788 0.5973867052076 0.999982262850817 0.00268329373325464 0.00267095387835481 -0.000825582009677074 -0.000980336827072795 0.00278533405567831 -0.00195666256951982 -0.00255561332550716 0.000918480727149326 -0.000732050136971133 0.599867344830733 0.999962972872119 0.000955530425795645 0.00522760966194677 -0.0032765320266871 -0.0045770014478147 -0.00032634996711379 0.0028173107999352 0.000426923753694198 -0.00129918430347042 -0.00205266924174737 0.597381175757176 0.293000000000006 0.283000000000015 10.161 9.96700000000004

 660 60 5000 10 0.9 1.908 2.86 0 4.395 0.999994782192144 0.000274046538174918 0.00193030671640275 8.15184421407802e-05 -0.000629399685504873 -0.00146895307563791 -0.00129726828530669 0.000532418652928522 -0.000279464600132645 -0.00142454045738085 0.899415836418269 0.999993629932037 -0.00145352404725212 -0.00140126512188658 -0.00102925889503942 0.000536969751978965 -0.000422527498006234 0.00082527429837802 -0.00033889413372697 -0.000217603127561943 0.00250884462537271 0.899682961198583 0.999994782390583 0.000273949829677829 0.00193029619867668 8.14641113308812e-05 -0.000629490700709864 -0.0014688483211597 -0.0012972241333914 0.000532495940715524 -0.000279423724479679 -0.00142452425578298 0.899393180722813 0.999993629538606 -0.00145347076030412 -0.00140151416056747 -0.00102930715062063 0.000536996348372324 -0.000422493238271416 0.00082509488312652 -0.000338854121646278 -0.000217894699544978 0.00250891259407898 0.899659311752655 1.192 0.718 27.903 14.277

 662 62 5000 10 0.9 5.288 2.531 0 2.397 0.999994245931146 -0.000920476019827115 -0.0012165225994635 0.000540877364613822 -0.00160086002447294 -0.000715531008454807 -0.000653752476271353 0.000296838711122559 -0.00229848498214239 0.000122787463179719 0.900190950084502 0.999990302242973 0.000263264381453429 0.00124597899034235 -0.00130675734373026 0.000129190094545346 -0.000258632056657613 -0.00285159128172882 -0.00152731259980634 -0.00025759127025739 -0.00233491819404483 0.900821414538873 0.999994246047087 -0.000920615574985432 -0.00121647972720542 0.000540907264028599 -0.00160079451476847 -0.000715499015304262 -0.000653695566065783 0.000296646791089935 -0.00229847962186723 0.000122997488892399 0.900165561093513 0.999990302656812 0.000263334070523658 0.00124592422042428 -0.00130664144420869 0.000129040450540626 -0.000258640325895037 -0.00285158472573291 -0.00152718229386084 -0.000257634371446039 -0.0023349230278493 0.900793422974812 0.386999999999997 0.431000000000001 39.584 48.783

 664 64 5000 10 0.9 5.171 4.169 0 1.266 0.999993841861659 -0.000133953803181932 -0.000392585463529227 0.000967473571152415 -0.00101657019731313 -0.00236789211149988 0.000670639228285899 0.00181036776127368 0.000343397166447237 -0.000850134485943078 0.901993266067755 0.999979915814092 -0.00219408105793575 0.0014886930469857 -0.00158592808136775 -0.00103614191873509 -0.00302925421880297 -0.00400768469595167 -0.000476283780572354 -0.00195133610779113 0.000525866161978713 0.900524702745503 0.99999384306983 -0.000133777897572412 -0.000392498491986156 0.000967237749616828 -0.00101667813828822 -0.00236764248696676 0.000670693402552157 0.00181010126567193 0.000343627987490155 -0.000850047155942972 0.901960395686059 0.999979915367921 -0.00219420570508719 0.00148878461525224 -0.00158593218534982 -0.00103634179814432 -0.00302919124055546 -0.00400766626889965 -0.000476383992278297 -0.0019513453868526 0.000525907043068518 0.900498129835036 0.465 0.975999999999999 45.988 49.381

 663 63 5000 10 0.9 5.334 4.561 0 1.131 0.99999609788648 0.00159760450853361 -0.00128877456445819 -0.000505501436603571 0.000942185346657634 0.000727392429959278 0.000789250473054523 0.000363447859936659 0.00060676460924454 -0.000891859375494114 0.901951928463242 0.999986657668292 4.02082157353819e-05 0.000755979589741858 0.00101944156540452 0.00290634207434706 0.000243709457688773 0.000984201531670168 -0.00224901922448351 -0.00275598232491634 -0.00171572293715606 0.900118827228973 0.999996097154229 0.00159757132755303 -0.00128903848993607 -0.000505673195694235 0.000942155696416046 0.00072757521064267 0.000789280971724626 0.000363335280015599 0.000607035890236308 -0.000891977555548093 0.901919437860583 0.999986658507705 4.01592543716123e-05 0.000755833614545165 0.00101937749561578 0.00290613524990323 0.000243730084749959 0.000984052403793562 -0.00224912931807547 -0.00275603577975594 -0.00171553997613209 0.900093618082089 0.443000000000001 1.023 46.48 49.268

 665 65 5000 10 0.9 5.734 4.66 0 1.227 0.999987269483828 0.0018079987483907 0.00234630728169909 0.0011150230788104 0.00100614972641567 -0.00102293395941422 0.00020732364121547 -0.00344965599987284 -0.00118017087052458 -0.000221206751050202 0.900420543228246 0.999989393230742 -0.00267705143319073 -0.00254373736751349 -8.85885077135579e-05 0.00213619330093517 0.000868016557760404 -0.000446541273659477 0.000570510804225159 -0.00124814656698652 -0.000410910956502462 0.898839281234694 0.999987269592802 0.00180797296823278 0.00234634277623276 0.0011149889893605 0.00100608977783748 -0.00102315309311549 0.000207210185650568 -0.00344960472161356 -0.0011800941776869 -0.000221294488545655 0.900394306263908 0.999989393349174 -0.00267714436587492 -0.0025436722341382 -8.86281446403585e-05 0.00213616799784775 0.000868084365589739 -0.00044648588814773 0.000570449211330395 -0.00124800547878989 -0.000410974457793848 0.898818617424959 0.526 0.893000000000001 48.987 50.151

 667 67 5000 10 0.9 5.399 4.674 0 1.157 0.999994733844028 0.00150696649385999 -0.00176404117842634 -0.00130898500022547 -0.000256884198605279 -0.00068510298763415 -0.000194014474584066 0.00134191212587658 0.00103025746827256 -2.99561748392283e-05 0.899813327098837 0.999996408726804 0.00030871619734508 0.00082720137739983 0.000655472184209982 -0.000959276870729712 0.00153481182350298 0.000813516674087197 -0.00119746548350926 0.000546034727667651 -0.000550976920119593 0.898537614783411 0.999994734518948 0.00150694863201773 -0.00176389616768774 -0.0013088769115286 -0.000256909337652785 -0.000685052455827099 -0.000194006724229568 0.00134182188586517 0.00103016313112338 -2.98631129271566e-05 0.899789447382335 0.999996408655404 0.000308758996243415 0.00082720715174029 0.00065550318485406 -0.000959446699200726 0.00153478473255822 0.000813485814807617 -0.00119744204368903 0.000546024525660274 -0.000550923346820661 0.898517882277039 1.131 1.707 49.968 49.418

 682 82 5000 10 0.9 8.659 0.846 0 1.128 0.99999274197561 0.000189492858827719 0.00191298931917457 0.000846252610321991 -0.00138197396820397 4.33104778244592e-05 -0.000990352220631229 -0.00263358328820598 -0.000460388441130055 0.000253324145115461 0.901679767397949 0.999998253806026 -0.00103183888530124 -8.79667778492096e-05 -0.000857642571483119 0.000446112139385474 -0.000861770195283679 0.000451670045668503 6.93707506854225e-05 -0.000730610436106922 -1.14380382089657e-05 0.899584878637306 0.999992741919947 0.000189598024626329 0.00191290158397297 0.000846109490375275 -0.00138217830017827 4.32960199763137e-05 -0.00099033936726948 -0.00263361925516232 -0.000460387364311455 0.000253171698013861 0.901648272615949 0.999998254057448 -0.00103171672173438 -8.80085646561784e-05 -0.000857677087762498 0.000445993720772644 -0.000861729845797782 0.000451738546775646 6.92528317328552e-05 -0.000730480861828146 -1.15101251218067e-05 0.899561555211137 1.087 1.808 50.919 49.152

 661 61 5000 10 0.9 5.416 5.354 0 1.154 0.999990793737838 -0.000906530238903189 6.70699186105144e-05 0.00127851827606302 0.00147264599673753 0.0024973372946474 0.000332117893894852 -0.000533519570136325 -0.000968907465293816 -0.00249247432102667 0.901815371013017 0.999997127303797 0.000257138061734166 0.00119266669769916 0.00157381975260424 -0.000789729673688725 0.000403004504929047 0.000265527228605848 -0.000468271512478613 0.000774845186876321 0.000321944302125691 0.899931311794826 0.999990793255633 -0.00090653070934633 6.70530714190175e-05 0.00127860938355483 0.00147270390739241 0.00249742645968895 0.000332271847701979 -0.000533652935710009 -0.000968990318790907 -0.00249241649365793 0.901783424424845 0.999997127752156 0.000257108609852869 0.001192512396913 0.00157373017760926 -0.00078988750705281 0.000403020290205469 0.000265361856268975 -0.000468141229781642 0.000774592434133773 0.000322111657444067 0.899906760905638 1.09 1.653 49.934 50.099

 668 68 5000 10 0.9 5.897 4.376 0 1.144 0.999994757459308 -2.80157819935187e-05 -0.00144672730395146 -0.00116328106810637 0.000817950435084499 0.00144127978326106 0.000421550473585156 -0.00192011035915211 1.94202918709022e-05 -0.000653291826772419 0.899789473803172 0.999996029590263 0.00135913843638638 -0.000110582881463764 -0.00046135148511172 0.00141932841913553 -9.17935941975269e-05 -0.000175039717399623 -0.000319133435567317 0.00191821958842455 0.000183035482863626 0.899130111857557 0.999994757620243 -2.79454460652657e-05 -0.00144671055318547 -0.00116323761313414 0.000817942206650511 0.00144118443781803 0.000421537175787413 -0.00192015470717143 1.92991065106692e-05 -0.000653265437893327 0.899765394713172 0.99999602964717 0.00135916043527459 -0.000110550012291291 -0.000461234990988814 0.00141924702235192 -9.18224330269466e-05 -0.000175020836154301 -0.000319154243018819 0.00191826446268661 0.000183002849272898 0.899108412155712 0.977999999999998 1.83 50.562 49.187

 666 66 5000 10 0.9 5.252 4.165 0 1.118 0.999995755955971 -0.000699103501297803 -0.000884846070708219 -0.00204562734708443 0.000204997905723192 -4.18012691739169e-05 0.000570847569371959 0.000266980125657861 -0.00159929403347294 -0.00018199532878378 0.901398392429023 0.99999649443945 0.000658282347132549 0.000591673415264807 0.000914500255040275 0.000330802693605926 -0.00162086814437608 0.000123122285896432 0.000334569153753651 -0.000830977605302734 0.00135540460937245 0.901206735647021 0.999995756129283 -0.000699201634865129 -0.000884826103527581 -0.00204557800148671 0.000204883356193951 -4.15370907308682e-05 0.000570767195082367 0.000266872882415187 -0.00159930339219162 -0.000181834313645021 0.901368030719719 0.999996494037843 0.000658397010323469 0.000591605690653933 0.000914486072887386 0.000330634986217064 -0.00162109072063977 0.000123117768346182 0.000334446788874312 -0.000830933288269657 0.00135551685394693 0.901177065060705 1.134 1.541 50.857 50.772

 673 73 5000 10 0.9 8.673 1.559 0 1.206 0.999990997575041 0.000390204633797905 0.00130959919538084 -0.00147976675009546 -0.00167950881197722 0.00051543113764454 -0.00116752943602502 -0.00236647962106651 0.0013348848968731 -0.00145466901928198 0.899540275205865 0.999989666028488 -0.0011395020026432 -0.000881277566043909 0.000651380059990949 -0.000880397381227989 -0.00145382036551014 -0.000885645645221963 0.00162106363195191 -0.00162629711017504 0.00303688562269659 0.89985794721228 0.999990996942445 0.00039012851193313 0.00130948719313398 -0.00147977855164606 -0.00167982187052354 0.000515416741679128 -0.00116771233195129 -0.00236648519119456 0.0013348932478807 -0.0014546932184527 0.899517191304207 0.999989666100873 -0.00113936821372576 -0.000881310567669138 0.000651420520791473 -0.000880488909604781 -0.00145375706011458 -0.000885664221873198 0.00162118613900763 -0.00162622217123897 0.00303686681563636 0.899833608786136 1.061 1.863 50.6 49.94

 687 87 5000 10 0.9 8.832 1.279 0 1.155 0.999986699322432 0.00114146370091883 0.0023100792864653 -0.00292599560425327 -0.0013283764670744 0.00033053050099601 0.00202165841596934 -0.00220910449236071 -0.000270519010126939 -0.00069718137273958 0.899197452367926 0.999989016105373 -0.000683846214793287 -0.000421767493480221 0.000717160589176948 -0.0010332037406378 0.00382927475620499 -0.00139119661202311 6.89685628191939e-05 0.00027136713185275 -0.00175018167890517 0.901651478094541 0.999986699412322 0.00114149411893754 0.00231003734782363 -0.00292595790271311 -0.00132828772218363 0.000330728274399434 0.00202173292764054 -0.00220910532080403 -0.000270521189272408 -0.00069715558062296 0.899175461894487 0.999989016113829 -0.000683890942569268 -0.000421545249671776 0.000717394078606739 -0.00103299401827314 0.00382925923289711 -0.00139101442322012 6.89660546612192e-05 0.000271620604379847 -0.00175038055995147 0.901620190976655 0.91 1.602 50.504 48.579

 688 88 5000 10 0.9 9.133 1.024 0 2.279 0.99998925651292 0.000539107577424753 0.000692835346710697 -0.00273972379910754 0.000224179074868625 -0.000781426454730441 0.000464474787261791 -0.00308545553275122 0.000673979977873453 -0.00153597174408642 0.899261286761651 0.999987951270847 0.00251327551863572 0.00212786944477842 0.0021479044944677 -0.000389820956287853 0.00251151250588428 -0.00119253424917789 0.000555220182168386 0.000413412720410089 0.000527697168695567 0.897393818212321 0.999989255743097 0.000539265028920669 0.000692699077889351 -0.00273979191553218 0.000224110564822493 -0.00078138820346197 0.000464666095342523 -0.00308559266041601 0.000674106701905576 -0.00153599813829529 0.899238957004949 0.999987951281231 0.00251330350397135 0.00212786396799027 0.00214788717451586 -0.000389774426258288 0.00251149048210938 -0.00119255783607935 0.000555209872344698 0.000413446390567787 0.00052770713915879 0.897386964143353 2.033 2.919 50.742 46.609

 674 74 5000 10 0.9 9.17 0.797000000000001 0 1.862 0.999988853718979 0.000925373351911945 0.000605362363459201 -0.00132103403147861 -0.00127849305264062 -0.00276299021109116 0.000594845303561974 -0.00180289222649679 0.000355397947820239 0.00251501472169616 0.900662859075257 0.999988654205888 0.00164575009938442 -0.00184846791004795 0.00151445227207538 0.00170131014015314 0.00206370760118489 0.00150797128442306 -0.00049900106753544 0.00108815041227499 -0.00184720620709772 0.898723059727631 0.999988854094494 0.000925236995922752 0.000605242766756345 -0.00132091205096139 -0.00127841124719026 -0.00276302196388 0.000594832988699835 -0.0018029365007904 0.00035556335520739 0.00251496292813572 0.900635594707294 0.999988654034273 0.00164580076673372 -0.00184850272356647 0.00151460243971408 0.00170125134214734 0.00206370260105662 0.00150799587977272 -0.00049910035823376 0.0010880613009186 -0.00184716133569084 0.898702691066993 1.393 1.851 51.599 48.549

 677 77 5000 10 0.9 9.34 0.991 0 1.931 0.999983817124777 -0.000636348651204463 -0.00235430514565305 5.94170504444544e-05 -0.00157413047593006 -0.000351625375884942 0.00373187634259073 0.00186304096290206 0.00106786965875224 -0.00229664329297084 0.898741463139028 0.999993804622083 -3.40918426472815e-05 -0.00166556794353876 -0.000820715462569782 -0.00117324614071532 -0.000569140388723883 0.00215829304315302 0.000434082668147662 -0.000323490778336836 -0.00151331905335836 0.899220069360416 0.99998381717931 -0.000636375293317949 -0.00235436765282755 5.92950628302057e-05 -0.00157401907279304 -0.00035153390440551 0.00373180611583781 0.00186311796427096 0.00106781329598935 -0.00229671945074615 0.898721062476508 0.999993804506751 -3.420825715371e-05 -0.00166559540049532 -0.000820793513596108 -0.00117333774404561 -0.000569156365432525 0.00215825919142642 0.000433885973356827 -0.000323434476246668 -0.00151335977678377 0.899198021430518 1.7 2.018 51.215 48.305

 689 89 5000 10 0.9 8.608 1.872 0 1.914 0.999988164657968 -0.00025292745030049 -0.000585525365528571 -0.00078669515201675 -0.00273121851265596 -0.00237179218639507 -0.001288180191227 -0.000729156319667456 -0.000503658400008063 -0.00266742212831208 0.899525803031796 0.999988329439846 0.000619645995214865 0.00201729938039246 -0.00282667907054366 0.0010024690050154 0.000432962525934813 -0.000696303856706179 -0.000218853108771284 -0.0030270792871322 9.52164894369362e-05 0.902725975665326 0.999988165090097 -0.000252980412385809 -0.000585626196199627 -0.000786789788031184 -0.00273125310885473 -0.00237163689394181 -0.00128814763392045 -0.000729306735318233 -0.000503731706403869 -0.00266726846532978 0.899502858657436 0.999988330321569 0.000619637433875299 0.00201725981661884 -0.00282663490970363 0.00100222733237911 0.000432863605036913 -0.000696206275439924 -0.000218964594720907 -0.00302695751530414 9.5483265535151e-05 0.902689552466712 1.479 1.927 50.961 49.176

 685 85 5000 10 0.9 8.709 1.472 0 2.218 0.999995664680066 -0.000957049441548167 0.000412966896384519 0.00042611959737314 -0.00066019274766802 -0.00224489441258929 0.000755146783485359 -0.000193686452786672 0.000537664874435993 -0.00101504081693165 0.900036289129401 0.999991660118098 -0.00240070153967809 -0.000138454226989072 0.00115213123461686 0.00219950952412825 0.000881861518676439 -0.000644881241856783 0.00183064511529442 0.00039297267518941 -0.000180741947353714 0.899809960181036 0.999995664494184 -0.000956965138044163 0.000412812108832358 0.000426131823528235 -0.000660183006200624 -0.00224493599668635 0.000755300599882534 -0.000193807449759016 0.000537663546842777 -0.00101513878266186 0.900011527923543 0.999991660286879 -0.0024007356873786 -0.000138626985471897 0.00115204967972462 0.00219964115437944 0.000881905392164862 -0.00064478167967801 0.00183044317968022 0.000392827773059944 -0.000180641382179263 0.899786021023341 1.832 2.636 51.145 48.231

 678 78 5000 10 0.9 8.946 1.197 0 2.271 0.999988832091908 0.00116884174471952 0.00185581635636551 0.000745244231642002 -0.000504823953000489 0.00221153989057797 0.000731123942207468 -0.00196089764999145 -0.00168993655093486 -0.0021421376831815 0.899745397607827 0.999994304026694 0.000348432623527939 -0.000590302672068573 0.00114131016498019 0.000774873484089716 0.00176538476496487 0.00180759661842014 0.000255364608161762 -0.000959620832630358 0.00128411903338034 0.899307074122019 0.999988831856912 0.00116885827484754 0.00185584896310215 0.000745272998701781 -0.000504790327724012 0.00221157530774583 0.000731206575688434 -0.00196095946555251 -0.00168994054026506 -0.00214208352711722 0.899721739932353 0.999994304195336 0.000348443401201223 -0.00059044081908853 0.00114127236503327 0.000775023715742459 0.00176533102552819 0.00180758980865286 0.000255270815180514 -0.000959594290270504 0.00128398614234374 0.899284920762732 1.815 2.691 51.603 47.826

 675 75 5000 10 0.9 8.539 1.66 0 2.313 0.999995841359756 -0.000111007158796695 -0.000417128279003147 -0.000525671862039811 -0.00098635520567185 -3.34374872093036e-05 -0.00112490385030842 -2.27162852437219e-05 -0.00209162454572283 0.0011134545776787 0.901479353473332 0.999986854457909 0.00228276708466448 -0.00391257481527857 0.000374959980584466 -0.00117765224681378 0.000835149211007941 -0.0012529236943922 0.000609297871410102 -0.00114416034499931 0.000544559956989727 0.900491883705087 0.999995841094479 -0.000111156367629005 -0.000417123136883368 -0.000525589206415567 -0.000986271421543084 -3.3540372903481e-05 -0.00112494240443611 -2.28833453744588e-05 -0.00209184376398527 0.00111333580466037 0.901448617827104 0.999986854553521 0.00228290660157032 -0.00391254030561354 0.000374958072574973 -0.00117744545327562 0.000835093134489468 -0.00125291563983431 0.000609495079057895 -0.00114402788620486 0.000544658066082477 0.900465159392931 1.915 2.822 51.659 47.827

 671 71 5000 10 0.9 9.146 0.740000000000002 0 2.296 0.999987945996065 -0.00103132770357849 -0.00167842574483194 0.00124560400839925 -0.0031313283237804 -0.00116044407150086 0.000146438442830258 -0.000904645711954115 0.000310502429855158 -0.00256661178541005 0.900251053647861 0.999993980974353 0.000510769793967 0.00139528110197083 0.000715083322592601 0.00124537782355336 0.00044591698175906 0.00232722588551122 -0.00028594238079412 -0.00091411389611432 -0.00111167455245669 0.898468625015523 0.99998794560053 -0.00103141275748375 -0.00167831315774978 0.00124557066276695 -0.00313141241201996 -0.00116063719286835 0.000146542137361707 -0.00090485553308445 0.000310335085980433 -0.00256657196215429 0.90022538418436 0.99999398086544 0.00051085883375661 0.00139537710232412 0.000714977866286178 0.0012453416999156 0.000446095416256826 0.00232720891645935 -0.000285898579426919 -0.000914105278776536 -0.00111170169810613 0.898449052411538 2.004 2.548 51.181 48.399

 672 72 5000 10 0.9 8.32 0.872 0 2.339 0.999992324133369 0.00033143375771023 -0.000648435427534938 -0.0025560811813676 0.00146749171127838 -0.00141272062705517 -0.000167726218721809 -0.000453335139286682 -0.00180848234258565 0.000796392986712775 0.901438018251874 0.999992685354245 0.000932093382040158 0.000271367235334212 -0.0021791495907569 0.00151091487238828 -1.62008725135982e-05 0.00228431267029781 0.000116297666205941 -0.00108594455114031 0.000494060226692743 0.900453149517347 0.99999232357656 0.000331353676792883 -0.000648349030227181 -0.00255615549030044 0.00146777539821256 -0.00141259778979241 -0.000167617460707599 -0.000453322231887066 -0.00180863673743033 0.000796332025522318 0.901407735856456 0.9999926862618 0.00093217014518857 0.000271242235631473 -0.00217896308167267 0.00151071971616001 -1.62732709655574e-05 0.00228418981011827 0.000116425117314326 -0.00108601324181913 0.000493951140730884 0.90042674181256 1.763 2.806 51.286 47.362

 680 80 5000 10 0.9 8.479 0.736000000000001 0 2.269 0.999985248142268 0.00304430252461001 -0.00331804344930893 -3.18372301757274e-05 0.00113774649135905 -0.000324587232971469 0.00121164665041745 -0.000394740347643773 0.000132387095667817 -0.00248677224611806 0.900946232107814 0.999987381379929 -0.00142809126463601 0.00269140566321199 -0.00224668868232698 -0.00208304539928441 0.00117671382815586 0.00178741831579134 -0.00086979842269915 0.000433077526812021 0.00102159606924103 0.899296432429343 0.999985247876712 0.00304426276689138 -0.00331805811208294 -3.18035857753631e-05 0.00113766808678117 -0.000324851113201566 0.00121161612516213 -0.000394888416822087 0.000132363467493685 -0.00248690260115275 0.90091783075241 0.99998738132961 -0.00142802603494279 0.00269145655982725 -0.00224681127674754 -0.00208294769263118 0.00117671743781084 0.00178740672391303 -0.000869759886538388 0.000433161262162078 0.00102154545255586 0.899274175465337 1.808 2.706 51.83 47.538

 692 92 5000 10 0.9 8.824 1.326 0 2.219 0.999988873401586 -0.00113678631463822 0.00043321805349426 0.00124083400527395 -0.000826321680128568 0.000355752099863699 -0.000580617679480048 -0.00123394014275811 -0.000684438446435269 -0.00401196893832383 0.902097675083979 0.99999300315461 -0.00256063947853372 0.000147922472304972 -0.00032939078940427 -0.000374089502040573 -0.000511221302599073 0.000421263506743493 0.00121801339352832 -0.000288354494245279 0.00227176800671528 0.900176602180027 0.99998887349741 -0.00113675495846476 0.000433033346699162 0.00124077497347078 -0.000826221616678319 0.000355543973008978 -0.000580573800610747 -0.00123390011417797 -0.000684351424987395 -0.00401206469928936 0.902064517829954 0.999993003393931 -0.00256051004546089 0.00014816181208544 -0.000329255556501798 -0.000373882220895909 -0.000511283262794068 0.000421336908284675 0.00121798650900259 -0.000288357775392778 0.00227183312004694 0.900151189948573 1.92 2.903 51.328 47.107

 669 69 5000 10 0.9 9.189 1.313 0 2.267 0.999983732558665 0.00221309416835952 0.00210923100734689 -0.0030710677301068 0.000238611989593955 0.000445674634843863 -0.000170456863576765 -0.00149202888553381 -0.00196771332104349 -0.00271548463154967 0.90065836851936 0.99999380059782 0.00209216421663454 0.00131641657766921 -0.00036445884519084 0.00124730341450644 -0.000121160152848036 -0.00106260364140384 3.79473668973173e-05 -0.00180701920160376 -0.0004353176725084 0.898571422382283 0.999983732028637 0.0022133238234654 0.00210920672214986 -0.00307093817636667 0.000238654683641147 0.000445585336355179 -0.000170478439249248 -0.00149210423408482 -0.00196768608906721 -0.00271564589250984 0.90063119338209 0.999993800606719 0.00209227484203582 0.00131622145182002 -0.000364440307769699 0.00124724399944016 -0.000121117165912315 -0.00106267866051742 3.79165757732739e-05 -0.00180705142957327 -0.000435239053056182 0.898551504028795 1.846 2.664 51.515 47.231

 683 83 5000 10 0.9 9.071 0.959000000000003 0 2.806 0.999992712583801 -0.00114006013537546 0.000890480602091682 0.000934000697530011 0.00140908139730172 -0.000435025113369716 -0.000218519789525355 -0.00281725311907489 -0.000811875829869721 -0.000889473744001101 0.899144881962942 0.999994884832996 -0.00175567890160347 -0.00129014523625463 -0.000793459137390747 -0.00107817984925333 0.000871989448156895 -0.000775935437782558 0.000256906890729048 -0.00139745580226028 -0.000556821556235521 0.901031255215744 0.999992712622148 -0.00113993796958102 0.000890593821711851 0.000933866180583898 0.00140891458579574 -0.000435123724693784 -0.000218446981379819 -0.00281730232712372 -0.000812007409400541 -0.000889573010308179 0.899123221739673 0.999994885485123 -0.00175548609047582 -0.0012900834107228 -0.000793607985411919 -0.00107812628009964 0.000871847138993558 -0.000775869855909741 0.000256846403518019 -0.00139737999874131 -0.00055682552194145 0.901002705094363 1.788 2.489 51.234 46.245

 670 70 5000 10 0.9 8.694 0.812999999999999 0 2.623 0.999996420198575 0.000256344018835 -0.000694079723325858 0.00168160204074543 0.00100338278217748 -0.000449243775252374 -0.000285380409869326 -0.001197107997127 0.000752354004004823 -0.000703706354936333 0.899737052379236 0.999994541904358 0.00172123711757748 0.000381061226388192 -0.00037962292115613 -0.00142757405721062 0.000566817087959395 -4.95841268848462e-05 -0.00221758308060782 -0.000613458390676707 -9.20285554736631e-05 0.89957028059846 0.999996420563426 0.00025629727291775 -0.000694055808617914 0.00168151063574717 0.00100332932251063 -0.0004490557030113 -0.000285375782704127 -0.00119705520882376 0.000752496952157779 -0.000703582001091297 0.899713394540154 0.999994542086204 0.00172112847413877 0.000381049744916206 -0.000379622000465001 -0.00142752988814436 0.00056674562728163 -4.9563388321628e-05 -0.00221763626570747 -0.000613471131979214 -9.1905682781567e-05 0.899547084616279 1.803 2.385 51.13 46.142

 691 91 5000 10 0.9 9.112 1.331 0 3.19 0.999994822864275 -0.00031319594109517 -0.00011832508249387 -0.000521592175673284 -0.000282449993937351 -0.00150789793924059 0.00127681295497545 -0.00147013927143954 0.000513147880854124 -0.00188724083924923 0.900289117313329 0.99998984805656 -0.000149148253378518 -0.000640386476462634 0.00101549724818858 0.00227447360173149 2.05881971975177e-05 -0.00178954394678927 0.000490295390512506 0.00276165143682888 0.00161151460178531 0.902488430072078 0.999994823197531 -0.000313203416120978 -0.000118463849627223 -0.00052165278527702 -0.000282430860701614 -0.00150787016211648 0.00127683493259182 -0.00147012791985574 0.000513025757165829 -0.00188708978521347 0.900263389470202 0.99998984788592 -0.000149396786192116 -0.000640539287776247 0.00101551600685287 0.00227442608695876 2.06447521428386e-05 -0.00178949223250918 0.000490298042702438 0.0027616436053606 0.00161166128589698 0.902453070099158 1.941 2.199 51.011 45.815

 676 76 5000 10 0.9 7.438 0.861000000000001 0 4.258 0.99999189731398 -0.000679466064907304 0.000454280727242805 -0.00161497890381116 -0.00237117904752697 0.000470231123241449 -0.00154830187160653 -0.00183604957148687 0.000671116070832207 -0.000931012102306299 0.900310289813114 0.999994531716798 0.00116808259960164 -0.00020847073203043 -7.07478342251018e-06 -0.000472669855483978 0.000832981612343305 0.00284770493495664 0.000553722867336134 -2.73624961573469e-05 -0.000441081815220832 0.901441008193697 0.999991897159618 -0.000679300851970663 0.000454322841341565 -0.00161513446354347 -0.00237120856464901 0.000470129663252794 -0.001548305748372 -0.00183607564825346 0.000670875799421616 -0.000931099408080028 0.900284504171118 0.999994532769494 0.0011679364900735 -0.000208551722472395 -6.90675327617743e-06 -0.000472564750690259 0.000832879646049283 0.00284747056667879 0.000553709845141961 -2.7229484653878e-05 -0.000440889257452809 0.901410620512788 2.714 2.894 50.334 43.967

 686 86 5000 10 0.9 7.813 0.841000000000001 0 4.063 0.999995883186173 0.000441553204731233 0.0012095185573032 -0.000348748216892366 0.000160700334892941 -0.00118053804988443 -0.00156837397473511 0.000901900713718496 0.000871339714235388 -0.00100106523772893 0.899842716022093 0.999993623725813 -0.000124466842483717 0.000635352461584403 -0.000382784973932158 0.000426003621531134 0.00121896903446585 0.000246920219338365 0.00130781795613493 0.00283872159448087 -0.000830515714250867 0.899087093107668 0.999995883423248 0.000441513500423396 0.00120945114453971 -0.000348764922138626 0.000160536798132539 -0.00118060520296808 -0.00156823425327517 0.0009017729995811 0.000871381829593735 -0.00100116588356065 0.899818427263493 0.999993623016964 -0.000124496841645968 0.000635358597518902 -0.000382782313452853 0.000426166391793492 0.00121917516682041 0.000247094557952818 0.00130788648528683 0.00283885007023994 -0.000830376248575018 0.899065471060433 2.506 2.56 51.231 43.716

 684 84 5000 10 0.9 8.285 0.934999999999999 0 4.734 0.999996274643066 -0.000214946549555137 0.00141892101799163 4.99483409059861e-06 0.00113115338097696 0.00084255759160979 -0.000327359681094113 9.99883226539385e-05 0.00162278308209952 -0.000806931188337961 0.901986162133672 0.999989112670667 -0.000126608829673571 0.00114457428579539 0.000493935351003296 -0.00197835641748805 0.00152526859631595 -0.0014039593367644 -0.000165987830968297 -0.00337523212134117 -0.000757168311245757 0.898360643378869 0.999996274520597 -0.000215309789095449 0.00141888240266925 4.94274725917343e-06 0.00113122401579823 0.000842534023902499 -0.000327369512690942 9.98440785059479e-05 0.00162282558048183 -0.000806908334096487 0.901953419216854 0.999989112881234 -0.000126726315896579 0.00114449457377172 0.000493907278502791 -0.00197823273018914 0.00152530347914669 -0.00140395352288261 -0.000166167462974954 -0.00337522441123276 -0.000757268003457499 0.898341469727595 2.905 3.041 50.295 42.631

 690 90 5000 10 0.9 7.299 0.898000000000003 0 4.72 0.999996210324146 -0.00154893612142152 -0.00106328597578567 0.000811662582561526 -0.00134859792604948 0.000948784270468606 -0.000490358976059179 0.000282279827377908 -0.000590201586412002 5.81491835850479e-05 0.901177691976589 0.999994868923512 0.00156476589137162 0.000573175754558956 0.000274232594964135 0.000546296193138076 0.00155957069832457 -0.000128104609163605 0.000792421279012641 -0.0019585883608259 -0.000445858112619533 0.898920979704367 0.999996210805357 -0.00154881218635418 -0.00106330412062329 0.000811772467663738 -0.00134847115556291 0.000948640117311837 -0.000490122876264919 0.000282211449081362 -0.000590290193341635 5.80238638725543e-05 0.901148352385398 0.999994868965593 0.00156469706922324 0.000573098217551837 0.000274185067070799 0.000546265195367459 0.00155965094410054 -0.000128047075554578 0.000792500507143254 -0.00195859018089713 -0.000445759144423623 0.898899963257799 2.657 3.025 50.481 42.664

 679 79 5000 10 0.9 7.719 0.984000000000002 0 4.907 0.999995120864972 -0.00156823311365858 0.000104758844422036 -0.000359097070982839 0.00101284826298635 -0.000842404117842486 -0.00171052145321769 0.0010819865921846 -0.000715189907536908 0.000902986432547338 0.900866346076366 0.999992396490139 -0.00120746888214959 0.00215096496085809 0.00125955268668769 0.00140657067370027 -0.000402248762903929 0.00130007875055462 0.000917446876179395 -0.000210799987146965 -0.00167906589598397 0.899971483128767 0.999995121333925 -0.00156812918205345 0.00010483670768207 -0.000358960084928703 0.00101283108218113 -0.00084247794200891 -0.00171057796147144 0.00108162518037943 -0.000715106229509023 0.00090303562692424 0.900838329340033 0.999992397190507 -0.00120730531811232 0.00215081284417906 0.0012595862405982 0.00140636205180329 -0.000402283636691469 0.00130008325230974 0.000917337463403331 -0.000211040244905606 -0.00167912859813019 0.899946911671655 2.918 3.347 49.608 41.395

 681 81 5000 10 0.9 8.004 0.929000000000002 0 4.99 0.999987630497498 0.00170725375618075 0.000538722917501303 -0.001233964693527 -0.00130185216988414 -0.00325325079228924 0.0012726294659829 0.000133658657632915 0.00211678862616301 -0.00127064593550788 0.902165421691648 0.999994523056148 -0.000154639239496794 -0.00102458601316038 -0.00190608248499351 -0.000938564228304889 0.000563456147000592 -0.000387122435031304 -0.000607582541849334 -0.00169385015764661 -0.00128859735880746 0.899367857305284 0.999987630504493 0.00170744815961208 0.000538754531992813 -0.00123405323690653 -0.00130201610635752 -0.00325306483820441 0.00127232858854439 0.000133697476272459 0.00211685825857924 -0.0012707691496559 0.902131769465389 0.99999452365886 -0.00015464436396168 -0.00102459415192905 -0.00190598012628492 -0.000938494530952015 0.000563484255982643 -0.000387098957879191 -0.000607615383666193 -0.00169368033177795 -0.0012885272121534 0.899345492383163 2.915 3.083 50.605 41.874
