
 11162 62 2000 5 0.95 11.201 0.747 17389.058 0.470000000001164 0.99999541246313 0.0018286702723857 0.000889195539137671 0.00110282447321897 0.00195553757432445 0.94856079796846 0.999994734819891 0.0019346615859582 0.00160786853367807 -0.000558247259271023 0.00197244412344672 0.951213267037071 0.999995425238711 0.00182593195619981 0.00088799285015097 0.00110307264462731 0.00195196659300722 0.948774943220538 0.999994734220807 0.00193475217453637 0.00160772339044582 -0.000557700115957863 0.00197293202128684 0.951163630405946 0.60200000000259 0.577999999997701 16.0709999999999 16.4330000000009

 11178 78 2000 5 0.95 10.347 0.782 17442.483 0.486000000000786 0.999992369146242 -0.00316728173094616 -0.000404533351002494 0.00121862746726423 -0.00189242584682797 0.949976964964903 0.999991073945391 -0.00349667305749891 0.000272840707831522 0.00233619078857429 0.000305086250576084 0.95021003970499 0.999992369212679 -0.00316739305709287 -0.000403972898450226 0.00121852880285031 -0.00189238766877139 0.950007541570875 0.999991073889594 -0.0034966840375359 0.000272817342276187 0.00233620006905176 0.000305093122592231 0.950208009346431 0.487999999997555 0.577999999997701 14.9850000000006 13.7030000000013

 11183 83 2000 5 0.95 10.715 0.834999999999999 17487.545 0.47899999999936 0.999995873735589 0.000282269232380401 0.00181228147735491 -0.00218415957131014 0.000343392908418143 0.95017962260883 0.999996894769451 -8.24946459593857e-06 0.00222274236384361 -0.00107064532575347 -0.000351451805621607 0.951611745290144 0.99999587381369 0.000282268959151904 0.00181226067787079 -0.00218414610094875 0.000343361142207903 0.950181957088353 0.999996893563358 -8.66887128313093e-06 0.00222345079868662 -0.00107010957603218 -0.000352023474333018 0.951556623927708 0.558999999997468 0.621000000002823 12.6399999999994 16.5780000000013

 11165 65 2000 5 0.95 11.13 1.2 17539.9 0.493999999998778 0.999992036205766 -0.00104899444229616 -0.00212778125219168 -0.0029215058942662 0.00132833954936469 0.950202636796741 0.999997040643209 -0.00187245148289719 5.67817484840058e-05 0.00129262183935951 0.000859380521852815 0.949719489684635 0.999992036183567 -0.0010489951884503 -0.0021277766346497 -0.00292151914116443 0.00132833393320755 0.950201702019924 0.999997041933623 -0.00187260300226809 5.67810141801839e-05 0.00129115402523256 0.000859755313478271 0.949786112180317 0.531999999999243 0.550999999999476 13.2980000000025 21.2599999999984

 11166 66 2000 5 0.95 11.107 0.520000000000003 17552.407 0.490999999998166 0.999995954583078 2.21205635945311e-05 -0.00155303794695768 -0.00136926885121447 -0.00195025744645248 0.94971040504145 0.999997298786498 0.00100928323605301 0.00110295061073749 0.00113267779793833 0.00137270099210523 0.950491819259387 0.999995953988428 2.14300141486865e-05 -0.00155235788348132 -0.00136999961466346 -0.00195059826367746 0.949778313751989 0.999997297715421 0.00100928412159504 0.00110308037243386 0.00113337261047177 0.00137280283909978 0.950451493976339 0.608000000000175 0.447000000000116 17.1929999999993 16.7690000000002

 11186 86 2000 5 0.95 5.667 0.965999999999999 17560.018 0.511999999998807 0.999998236359504 5.69133538732103e-05 7.06580279776424e-05 0.000129568842932092 -0.00187143210119528 0.94876788970503 0.999997894138415 -0.00182178338577447 -0.00015891316185892 -0.000808757432823565 0.00046204118107335 0.952756542608754 0.999998235125457 5.55614720828133e-05 7.1178017394192e-05 0.000129767541363741 -0.00187209854667537 0.948959487532307 0.99999789416018 -0.00182176216526495 -0.000158913471045649 -0.000808097767533942 0.000463230314967679 0.952683745202426 0.361000000000786 0.552999999999884 23.1610000000001 16.3379999999997

 11169 69 2000 5 0.95 4.531 1.47 17674.576 0.466000000000349 0.99999818692569 -9.69606679384146e-05 -0.000704294516892331 0.00166464156856106 -0.000591338856290486 0.949893679752552 0.999997612936508 -0.000570579402977544 -0.000759031410201563 0.000737105984454413 0.00182458392999462 0.950162491047048 0.999998186978234 -9.74866280626824e-05 -0.000703470837451075 0.00166482687663584 -0.000591622221727398 0.949936162752872 0.999997613105616 -0.000570514983128672 -0.000759117520410819 0.000737072291010415 0.00182448917560668 0.95016719326409 0.519000000000233 0.386999999998807 14.8389999999999 13.2960000000021

 11192 92 2000 5 0.95 10.665 0.744999999999999 17752.928 0.47899999999936 0.999998182244963 -0.00102321328351638 0.00129877044568131 -0.000912225636392995 0.000263782227274699 0.951056989429072 0.999995963491537 0.000641425670814279 -0.00102195469903001 -0.00229656606763972 0.00115886437118231 0.949914816709391 0.999998181843656 -0.00102274898205858 0.00129923129615164 -0.000912512560772764 0.000263842317816529 0.951008897936369 0.999995962749546 0.00064157875524108 -0.00102210093280504 -0.00229681870502744 0.00115879024339052 0.949953953309728 0.38799999999901 0.382000000001426 16.2210000000014 18.893

 11182 82 2000 5 0.95 10.013 1.019 17771.782 0.475000000002183 0.999993589261522 0.00204935234784698 -0.00193011080274632 0.000666854723558631 -0.00210987390153641 0.94963900834517 0.999998312982349 0.00040060840708107 -0.00155830279857737 -0.000415124801457449 0.000782885143781683 0.952423185719422 0.999993594785178 0.00204793656758092 -0.00193025390043572 0.000666073915545037 -0.00210874603768601 0.949715525423252 0.999998311754003 0.000400869119499011 -0.0015587375605955 -0.000414618754795927 0.000783722909453607 0.952354982891797 0.364999999997963 0.44800000000032 17.4689999999973 16.3559999999998

 11179 79 2000 5 0.95 10.484 0.645 17825.997 0.481999999999971 0.999996042695082 0.00271841920761653 -0.000377379035811111 -0.000115424206713913 -0.000607497739200448 0.94954693023044 0.999997783039809 -0.00162159133395709 0.00114217504763096 -0.000192858273612579 -0.000680146205053106 0.947817383665525 0.999996037836914 0.0027200622473376 -0.000378614355846332 -0.000116041406106942 -0.00060725398795436 0.949636365190579 0.999997793529371 -0.00161868720066802 0.00113808680103584 -0.000189666906190946 -0.000679391664994875 0.948117474589186 0.423999999999069 0.55199999999968 16.0730000000003 17.1189999999988

 11173 73 2000 5 0.95 11.294 1.139 17863.244 0.496999999999389 0.999997588781256 0.00167881620949131 -0.00131383486923413 -0.000520285910254193 8.45477180074232e-05 0.949637108429808 0.999999209218773 0.000330783144598042 -0.000171721296545546 0.000178460651163865 -0.00118777436118338 0.951085556822498 0.999997589147997 0.00167846966179077 -0.00131346593969696 -0.000521732132220741 8.39082527906464e-05 0.949713529225021 0.999999209178075 0.000330759862806769 -0.000172684548954788 0.000178387090936023 -0.0011876865034709 0.951037835050294 0.445000000003347 0.647000000000844 16.0499999999993 16.2569999999978

 11191 91 2000 5 0.95 9.318 1.214 17945.375 0.505999999997584 0.999998734962853 5.78110446633894e-06 0.000588451761626881 0.000545995741787674 -0.00137319060851365 0.950198840196552 0.999994045290817 -0.000843223712580536 0.00228774948097461 0.000438433854392256 -0.00240256836455475 0.948687531415267 0.999998734955906 5.78673195856988e-06 0.000588451171352408 0.000546000455906779 -0.00137319402189135 0.950198435402873 0.999994025127832 -0.000843378821133746 0.0022917295301992 0.000436971205602998 -0.00240737465452779 0.948886889984968 0.379999999997381 0.35399999999936 12.2000000000007 16.4200000000019

 11190 90 2000 5 0.95 10.27 0.920999999999999 17986.304 0.488999999997759 0.999995072298435 -0.0016445977868154 -0.000787961312161495 -0.00204957315714077 -0.00152612051032923 0.950445465430626 0.999995311350331 -0.00163954318100642 -0.00125225963006636 -0.00223117773529224 0.000377977835824447 0.950133831941787 0.999995071556245 -0.00164463648785717 -0.000787751321881746 -0.0020501892931179 -0.00152584591655947 0.950409778204346 0.999995311731769 -0.00163933465361019 -0.00125213379580054 -0.00223120902309841 0.00037810531311743 0.950142671793443 0.391999999999825 0.356999999999971 14.7139999999999 14.1409999999996

 11185 85 2000 5 0.95 3.36 1.683 18075.353 0.479999999999563 0.99999875233603 -0.00152314818395622 0.000153817589308591 0.000267840852446583 0.000282749748750885 0.950102465203894 0.999994850467179 0.000467992693077049 0.00146983230144553 0.00279821681473377 0.000299328627472471 0.950002842034931 0.999998752620554 -0.00152302302832391 0.000153730976745952 0.000267558537626715 0.00028273203890503 0.95011586369311 0.999994849940277 0.000468272379842994 0.00146952486058343 0.00279851497080329 0.000299373583456832 0.950030128883798 0.366000000001804 0.388999999999214 14.0790000000015 15.2050000000017

 11161 61 2000 5 0.95 10.472 0.995000000000001 18122.062 0.495999999999185 0.999990842224818 0.00184348836622172 0.00351279976218893 -0.00141696037361623 -0.000754637842624113 0.949872224830162 0.999998644674258 0.00126968368924307 -0.000145978306449986 -0.00102320998067136 -0.00017402484030098 0.950774022375376 0.999990845296271 0.00184324849841352 0.0035122189742476 -0.00141647744825649 -0.000754763630695275 0.949917632384453 0.999998645933303 0.00126980455532874 -0.000145580647531524 -0.00102195519988076 -0.000173613928230336 0.950729877721535 0.5 0.479999999999563 14.8889999999992 15.9799999999996

 11181 81 2000 5 0.95 9.13 0.704000000000001 18194.599 0.480999999999767 0.999999204288909 7.90962726330411e-05 0.000689413572948015 0.000698400741621331 -0.000788739918396623 0.950375741838655 0.999993058494188 -0.000802532395299305 0.00297488293511884 0.00188462472193927 -0.000914967963358361 0.948506392039272 0.999999204111331 7.93961205126006e-05 0.00068922988381502 0.000698778924032022 -0.000788760510877974 0.950350166835127 0.999993069781559 -0.000799880584306851 0.00297103855480199 0.00188292872879363 -0.000920917592902723 0.94872795775436 0.381999999997788 0.341000000000349 15.2740000000013 16.7440000000024

 11164 64 2000 5 0.95 10.327 0.669 18267.137 0.472999999998137 0.999997447043524 0.00145023151817083 0.00137068806499128 0.000236351601627057 0.00103348300756928 0.949933107803879 0.999995759638763 -0.000618832525066744 -0.00115994207186806 0.00115180919149115 -0.00232929619726202 0.950026110085262 0.999997446092771 0.00145075669448719 0.00137047867234847 0.000236634364702232 0.00103387878117257 0.949970079007597 0.999995759737548 -0.000618810385501623 -0.00116032270389779 0.00115166731807147 -0.00232914023667188 0.950050370203875 0.380000000001019 0.346000000001368 14.9609999999993 13.4799999999996

 11184 84 2000 5 0.95 10.34 0.745000000000001 18389.779 0.473000000001775 0.999999308316486 0.00026357981313277 0.00114166842272428 8.77762030733837e-05 5.27331308594094e-05 0.949749427238314 0.999998376068955 0.00129937333663873 -0.000271275061675989 -0.00121013037760858 -0.000146569764264095 0.950490444200526 0.999999307935713 0.000263670498689084 0.00114197571147311 8.83334247226587e-05 5.19099636128484e-05 0.949810800647198 0.999998376420637 0.00129901998249599 -0.000270675565985939 -0.00121034218283037 -0.000146661899563577 0.950449131711608 0.473000000001775 0.416000000001077 15.0089999999982 15.8689999999988

 11171 71 2000 5 0.95 9.162 1.121 18434.108 0.472000000001572 0.999999328648951 0.00069853730944709 0.000488525189457242 0.000214731163800843 0.000754970821392661 0.950449880876503 0.999996199879482 -0.00265521372658293 -0.000691779800249692 -1.91195754091148e-05 -0.000266724223832227 0.950834846863532 0.999999329083914 0.000698513387994314 0.000488558682383905 0.000215090237686317 0.000754292629820085 0.950413325960868 0.999996200480589 -0.00265489129856777 -0.000691987809787521 -1.94670153704584e-05 -0.000267115116725419 0.950790043799282 0.632999999997992 0.434999999997672 15.3609999999971 23.3729999999996

 11176 76 2000 5 0.95 8.853 1.508 18451.832 0.485000000000582 0.999999226818979 0.00090978053942017 0.000493689117250992 -0.000655961014070924 -0.000211298409664224 0.949835916342413 0.999997294114506 -0.00105947906242984 0.000308456104497187 -0.000707850213466932 0.00192173637334854 0.948942867499524 0.999999226732561 0.000909652030802247 0.000493250573304462 -0.000656265487309312 -0.000212336864652517 0.949886048062421 0.999997291528985 -0.00105834050680836 0.0003077072460238 -0.000705631934278194 0.00192464279550765 0.949110615134045 0.557000000000698 0.492000000002008 19.6709999999985 22.3500000000022

 11175 75 2000 5 0.95 10.597 0.673 18458.757 1.56600000000253 0.99999512438732 -0.000799644077294071 -0.00289768907105369 -0.000833809041003012 -0.000141178850577931 0.948224109332663 0.999996164588489 0.00169281758032712 -0.000895935674416432 -0.00194490841946496 0.000468836282207085 0.950032656699457 0.999995104303381 -0.000804487946557386 -0.00290196624372081 -0.000838240764885683 -0.00014181944670937 0.948478525336964 0.999996164632932 0.00169308822184833 -0.000895755855958575 -0.00194479195618154 0.000468590859034125 0.950055335686673 0.60399999999936 0.610000000000582 26.6959999999999 16.9940000000024

 11188 88 2000 5 0.95 8.581 0.451999999999998 18547.273 0.648000000001048 0.999997015180728 0.00207029746548867 0.000889741863210616 0.000799210138574594 0.000503110932161151 0.948724978996439 0.999998292577413 -0.00135146982596468 1.54089184227441e-05 -0.00123474279403926 0.000252080080131017 0.950876687493664 0.99999701621028 0.00206779462853199 0.0008927523742365 0.000799876046171857 0.000504962790903038 0.948920106148605 0.999998292839636 -0.00135130884311455 1.63418092625556e-05 -0.00123459252240128 0.00025257963857535 0.950831120173445 0.403999999998632 0.485000000000582 16.2409999999982 24.0669999999991

 11177 77 2000 5 0.95 11.427 0.661999999999999 18567.232 0.960000000002765 0.999994660698272 0.00158466833646792 0.00277060508707152 0.000454295146869414 0.000533633377147407 0.950777354506896 0.999997414697167 0.0018556165033994 -0.00118012886384302 -0.000284422165833532 -0.000503672780761664 0.951829031766298 0.999994659368469 0.00158423353083948 0.00277135002830761 0.00045443253679117 0.000533431109833242 0.950733304975238 0.999997413565818 0.00185633703965391 -0.00117987171489661 -0.000285077902784957 -0.000503495577102589 0.951770537619973 0.575000000000728 0.576000000000931 22.7170000000006 16.9429999999993

 11167 67 2000 5 0.95 9.376 0.464000000000002 18680.954 0.47899999999936 0.99999891129467 0.000994418772156347 0.000971835179656531 0.000184178546334003 -0.000458427123973061 0.949904102194864 0.999993788597777 -0.00160889230057659 -0.00176321343724164 0.00117969320861586 -0.00230946611534925 0.950068811514554 0.999998911576776 0.000994306030720574 0.000972122079327824 0.00018447719470991 -0.000457326587361636 0.94994556315734 0.999993787771954 -0.00160899046378942 -0.00176341771159716 0.00117976745575207 -0.0023095614114038 0.950086838370777 0.355999999999767 0.493000000002212 15.9880000000012 17.7769999999982

 11187 87 2000 5 0.95 11.236 0.712000000000002 18706.194 0.479999999999563 0.999999626326932 0.000680530409314311 -0.000467600872798535 -4.43986721217982e-05 0.000252195442139023 0.949276127369441 0.999998761919502 -0.000737744935035976 -0.00126506775570603 0.000304070524789462 0.000488913656749409 0.950409134868933 0.999999625800862 0.000679858598111864 -0.000469531200715965 -4.33888397874659e-05 0.00025268217720195 0.949399209813547 0.999998761001526 -0.000738449210977146 -0.001265251561812 0.00030434170606367 0.000489083619975171 0.950378732813498 0.474999999998545 0.64600000000064 20.3760000000002 15.0099999999984

 11163 63 2000 5 0.95 8.385 0.451999999999998 18830.206 0.460999999999331 0.99999880188465 0.00113206659656677 -0.000848745530356699 0.00054320450752753 0.000314983130955093 0.95063376121526 0.999996922633562 0.000159014917668577 7.15919242446078e-05 -0.00135514055972647 -0.00207072603726876 0.951134698326703 0.999998801332579 0.00113213204155788 -0.000848997054954108 0.000543617706743673 0.000315109878862772 0.950591117706596 0.999996921124432 0.000159636399953526 7.11280681202971e-05 -0.00135524227444983 -0.00207135633147907 0.951085780262573 0.390999999999622 0.462000000003172 16.1169999999984 16.3140000000021

 11189 89 2000 5 0.95 10.931 1.02 18910.124 0.477999999999156 0.999996562676891 -0.00151403985243523 0.00071806838716685 0.000769735664936388 -0.00186392127679827 0.948276774752353 0.999997908805148 0.000461740469798917 0.00139564899374863 0.00137464789004218 -0.000362888598593094 0.947814653305956 0.999996554555538 -0.00152066468520511 0.000720766540653991 0.000770847088643261 -0.00186138290759296 0.948526877962722 0.999997904320956 0.000461943551469701 0.00140006418181048 0.00137470397480404 -0.00035773051322738 0.94811997393747 0.42699999999968 0.420999999998457 16.6399999999994 17.3430000000008

 11168 68 2000 5 0.95 10.349 0.712999999999999 18959.966 0.475000000002183 0.999997653346519 0.000295244969781688 -0.00063406410549848 0.00204767192664387 -0.000105518974888397 0.94998741982807 0.999998156769833 -0.00158580292720809 0.000899944096873422 0.000577911125410484 0.000166749408721787 0.951295723511532 0.99999765234135 0.000294646231817688 -0.000634379092863417 0.00204815065858305 -0.000105534041212649 0.950016806769032 0.999998157001489 -0.00158569075433871 0.000899771392434583 0.000578067850113768 0.000166815645039493 0.951244759660514 0.542000000001281 0.466000000000349 15.0909999999967 16.3899999999994

 11180 80 2000 5 0.95 9.392 0.709999999999997 19147.488 0.472000000001572 0.999998696580859 -9.22008808810962e-05 0.00123659066628268 -0.000607337441035998 -0.000836851442734126 0.950154849250771 0.99999838366904 -0.000459819442323758 0.000511184435450418 0.00162840751961083 0.000328944998379964 0.950454916358728 0.999998696707854 -9.21946163075414e-05 0.00123653899513867 -0.000607258536895753 -0.000836833991533035 0.950160798315823 0.999998383704561 -0.000459965636334601 0.00051088866045622 0.00162842358175398 0.000329012603407811 0.950417560982597 0.427999999999884 0.610000000000582 14.1989999999969 14.7200000000012

 11172 72 2000 5 0.95 10.939 0.999999999999998 19227.383 0.467000000000553 0.999999332410498 0.00100480184826349 -5.30472440643911e-05 -0.000235680086276504 0.000516906849799138 0.94919198672779 0.999999145539436 -0.00100134500853309 -0.00072001609613403 -0.000433330203266025 -5.50703388629125e-06 0.949211849726674 0.999999335000175 0.0010034421105084 -5.33815306501002e-05 -0.000235531068858695 0.000514566484612721 0.949327888419526 0.999999143972118 -0.00100227987957639 -0.000720157265739769 -0.000434537017932826 -6.4161816139751e-06 0.949346601338097 0.32499999999709 0.29399999999805 12.2999999999993 11.6100000000006

 11174 74 2000 5 0.95 9.385 0.457000000000001 19336.391 0.468000000000757 0.999997560586121 0.00150054594761162 -0.000349153444493119 0.000371965444012598 0.00153847887417706 0.949084204046906 0.999998858803707 -0.000371869717919098 -0.00108612175710982 -0.000888721113703272 -0.000417873794202599 0.94977424911385 0.999997558771947 0.00150165079424523 -0.000348695311747892 0.000372858119161176 0.00153846788766098 0.949232843751989 0.999998858871333 -0.000371993994570283 -0.00108620135058917 -0.000888587258982469 -0.000417679073670733 0.949832505583823 0.369999999998981 0.354999999999563 11.1169999999984 10.1599999999999

 11170 70 2000 5 0.95 9.572 0.742000000000001 19539.139 0.468000000000757 0.9999993436971 -0.000135709861284719 -0.000574946322308288 -0.000346279611562745 -0.000918539797812024 0.950516676537524 0.999996478134353 -0.00105557400484561 -0.00015866195819152 -0.000726350261972576 -0.00231877642100976 0.949582645633413 0.99999934350081 -0.000134965106211812 -0.000575374381907321 -0.000346659289649364 -0.000918451972792648 0.950475907143723 0.999996481152511 -0.00105517299784545 -0.000158835828566765 -0.000727101090708531 -0.00231740970137956 0.949665381764105 0.328999999997905 0.276000000001659 11.2560000000012 11.3090000000011

 11193 93 2000 5 0.95 1.22 0.503 16992.303 0.474000000001979 0.999998089260431 -0.000504330375706813 0.0013801244740109 -7.08294246671953e-05 -0.0012873872720926 0.950118105705085 0.999997436448418 -0.00112207354272249 0.00159395979710583 -0.000356503160735653 0.00109555703556584 0.948689591398907 0.999998089212558 -0.000504223976070419 0.00138026497989005 -7.10237815411148e-05 -0.00128730479029496 0.950129030515975 0.999997443968614 -0.00112269618601228 0.00159055170764677 -0.000355614781962819 0.00109329451841998 0.948885369934031 0.290000000000873 0.407999999999447 8.80500000000029 9.895999999997

 11196 96 2000 5 0.95 2.253 0.604 17782.57 0.465000000000146 0.999999237299443 0.00097115230136519 -0.000171041890388443 -0.000740668636998699 6.64709106689605e-05 0.950067880388922 0.999992760575865 -0.000575670571900894 0.000776135225271913 -0.000611288753008835 0.00362923399990171 0.948174168860337 0.999999237207346 0.000971104693941747 -0.000170846674504979 -0.00074088506682945 6.66418082761033e-05 0.950085867910231 0.999992782862702 -0.000574939270774395 0.000778237000765686 -0.000607614803253416 0.00362337118794899 0.948435632358282 0.692999999999302 0.617999999998574 7.97500000000218 9.74699999999939

 11197 97 2000 5 0.95 2.238 0.512 17826.273 0.473000000001775 0.999998085952006 -0.000356789435800086 -0.0017588258377527 -0.000554147020414646 0.000547947420009635 0.949045899533546 0.999996920586795 -6.26502783415691e-05 0.00211888432050953 0.00129041705835901 -6.70241810700848e-06 0.948962423941307 0.999998088788591 -0.000356073658725424 -0.00175819533049746 -0.000553121536716909 0.00054629338273173 0.949202475749949 0.999996921894075 -6.3639306227617e-05 0.00211829237729966 0.00129032236820676 -7.61604088483484e-06 0.949126427063869 0.515999999999622 0.377000000000407 11.2109999999993 9.86099999999715

 11200 100 2000 5 0.95 2.108 0.553 17718.584 0.471999999997934 0.999997188760146 -0.00165642321432898 0.000231472880235401 0.00167789763411164 -9.90645034024846e-05 0.951051796548401 0.999997732843522 0.000938860431391406 0.00162700975813964 -9.26274895469571e-05 -0.000998553103652223 0.950854300285602 0.999997189123657 -0.00165608973282454 0.000230693544923306 0.00167808998721615 -9.95292158355069e-05 0.951004305754925 0.99999773193392 0.000939371881438324 0.00162762215054941 -9.28169782744214e-05 -0.000997967247727488 0.950809296374391 0.345000000001164 0.43500000000131 9.46299999999974 9.29500000000189

 11199 99 2000 5 0.95 1.409 0.498 17947.867 0.477999999999156 0.99999944088771 0.000129047907069156 0.000861848378057944 -0.00014102761098697 -0.000582150745425078 0.950329698508431 0.99999566896435 -0.00248255226665602 0.000912783494378417 -0.000501929720096025 0.0011890667068907 0.950338484261121 0.999999440810623 0.000129042182045698 0.000861912612716932 -0.000140970713037063 -0.000582203111600044 0.95031078104624 0.999995669356364 -0.00248257368082722 0.000912830919413225 -0.000501951141295337 0.00118864679403432 0.950318184775794 0.429000000000087 0.413000000000466 8.34999999999854 8.24599999999919

 11198 98 2000 5 0.95 1.218 0.532999999999999 18175.211 0.496999999999389 0.999997093373724 0.00118222206188728 0.000103381077732194 -0.00204772511076302 0.000460140547300926 0.94967130726072 0.999999882899444 -5.40554287039652e-05 -0.000142443403604398 -0.000119706367182778 -0.000443462931127745 0.950068242082522 0.999997093167974 0.00118344275050489 0.00010333940807374 -0.00204741590441955 0.000458833236654279 0.949743057532093 0.999999882938051 -5.43684214384926e-05 -0.000142426233859588 -0.000119750179023697 -0.000443331277290976 0.950086479513665 0.363999999997759 0.299999999999272 9.43900000000212 8.55400000000009

 11194 94 2000 5 0.95 1.372 0.517 18432.766 0.465000000000146 0.999987710771611 -0.000709044939140936 -0.00317008973927293 -0.00356150810315942 -0.00115834023678626 0.950176592856617 0.999997542908421 0.00113812916942393 0.00035318245434634 0.00176162100077525 -0.000625134159885703 0.949970124834508 0.999987710857028 -0.000709056441622122 -0.00317004356438381 -0.00356153174241019 -0.00115831314060082 0.950179377025195 0.999997543073986 0.00113795837731119 0.000352996931518882 0.0017614584703621 -0.000625742715417606 0.950001778185341 0.430000000000291 0.373999999999796 7.83399999999892 10.2559999999976

 11195 95 2000 5 0.95 1.406 0.504 18400.077 0.584000000002561 0.999997350047251 0.000114536082551913 -0.00158126467017693 -0.000126281046573912 0.00166446240592607 0.948276916282093 0.99999244238473 -0.00236539343454236 -0.00251495713403178 0.000526359397557597 -0.00170822238640111 0.950373229892521 0.999997346874215 0.00011259036241692 -0.00158300989856435 -0.00012518056676881 0.00166492565230958 0.948523285987805 0.999992440972821 -0.00236523914848847 -0.00251530678282007 0.000526722386786586 -0.00170863580241735 0.950348001991821 0.479999999999563 0.560999999997875 10.4480000000003 8.81400000000212
