
 5409 9 100 3 0.8 0.0140000000000002 0.359 0.136 0.016 0.999924562642773 -0.0113410703698655 -0.00471690009709217 0.810088874119822 0.99911304784723 -0.0417624395863385 0.00538667441160479 0.790648869750264 0.99992467205261 -0.0113333906301661 -0.00471216269936442 0.809792975393401 0.999113084734638 -0.0417619866290347 0.005383343276384 0.790568614188919 0.0110000000000001 0.00100000000000122 0.0240000000000009 0.0219999999999985

 5412 12 100 3 0.8 0.0110000000000001 0.36 0.167000000000001 0.0179999999999998 0.999696888560281 0.0195964869651329 -0.0149033117634734 0.840552173040143 0.999118526550168 -0.0324455204981031 -0.02663565474752 0.765271194476693 0.999696889092921 0.0195959787435355 -0.0149039442772135 0.840550596786591 0.999118734910123 -0.0324453077617998 -0.0266280971125674 0.76496137096055 0.00299999999999923 0.00100000000000033 0.0229999999999997 0.0260000000000016

 5401 1 100 3 0.8 0.00199999999999978 0.349 0.165 0.0180000000000007 0.999943507132447 0.0097050127312919 0.00433535137536316 0.805890782056565 0.999660071052478 -0.0225357295606388 0.0131104247270449 0.792288691609921 0.999943709982527 0.00967930937547944 0.00434601385097665 0.805661529746613 0.99966003553153 -0.0225368334317167 0.013111235638638 0.792201060843328 0.00300000000000011 0.000999999999999446 0.0280000000000005 0.0239999999999991

 5423 23 100 3 0.8 0.00199999999999978 0.343 0.176 0.0179999999999998 0.999706574156778 -0.0241983183270848 0.00109862544135538 0.774260255599279 0.999102733233346 -0.0213081837673543 0.0366017725007227 0.727394640556294 0.999707049177982 -0.0241782956480958 0.00110717812676364 0.774557685609703 0.999102993957819 -0.0213169523478511 0.0365895477851542 0.726882004416263 0.00300000000000011 0.000999999999999446 0.0280000000000005 0.0229999999999997

 5429 29 100 3 0.8 0.00199999999999978 0.346 0.183 0.0170000000000003 0.998944358472175 -0.0135628617420168 -0.0438886939653118 0.834978851035084 0.997260818958123 0.0246422476060733 0.0697396487221928 0.772174981787194 0.998944348817794 -0.0135625310917038 -0.0438890158852918 0.834977534808437 0.99726101813986 0.0246708233385548 0.0697266962823278 0.772559513487497 0.00199999999999978 0.00100000000000033 0.0200000000000014 0.0229999999999997

 5405 5 100 3 0.8 0.00300000000000011 0.346 0.172000000000001 0.0170000000000003 0.999649823672568 0.00134333830198918 -0.026427740607375 0.829153759150328 0.998851912485742 0.0355773185775426 0.0320797650616064 0.830801568428631 0.999650312490483 0.00132629535154442 -0.0264101056097867 0.829367516693385 0.998851149805539 0.0355849213171552 0.0320950760554275 0.830949377042705 0.00200000000000067 0.000999999999999446 0.0280000000000005 0.0269999999999992

 5415 15 100 3 0.8 0.0120000000000005 0.36 0.185 0.0170000000000003 0.998600028308051 -0.0170545021822988 -0.0500712234569233 0.823776028115983 0.999567624736388 0.00735943035417586 0.028467566873866 0.798340936367209 0.998600779639856 -0.0170635925107774 -0.0500531388955629 0.824204572190993 0.999567388905978 0.00735046194622016 0.0284781625963135 0.798217050659474 0.00199999999999978 0 0.0280000000000005 0.0220000000000002

 5418 18 100 3 0.8 0.0110000000000001 0.358000000000001 0.186 0.0169999999999995 0.999558734305551 0.0240904811448686 -0.0173777268850929 0.814953483182683 0.999731197036576 0.00252619259076943 0.0230467356215618 0.796806234775337 0.999559760782037 0.0240654046635901 -0.0173534124521265 0.8145340759612 0.999731006413595 0.00254918564195966 0.0230524720544943 0.796684012423375 0.00300000000000011 0.000999999999999446 0.0280000000000005 0.0240000000000009

 5426 26 100 3 0.8 0.00800000000000001 0.358 0.178999999999999 0.0170000000000003 0.999987030060587 0.00172446786903808 0.00479227724306507 0.786760259051715 0.999786859780513 0.0176376945454118 -0.0107306449639779 0.778918914451837 0.99998700013402 0.00172841177536358 0.00479709867500934 0.786704884516224 0.999786811778005 0.0176381843229062 -0.010734311741508 0.778894316003654 0.00300000000000011 0 0.0250000000000004 0.0230000000000015

 5414 14 100 3 0.8 0.00300000000000011 0.347 0.171 0.0169999999999995 0.999038213576828 -0.0184417311559263 0.0397812815931365 0.796138073469181 0.998116906513088 -0.0561006007501709 -0.0248065218886891 0.828311770220984 0.999038532485425 -0.0184428867894878 0.0397727360919311 0.796023524504658 0.998117543914454 -0.0560879959558721 -0.0248093780621938 0.828468068277671 0.00300000000000011 0 0.0250000000000004 0.0239999999999991

 5402 2 100 3 0.8 0.00199999999999978 0.345 0.188000000000001 0.016 0.999975695280221 -0.00497403025652163 -0.0048854756008379 0.803961517249219 0.999734103996329 0.0119590886895946 0.0197155143065312 0.791079735896197 0.999975614411002 -0.00499949926448966 -0.00487602198961367 0.803763568705746 0.999734009586951 0.0119524609118465 0.0197243188310284 0.791002865987946 0.00199999999999978 0.000999999999999446 0.0250000000000004 0.0229999999999997

 5407 7 100 3 0.8 0.00899999999999945 0.355 0.162 0.0179999999999998 0.999484707792918 0.0143859861887322 -0.0286942901895696 0.788919879843432 0.999763156780644 0.0213212007977381 -0.00436311133754097 0.773758547515497 0.999484697686894 0.0143807748007589 -0.0286972543263016 0.788857266731408 0.999762950537564 0.0213275815823648 -0.00437915474388852 0.774107110022667 0.00300000000000011 0.000999999999999446 0.0239999999999991 0.0259999999999998

 5419 19 100 3 0.8 0.00300000000000011 0.350000000000001 0.19 0.016 0.997883543182913 -0.0400968328146201 0.0511925604258173 0.788611888779807 0.998139499305386 -0.0421479079789814 0.0440578458323747 0.796239005175467 0.997883724738754 -0.0400950227585875 0.0511904390633634 0.788545227811395 0.998139410063541 -0.0421555329273454 0.0440525722474663 0.796131168107223 0.00300000000000011 0 0.0249999999999986 0.020999999999999

 5421 21 100 3 0.8 0.0110000000000001 0.357 0.197 0.016 0.999968826813008 0.00652830481651355 -0.0044414680498733 0.811609756614414 0.998738379551989 0.0489920279533517 0.0110195465825774 0.802870198526949 0.999968916776148 0.00650081012344526 -0.00446149630464818 0.811244804150708 0.998738270273952 0.048991850656592 0.0110302338794586 0.802698787369244 0.00199999999999978 0.00100000000000033 0.0289999999999999 0.0220000000000002

 5406 6 100 3 0.8 0.00399999999999956 0.359 0.19 0.016 0.999692813801795 0.018691349706299 0.0162761014744664 0.815078641617956 0.999358173119533 0.00980184272744337 -0.0344552709804586 0.7675518344834 0.999693449189692 0.0186743710190112 0.0162565529636614 0.814659900643658 0.999358569366348 0.00986351028646734 -0.0344261673567382 0.767157292063924 0.00300000000000011 0.000999999999999446 0.0269999999999992 0.0240000000000009

 5428 28 100 3 0.8 0.00199999999999978 0.345 0.2 0.016 0.999184127124636 0.0392291494347844 -0.00959968420324031 0.811009502946536 0.999814650649139 0.0130681914756821 0.014138129964553 0.784253063173368 0.999183317412908 0.0392528976772986 -0.00958687788964483 0.810686164752638 0.999814591848053 0.0130734787023373 0.0141374001263154 0.78421165222675 0.00200000000000067 0.000999999999999446 0.0260000000000016 0.0210000000000008

 5404 4 100 3 0.8 0.00200000000000067 0.342 0.197 0.0150000000000006 0.999646466895331 -0.0261078120734127 0.00503223334322543 0.785162133373309 0.99954360688246 0.0179131968398187 -0.0243247881672179 0.818886536605335 0.999646443520248 -0.0261098058989696 0.00502652894530596 0.785115101849166 0.999541101053569 0.0179354571990299 -0.0244111998820538 0.81836706221412 0.00200000000000067 0.00100000000000122 0.0239999999999991 0.0259999999999998

 5424 24 100 3 0.8 0.00200000000000067 0.337 0.199 0.016 0.999545589029127 0.0117394665403855 -0.027763291911475 0.823061913597094 0.999794333490045 -0.0196963100615088 -0.00483177929514906 0.799322897410866 0.999545933823431 0.011738006150529 -0.0277514934490936 0.823517769465363 0.999794302833923 -0.0196960897825833 -0.00483901520003872 0.799179090004832 0.00200000000000067 0.00100000000000033 0.0259999999999998 0.0220000000000002

 5430 30 100 3 0.8 0.00200000000000067 0.346 0.189 0.016 0.999476206871607 0.0318814162471555 0.00555762499818988 0.788344398140762 0.999914421980984 0.00619512211350921 -0.0115225507780499 0.808080695476565 0.999476234852558 0.0318799358416781 0.00556108403862931 0.788287200548862 0.999914372331524 0.00617227595918469 -0.0115391080390825 0.807792107839766 0.00300000000000011 0.000999999999999446 0.0220000000000002 0.0250000000000004

 5410 10 100 3 0.8 0.00300000000000011 0.347 0.188 0.016 0.999961781071572 -0.00873607250449517 -0.000342685518973162 0.811988262291415 0.998595107919868 -0.0441450294725121 0.0293091591721557 0.824341079409544 0.99996204919821 -0.00870428700032 -0.000368172692828817 0.811614869313375 0.99859361316528 -0.0441563250653223 0.0293430520265984 0.824760897576948 0.00300000000000011 0.00100000000000122 0.0289999999999999 0.0250000000000004

 5425 25 100 3 0.8 0.00199999999999978 0.343 0.194 0.0150000000000006 0.99843369042187 0.0318445309814115 -0.0460009964798497 0.799112885974219 0.999886914369014 -0.0147127318766935 0.00311351799988676 0.812909201187953 0.998433615705279 0.0318370025537225 -0.0460078286607557 0.798959880331716 0.999886439291353 -0.0147473297805614 0.00310238385803363 0.812524244462936 0.00300000000000011 0.000999999999999446 0.0250000000000004 0.0250000000000004

 5417 17 100 3 0.8 0.0110000000000001 0.357 0.199 0.016 0.999269194017163 -0.0378284703195724 -0.00548495410837859 0.802323370858079 0.998995245819806 -0.00930825767204267 -0.043838968607131 0.796658310356911 0.999269397005498 -0.0378208381432595 -0.00550058273372394 0.802132765325542 0.998995430321206 -0.00930894808644875 -0.0438346174030636 0.796535514919922 0.00199999999999978 0.000999999999999446 0.0249999999999986 0.0220000000000002

 5411 11 100 3 0.8 0.00199999999999978 0.35 0.202 0.0149999999999997 0.999386325570553 -0.0147652355662692 -0.0317641319928922 0.805567216009277 0.999632064349495 0.0152573495533818 -0.022426529133437 0.803226897910349 0.999386448082796 -0.0147735478376519 -0.0317564115217801 0.805323046332881 0.999632135130765 0.0152544988879256 -0.0224253133219334 0.803015161966135 0.00199999999999978 0 0.0259999999999998 0.0239999999999991
 5427 27 100 3 0.8 0.00199999999999978 0.34 0.199 0.016 0.999097905612865 -0.0134687609348221 0.0402736573813189 0.800949181847164 0.999782868678449 0.0166345616871803 -0.0125501734875434 0.793151462062582 0.999098847946792 -0.013456393786381 0.040254409667246 0.80077534310143 0.999782843301741 0.0166360924373368 -0.0125501660508274 0.793062826418446 0.00199999999999978 0 0.0250000000000004 0.0199999999999996


 5408 8 100 3 0.8 0.00600000000000023 0.351999999999999 0.185 0.016 0.999700331168998 -0.00860876203825124 -0.0229158695397664 0.806466096908693 0.99996169232888 -0.00588642962185332 -0.00647794883194955 0.788169507026204 0.999700530871427 -0.00857259613860781 -0.0229207148848343 0.806225541366653 0.999961670558471 -0.00588611980796252 -0.00648158989122019 0.788105531782718 0.00200000000000067 0.000999999999999446 0.0250000000000004 0.020999999999999

 5422 22 100 3 0.8 0.00199999999999978 0.344 0.207999999999999 0.0149999999999997 0.999115606614481 0.0115401779702588 -0.0404330175944455 0.824075385529806 0.999971048816436 -0.00232377900364117 0.00724579740945444 0.816731752089485 0.999116228945629 0.0115600140128336 -0.0404119677012632 0.824479255133078 0.999971258619498 -0.00229413989302531 0.00722626162608173 0.816301385455581 0.00199999999999978 0.00100000000000122 0.0250000000000004 0.0210000000000008

 5420 20 100 3 0.8 0.0109999999999992 0.356 0.208 0.0150000000000006 0.99704542109769 0.0535450228609962 -0.0550759366234036 0.781791835325901 0.999797775086434 0.020005169239084 -0.00204991120075892 0.783717802571191 0.997045301183624 0.0535455582069359 -0.0550775869475359 0.7817578200765 0.999797729663513 0.020007234853388 -0.0020519047752524 0.783675377498118 0.00199999999999978 0.000999999999999446 0.0220000000000002 0.020999999999999

 5431 31 100 3 0.8 0.00199999999999978 0.345 0.213 0.0149999999999997 0.99971491907807 -0.0228592499312469 -0.00689458231578433 0.81170598904688 0.999290604036578 0.0373258183212173 0.00500719191385353 0.809058191642123 0.99971496115915 -0.0228588473965327 -0.00688981351421088 0.811386485659234 0.999289582985544 0.0373528185602996 0.00500961896538855 0.808781228689085 0.00199999999999978 0.000999999999999446 0.0229999999999997 0.020999999999999
 5413 13 100 3 0.8 0.00300000000000011 0.341 0.207999999999999 0.0149999999999997 0.999076016888275 0.0195577637642907 -0.0382701757926538 0.790708614321089 0.999543979321768 0.0285614091059419 -0.00980200548297958 0.812302706248549 0.999076093538412 0.0195534767203431 -0.0382703654042164 0.790634421654439 0.999544243673618 0.0285584542525038 -0.00978364091949008 0.811951369159782 0.00200000000000067 0 0.0220000000000002 0.0229999999999997


 5432 32 100 3 0.8 0.0119999999999996 0.36 0.208 0.0149999999999997 0.99948404577299 -0.0279440546743144 0.015835783959599 0.823891112443859 0.99813416104242 0.0327469791636346 0.0515347641481038 0.807929637489237 0.9994844188628 -0.0279306991111959 0.0158357979795975 0.824149196307171 0.998133156508806 0.0327545517061365 0.0515494056250691 0.807654402349504 0.00199999999999978 0.00100000000000033 0.0229999999999997 0.0220000000000002

 5403 3 100 3 0.8 0.00300000000000011 0.345 0.215999999999999 0.0149999999999997 0.999991576410768 -0.00361841930343201 0.00193756270918192 0.82299155346881 0.999961809842064 0.00845566733441046 -0.00220919607866806 0.80632817906827 0.999991528990171 -0.00360884364783713 0.00197944321112664 0.823457136123353 0.999962054995925 0.00843933609197468 -0.00216013301754432 0.806063458411304 0.00199999999999978 0.00100000000000122 0.027000000000001 0.0250000000000004

 5416 16 100 3 0.8 0.00199999999999978 0.343 0.213 0.016 0.999542744248208 -0.0238599934612797 0.0185742599526571 0.791756025970826 0.998763285512873 -0.00415135490654447 0.0495445835987206 0.805345167009679 0.999542633206098 -0.0238578049456474 0.0185830445997033 0.791672766274509 0.998763985029474 -0.00417352274895508 0.0495286171410826 0.805081260098846 0.00199999999999978 0.00100000000000122 0.0229999999999997 0.0250000000000004

 5441 41 100 3 0.8 0.00299999999999967 0.259 0.166 0.0149999999999997 0.999928798505812 -8.82033538562345e-05 -0.011932733923589 0.799074522491834 0.99996343567318 -0.00558993342516486 0.00647147286108088 0.753710159778069 0.999928648805167 -8.64688936757088e-05 -0.0119452845007457 0.798938395370841 0.999963469547681 -0.00558349698175935 0.00647179508466764 0.753688248859006 0.00199999999999978 0.00100000000000033 0.0229999999999997 0.0250000000000004

 5437 37 100 3 0.8 0.00199999999999978 0.26 0.199 0.016 0.999404301539307 0.0317436610905665 -0.0135418626967232 0.802437299626553 0.999042900784969 0.0435740324180561 0.00381917399258777 0.833276626797746 0.999404090206028 0.0317472950390147 -0.0135489385992808 0.80225096570055 0.999042900633887 0.0435740793150045 0.00381867842039257 0.833285281607266 0.00200000000000067 0.00100000000000033 0.0249999999999995 0.0180000000000007

 5435 35 100 3 0.8 0.00199999999999978 0.255 0.193 0.0149999999999997 0.997127166064609 0.065240814227107 -0.0384844235366054 0.800511073601846 0.999395284392532 0.00142818682953103 -0.0347422770749191 0.800419020621747 0.997126790934017 0.0652302194353466 -0.0385120925690427 0.80033427402768 0.999394675315968 0.00143668974828754 -0.0347594429279032 0.800251909695602 0.00200000000000067 0.00100000000000033 0.0279999999999996 0.024

 5438 38 100 3 0.8 0.00199999999999978 0.259 0.203 0.0149999999999997 0.999218178340849 0.0140706170776123 -0.0369465804676326 0.78345430999848 0.99854090178042 -0.00281638221029667 -0.0539271310454306 0.845257686678171 0.999218354686653 0.0140642777310693 -0.0369442248423354 0.783418356207356 0.998540944146839 -0.00281607228466573 -0.0539263627479872 0.845255700768813 0.00199999999999978 0 0.0220000000000002 0.0209999999999999

 5434 34 100 3 0.8 0.00199999999999978 0.257000000000001 0.199 0.0149999999999997 0.999768841551981 0.00680400482568817 -0.0203953176033607 0.811250012309692 0.998807710835342 -0.0414236705485171 0.0258309174082535 0.756975858218609 0.999768523803253 0.00677251785687777 -0.0204213568144503 0.810950108243123 0.998807596538549 -0.0414234247997191 0.0258357305828383 0.756912961860792 0.00100000000000033 0.000999999999999446 0.024 0.0219999999999994

 5440 40 100 3 0.8 0.00300000000000011 0.256 0.194 0.0149999999999997 0.99992897980809 0.00171420052096359 -0.0117939330389294 0.822114374879159 0.999647260073498 -0.0245434055085269 -0.0101477422903646 0.835998680726461 0.99992833021915 0.00169697767710523 -0.0118513582304364 0.82258609062673 0.999647268494765 -0.0245431284313861 -0.0101475828528267 0.835997082110139 0.00100000000000033 0 0.0259999999999998 0.0190000000000001

 5442 42 100 3 0.8 0.00199999999999978 0.262 0.186 0.0149999999999997 0.999863587786237 0.00547253538164918 -0.0155838755041965 0.815131884162058 0.998383274983705 -0.0438300386683823 -0.0361906609934026 0.803488976265299 0.999863307054855 0.00543905271356092 -0.015613580976412 0.814698743180011 0.998382089135493 -0.0438635741967885 -0.0361827438447028 0.803284403820911 0.00199999999999978 0.00100000000000033 0.0259999999999998 0.024

 5443 43 100 3 0.8 0.00200000000000022 0.254 0.213 0.016 0.999931503217294 -0.00979398995362124 -0.00640832539678834 0.834782953944395 0.999916314302464 0.0112321004730197 0.00641905839976216 0.778596392857536 0.999931495086473 -0.00979403173500354 -0.00640953013130403 0.83478144277688 0.999916318553119 0.011231900079004 0.00641874690198783 0.778572493840716 0.00100000000000033 0.00100000000000033 0.0200000000000005 0.0199999999999996

 5433 33 100 3 0.8 0.00200000000000022 0.255 0.204999999999999 0.0149999999999997 0.999693068633972 -0.005331712634306 -0.0241938290805137 0.751402171060715 0.999771249438888 0.0196570127728179 0.00842915442103902 0.797064494380459 0.9996928950677 -0.00533228525676692 -0.0242008736433536 0.751240053043051 0.999771062881579 0.0196669395198014 0.00842812639694063 0.796947966637617 0.00199999999999978 0 0.0270000000000001 0.0209999999999999

 5439 39 100 3 0.8 0.00300000000000011 0.257 0.214 0.0150000000000006 0.99890847550524 -0.0197295811095165 0.0423391213068893 0.818733716623776 0.999511960180963 -0.00939037948566084 -0.0297936608748384 0.799735546908333 0.998905138460456 -0.0197480083227204 0.0424092033005001 0.818198805546804 0.999511396453293 -0.00942295365846859 -0.0298022868977953 0.799577272407496 0.00199999999999978 0 0.0270000000000001 0.024

 5444 44 100 3 0.8 0.00200000000000022 0.254 0.213 0.016 0.99991831788114 -0.00980470201711538 -0.00819910873860897 0.801259969169781 0.999759394004898 -0.0218283707637715 0.00216248208264618 0.817905041804558 0.999918323429226 -0.00981011391400625 -0.00819195553453663 0.801066288361681 0.999758471480102 -0.0218753644593214 0.00211355944834705 0.817453396997868 0.00199999999999978 0.00100000000000033 0.0259999999999998 0.0230000000000006

 5436 36 100 3 0.8 0.00200000000000022 0.263 0.234 0.0149999999999997 0.998151564779521 -0.0174455970267064 -0.0582160190375043 0.800033874589409 0.997101234188197 0.0462277659945687 -0.060432792683487 0.799188696899939 0.998150952440752 -0.0174482430720499 -0.0582257241716867 0.799871646937918 0.997102480470546 0.0462202807637376 -0.0604179533384329 0.799044827182418 0.00199999999999978 0.00100000000000033 0.0249999999999995 0.0230000000000006

 5445 45 100 3 0.8 0.00300000000000011 0.252 0.181999999999999 0.0150000000000006 0.998140378263818 0.0375764161515329 -0.0479978981682409 0.792427391469159 0.998486829780672 0.0301630979482686 0.0459808468463435 0.810267735517113 0.998139975582683 0.0375815813496826 -0.0480022279384742 0.792342458831664 0.998485143435552 0.0302255855317537 0.0459764321989918 0.809929320652994 0.00199999999999978 0 0.0229999999999997 0.0250000000000004

 5446 46 100 3 0.8 0.00200000000000022 0.254 0.204000000000001 0.016 0.999342307125842 0.00885412528651812 -0.0351647217223546 0.811823557303591 0.999326232583278 0.00696967526693784 0.0360347678997017 0.781649623327573 0.999341075343723 0.00885093499167168 -0.0352005125051557 0.811495288200623 0.999326193706834 0.00697025127998889 0.0360357346047651 0.781618117527099 0.00200000000000067 0.000999999999999446 0.0270000000000001 0.0200000000000005

 5448 48 100 3 0.8 0.00300000000000011 0.254 0.221 0.0169999999999995 0.999860627144739 -0.0150184121164233 -0.00729202188906261 0.825719440128461 0.999478545467808 0.0302207211603286 -0.0113730014553625 0.780554868264854 0.999861080735772 -0.0149825157659996 -0.0073036601246428 0.826080886211432 0.999478557818846 0.030220645023283 -0.0113721183047387 0.780527211391975 0.00100000000000033 0.00100000000000033 0.0280000000000005 0.0190000000000001

 5449 49 100 3 0.8 0.00199999999999978 0.248 0.225 0.016 0.999369352589423 0.035470976674868 0.00164527162746399 0.799544420812039 0.999515430196161 0.0310197857713331 -0.00258412276874725 0.804748279652224 0.999368713747419 0.0354897058323962 0.00162934427292573 0.799388894519116 0.999514973546394 0.0310343334323376 -0.00258607907093523 0.804514973069102 0.00199999999999978 0.00100000000000033 0.024 0.024

 5453 53 100 3 0.8 0.00199999999999978 0.257 0.191 0.0149999999999997 0.999433436734292 0.0237474126114032 -0.0238509105014097 0.815686750396705 0.999962140205309 -8.98632519834946e-05 -0.00870115398179025 0.81306612732002 0.99943416467389 0.0237164150682299 -0.0238512502589473 0.815249231612593 0.999962121916361 -0.000143469336012812 -0.00870253693343534 0.812721340625665 0.00199999999999978 0.00100000000000033 0.0249999999999995 0.0229999999999997

 5451 51 100 3 0.8 0.00200000000000022 0.254 0.188000000000001 0.0149999999999997 0.998460327763029 0.0158685694782256 -0.0531522566412626 0.804785765442319 0.999415122079006 -0.0041672063404213 0.0339418348225655 0.807677536113773 0.998458974025777 0.0158738669567099 -0.0531760992856157 0.804567051248519 0.99941486222153 -0.00417720618048194 0.0339482564978744 0.807428678977957 0.00200000000000067 0.00100000000000033 0.0250000000000004 0.0219999999999994

 5457 57 100 3 0.8 0.00199999999999978 0.255 0.197 0.0190000000000001 0.999071180463941 0.0396179160314446 0.0169468904437666 0.816020632436575 0.999165709587598 -0.0214389253664519 -0.0347599951588484 0.774980521679297 0.999070288396601 0.0396193333556971 0.0169960956570141 0.815593356702498 0.999165922321281 -0.0214317833835737 -0.0347582843774547 0.775196368604221 0.00200000000000067 0.00100000000000033 0.0259999999999998 0.0200000000000005

 5447 47 100 3 0.8 0.00200000000000022 0.250999999999999 0.217 0.0169999999999995 0.999717178856162 0.0146807268859568 -0.0187093174107539 0.796643433662697 0.999514122716456 0.028068719768128 0.0135523230824694 0.773664067361356 0.999717071573854 0.0146713513437439 -0.0187223997806152 0.796514692183854 0.999513777924076 0.0280672024534116 0.0135808647140202 0.773986255898992 0.00199999999999978 0.000999999999999446 0.0259999999999998 0.0220000000000002

 5458 58 100 3 0.8 0.00199999999999978 0.257 0.194999999999999 0.016 0.999108544822889 0.0123635432286665 -0.040364073886597 0.795871778602117 0.999317055887451 -0.0369421649975485 0.00083561817355114 0.78680910255776 0.999108759571338 0.0123415054307868 -0.040365502493148 0.795755680189961 0.99931694174892 -0.0369451568302236 0.000839833540586787 0.786752118165265 0.00199999999999978 0 0.0250000000000004 0.0209999999999999

 5454 54 100 3 0.8 0.00199999999999978 0.25 0.17 0.016 0.999392707317412 -0.0038727938608578 -0.034629727525407 0.84100764991646 0.999955670308865 -0.000650161975783843 -0.00939333309076786 0.805155483168017 0.999392706900866 -0.00387256595171007 -0.0346297650339852 0.841005548717994 0.999955595086787 -0.000659382784104192 -0.00940069513251507 0.804940575150187 0.00200000000000067 0.00100000000000033 0.0220000000000002 0.0210000000000008

 5450 50 100 3 0.8 0.00200000000000022 0.252 0.18 0.0170000000000003 0.996855181401203 -0.0664346766670157 -0.043199317699758 0.806091335491415 0.999350193301858 -0.0201478872411429 -0.0298873516266835 0.755733958501625 0.996854828533685 -0.0664524957433195 -0.0431800490801308 0.805846863669174 0.999350118797815 -0.0201465665210913 -0.0298907329485983 0.75569231623629 0.00199999999999978 0 0.0259999999999998 0.0189999999999992

 5452 52 100 3 0.8 0.004 0.255 0.189 0.016 0.999456734766879 -0.024270511366035 -0.0222974798387297 0.807801676524642 0.997181981291515 0.0545116199041774 -0.051542016675239 0.776711220141794 0.999456810162756 -0.0242562889528027 -0.0223095734052947 0.807531665523703 0.997182285993162 0.0545078179320375 -0.0515401424691377 0.776811714616264 0.00199999999999978 0.000999999999999446 0.0250000000000004 0.0200000000000005

 5463 63 100 3 0.8 0.00199999999999978 0.253 0.174 0.0170000000000003 0.998387767572014 0.0497685958640435 -0.0272938166677265 0.792506952223777 0.997872102131705 -0.0545216906738764 0.035758258253362 0.788236009267772 0.998387817163125 0.0497655113092346 -0.027297626717003 0.792419795519025 0.99787232450385 -0.0545185653237243 0.0357568178719087 0.788175536906732 0.00199999999999978 0 0.0229999999999997 0.0200000000000005

 5461 61 100 3 0.8 0.00199999999999978 0.25 0.206 0.0170000000000003 0.999007794199432 0.0220006038126922 -0.0387220939601831 0.792676474769413 0.999036774384541 0.0426104038288104 -0.0104822188909133 0.82942740352271 0.999007515632313 0.0220018000842513 -0.0387286005841569 0.792591740705321 0.999036020842836 0.0426293191487005 -0.0104771278235629 0.829638907642252 0.00199999999999978 0.00100000000000033 0.0220000000000002 0.024

 5459 59 100 3 0.8 0.00199999999999978 0.25 0.202 0.0170000000000003 0.999989656992408 -0.000821380755122904 0.00447339265663028 0.79552213007887 0.99907159053745 0.0390863366977889 -0.0181167122987847 0.791930835396833 0.999989626105965 -0.000831454420151087 0.0044784332082208 0.795409593844575 0.99907183088842 0.0390841464357201 -0.0181081810972445 0.791847425675151 0.00200000000000067 0 0.0229999999999997 0.0199999999999996

 5464 64 100 3 0.8 0.00199999999999978 0.250999999999999 0.186 0.0170000000000003 0.999844222530221 0.00480234207713947 -0.0169843511360095 0.785613321346538 0.999867078715596 0.00968803508065867 -0.0131136141858911 0.818336270562491 0.999844284730137 0.00480089527591383 -0.0169810982280667 0.785564917773207 0.999866881925706 0.00971472680309432 -0.0131088714734386 0.817826543509304 0.00199999999999978 0.000999999999999446 0.0230000000000006 0.0230000000000006

 5460 60 100 3 0.8 0.00199999999999978 0.250999999999999 0.209 0.0169999999999995 0.9994542164823 -0.00868735473352858 -0.0318716021480804 0.824450410018742 0.999872216869745 -0.0143976330263039 0.00694680467701991 0.783630573530274 0.999454761660354 -0.0086675626450705 -0.0318598925333803 0.824832431841808 0.999872208702686 -0.0143961949436381 0.00695095929756399 0.783589333236284 0.00199999999999978 0.00100000000000033 0.024 0.0209999999999999

 5462 62 100 3 0.8 0.00199999999999978 0.251 0.215 0.016 0.999581214600259 0.0274607047015113 -0.00912716361022942 0.806841031929345 0.998589315875497 -0.026575996302273 0.0459684091507335 0.783512653271784 0.999581203338034 0.0274623772458986 -0.00912336392407396 0.806608247351288 0.998589006587966 -0.0265809957018126 0.0459722371563423 0.783471514442794 0.00199999999999978 0.00100000000000033 0.0220000000000002 0.0209999999999999

 5455 55 100 3 0.8 0.00200000000000022 0.254 0.201000000000001 0.0170000000000003 0.999774070643956 -0.00821729171459046 0.0196031575234935 0.774108316557756 0.999709339327321 0.0240934632773825 -0.000861329805022917 0.826107948586407 0.999774080758127 -0.00821854577849134 0.0196021159452137 0.774392432839065 0.999709757366614 0.0240768182599311 -0.000841337306937505 0.82631634409257 0.00199999999999978 0 0.0229999999999997 0.0190000000000001

 5456 56 100 3 0.8 0.00200000000000022 0.252 0.231999999999999 0.016 0.999680381368785 0.0164149103820435 -0.0192272156983342 0.779734716824467 0.999131481260923 0.0108396032391463 0.040234141658193 0.824427980898288 0.999680310662399 0.0164148087527088 -0.0192309783303482 0.77970696360854 0.999129570304474 0.0108495781610047 0.0402788827665878 0.824822297459744 0.00199999999999978 0.00100000000000033 0.0220000000000002 0.0220000000000002

 5465 65 100 3 0.8 0.00099999999999989 0.254 0.212 0.0169999999999995 0.999919049600138 -0.00203368975472502 -0.0125601891999544 0.828775996828166 0.998997433529001 -0.0320421532134753 -0.031263848450156 0.768772333896737 0.999919215888885 -0.00204364085836014 -0.0125453269467055 0.829004691181128 0.998997243024776 -0.0320651223672794 -0.0312463814939981 0.768340494383617 0.00200000000000067 0 0.0250000000000004 0.0209999999999999

 5466 66 100 3 0.8 0.00200000000000022 0.263 0.211 0.0149999999999997 0.996723799775018 -0.064186724012786 -0.0492110904426676 0.797811133358703 0.997730315056678 -0.0486083794750296 -0.0465987538643777 0.80315519583001 0.996723188052986 -0.0641888164729589 -0.0492207500683585 0.797681187380169 0.997730440092761 -0.0486158276064858 -0.0465883055974496 0.80294885842166 0.00200000000000067 0 0.0250000000000004 0.0249999999999995

 5469 69 100 3 0.8 0.00199999999999978 0.257 0.161 0.016 0.999800983556063 -0.00672190382522402 -0.0187832182890636 0.802993093560532 0.999958910950657 0.00878912883953665 -0.00221982535741218 0.798321478921947 0.999800893887679 -0.00672340077113351 -0.0187874549492396 0.802801970203459 0.99995899042087 0.0087811093082914 -0.00221576077009776 0.798187239060677 0.00199999999999978 0 0.024 0.0220000000000002

 5467 67 100 3 0.8 0.00200000000000022 0.255 0.191 0.016 0.99982888622058 -0.0108239098699722 -0.0150013750716435 0.80935224404385 0.998915000792936 -0.0456458290364978 0.00923468908079094 0.797522441501785 0.999829976850228 -0.010760837767186 -0.0149740362701796 0.80904632259782 0.998915163769489 -0.045640619659802 0.00924280414398839 0.79740106285082 0.00199999999999978 0.00100000000000033 0.0290000000000008 0.0219999999999994

 5468 68 100 3 0.8 0.00300000000000011 0.255 0.22 0.0149999999999997 0.999822499788494 -0.00543095815559985 0.0180408871788219 0.79300732220513 0.998115873464543 -0.0599914812749297 -0.012873434372844 0.783867138820758 0.999822622434594 -0.0054375044372433 0.0180321161682946 0.792912020360011 0.998115989673389 -0.0599900178678039 -0.0128712437057056 0.783824701423616 0.00200000000000067 0.00100000000000033 0.024 0.0229999999999997

 5470 70 100 3 0.8 0.00099999999999989 0.263 0.207 0.0150000000000006 0.999810631879288 0.0138303166202966 -0.0136902419015081 0.804436528455995 0.999682331109385 -0.00449486768329064 -0.0247998595200778 0.766127529134464 0.999810909058679 0.0138169726430153 -0.0136834715711859 0.804226415618155 0.999682686427963 -0.00450619523950377 -0.0247834755559873 0.765773381903379 0.00200000000000067 0.000999999999999446 0.0230000000000006 0.0249999999999995

 5471 71 100 3 0.8 0.00200000000000022 0.256 0.199 0.0149999999999997 0.999817738249676 0.0139996008655684 -0.0129808111036238 0.830294043729315 0.996020439650098 -0.0865829102917931 0.0211348869083738 0.810410896057702 0.999817279491372 0.014006282241668 -0.0130089080340683 0.830473538366683 0.996017127349395 -0.0866215745102744 0.0211325544130422 0.810099990619171 0.00199999999999978 0.000999999999999446 0.0300000000000002 0.024

 5475 75 100 3 0.8 0.00200000000000022 0.258 0.19 0.0150000000000006 0.996992452169367 0.00981159418073845 -0.0768751125979314 0.806905847141559 0.998441188956641 0.00227771080308275 -0.055767411884952 0.812028451082444 0.99699197952013 0.00981006053124874 -0.0768814378436394 0.806652853827957 0.998443932936052 0.00225959954037002 -0.0557190002880986 0.811688008644631 0.00199999999999978 0.000999999999999446 0.0280000000000005 0.0229999999999997

 5473 73 100 3 0.8 0.00099999999999989 0.257 0.213 0.016 0.999820293293667 -0.0147336881525547 -0.011928937571698 0.835387291817756 0.999931446346928 0.0116554013930295 -0.00111992183149408 0.797193716238072 0.999820288465548 -0.0147337597990352 -0.0119292537425121 0.835385757133366 0.999931667282974 0.0116377377015375 -0.00110626664123316 0.797053362231856 0.00200000000000067 0.00100000000000033 0.0230000000000006 0.024

 5476 76 100 3 0.8 0.00199999999999978 0.256 0.201 0.0150000000000006 0.999934269743072 0.00521763052692839 -0.0102094331416255 0.787958227377015 0.999985682717653 0.00374590466156442 0.0038213293467119 0.825356697662967 0.999934262160088 0.00521566674805715 -0.01021117910593 0.787901636792427 0.999985856536473 0.00375158742104803 0.00376992292221422 0.825700760295481 0.00199999999999978 0 0.0230000000000006 0.0229999999999997

 5472 72 100 3 0.8 0.00099999999999989 0.259 0.241000000000001 0.0150000000000006 0.999453710550007 0.0313415942916124 0.0104873702653685 0.822683057853468 0.998611411614879 -0.0324766498276828 -0.041479100864283 0.770127930042507 0.99945460659756 0.0313231911867486 0.0104569137318628 0.823185349604411 0.998612494812677 -0.032462332457376 -0.0414642276598569 0.769582382542448 0.00200000000000067 0.000999999999999446 0.0289999999999999 0.0230000000000006

 5479 79 100 3 0.8 0.00200000000000022 0.255 0.195 0.0150000000000006 0.997931055467347 -0.0305959034595556 -0.0565464342405506 0.803565024359373 0.998077139808543 0.0318609164404508 -0.0531686467306843 0.800923734504249 0.997932232841567 -0.030583199842503 -0.0565325264183122 0.803354107153477 0.998078373664612 0.031857948649727 -0.0531472589211795 0.800767052850389 0.00199999999999978 0 0.0269999999999992 0.0209999999999999

 5474 74 100 3 0.8 0.00199999999999978 0.265 0.245 0.0149999999999997 0.999711214509859 -0.0216840517728944 0.0103580636188742 0.811281754209302 0.996731037149661 -0.04979971001608 -0.0636178313437013 0.782005979555212 0.999711546827002 -0.0216647014049913 0.0103664774052941 0.810948221825587 0.996730754135222 -0.0498031419509254 -0.0636195788484035 0.781971870093136 0.00200000000000067 0 0.0270000000000001 0.0199999999999996

 5481 81 100 3 0.8 0.00199999999999978 0.255 0.149 0.016 0.999985403016336 0.00362940000877062 -0.00400265035106018 0.817544111091495 0.999783014595709 -0.0193847036180809 0.00762607314118841 0.813941010408853 0.999985542779175 0.00359617764624063 -0.00399771672015154 0.8170397547269 0.999783284368511 -0.0193783601013603 0.00760680334270187 0.813590405757891 0.00199999999999978 0.000999999999999446 0.0269999999999992 0.0209999999999999

 5477 77 100 3 0.8 0.00200000000000022 0.255 0.171 0.016 0.999540239373012 -0.0269663160171481 -0.013861012755403 0.80093081507558 0.999553630449085 -0.0289576006910799 0.00734827995316997 0.807269289642116 0.999540438079092 -0.0269604324714153 -0.0138581285032117 0.800748166306057 0.999553524146476 -0.0289602343263119 0.00735235976571793 0.807009917802641 0.00200000000000067 0.00100000000000033 0.0259999999999998 0.0220000000000002

 5478 78 100 3 0.8 0.00200000000000022 0.26 0.186 0.016 0.999652550887001 0.00581360588459315 -0.0257095214216567 0.800369118008336 0.999163235077511 -0.00412128893592299 0.0406920710575155 0.798421359842269 0.999652209364311 0.00581002120815713 -0.0257236071851007 0.800200332649752 0.999162895708523 -0.00409965167187982 0.0407025883148591 0.798279711417584 0.00199999999999978 0.00100000000000033 0.0250000000000004 0.0219999999999994

 5480 80 100 3 0.8 0.00200000000000022 0.259 0.208 0.016 0.999544075781744 0.00360759920879307 -0.0299770878767066 0.816574059789267 0.999196299347895 -0.0243968483666805 -0.0318048606229343 0.816294066614087 0.999542952312881 0.003553166284456 -0.0300210174878343 0.81612402842438 0.999195982776923 -0.0244375223653262 -0.0317835728498604 0.81583146179689 0.00199999999999978 0 0.0259999999999998 0.024

 5482 82 100 3 0.8 0.00299999999999967 0.253 0.201 0.016 0.99991018740687 -0.0119599311607595 -0.00604790596726607 0.803373800389599 0.99967055821599 0.022902940997386 -0.0115857813634164 0.800130053860964 0.999910125505238 -0.0119591532325157 -0.00605966715749357 0.803171081694076 0.99967060954835 0.0229090548226764 -0.0115692528868968 0.799976979519843 0.00199999999999978 0.00100000000000033 0.0260000000000007 0.0220000000000002

 5484 84 100 3 0.8 0.00199999999999978 0.255 0.197 0.0179999999999998 0.997713548322455 -0.0140044519125198 -0.0661177042889889 0.813196914734967 0.999944205531207 0.0105533526932856 0.000461054762451093 0.792510975774286 0.997715250485356 -0.0139800175613357 -0.0660971864599975 0.812829105104141 0.999944052279753 0.0105677997809786 0.00046251285023858 0.792423337245466 0.00199999999999978 0 0.0250000000000004 0.0220000000000002

 5486 86 100 3 0.8 0.00200000000000022 0.252 0.18 0.0170000000000003 0.999648487223488 0.0264971670080305 0.000895618411924711 0.829452784927299 0.999734394135341 0.0194895864096623 0.0123002928592027 0.774572601568723 0.999648343163368 0.0265025473875911 0.000897213855172845 0.829678681976602 0.999733667713774 0.0194998843397597 0.0123429392893824 0.774850157997964 0.00199999999999978 0.00100000000000033 0.0269999999999992 0.0229999999999997

 5485 85 100 3 0.8 0.00300000000000011 0.253 0.213 0.016 0.999003896559595 -0.0222834305536955 0.0386608766261716 0.806188332042016 0.999847443484896 -0.0174442142432388 0.000888338985823565 0.763110705600662 0.999003674720066 -0.0222858697801694 0.0386652027531863 0.805966490361323 0.99984732011232 -0.0174520926148626 0.000872311626552064 0.762878851027454 0.00199999999999978 0.00100000000000033 0.0220000000000002 0.0220000000000002

 5487 87 100 3 0.8 0.00200000000000022 0.251 0.189 0.016 0.999337925087528 -0.0296274678432425 0.0211169275926149 0.797316899542284 0.999344020553012 -0.026294925727414 -0.024901916912787 0.821766002684016 0.999337818689889 -0.0296302612203462 0.0211180433787834 0.797170716859044 0.999343617183069 -0.0262979044325037 -0.0249149557077436 0.822311425270718 0.00199999999999978 0 0.0260000000000007 0.0259999999999998

 5483 83 100 3 0.8 0.00200000000000022 0.25 0.195 0.0170000000000003 0.999958748877947 0.0026853700086143 -0.00867694245497401 0.833964098661816 0.999569307060931 -0.0234565158662585 -0.0176349722184833 0.827955264489412 0.999958746754967 0.00268510262529131 -0.00867726985444142 0.833962309706615 0.999569128914855 -0.0234496171275318 -0.0176542339672217 0.828245726728877 0.00199999999999978 0.00100000000000033 0.0199999999999996 0.0249999999999995

 5489 89 100 3 0.8 0.00199999999999978 0.252 0.191 0.0169999999999995 0.999583379799355 0.00496778334419712 -0.0284321641375496 0.814018908673707 0.999954839046049 -0.00730693878896059 0.00607688357012555 0.81280934166165 0.999583786194921 0.0050101691873361 -0.0284104308475057 0.813638805078482 0.999955265871505 -0.00730110006857443 0.00601333465202149 0.812445452737782 0.00199999999999978 0.00100000000000033 0.024 0.024

 5488 88 100 3 0.8 0.00199999999999978 0.259 0.191 0.0149999999999997 0.999940504024546 -0.00368414971086121 0.0102672027371286 0.794843006610838 0.999706272709133 0.00743761997877951 0.0230662115455229 0.836834230451736 0.999940644730754 -0.00370212992356167 0.0102470117338023 0.794745206606193 0.999706285037975 0.00743706570693663 0.0230658559182339 0.836832552571175 0.00200000000000067 0 0.0229999999999997 0.0190000000000001

 5491 91 100 3 0.8 0.00200000000000022 0.26 0.193 0.0149999999999997 0.999721760680134 0.0228694714108609 -0.00577827829036152 0.799993539197582 0.999526036585381 -0.0299962097784777 0.00692311973361222 0.8468013854012 0.99972148972798 0.0228805208665541 -0.00578141340366719 0.799826141278163 0.999526025971599 -0.0299967280675688 0.00692240642139877 0.846799265919056 0.00200000000000067 0 0.024 0.0209999999999999

 5495 95 100 3 0.8 0.00300000000000011 0.26 0.179 0.016 0.999169387752986 0.000752264141630414 -0.040742713164256 0.741552717531354 0.999481220908221 0.0291127606861324 0.0137744770152597 0.797544563762702 0.999169522634635 0.000755629773698335 -0.0407393429220475 0.741469445227929 0.999480989768139 0.0291239106158875 0.0137676767298987 0.797408095884155 0.00100000000000033 0.00100000000000033 0.0229999999999997 0.0220000000000002

 5493 93 100 3 0.8 0.00100000000000033 0.26 0.179 0.0150000000000006 0.999470639646579 0.0324318699748593 -0.00257182705315271 0.838494311983278 0.999958235842913 0.00910276139603297 -0.000816275012063841 0.79110185462909 0.999470647188031 0.0324316437030425 -0.00257174964903946 0.838492330927123 0.999958157157296 0.00911079967768069 -0.000822960398444875 0.79101874656523 0.000999999999999446 0 0.0209999999999999 0.0220000000000002

 5496 96 100 3 0.8 0.00299999999999967 0.26 0.19 0.016 0.999229858466493 -0.0374465500151157 -0.0117237298244912 0.840920422956322 0.998029686873085 -0.0561729291250135 0.0279525697124337 0.777070328938754 0.999229858102654 -0.0374467645536756 -0.0117230755611033 0.840918342791189 0.998029186187527 -0.0561798481880986 0.0279565408343893 0.777152525415655 0.00199999999999978 0 0.0220000000000002 0.0209999999999999

 5492 92 100 3 0.8 0.00300000000000011 0.261 0.218 0.0170000000000003 0.999803740831967 0.00870384041502388 -0.0177967126300122 0.822521587484891 0.999211485423048 0.00938654233873349 -0.0385784942887777 0.787941996596632 0.999804494109298 0.00869616303094563 -0.0177581053997628 0.822961956029946 0.999211171382575 0.00939230552607623 -0.0385852249075629 0.787879671812909 0.00199999999999978 0.00100000000000033 0.024 0.0209999999999999

 5490 90 100 3 0.8 0.00299999999999967 0.264 0.187 0.016 0.99988518373661 -0.0149217810300383 0.00263814231948676 0.785800435593385 0.999668245103006 0.0240154356672368 -0.00930905915705325 0.812089328223605 0.999885182292949 -0.0149228442042549 0.00263267009947315 0.785755483112434 0.999667608361477 0.0240434627798473 -0.00930508948904445 0.8117532548278 0.00199999999999978 0.000999999999999446 0.0220000000000002 0.0220000000000002

 5494 94 100 3 0.8 0.00200000000000022 0.263 0.209000000000001 0.016 0.999486034281672 -0.0065379796528515 -0.0313834685456355 0.792844561402747 0.999089430659299 -0.0343000113245745 -0.025373584059235 0.787905058830611 0.999485800870117 -0.00652835184869591 -0.0313929049493744 0.792745398861317 0.999089218617417 -0.0343046824169542 -0.0253756183513131 0.787850377288186 0.00199999999999978 0.00100000000000033 0.024 0.0190000000000001

 5497 97 100 3 0.8 0.00200000000000022 0.251 0.199 0.0150000000000001 0.997930497329051 0.0570034524942847 -0.0297544770467276 0.79480469693772 0.999319125798895 -0.0101901102027256 0.0354604916292696 0.830405327187097 0.997931324467558 0.056995203713964 -0.0297425351984138 0.794697544639102 0.999318894284757 -0.0101894212899675 0.0354672132999773 0.83056473900249 0.00100000000000033 0 0.0220000000000002 0.0220000000000002

 5499 99 100 3 0.8 0.00200000000000022 0.249 0.177 0.0149999999999997 0.999999889987135 0.000365723581789756 0.000293720921600517 0.793860236097709 0.998936876734672 -0.0432115476154205 0.0160585943425329 0.800200327844898 0.999999891051819 0.000368071277739696 0.000287088636096913 0.793764845178766 0.998937091042795 -0.0432059347906318 0.0160603654325084 0.800056405663826 0.00199999999999978 0 0.0209999999999999 0.0199999999999996

 5498 98 100 3 0.8 0.00300000000000011 0.251 0.2 0.0140000000000002 0.999421541500474 0.0223315085512399 -0.0256492906459752 0.794490495088748 0.999767095548494 -0.00501159146428922 -0.0209913937012984 0.80402222643427 0.999422402593413 0.0223112617674631 -0.0256333531312925 0.794387078875175 0.999766592107691 -0.00498945863136696 -0.0210206233956039 0.803784748405365 0.00199999999999978 0.000999999999999446 0.0229999999999997 0.0250000000000004

 5500 100 100 3 0.8 0.00199999999999978 0.249 0.197 0.0150000000000001 0.99995843166958 -0.00652403805585602 -0.00636960441154473 0.816063722836748 0.998801865210278 0.0347218100161051 0.034485213667242 0.760495724591369 0.999958100465696 -0.00655166440156167 -0.00639320002856879 0.815643717063555 0.998801650471888 0.0347169215501757 0.0344963530349555 0.760352293412599 0.00100000000000033 0 0.0219999999999994 0.0209999999999999

 5501 1 500 3 0.8 0.00300000000000011 0.27 0.892 0.0670000000000002 0.999589219610985 -0.028319765052988 0.00440260659667919 0.802233402132064 0.999751618744444 -0.01235402545452 0.0185493631409023 0.797885769109502 0.999588940329869 -0.0283304361299745 0.00439735817226334 0.802051697990741 0.999751616176022 -0.0123571286233883 0.01854743447534 0.797755277647414 0.00199999999999978 0.00100000000000033 0.0419999999999998 0.0430000000000001

 5502 2 500 3 0.8 0.00299999999999967 0.28 0.823 0.0670000000000002 0.999847409669157 -0.0130393759350702 -0.0116246313103503 0.811389723142814 0.999797523094373 0.00295893886359059 0.019903705563503 0.787462442395159 0.99984718343578 -0.0130455031744378 -0.0116372085339778 0.811048028573241 0.999797480785944 0.00295589051865721 0.0199062835637611 0.787406539145077 0.00200000000000067 0 0.0460000000000003 0.0410000000000004

 5504 4 500 3 0.8 0.00299999999999967 0.272 0.869 0.0679999999999996 0.999904801716969 -0.000539815063447349 -0.0137875343352542 0.809479979891276 0.999843786092455 0.0112665895764476 -0.0136186405937403 0.807861520508767 0.99990480706766 -0.000527520694753701 -0.013787622162756 0.80918976883851 0.999843517334962 0.0112708357170162 -0.013634848935386 0.807597648824994 0.00199999999999978 0.000999999999999446 0.0419999999999998 0.0419999999999998

 5503 3 500 3 0.8 0.00300000000000011 0.277 0.909 0.0670000000000002 0.999786657973932 0.020199593193186 0.00431450717308059 0.803070549375379 0.999672340704617 0.00328615083864135 0.0253852800421651 0.789662352732793 0.999786783658316 0.0201930516512677 0.00431600361081659 0.802876351995011 0.999672279038941 0.00328577838332663 0.0253877565276148 0.789594024214555 0.00199999999999978 0 0.0449999999999999 0.04

 5505 5 500 3 0.8 0.004 0.276 0.866000000000001 0.0680000000000005 0.998970589111269 0.0332407581001333 0.0308676868523245 0.791871684981577 0.999942940351601 0.000658315463666639 0.0106622071704218 0.824493826216369 0.998970701328088 0.0332362903006084 0.0308688661133251 0.791787864574475 0.999942837632902 0.000632581851874276 0.0106733924719192 0.824919087366272 0.00199999999999978 0.000999999999999446 0.0419999999999998 0.0470000000000006

 5506 6 500 3 0.8 0.00300000000000011 0.275 0.9 0.0659999999999998 0.999861984971827 0.0139708425782868 0.00899035960628362 0.795816237600647 0.999470213951333 -0.0113662839304891 -0.0304975247141125 0.796305954255726 0.99986195294852 0.0139727515399962 0.00899095436393425 0.795699477880494 0.999470195337952 -0.0113603340279834 -0.0305003515043508 0.796187794975576 0.00200000000000067 0.00100000000000033 0.0419999999999998 0.04

 5507 7 500 3 0.8 0.00299999999999967 0.276 0.944 0.0679999999999996 0.999923394645854 0.00977780388484506 -0.00758942626955601 0.809890947236548 0.999939017226842 -0.00290773096425296 -0.0106539630212277 0.7900597688651 0.999923475986953 0.00977347867769327 -0.00758427878621484 0.809572885032066 0.999939013159163 -0.00290738332515954 -0.0106544396605306 0.789986944672528 0.00199999999999978 0.00100000000000033 0.0460000000000003 0.0389999999999997

 5509 9 500 3 0.8 0.00299999999999967 0.273 0.879 0.0680000000000005 0.999977552596311 0.00566434734255667 0.00357903236579745 0.806690183578925 0.999891085556781 -0.0146241385981303 0.00198786175205147 0.792528630004922 0.999977549786275 0.00567017159708184 0.00357058503580368 0.806436221151375 0.999891049850635 -0.014626688253089 0.00198706299405582 0.792440185130132 0.00199999999999978 0.00100000000000033 0.0460000000000003 0.0389999999999997

 5512 12 500 3 0.8 0.00300000000000011 0.27 0.842 0.0679999999999996 0.99989191919562 -0.0128870891715218 -0.00707621791535165 0.809757148559837 0.999796452836472 0.0142671176846104 0.0142654214302071 0.799725632842244 0.99989172766889 -0.0129035265014851 -0.00707332617289638 0.809452009593471 0.999796459183421 0.0142687209314898 0.0142633729276677 0.799571705054209 0.00199999999999978 0.00100000000000033 0.0449999999999999 0.04

 5508 8 500 3 0.8 0.004 0.27 0.911 0.0690000000000008 0.999945384747725 0.00580705735685297 0.00868939621487786 0.79727962913726 0.999968644745011 0.000479915375860864 -0.00790437904311072 0.803476339859546 0.999945403184441 0.00580627186592743 0.00868779933730226 0.797154051411153 0.999968689204275 0.000476827102581477 -0.00789893961226526 0.803274532562233 0.00199999999999978 0 0.0410000000000004 0.04

 5510 10 500 3 0.8 0.00300000000000011 0.272 0.877 0.0699999999999994 0.999918355587502 0.00511623752361554 0.0117092387791661 0.808334794615863 0.999801987565414 -0.0198991104481502 0.000105183745279994 0.809726645220537 0.999918425420109 0.00510399757206475 0.0117086170897028 0.808059160412404 0.999802204111325 -0.0198882137938113 0.000107732205796305 0.80942717711957 0.00199999999999978 0 0.0430000000000001 0.0410000000000004

 5511 11 500 3 0.8 0.00200000000000022 0.273 0.944 0.0679999999999996 0.999736246302553 -0.0201457016085398 0.0110267191667034 0.79937030941091 0.999983345098687 0.00482266059909401 -0.00317040533456982 0.79087265601117 0.999736193407163 -0.0201500953007585 0.0110234863417284 0.799221310456221 0.999983333715754 0.00482328562353471 -0.00317304373140776 0.790793287924039 0.00199999999999978 0.000999999999999446 0.0430000000000001 0.04

 5517 17 500 3 0.8 0.00199999999999978 0.268 0.827 0.0720000000000001 0.999655783870618 -0.0254577015340952 -0.00634186144772246 0.807426296849282 0.99976470502369 -0.00732456106868307 -0.0204177715249696 0.815055001491269 0.99965570935579 -0.0254595252181029 -0.00634628458554009 0.807153740210705 0.999764833501938 -0.00731879189300095 -0.0204135488847355 0.814649305217428 0.00200000000000067 0.00100000000000033 0.0449999999999999 0.0409999999999995

 5513 13 500 3 0.8 0.00300000000000011 0.273 0.922 0.0710000000000006 0.999906607319447 0.0126351011747187 0.00520872894457871 0.806520365705338 0.999989318928856 -0.0045467560837468 -0.000830082717642439 0.794884997532822 0.999906728154862 0.0126251176333137 0.00520974043333064 0.806272509461289 0.999989315223344 -0.00454863187894826 -0.000824249463141461 0.794784693378106 0.00199999999999978 0.000999999999999446 0.0439999999999996 0.0380000000000003

 5518 18 500 3 0.8 0.00299999999999967 0.267 0.889 0.0679999999999996 0.999844800314137 0.00800413177635791 0.0156942396850168 0.807792550350433 0.99997310802296 -0.00731878949441528 -0.000467494640133895 0.798629419902861 0.999844481745048 0.00800408309253472 0.0157145466948168 0.80751422643524 0.999973123663564 -0.00731687561377876 -0.000463984685385154 0.798487346192426 0.00199999999999978 0 0.0440000000000005 0.04

 5515 15 500 3 0.8 0.00299999999999967 0.269 0.893 0.069 0.999846213341523 -0.00843634958297387 -0.0153745787692337 0.805599027976772 0.999895236495344 -0.00383505513629222 0.0139573774764925 0.799674441942578 0.99984628547511 -0.0084469711061375 -0.0153640522245076 0.805375953586284 0.999895167663583 -0.00383979671799978 0.0139610044115954 0.799525885529446 0.00199999999999978 0.000999999999999446 0.0410000000000004 0.0380000000000003

 5519 19 500 3 0.8 0.00300000000000011 0.268 0.887 0.069 0.999937470447869 0.00801033622446452 -0.00780318575256408 0.785083713855029 0.999660811927283 -0.0159685751007169 0.0205734223244051 0.799970212235245 0.999937468404599 0.00800869988081834 -0.00780512695735702 0.785037762012673 0.999660673838662 -0.0159717850201688 0.0205776398963084 0.799813879564029 0.00199999999999978 0 0.0380000000000003 0.04

 5516 16 500 3 0.8 0.00300000000000011 0.267 0.887 0.069 0.99981311240623 0.00104183738606523 -0.019304269875572 0.819358038683709 0.999777166937626 0.0145064063675 -0.0153356005580527 0.806639135392535 0.99981207652423 0.00106820415302698 -0.0193564091761554 0.818823367733558 0.999777137080478 0.0145099498694172 -0.0153341946625587 0.806390840520658 0.00199999999999978 0 0.0439999999999996 0.04

 5514 14 500 3 0.8 0.00199999999999978 0.267 0.901 0.0699999999999994 0.999597954398083 -0.0117791997377352 -0.0257910840544953 0.812499580731896 0.999977259756639 0.00674385988291985 1.79856071369654e-05 0.806876679330889 0.999598472601219 -0.0117702674327632 -0.025775072800508 0.812120989879176 0.999977172129906 0.00675684336258301 1.69366349417531e-05 0.806625019743744 0.00199999999999978 0.00100000000000033 0.0440000000000005 0.04
