
 1353 8 5000 10 0.95 8.945 2.669 0 6.636 0.999996534211717 0.000372542951968955 0.000797579866706099 -0.000185541317937857 -0.000290722271042473 0.000117114556811297 -0.00130686699806984 7.85222618922867e-05 -0.00201516172769055 -0.000499037007873354 0.9492709629955 0.999995520201838 0.000837032451565702 0.00127667353636748 0.000312821426589766 0.00070172621135505 0.000825787470428788 -0.000996249850371975 0.00175056972409023 -0.000506423538927846 -0.00102146112028053 0.950861913208934 0.999996531337484 0.000371639639134412 0.00079961667217077 -0.000186447767745219 -0.000292239766682419 0.000117365946650846 -0.00130745677593401 7.90946697187548e-05 -0.00201528656226679 -0.000498787955282014 0.949448627863967 0.999995519587648 0.00083714310219609 0.00127673220252384 0.000313140999582918 0.000701705589275955 0.000825883556682022 -0.000996204019337476 0.0017507194114682 -0.000506282261566953 -0.00102159514349231 0.95088740156728 2.928 3.041 35.189 9.982

 1365 20 5000 10 0.95 22.996 0.671999999999997 0 3.938 0.99999671476827 0.00130163053866758 -0.000966843712485876 0.000899449706879555 -0.0013834505926938 0.000964249807341041 -0.000152975610400547 -7.35951864953289e-05 2.64208268813048e-05 0.00050910213714813 0.950670985942061 0.999998741369188 8.16675625029284e-05 -0.000266116891359362 0.000113215176530782 -3.77840582606362e-05 -0.000810266876438958 0.000552663195674212 0.000836758285979881 -0.000416002581033843 -0.000768332833671294 0.951060355815114 0.999996715351315 0.00130135812825381 -0.000966927102173135 0.000899064880549323 -0.0013834562806306 0.0009642705540464 -0.000153038910563054 -7.35335262383789e-05 2.65742844908318e-05 0.000509101817290764 0.950716245718226 0.999998741419136 8.16497131259122e-05 -0.000266135721038942 0.000113208641726571 -3.7758920963092e-05 -0.000810249839674708 0.000552635641690602 0.000836749382868261 -0.000415999932814617 -0.000768314314115855 0.951064811791164 3.182 3.319 53.015 44.54

 1364 19 5000 10 0.95 27.26 0.844999999999999 0 1.444 0.999996820645613 0.000461481014810701 0.000483300620775282 -0.000551473005340772 0.00137662751951469 -0.000202756547262743 0.00154536519643028 -0.00102568828979324 -0.000274156290662325 0.000395558716221511 0.950299085983459 0.999995018945687 -0.000196058738392068 -0.00212534078482011 -0.00178937742583888 -1.36144848661367e-05 -0.000766057589892286 0.000929691486411252 -0.00067695353841022 -0.000444312136467153 -0.000312513277917063 0.949827415301985 0.999996822639656 0.000461428313314929 0.000483314390882358 -0.000550930347807239 0.00137622970766585 -0.000202775883254261 0.00154464821175267 -0.00102568784590178 -0.000274504256028922 0.000395253016576478 0.950381805496324 0.999995019571875 -0.000196279546570156 -0.00212524366064052 -0.00178909775240856 -1.43180710090745e-05 -0.000765986821909461 0.000929847436167605 -0.000676170614056303 -0.000444811978739104 -0.000313293683278529 0.949955338413786 2.90900000000001 4.111 58.813 60.307

 1357 12 5000 10 0.95 27.828 0.888999999999996 0 1.069 0.999996784297807 0.000277870001012203 0.00147109363810352 0.000201764994490583 0.00150378612575642 0.000467899993308646 -0.00104128745818288 3.89673066190983e-05 -0.000761383392904766 -5.95893797273121e-05 0.949769129333458 0.999997925978078 -0.000245477139915278 0.000266036199278298 7.46180533691197e-05 -0.00036416432899513 -0.000266688984242641 0.00081152009470812 -0.00112206712940686 -0.000520278375206595 0.0012725602678211 0.949505250018737 0.999996785014284 0.00027718795113576 0.00147054106243303 0.000201627035195569 0.00150410849287518 0.000468358193617094 -0.00104034231722353 3.85227741298044e-05 -0.000762241227855028 -5.89395508911616e-05 0.949902044406246 0.999997926774685 -0.000246328708487274 0.000266378790119998 7.53320547877618e-05 -0.000364314646676992 -0.000268047552398306 0.000812067253157232 -0.00112113352006136 -0.000519980426515298 0.00127192296609069 0.949662025565598 1.187 2.538 63.32 59.956

 1356 11 5000 10 0.95 28.372 0.798000000000002 0 1.433 0.999996362385408 0.000454364921130253 -0.00153923770172946 -0.0003994579339153 -0.000710062632846865 0.0010741594651933 -0.000778342734781097 0.000670289533776971 0.0006374196250126 -0.00119186088827716 0.949254572924654 0.999998248207509 0.000455173385583419 -0.00103336667512879 0.000129233024635554 -0.000612626867268956 0.000815948815870413 -0.000943571034452565 0.000277371179911316 -0.000357435100350464 -0.000275220229985776 0.951081168293351 0.999996361654544 0.000455236380491079 -0.00153915896514432 -0.000399759140970072 -0.000710841088663061 0.00107376261536962 -0.000777783342328948 0.00067035548341627 0.000636459124553954 -0.00119287677297955 0.949433292209602 0.999998248226862 0.000455169830797952 -0.00103335669454237 0.000129222314242823 -0.000612624640086809 0.000815959306897622 -0.000943559700327909 0.000277370979352805 -0.000357417500799264 -0.000275234063063093 0.951083412889263 2.333 3.15 60.965 55.753

 1381 36 5000 10 0.95 27.223 0.952000000000005 0 1.067 0.999997378104519 0.000259476282505035 -0.00114075155168821 7.8291496616229e-05 -0.00086427875767519 -3.2512810196014e-05 -0.000643405980922067 0.00140620366060951 0.000644300011197442 0.000560780827621467 0.950386100650967 0.999999132606474 -0.00100836451646082 -9.94581120445306e-05 0.000643756234519159 0.000227214530530029 -6.73591653021586e-05 0.000179579030773179 -0.000319359529488124 -4.57952228175135e-05 0.000318077437160982 0.950425775297289 0.999997377267819 0.000259217350357738 -0.00114122879364569 7.85418440667551e-05 -0.000864557172624456 -3.28465688607314e-05 -0.000643315525426932 0.00140637876135715 0.000644236067900165 0.00056067608196074 0.950460024823332 0.999999131989568 -0.00100856321498592 -9.97379948340815e-05 0.000643975017957693 0.000227529709281331 -6.75420400919865e-05 0.000180028894853081 -0.000319760390741306 -4.59321922997849e-05 0.000317915535536471 0.950495853829512 1.765 2.286 63.327 60.446

 1372 27 5000 10 0.95 26.159 1.893 0 1.107 0.999997712303067 0.00086659062173798 -0.000377337907657568 -0.000240753464309289 0.000562346259529436 -0.000349847124238584 0.000943629534683213 -0.00110512670375892 -0.00102544192228838 -0.000148875816216773 0.950070596198188 0.99999819771377 0.000680403866624084 -0.000502182761540746 0.000986464847042724 7.74026620673247e-05 0.000612521379546702 0.000678715533750077 0.000405277020736286 -0.000167398787397297 0.000939265225813738 0.949712484597186 0.999997714218516 0.000865741316596794 -0.000377292497776548 -0.000240852922107251 0.000562331650625915 -0.000349934675086788 0.000943167043243269 -0.00110475305605182 -0.00102504383475534 -0.000149199685354389 0.950175304814987 0.999998195745885 0.000679678307178647 -0.000502787362363562 0.000986061423474785 7.74774686311528e-05 0.000613519593454467 0.000679578126146788 0.000406173490982567 -0.000167209807025277 0.000940350257620152 0.949851930907241 1.996 2.381 63.994 61.151

 1362 17 5000 10 0.95 27.154 1.174 0 1.074 0.9999952206858 0.000310192658740584 -0.000166973060148993 -0.00143583594074105 -7.49558163868362e-05 0.000452090696265369 0.000133951142083456 0.000190289761989267 0.00219377296535966 0.0015152834468474 0.949972905642706 0.999999121115122 0.000278204753967032 -0.000571821971612599 -3.37632426229823e-05 -0.000428385562232048 -0.000378848867089682 -0.000377469168437863 -0.000730509594220874 0.000546729211776914 0.000223986718626819 0.95037398597633 0.999995220467177 0.000310367356347717 -0.00016614197685171 -0.00143615149940297 -7.53037397481776e-05 0.000452053363511161 0.000133910865126667 0.000189874438222254 0.00219366788154099 0.00151538593372604 0.950087261849783 0.999999120040336 0.000278376164137669 -0.000571976446540326 -3.42660304744991e-05 -0.000428736736504355 -0.000379186753212341 -0.000377883789170157 -0.000730847513685221 0.000546932117692479 0.000224560189548421 0.950448890958144 1.621 2.314 63.15 61.471

 1355 10 5000 10 0.95 27.602 0.833000000000006 0 1.573 0.999997437371269 -0.000728090616435605 -0.000444584226551865 -0.000939784675141403 -0.000120383606436561 -0.00098810866071658 -0.000544115687935821 -0.00125637513999113 0.000314740104825863 -0.00074150652916734 0.949959580202726 0.999997974088347 -0.000857059036056489 -0.000393772673332614 0.000165700020792243 0.00101985397724951 0.000158508437674518 -0.000207478181693119 -0.00139634633807549 2.73445086840718e-05 -0.000275591223073398 0.950397428517535 0.999997439788634 -0.00072773854395442 -0.000444605733308903 -0.000939120454500816 -0.000120587609630521 -0.000988060701035067 -0.00054332975831607 -0.00125586501383952 0.000314241510775835 -0.000741103295889483 0.950075524630983 0.999997973777328 -0.000857469897003995 -0.000393812685169819 0.000165122265706703 0.00101991231185389 0.000158572180383999 -0.000207372542189027 -0.00139637690381898 2.74666977143019e-05 -0.000275391197774196 0.950469348795034 2.178 2.609 62.214 58.901

 1361 16 5000 10 0.95 26.129 0.855000000000004 0 1.07100000000001 0.999997385759263 0.000485966101427412 0.00122572755099711 0.00039220101244064 1.14809281409959e-05 0.00047886658077187 -0.000203346331991982 -0.00133336301863827 -0.000662000994658094 0.00092151230207242 0.94983520256663 0.999995221534437 -0.000434775201464018 -0.00106201044677638 0.00104823712063484 -0.00103187268162157 2.75170703879109e-05 -0.000449577068699884 0.00015866468753411 -0.00204959248791526 -0.00128357693772089 0.950312875887144 0.999997386813254 0.000486057986386342 0.00122504285281894 0.000391956058960564 1.10177485702604e-05 0.000478332768437949 -0.000202889254135389 -0.00133325137358419 -0.000662254716464305 0.000921697641009972 0.94996178784047 0.999995222283196 -0.00043493550013974 -0.00106217062971196 0.00104825189523393 -0.00103188791332512 2.81100774668069e-05 -0.000449277934220893 0.000158256492783478 -0.0020491187648949 -0.00128368106427313 0.95039362499546 1.733 2.236 63.484 61.242

 1354 9 5000 10 0.95 26.861 0.820999999999998 0 1.065 0.999998811753592 -0.000714090561342075 0.000697781469480793 -0.000313476109622886 -0.000265805178167283 2.35935355161149e-05 0.000455496979744837 -0.000717555245546339 0.000697893743390571 2.77861384848259e-05 0.948902326835829 0.999997433737803 -0.00113729322769412 -0.000310905581925505 0.000932989362282134 -0.000780612853143666 0.000411621984636312 0.00132196723259548 -0.000414095473260934 0.000286975149438193 -0.000302876618603506 0.950000789888291 0.999998808579246 -0.000713948356694257 0.000696691151318364 -0.00031408475195214 -0.000266895184525678 2.55268300576608e-05 0.000457570124092347 -0.000719463959304352 0.000699522184364191 2.95852912738862e-05 0.94911257354646 0.999997434309023 -0.00113757609510553 -0.000310657343864452 0.000932084428585979 -0.000781279557483147 0.000411193476905464 0.00132144046799909 -0.000414532013083711 0.00028738313542397 -0.000303146899517222 0.950111959368572 1.407 2.545 65.704 60.684

 1359 14 5000 10 0.95 27.203 0.816000000000003 0 1.1 0.999998728360844 -0.000201598822479258 0.00076479914377084 -0.000307944207922397 -0.00074895283574502 0.000485697474773397 -0.000420656404320836 -0.000735709348427241 -0.000553695305960064 -3.54444440626893e-05 0.95012595928636 0.999997684022975 0.0013366863970126 4.16292104390476e-05 -0.000997407543428632 0.000660093706883526 0.000556322761758248 -0.00011568504212921 0.000300330748553619 0.000513155336533242 -0.000858215975163475 0.950101449096824 0.999998728635893 -0.000201598461083715 0.000764894360401091 -0.000307671699177526 -0.000748793179015291 0.000485730450720113 -0.00042032319262705 -0.000735489473483309 -0.000553992935813155 -3.47790185773184e-05 0.950224885320654 0.999997684362272 0.00133630213764092 4.08891694490945e-05 -0.000997391920703762 0.000659639025446651 0.000555860684820702 -0.000115081762122582 0.00030107417065134 0.000513484229188576 -0.000858745513748467 0.950203551217549 2.716 2.677 63.074 60.73

 1369 24 5000 10 0.95 26.596 1.436 0 1.10299999999999 0.999995706063625 0.000448174938478576 -0.000265079852090585 0.000998708865369757 -0.00122885898670337 -0.00052148223751353 0.000119245708438847 -0.00153856880647392 0.00165337030157157 -0.000649785974747016 0.950129496805885 0.999999114586596 0.000299130033061121 -0.000554944835387153 0.000368884806265245 -9.48787238452486e-05 4.40076778520194e-05 0.000851804584634228 -0.000300735934639192 -0.000619649546921733 0.00016245034467079 0.950024211277054 0.999995705406822 0.000447931611707517 -0.000264607642667498 0.000998215506135821 -0.00122962285200406 -0.000521893070902223 0.000120019066489632 -0.00153900405326466 0.00165315344061416 -0.00064951881893428 0.950227902659466 0.999999114083297 0.000298476113968418 -0.000555670813290355 0.000369692205993133 -9.56006618607232e-05 4.40171899282225e-05 0.000851859090062415 -0.000300305148418562 -0.000619636191373168 0.00016257044456561 0.950132664224878 1.568 2.43 64.826 61.959

 1378 33 5000 10 0.95 26.673 0.747 0 1.908 0.999998887256666 -0.00020809179741823 0.000318229376634917 7.02285093194408e-05 0.000288733589419516 0.00116874991577797 -0.000139418432233267 -0.000269088028760239 -0.000175235430725852 0.000709989070033807 0.949801358155987 0.99999878777823 -0.0010480133586888 -0.00010650660753507 0.000428983769014571 0.000676674636951446 -0.000392402395462678 -0.000420557121406076 -0.000130920522417141 0.000400319556052861 0.000405717773203152 0.950488964417276 0.999998887315836 -0.000207909930184111 0.000319118739648965 7.00085483409551e-05 0.000288397672845417 0.00116845385470666 -0.000139536257925868 -0.000269505373008279 -0.000175200308323801 0.000710032600842816 0.949931373977577 0.999998787278239 -0.00104840419568007 -0.000106767957620293 0.000428626805181296 0.00067701572568615 -0.000392026869047007 -0.000420872121269377 -0.00013103496226244 0.000400130577328061 0.000405865762374845 0.950552188883654 2.704 2.746 62.478 58.114

 1379 34 5000 10 0.95 27.341 0.786999999999999 0 1.104 0.999997411424599 -0.00105075630153232 -7.48958901095107e-05 -0.00100654735237174 -0.000651066782069003 0.000980143715618992 -0.000929351630437157 0.000636364555720107 -0.000156170575044368 -0.000613754936647427 0.949940577710247 0.999997925861999 0.000482279227385753 0.000818368396026483 -0.000238008128030512 0.00134591984232803 -0.000137630423691189 0.00049640166527216 0.000554771535316326 0.000858260631683886 -0.000260890799458991 0.949529003686843 0.999997410247204 -0.00105093341602747 -7.50748290640574e-05 -0.00100578502404171 -0.000652058640316028 0.000980337951543492 -0.000930425543243234 0.00063676824407478 -0.000155824604239423 -0.000613276715306405 0.950058060455682 0.999997926611774 0.000481424665627826 0.000818738788054738 -0.000238651068822006 0.00134535982239218 -0.000136839320639104 0.000496303797659029 0.000555838761699034 0.000857550738220915 -0.000261398927777658 0.949684595547143 2.704 2.015 63.376 61.352

 1380 35 5000 10 0.95 26.758 0.787000000000006 0 1.185 0.999997966691564 -5.3340176455148e-05 0.00105413060229173 8.38777066027659e-06 0.00043940588351301 -0.000533441510233159 -0.000329437384791682 -0.00107737992118288 -0.000532431062514129 -0.000960265163972926 0.94959209695468 0.999997833575004 -0.00105560714574628 6.88644289493311e-05 4.446827085088e-05 0.000638542689959485 0.000357731232642014 -0.000398549262745188 -6.3056175417465e-05 -0.00045323582544525 0.00151916766807067 0.95051363716341 0.999997966113887 -5.29216107394741e-05 0.00105422583022769 8.18373189494765e-06 0.000440376173678555 -0.000532621783322223 -0.000329116484456449 -0.00107665916102497 -0.000533138638033619 -0.000961322923356497 0.94974295940226 0.999997833363636 -0.00105607511331618 6.839558541543e-05 4.4029710186281e-05 0.000638246869035969 0.000358233816606871 -0.000398466361180999 -6.29776020532645e-05 -0.000453181466186154 0.00151906261341546 0.950574408441034 2.218 2.635 64.606 59.147

 1366 21 5000 10 0.95 27.895 0.805 0 1.695 0.999994355105698 -0.00136121540297756 -0.000212025692190553 -0.000534922825768748 0.000874572274633886 -0.000379071445424615 -7.79167120238993e-05 -0.00191432855692793 0.000274491609492555 -0.0021097653270938 0.949551171938133 0.999997923932466 -0.00134439838528527 -0.000659861363160955 0.000282984534836375 -0.000873672308109789 -0.00025581093121725 -0.000597718861776022 0.000335471786490726 3.77498717923278e-05 0.000727495518340568 0.949369305133379 0.999994354330679 -0.00136117376431261 -0.000211125233914333 -0.000534588230726114 0.000874609865386843 -0.000379584966911982 -7.76686717885903e-05 -0.00191387515562403 0.000274690992885103 -0.00211062111050396 0.949704342420336 0.999997925566141 -0.00134370258516907 -0.000660054677861578 0.000283568903595614 -0.000873795755212906 -0.000255035796493804 -0.000596912234319825 0.000336036468586292 3.7991547621912e-05 0.000726644972611808 0.949538362097837 2.408 2.52 62.53 60.768

 1376 31 5000 10 0.95 26.121 0.768000000000001 0 1.377 0.999998333902231 0.000100569985201175 0.000126110156851737 0.000424303057848163 -0.00063078925053912 -3.88434648174653e-05 0.000664893569076841 0.000639090636195459 0.00136856325115708 5.70264717859039e-05 0.950421480630065 0.999997335078553 -0.000426237247559428 -0.0014724710850087 -6.98490718010082e-05 -0.000123939332954099 0.00122973361535314 0.000682295162694926 7.4008611866324e-05 -0.000810825245127168 -0.000564854270775221 0.94988568450517 0.999998334092054 0.000100965784565224 0.00012660927289063 0.000423906629448982 -0.000630654840946202 -3.83725661504935e-05 0.000664908143751965 0.000638936707127485 0.00136860368893922 5.7230176444251e-05 0.950492005531739 0.999997331970085 -0.000427538572821879 -0.00147358923935001 -6.90838381454423e-05 -0.000123132293401451 0.00123092052466469 0.000682148338115388 7.39612637925058e-05 -0.000810690541976956 -0.000564520132521533 0.950007266138043 2.177 3.233 62.792 61.127

 1363 18 5000 10 0.95 24.923 1.23099999999999 0 1.091 0.999997110212342 -0.0001939300757823 0.000987156741848937 0.000163051275054488 0.00152384702887937 -0.000205860734277828 0.00132001495972682 -0.000743084648040843 0.000274891907699072 7.89029924222672e-05 0.950213360362212 0.999996251414848 0.000227923467871032 0.000398407555967873 -0.000735502511963356 0.000755307611102416 -0.00194932936420615 -0.00053789294116118 -0.000376501900538895 -0.000749147408759142 -0.00117594035718109 0.950055241967165 0.999997111789045 -0.000193718046754461 0.000986595824873931 0.000163588359425854 0.00152309783553321 -0.000205616493582943 0.00131992380169913 -0.000743321408109223 0.000274993980515508 7.93851804657313e-05 0.950304529637792 0.999996252007359 0.000227824190868163 0.000398751178661152 -0.000735165647439066 0.000755183976938504 -0.00194957437762364 -0.000538722913495429 -0.000376300972961829 -0.000749780826888459 -0.00117450294186227 0.950161784301255 2.168 2.033 62.489 61.637

 1374 29 5000 10 0.95 26.852 0.843999999999994 0 1.192 0.999996338433171 0.000703563346875314 0.000325668188461688 0.000772972599518597 -0.000939800775658173 1.67537049112598e-05 0.00117754310653502 -0.000697746465310278 -0.0010849638684391 -0.00148002087185312 0.949590361934796 0.999996347325853 -0.000507944339397262 -1.91936910923098e-06 -0.000422273359838629 -0.00188277893549123 -0.00069291715411526 6.61853253085066e-05 0.00081764351885878 0.00139509535372574 -0.000474136958873606 0.949189550874901 0.999996337553882 0.000703073634082546 0.000326409823454092 0.000773054546902135 -0.00094021878120272 1.68479936954611e-05 0.0011783332898332 -0.000697821448153818 -0.00108425472401502 -0.00148023037020867 0.949740246725936 0.999996348821865 -0.000508690789275712 -2.97565907983525e-06 -0.000423091563416012 -0.00188203864283864 -0.000692168539277296 6.56886173312144e-05 0.000818117199586147 0.00139527347597235 -0.000472203064362047 0.949376321955523 1.48 2.441 63.973 62.351

 1371 26 5000 10 0.95 26.976 0.783000000000001 0 1.15000000000001 0.999998865280164 0.000853122218711089 0.000595444514236071 0.000723657097921059 0.00043714163549426 0.000167839252728411 -0.000271493423656641 -0.00051876360604544 -0.00011022262972805 0.000298581462300695 0.949643773949348 0.999997987592958 -0.00043455703883346 0.000286049778229679 -0.000936925683906633 -0.000924030439987458 -0.00033551776199686 -0.0013096820159998 -0.000174723507121554 0.000343065945891298 -0.000215457766087398 0.949023693759703 0.999998863223508 0.000854526046898419 0.000595964211598606 0.000723678740473069 0.000437020673179705 0.000168113096981803 -0.000272410289570516 -0.000518986362346405 -0.000110184977670059 0.000299179951867564 0.949788730626773 0.999997987262727 -0.000435827100647905 0.000286389149544414 -0.000937120005479007 -0.000922322013639209 -0.000335365353134632 -0.00131032056112092 -0.000174708050335415 0.000343418612953811 -0.000216253430475029 0.949224215952586 1.689 1.883 63.204 61.712

 1373 28 5000 10 0.95 27.37 1.159 0 1.127 0.999997852529943 0.00124461828367392 -0.000481412661328812 0.00139403230032095 -5.20778834755151e-05 -0.000165929926491308 -0.00044242192845409 -0.000161390669719114 -0.000237518010447218 -0.000512184402795354 0.950624147688811 0.999997776133046 -0.000625534303230014 6.70599290039661e-05 -0.000808438232111857 7.99313775675976e-06 -0.000798232795586042 -0.00143192578614646 -1.47476314033355e-05 -0.000246392756254896 0.000806094636312411 0.948321283812209 0.999997852267605 0.00124468387851902 -0.000481497822425857 0.00139409982627074 -5.19833110615998e-05 -0.000166008699954171 -0.000442584108469086 -0.00016124393056703 -0.000237334522118635 -0.000512248586816461 0.950674212733898 0.999997776252724 -0.0006251677468796 6.60166787313212e-05 -0.000806270389970319 8.38650990173367e-06 -0.000798427153932547 -0.00143378733707619 -1.51498167637862e-05 -0.000245468142145505 0.000805256632256251 0.94858081042506 2.935 2.833 61.5 62.764

 1383 38 5000 10 0.95 27.131 0.702000000000005 0 2.515 0.999996173154983 0.00193079823491234 8.57984498961045e-05 -0.00073338395032628 0.00108928004128145 -0.000522733803329042 -0.00126660709835903 5.29334855406637e-05 -6.96053570437523e-05 0.000555660088844176 0.950849541603808 0.999996887867478 -0.0001216763060074 0.001763118294672 -0.000253285799382905 2.77549878050401e-05 -0.000450636277480478 -0.000455769264647288 0.0013871904412598 0.000233017698195814 0.000804081360303255 0.95074185291018 0.99999617376513 0.00193058588058085 8.56148527737141e-05 -0.000733321416933479 0.00108918544979218 -0.000522760060322428 -0.00126653021894927 5.27554737359161e-05 -6.99196772772815e-05 0.000555724151866171 0.950876009703254 0.999996888319827 -0.000121684466587333 0.00176296176145691 -0.000253447313999536 2.7700562473256e-05 -0.000450756000938336 -0.00045582270137284 0.0013869500451745 0.000233141015337516 0.000804093310487649 0.950779756625151 2.379 2.878 59.221 58.956

 1360 15 5000 10 0.95 28.632 0.698999999999998 0 1.61300000000001 0.999996293044182 0.000514163780697182 0.00181009391309066 0.000109269316939874 -0.00134003396731387 0.000835881564205966 0.000924889119900923 1.76368678622985e-05 -0.000667532246288815 -0.000255801638638253 0.95024060675658 0.999995730067516 -0.000591837296192771 -0.0006227441530991 0.00161211232266002 0.000991832235374438 0.00024332332281325 0.00115043545365516 0.000257009636230415 -0.00165785979530487 -0.000147874001525814 0.950483493060525 0.999996291587043 0.000514425496192672 0.00181093656625441 0.000109623122478477 -0.00133932887723442 0.000835720395048499 0.000925161138194652 1.76394717434247e-05 -0.000668370351225199 -0.000255903236013453 0.950328590146324 0.999995729340655 -0.000591704006444759 -0.000622480261746156 0.00161248755361292 0.000991682091460212 0.000244015417468647 0.00115048674713821 0.000257110215408863 -0.00165801862694085 -0.000147854498317109 0.950547551886995 2.656 2.549 61.9 59.597

 1368 23 5000 10 0.95 27.244 0.795999999999999 0 1.13 0.999996761758708 0.00113346434068092 0.00165972521066873 -0.000127763950894526 -0.000485870227879429 0.000766334510094983 0.000538434572886118 -0.000465564948687432 0.000724250295046314 0.000752449216809155 0.949720812881501 0.999997405928238 -0.000146029127653019 0.000343503031882301 3.57606061556124e-05 0.000982342106890169 -0.000515065767475457 0.000541439602952215 0.000679824929629532 0.00131920648573272 0.00114961986964386 0.949855488286826 0.999996763478395 0.00113370649623473 0.00165860531223203 -0.000128353628756211 -0.000486446810833946 0.000765966946725641 0.000537736662219304 -0.000466459147642114 0.000723836643245465 0.000752513039859306 0.94985940436789 0.999997406479916 -0.000147042641791297 0.000344040740691048 3.51367407582291e-05 0.000981849336045887 -0.000515355377799666 0.000541588675543888 0.000679384191423898 0.00131885259819545 0.00114975677788959 0.949980300805462 1.86199999999999 2.549 63.214 61.699

 1377 32 5000 10 0.95 27.029 0.706999999999994 0 1.619 0.999998298849011 0.000655343361308523 0.000589880810065336 0.000565046191407718 -0.000708363415844251 0.000821772463286041 -0.000103767674995922 -5.40018316116305e-05 0.00010194786540772 0.00105091464365833 0.950458105313619 0.999998864507233 -0.000129115233262816 -0.00102036014338742 0.000335857071206493 0.000542207330254251 0.000137990786727595 0.000667761106583135 -0.000345872673220267 -0.000454896323852701 -0.00012200407324692 0.95001007431586 0.999998298506987 0.000655308006280776 0.000590024866708774 0.000565044888602096 -0.000708237204952813 0.000822030022544033 -0.000104094269459057 -5.36145493753361e-05 0.000101354880798119 0.00105111047668551 0.950524522764984 0.99999886465336 -0.000128313846340051 -0.00101983772382989 0.000335850165055394 0.000542894249489809 0.000137723764288581 0.000667657467775146 -0.000346292448084619 -0.000454931576236814 -0.000122529743459182 0.950120457978646 2.634 2.729 61.322 61.161

 1375 30 5000 10 0.95 26.924 0.705000000000005 0 1.636 0.999995792502993 -3.92476509198799e-05 -0.000469554247012913 -0.000258677564697835 -0.000180298355741227 -0.00111100596784729 -0.00157985046982179 -0.00155798772291544 -0.00123365299341885 0.000643464018009167 0.94969585111459 0.999996259552521 0.000620248475052091 0.001674728386008 0.00129907344912959 -0.000721907927161751 -7.81644480285639e-05 0.000668964244364976 -0.00105726134190418 0.000578604576553741 -0.000420127488252669 0.949510771831661 0.999995791388631 -3.95136933783717e-05 -0.000469438063563691 -0.000259923539417145 -0.000180278167221965 -0.00111103910763177 -0.00158040796792849 -0.00155840600021293 -0.00123334859330484 0.000642912027992801 0.949836499682869 0.999996258526389 0.00061997633589635 0.00167558263988625 0.00129853980286393 -0.000722097782094029 -7.90218411417067e-05 0.000668871422021908 -0.00105720580115743 0.000578911475084459 -0.000420593061503279 0.949668556173677 2.635 2.517 62.199 60.491

 1384 39 5000 10 0.95 27.274 0.774000000000001 0 2.626 0.999999326550346 9.78805126655145e-05 0.000481935569486106 -0.000285462173650468 -7.09300172638317e-05 0.000402587169687924 -0.000375693724199605 0.000661123283701646 -7.02924830609264e-05 -0.000522770899639126 0.949259475373973 0.999997944065821 -6.98242002705074e-05 0.000206969096883429 0.000422227173945225 0.000924157655708062 0.000732237095403176 -0.000876282586815271 -0.000514509432401239 3.6728496188599e-05 -0.00120900705994782 0.949440456528792 0.999999327336974 9.77453336038014e-05 0.000482354511335149 -0.000285072090629932 -7.16144361791806e-05 0.000402252289089846 -0.000375945888080326 0.000660013899230798 -6.9315590552244e-05 -0.0005226333680679 0.949438436171431 0.99999794272798 -7.0006560879481e-05 0.000206812177165812 0.000421597406641123 0.000924829184764237 0.000732634108728464 -0.000876333012718406 -0.000514965906871229 3.57595124207798e-05 -0.00120939377557733 0.94960322624827 2.29 3.26300000000001 61.266 58.262

 1367 22 5000 10 0.95 27.319 0.769999999999996 0 1.28 0.999997274726321 0.00151575856921571 -0.00126075951038925 0.00037199686935293 0.00040496264172413 -0.000916622020129623 9.54567072934162e-05 0.00058379957588942 8.07903060527965e-07 -0.000266447793442972 0.949539568853148 0.999998179074046 -0.000611511159087525 0.00116147823366944 0.000409553162162371 0.00086336495758474 0.000861561878584217 -5.67933394836659e-07 -0.000164786098945478 0.000399028289646974 -0.00027761652908819 0.950413590729347 0.999997273372113 0.00151593926631423 -0.00126153516189933 0.000371565110609955 0.000404258665899974 -0.000916548650562452 9.6427689638573e-05 0.00058428759151786 5.85106863373679e-07 -0.000267334536774222 0.949693835876278 0.999998179319469 -0.000611752573627499 0.00116133221207824 0.000409390694677207 0.000863008877526606 0.000861716186717129 -9.23765579042038e-07 -0.000164991141483954 0.000398592528723667 -0.000278182034856226 0.950484818258579 2.96 2.766 62.071 60.506

 1382 37 5000 10 0.95 27.393 0.716000000000001 0 2.625 0.999996041576815 0.000428125191340002 -0.000862395424365676 -0.00155244546549528 -0.000580372019033237 0.00136830480188695 7.43753775191764e-05 0.000536076519399317 0.0013624582584304 0.000470568572699143 0.948546400534442 0.999996349518822 0.000693499565947721 1.59894396427604e-05 0.000398395643994814 0.000105147001370461 0.00205383088221312 0.00111752225992745 -0.000833475757809274 -0.00031244205680191 -0.000624978053205108 0.950555850204084 0.999996043759344 0.000427937069565768 -0.00086199443635798 -0.00155201781310683 -0.00058065667455482 0.00136890383278746 7.45964445115195e-05 0.000535860595611809 0.0013607356739064 0.000471348242337935 0.948788459437709 0.999996350301013 0.000693291508630882 1.58972941642049e-05 0.000398415837636122 0.000105633306948208 0.0020536880865208 0.00111724671329383 -0.000833081342055706 -0.000312631665384775 -0.000625257693714157 0.950612398212359 2.15 3.018 66.753 52.085

 1385 40 5000 10 0.95 26.306 0.724000000000004 0 3.187 0.999998170909041 -0.000969911246791079 -0.0004290217374684 -0.000826503897165139 1.15550369170231e-05 4.21126828513091e-05 0.000987486014763021 0.000656951485979118 -0.000657454421332637 -9.70319819787055e-05 0.94998492067908 0.999998337758858 -5.18696037418683e-05 7.09178388190993e-05 -5.55908033880608e-05 -0.000762547160776421 0.000235166926097914 0.00143437081012072 0.00054527162242727 -0.000484473341990173 -0.000295689954806713 0.949174114434844 0.999998169992911 -0.00097010543810255 -0.00042883034138269 -0.000827049527310839 1.15374791721863e-05 4.1881852555662e-05 0.000987854811970353 0.000656806466581748 -0.000657588132768241 -9.71527995796775e-05 0.95009729454838 0.999998337364435 -5.18100206347674e-05 7.18694510456045e-05 -5.64910970037501e-05 -0.000763022779642568 0.000234942103357812 0.00143439824940667 0.000545621372626386 -0.000484276006462125 -0.000295130140585203 0.94936171741237 2.509 2.915 59.739 59.6

 1358 13 5000 10 0.95 28.349 0.743000000000002 0 1.565 0.999998118329844 0.000261964850891796 -0.00037535728320524 0.000820156240693162 -0.000327595026989718 0.000605936025914891 -0.00119524834806033 -0.000513328136908438 -0.000842178455690649 7.27731397283719e-05 0.949225801708259 0.999998068909736 0.00104364105291611 -0.000580636540121693 -0.000202692399762911 -0.000751941354329403 -5.51418698841266e-06 -0.000494498348248348 -0.00108057764508703 0.000379045210367854 -0.000522942645212544 0.949471060673775 0.999998117266442 0.000260667205350141 -0.000375362276780643 0.0008208212175186 -0.0003268388896966 0.000607451072308125 -0.00119478131197536 -0.000513288117026839 -0.000842896018047387 7.49041516127337e-05 0.949409718381956 0.999998069088723 0.00104263304130537 -0.000580758404675742 -0.000203035030947879 -0.000752747066580686 -5.41734526377413e-06 -0.000494450564807431 -0.00108047964949703 0.000378807394618878 -0.000523604286649126 0.949631921863827 2.71899999999999 2.6 65.328 54.582

 1370 25 5000 10 0.95 26.682 0.735999999999997 0 3.058 0.999997166773533 0.000826075013442997 0.000142492532666527 -0.000452790389227974 0.00113324521203916 -0.00141308828592069 -0.000429114263354695 -0.000774659685188829 -0.000139944754848181 0.000820875930798739 0.949196262440757 0.999997474134799 9.27065084554985e-05 -0.000915223597647682 0.00054432733625838 -0.00103884003210406 -0.000212343552414428 -0.000628036277561509 0.000717720765674785 0.000682272023050196 0.00118738235983001 0.949921716578469 0.999997165691262 0.000825914822025771 0.00014195789618818 -0.000453958340120045 0.00113254463209421 -0.00141288944599866 -0.000428618316900293 -0.00077616415583369 -0.00014045738411833 0.000821862071649081 0.949382048087005 0.999997473974907 9.23360631420379e-05 -0.000915820072161471 0.000544086188705203 -0.00103843565296281 -0.000213283626756285 -0.000628768011302274 0.000717598292064034 0.000681719629092478 0.00118738577828941 0.950040689655928 3.162 3.352 66.679 49.598
