
 9601 1 100 2 0.95 0.00999999999999979 0.427 0.526 0.0419999999999998 0.999975323813728 0.00702508104082388 0.952150423278956 0.999999194492636 0.00126925729447628 0.94471784405471 0.999975345125149 0.00702204684118493 0.951993349202246 0.999999198309116 0.00126624686599605 0.944170513332846 0.00499999999999901 0.000999999999999446 0.0850000000000009 0.0960000000000001

 9622 22 100 2 0.95 0.0110000000000001 0.406 0.477000000000001 0.0419999999999998 0.999980599366592 -0.00622903607558382 0.949890417786082 0.999997320790276 -0.00231482445761424 0.954501295746433 0.999980607534927 -0.00622772463091853 0.949814179488529 0.999997372076248 -0.00229256201616783 0.95422989878752 0.00300000000000011 0.000999999999999446 0.0789999999999988 0.081999999999999

 9606 6 100 2 0.95 0.00800000000000001 0.423 0.478 0.0419999999999998 0.99989608578478 -0.0144158812521586 0.943524948085232 0.999990561663411 0.00434471910443166 0.935553123764866 0.999896230261117 -0.0144058567814335 0.94315430070249 0.999990547308591 0.00434802178748011 0.9355134137789 0.00299999999999834 0.00100000000000122 0.0860000000000003 0.0810000000000013

 9605 5 100 2 0.95 0.00800000000000001 0.415 0.468 0.0419999999999998 0.999995373963258 0.003041718606885 0.949574339339359 0.999989691941135 0.00454048581913094 0.947374100858543 0.999995377651107 0.00304050594815481 0.94958275338324 0.999989748552955 0.00452800055189413 0.948055386277411 0.00300000000000011 0.00100000000000122 0.0570000000000004 0.113000000000001

 9608 8 100 2 0.95 0.0119999999999996 0.412 0.568 0.0419999999999998 0.999607704328894 0.0280078104520726 0.951085965362536 0.99999947043216 0.00102914304115091 0.95756023654181 0.999608156222792 0.0279916775644188 0.950969405946244 0.99999948780631 0.00101212011051686 0.957112315943989 0.00300000000000011 0.000999999999999446 0.0809999999999995 0.077

 9602 2 100 2 0.95 0.0100000000000007 0.413 0.506 0.0419999999999998 0.999991702468234 0.00407369545781216 0.951493713941258 0.999991330764018 0.00416394005809767 0.950976266801573 0.999991717775838 0.00406993608424421 0.95135126481226 0.99999130120102 0.00417103371973788 0.9508542638288 0.00300000000000011 0.000999999999999446 0.0890000000000004 0.0809999999999995

 9626 26 100 2 0.95 0.00999999999999979 0.412 0.587 0.0419999999999998 0.999986133137298 0.0052662636768059 0.952279602609267 0.999993876834279 0.00349947052412217 0.959614916795288 0.999986140410736 0.0052648823765982 0.952098059857686 0.999994035736411 0.00345376484526788 0.958905122675997 0.00300000000000011 0.00100000000000122 0.093 0.0839999999999996

 9604 4 100 2 0.95 0.00600000000000023 0.429 0.544 0.0429999999999993 0.999971131667489 0.00759840980997357 0.944605457582667 0.999970616121301 0.00766595682130524 0.950279448890091 0.999971034985171 0.00761112282690425 0.944058301604913 0.999970643708536 0.00766235741369063 0.95017773892587 0.00200000000000067 0.00100000000000122 0.0909999999999993 0.0800000000000001

 9603 3 100 2 0.95 0.0190000000000001 0.522 0.519 0.0429999999999993 0.999940502889289 -0.0109082849942209 0.943938201529336 0.999993660009382 0.00356089048428386 0.953773120450755 0.999940544667707 -0.0109044545782766 0.943506172190067 0.999993601160335 0.00357737870299769 0.953537728757933 0.00300000000000011 0.000999999999999446 0.0899999999999999 0.0869999999999997

 9627 27 100 2 0.95 0.00800000000000001 0.436 0.604 0.0449999999999999 0.999904876946742 0.013792645073432 0.942197371920941 0.999808506816269 0.0195691005879831 0.942599990535187 0.999905007090445 0.0137832070091585 0.941963877134996 0.999808770573244 0.0195556202872145 0.94233201806088 0.00300000000000011 0.000999999999999446 0.0860000000000003 0.0810000000000013

 9617 17 100 2 0.95 0.00900000000000034 0.408 0.651999999999999 0.0440000000000005 0.999989069528897 0.00467555587395731 0.947764717178178 0.999952826514663 -0.00971312232685038 0.961121525565957 0.999989355271481 0.0046140376816679 0.948283147931878 0.999953032023558 -0.0096919423694257 0.960239684882589 0.00300000000000011 0.00100000000000122 0.0999999999999996 0.0960000000000001

 9609 9 100 2 0.95 0.0289999999999999 0.423 0.495000000000001 0.0429999999999993 0.999959449492801 0.00900551886650521 0.95196022951244 0.999950504183054 -0.00994933083457321 0.93321574964069 0.999959373818776 0.00901391768113164 0.95177275373823 0.999950739333265 -0.00992566908863876 0.933058073958181 0.00300000000000011 0.00100000000000122 0.103 0.0779999999999994

 9623 23 100 2 0.95 0.00999999999999979 0.412999999999999 0.48 0.0429999999999993 0.999996173964372 -0.00276623509787913 0.92758186876293 0.999962435571557 0.00866760900131822 0.953900229363883 0.999995838961507 -0.0028847980297559 0.926800111144565 0.999962421488508 0.0086692335785334 0.953665982894918 0.00300000000000011 0.000999999999999446 0.081999999999999 0.0810000000000013

 9615 15 100 2 0.95 0.0219999999999994 0.435 0.473000000000001 0.0440000000000005 0.999977330266203 0.00673342065202464 0.951462459707982 0.999941722640214 -0.0107958938175913 0.955655304554155 0.999977154947989 0.00675940693601093 0.951321513821533 0.999940950003457 -0.0108672216405543 0.955263628245801 0.00300000000000011 0.00100000000000122 0.0899999999999999 0.106999999999999

 9631 31 100 2 0.95 0.00699999999999967 0.436 0.557 0.0440000000000005 0.999993777669216 0.00352769370142252 0.951528211667441 0.999939009860931 0.0110442998121741 0.957905716200425 0.999993769370586 0.00353004532641393 0.951371075110278 0.999938720217373 0.0110704927642106 0.957309694106923 0.00300000000000011 0.00100000000000122 0.0990000000000002 0.0960000000000001

 9607 7 100 2 0.95 0.00900000000000034 0.435 0.557 0.0459999999999994 0.99996142357782 0.00878358447439194 0.951914772449459 0.999990098877087 -0.00444996042613812 0.941828658533545 0.999961422085245 0.008783754394022 0.951747149722275 0.999990044358563 -0.00446219494851706 0.941642787654566 0.00300000000000011 0.00100000000000122 0.093 0.0749999999999993

 9613 13 100 2 0.95 0.00899999999999945 0.568000000000001 0.537999999999998 0.0439999999999987 0.999999526353639 -0.000973289524284863 0.950635325381162 0.999998744821077 -0.00158441038547177 0.959342653717775 0.99999952282947 -0.000976903696109016 0.950525532816755 0.999998739365993 -0.00158784962279859 0.958691312468685 0.00300000000000011 0.000999999999999446 0.0860000000000003 0.0830000000000002

 9625 25 100 2 0.95 0.0110000000000001 0.431 0.61 0.0439999999999987 0.999872948497831 0.0159401023288109 0.942419425475077 0.999987734104132 -0.00495294268932122 0.955534457902174 0.999872799351364 0.0159494550774301 0.942194890191107 0.999987874628605 -0.00492448939129882 0.95517065642407 0.00399999999999956 0.000999999999999446 0.0779999999999994 0.0899999999999999

 9610 10 100 2 0.95 0.0179999999999998 0.404999999999999 0.521999999999998 0.0440000000000005 0.99996466001592 0.00840706365177746 0.942101657256017 0.999994607126205 -0.0032841617662594 0.960097442190511 0.999964520480971 0.00842364406071083 0.941860351441682 0.999994961516237 -0.00317441996896207 0.959222544422521 0.00300000000000011 0.000999999999999446 0.0899999999999999 0.0990000000000002

 9612 12 100 2 0.95 0.0100000000000007 0.431 0.613000000000001 0.0440000000000005 0.999996590534987 0.00261130588057713 0.958243817264357 0.999987029846831 -0.00509314618997913 0.956118919954457 0.999996636112846 0.00259379316698961 0.957712592617272 0.999987012532376 -0.00509654457201354 0.95571123802597 0.00400000000000134 0.000999999999999446 0.088000000000001 0.088000000000001

 9620 20 100 2 0.95 0.0139999999999993 0.423 0.544 0.0440000000000005 0.999990183669613 -0.0044308649734519 0.954646867985958 0.999958006156791 -0.00916438339083383 0.959889316716069 0.999990230613633 -0.00442025760482534 0.954351253270053 0.999958133420607 -0.00915048665240368 0.959090346380692 0.00300000000000011 0.000999999999999446 0.0910000000000011 0.0920000000000005

 9619 19 100 2 0.95 0.024 0.408 0.629 0.0440000000000005 0.999986537920972 -0.00518883193301015 0.952076793178646 0.999987729024121 0.0049539682257186 0.934290001063756 0.999986526082627 -0.00519111290567154 0.9519013178072 0.999987717112812 0.00495637201053476 0.934184587060328 0.00300000000000011 0.000999999999999446 0.0899999999999999 0.093

 9632 32 100 2 0.95 0.0169999999999995 0.423 0.51 0.0439999999999987 0.999978028992765 0.00662884090515496 0.943700360446412 0.9999709103272 0.00762748316231962 0.946401213098352 0.999978001161525 0.00663303799180995 0.94332320944777 0.999970581505359 0.00767047090040937 0.945574772109998 0.00300000000000011 0.00100000000000122 0.0860000000000003 0.0809999999999995

 9611 11 100 2 0.95 0.00699999999999967 0.441 0.641 0.0429999999999993 0.999897442342463 0.0143214802656782 0.939149384122743 0.999969249625862 -0.0078421809907142 0.951134604107647 0.999897444069904 0.0143213596586621 0.939118875266124 0.999969276169386 -0.0078387956520482 0.95101445887317 0.00300000000000011 0.000999999999999446 0.0899999999999999 0.077

 9630 30 100 2 0.95 0.00899999999999945 0.431999999999999 0.568000000000001 0.0429999999999993 0.999888600363333 -0.0149260464776805 0.950771685698687 0.999996006211121 0.00282622748672894 0.944981279484469 0.999888828412423 -0.0149107617522393 0.950652653013304 0.999995974087522 0.00283757092393591 0.944394107391394 0.00300000000000011 0.000999999999999446 0.0909999999999993 0.0810000000000013

 9628 28 100 2 0.95 0.00900000000000034 0.407 0.541 0.0429999999999993 0.999998246759714 -0.00187255907742981 0.947837233699255 0.999959471883297 -0.00900303231571465 0.952585832267075 0.999998300827017 -0.00184345954068535 0.948294909664412 0.99995955948809 -0.00899329685853137 0.952403339106341 0.00300000000000011 0.000999999999999446 0.0850000000000009 0.0830000000000002

 9614 14 100 2 0.95 0.00800000000000001 0.413 0.612 0.0439999999999987 0.999997291732905 0.00232734330425656 0.942175294563068 0.999988315334777 -0.00483416941310124 0.960039644791948 0.999997263889986 0.00233927607228756 0.941938122500099 0.99998859404668 -0.00477616755830097 0.959221064580554 0.00300000000000011 0.000999999999999446 0.0870000000000015 0.0910000000000011

 9616 16 100 2 0.95 0.00900000000000034 0.426 0.584999999999999 0.0440000000000005 0.999977209909997 -0.00675127103726284 0.947098519622168 0.999998682664414 0.00162316648448698 0.94179380392318 0.999977226169632 -0.00674886228108246 0.947751026175995 0.99999864713926 0.0016449071858108 0.94159878250132 0.00300000000000011 0.000999999999999446 0.103 0.0800000000000001

 9618 18 100 2 0.95 0.00899999999999945 0.431 0.662999999999998 0.043000000000001 0.9999999923633 -0.000123585601959134 0.937845044901439 0.999995938190554 -0.00285019339579809 0.942881214627281 0.999999999586276 2.8765407679917e-05 0.93696875 0.999995937225352 -0.00285053201873669 0.942585759149833 0.00300000000000011 0.00100000000000122 0.0500000000000007 0.0790000000000006

 9621 21 100 2 0.95 0.00899999999999945 0.458 0.67 0.0449999999999999 0.999887119436756 -0.0150249254396011 0.939482940730668 0.999969830175917 0.00776780135864912 0.948206392889178 0.999887227656355 -0.0150177218541366 0.939441849411831 0.999969947466335 0.00775268754531365 0.948568125926829 0.00300000000000011 0.00200000000000067 0.077 0.0739999999999998

 9624 24 100 2 0.95 0.0199999999999996 0.674 0.708 0.0440000000000005 0.999990235387073 0.00441917758259999 0.947645809616681 0.999985209048641 -0.00543890466421223 0.948562038259931 0.999990029550056 0.00446551234221772 0.948112673019664 0.999985311767834 -0.00541998603207417 0.948854877014451 0.00399999999999956 0.000999999999999446 0.0779999999999994 0.0760000000000005

 9629 29 100 2 0.95 0.00999999999999979 0.407999999999999 0.551 0.0439999999999987 0.999978249195557 0.00659553908255999 0.938561329819073 0.999938032163877 0.0111324674817589 0.957214093336379 0.999978188937328 0.00660466877455295 0.938219188668151 0.999938172501613 0.0111198549511825 0.956747017706006 0.00300000000000011 0.000999999999999446 0.52 0.0830000000000002

 9635 35 100 2 0.95 0.0100000000000007 0.433000000000001 0.422 0.0419999999999998 0.999980617106718 -0.00622618750663147 0.955960339472268 0.99993990613895 -0.0109628514004194 0.941211795240881 0.999980699536606 -0.0062129344339573 0.955553159609628 0.99993984996534 -0.0109679738918492 0.941053843217856 0.00299999999999923 0.000999999999999446 0.151 0.0889999999999995

 9643 43 100 2 0.95 0.00700000000000056 0.396 0.55 0.0420000000000007 0.999999946107756 -0.000328305474833048 0.952254478684295 0.999987063244314 -0.00508658471006217 0.961152730277837 0.999999938083637 -0.000351898739904755 0.952070533891369 0.999986499258828 -0.00519627752093296 0.960211441958741 0.00199999999999978 0.00100000000000033 0.0979999999999999 0.0969999999999995

 9637 37 100 2 0.95 0.0120000000000005 0.418 0.576 0.0420000000000007 0.999978279840137 -0.00659089128723726 0.942152413119883 0.999995599311387 0.0029667082531633 0.935438148384984 0.999978079723727 -0.00662118358361494 0.941930914203666 0.9999956057619 0.00296453316583477 0.935396128291621 0.00300000000000011 0.000999999999999446 0.0910000000000002 0.081999999999999

 9656 56 100 2 0.95 0.00900000000000034 0.398 0.469 0.0409999999999995 0.999981598344312 -0.00606654537236324 0.94827582674578 0.999999911244875 0.000421319645064814 0.946337038645792 0.999981652568407 -0.00605760072615578 0.948659735957704 0.999999925392503 0.000386283559426001 0.94555522785467 0.00199999999999978 0.000999999999999446 0.0889999999999995 0.0810000000000004

 9652 52 100 2 0.95 0.00999999999999979 0.406000000000001 0.518 0.0419999999999998 0.999988231017007 0.00485157989498512 0.949032661564098 0.99999878212517 -0.00156068836599305 0.947624625247554 0.999988301258497 0.00483708033268244 0.949200977844465 0.999998870212797 -0.00150318765606284 0.94812858836526 0.00199999999999978 0.00100000000000033 0.0819999999999999 0.085

 9642 42 100 2 0.95 0.0110000000000001 0.424 0.558000000000001 0.0419999999999998 0.999998677468165 0.00162636463360618 0.953980214499641 0.999955476319646 -0.00943638587331393 0.953481194776849 0.999998687170431 0.0016203880447265 0.953749581311064 0.999955277861083 -0.00945739275716909 0.953252154754989 0.00300000000000011 0.00200000000000067 0.0909999999999993 0.101000000000001

 9645 45 100 2 0.95 0.00900000000000034 0.412 0.459 0.0430000000000001 0.999991347545986 0.0041599078309903 0.951022691520048 0.99999390820108 0.00349049577122127 0.954599502589807 0.999991300653511 0.00417116498110637 0.950905556579475 0.999993937758319 0.00348201760642192 0.954308508985498 0.00300000000000011 0.000999999999999446 0.0890000000000004 0.0890000000000004

 9633 33 100 2 0.95 0.00800000000000001 0.425999999999999 0.505 0.0419999999999998 0.999999691813739 -0.000785093896443674 0.955467771096795 0.999989801440913 0.00451630536644491 0.943944782787204 0.999999700772073 -0.000773599227289836 0.955064628416985 0.999989931342113 0.00448745076807446 0.943499299334383 0.00199999999999978 0.000999999999999446 0.110000000000001 0.0820000000000007

 9651 51 100 2 0.95 0.00900000000000034 0.408 0.499000000000001 0.0430000000000001 0.999999979818812 -0.000200903897091816 0.953262652184769 0.999997373722221 -0.00229184394339517 0.944216297213426 0.999999982296343 -0.000188168309510535 0.95302442833812 0.999997380470731 -0.00228889748059187 0.943772306455426 0.00300000000000011 0.000999999999999446 0.103999999999999 0.0770000000000008

 9638 38 100 2 0.95 0.00899999999999945 0.407999999999999 0.526 0.0430000000000001 0.999999492662754 -0.00100731039652439 0.963016807386766 0.999910038440328 0.013413240706931 0.951079587055469 0.999999469005041 -0.00103052881405991 0.962452497021768 0.999909932110319 0.0134211648949712 0.950973609298407 0.00299999999999923 0.00100000000000033 0.113 0.0700000000000003

 9648 48 100 2 0.95 0.00999999999999979 0.398000000000001 0.476999999999999 0.0429999999999993 0.999994866476854 0.003204219084062 0.946154228600096 0.999988178479769 0.00486239660193733 0.954112545935556 0.999995180821014 0.00310456675696211 0.945372547270302 0.999988136931404 0.00487093383855125 0.953856231980729 0.00300000000000011 0.00100000000000033 0.0919999999999996 0.0839999999999996

 9653 53 100 2 0.95 0.00899999999999945 0.41 0.531 0.0439999999999996 0.999967093740519 -0.00811242480026776 0.946759683674511 0.999860529177264 0.0167009638452974 0.955689913743914 0.999967152924894 -0.00810512623477807 0.945816104131095 0.999860610306346 0.0166961060676438 0.955351442583548 0.00300000000000011 0.00100000000000033 0.0960000000000001 0.0839999999999996

 9639 39 100 2 0.95 0.00900000000000034 0.432 0.566000000000001 0.0439999999999996 0.999999989603372 -0.000144198667991228 0.950528951091729 0.99998080954193 -0.00619520361776332 0.94604300525189 0.99999998957349 -0.00014440574787977 0.950417277588106 0.999981166617947 -0.0061372965881246 0.945263157568886 0.00400000000000045 0.00100000000000033 0.088000000000001 0.0840000000000014

 9636 36 100 2 0.95 0.0129999999999999 0.405 0.599 0.0449999999999999 0.999997542030213 0.00221719045902897 0.940939147773523 0.999919129694319 0.0127174711069377 0.949498492570036 0.999997591085247 0.002194954145979 0.940806299316712 0.999919054996801 0.0127233428903267 0.949537204891569 0.00300000000000011 0.00100000000000033 0.0990000000000002 0.0690000000000008

 9640 40 100 2 0.95 0.00900000000000034 0.428 0.541 0.0430000000000001 0.999998681520882 -0.00162387083771779 0.936295950840069 0.999999933012878 -0.000366024915749874 0.949351037392978 0.999998699792857 -0.00161257948518557 0.936626066111186 0.999999932369735 -0.000367777821778914 0.94942730922774 0.00300000000000011 0.000999999999999446 0.755 0.0730000000000004

 9654 54 100 2 0.95 0.00699999999999967 0.411 0.522 0.056 0.999943692021713 -0.0106119171682291 0.933975577100126 0.999987221269747 0.00505542255494593 0.952851673666136 0.999943714561481 -0.0106097930699937 0.933846516168244 0.999987044390559 0.00509028987715296 0.952648177905831 0.00300000000000011 0.00199999999999978 0.0979999999999999 0.0850000000000009

 9641 41 100 2 0.95 0.00700000000000056 0.420999999999999 0.548 0.0440000000000005 0.99999123976145 -0.00418573773156687 0.945401852103035 0.999956022747165 0.00937830324052455 0.946255769226649 0.999991317644074 -0.00416708968818355 0.944756095839982 0.99995570055037 0.00941259458483349 0.945503689199165 0.00299999999999923 0.00100000000000033 0.0860000000000003 0.0760000000000005

 9634 34 100 2 0.95 0.0109999999999992 0.431999999999999 0.631 0.0439999999999996 0.999971962911823 -0.00748821676198579 0.949989320414493 0.999995709901802 -0.00292919408555522 0.947879950808974 0.999971943642604 -0.00749078951997342 0.94988497505822 0.999995602609779 -0.00296559624777541 0.94835357995447 0.00400000000000045 0.000999999999999446 0.0849999999999991 0.0849999999999991

 9647 47 100 2 0.95 0.00999999999999979 0.398000000000001 0.599 0.0439999999999996 0.999995956441078 0.00284378295475019 0.944507952879763 0.999909250965701 0.0134718162550706 0.943760869391804 0.999996068760748 0.00280400838984704 0.943990941208296 0.999909626288454 0.0134439300684197 0.943333824110884 0.00199999999999978 0.000999999999999446 0.0880000000000001 0.097999999999999

 9644 44 100 2 0.95 0.00999999999999979 0.414 0.558 0.0450000000000008 0.999990475020364 0.00436461550966122 0.957607012200436 0.999999991180982 -0.000132808266431074 0.960660895021951 0.999990638631223 0.00432696775106068 0.956993211696286 0.999999998479499 -5.51452804706735e-05 0.95974724485652 0.00300000000000011 0.00100000000000033 0.111000000000001 0.0910000000000011

 9660 60 100 2 0.95 0.00899999999999945 0.413 0.582999999999999 0.0430000000000001 0.999999902145987 0.000442388987768585 0.957846566542705 0.999988990563771 -0.00469241422398829 0.924901644807944 0.99999991544192 0.000411237342447734 0.957317761166913 0.999989213766782 -0.00464460440651468 0.925671633786172 0.00300000000000011 0.00199999999999978 0.101 0.106

 9663 63 100 2 0.95 0.0110000000000001 0.406 0.613 0.0439999999999996 0.999997263509672 0.00233943864389924 0.947291499885989 0.999947934943776 0.0102042834965693 0.960930049020725 0.999997288171978 0.0023288728366464 0.947891936407933 0.999947303163384 0.0102660068320086 0.959949803592394 0.00199999999999978 0.00100000000000033 0.0969999999999995 0.0940000000000003

 9646 46 100 2 0.95 0.0110000000000001 0.404 0.603000000000001 0.0439999999999996 0.999999687777741 0.000790217957650351 0.945865079402373 0.999972428604612 0.00742576801374992 0.95347057892145 0.999999662275015 0.000821857564334545 0.945125232882989 0.999972522780119 0.00741307525696648 0.953222888195217 0.00300000000000011 0.00100000000000033 0.0910000000000011 0.093

 9650 50 100 2 0.95 0.00800000000000001 0.411 0.625 0.0449999999999999 0.999999801978198 -0.000629319923147566 0.947851920312045 0.999990913102478 0.00426306374245209 0.941073411307767 0.999999819183856 -0.00060135867489893 0.948302308827249 0.999990859713047 0.00427556901009648 0.94093817811301 0.00399999999999956 0.00100000000000033 0.0920000000000005 0.0800000000000001

 9649 49 100 2 0.95 0.00800000000000001 0.421 0.482 0.0439999999999996 0.999984289363941 -0.00560544603877523 0.950173052672515 0.99994785838074 0.0102117833785814 0.946399644864372 0.999984336998733 -0.00559694177245231 0.950077843738518 0.999949302410526 0.0100693896886977 0.945614998330349 0.00399999999999956 0.00100000000000122 0.0800000000000001 0.0800000000000001

 9664 64 100 2 0.95 0.00800000000000001 0.41 0.544 0.0629999999999997 0.999958828486658 0.00907421245015778 0.961873403895352 0.999954816194927 0.00950608061030912 0.9583304065321 0.999958113460254 0.00915266764447075 0.961097445012899 0.999954580849874 0.00953080465404984 0.957733625719679 0.00300000000000011 0.00199999999999978 0.113 0.0999999999999996

 9661 61 100 2 0.95 0.00900000000000034 0.427 0.528 0.0430000000000001 0.999998096017477 -0.00195139986175366 0.939335443294674 0.999995840675652 0.00288420377152006 0.952547249964168 0.99999810152127 -0.00194857739301426 0.939302883241285 0.999995876336872 0.00287181288599471 0.952358705236042 0.00399999999999956 0.00100000000000033 0.0760000000000005 0.088000000000001

 9659 59 100 2 0.95 0.00699999999999967 0.411 0.502000000000001 0.0439999999999996 0.999939389377466 0.01100988516833 0.94207560547886 0.999969946330395 -0.00775283406159838 0.948018722243581 0.999939230198273 0.0110243326548626 0.941857646784944 0.999970665883979 -0.00765946287612424 0.948444800536541 0.00199999999999978 0.000999999999999446 0.0859999999999985 0.0840000000000014

 9657 57 100 2 0.95 0.00800000000000001 0.415999999999999 0.537999999999999 0.0439999999999996 0.999998589474486 -0.0016795978800769 0.946680923321273 0.999981548206909 0.00607480417082509 0.958357307107324 0.999998727656263 -0.00159520715124697 0.945735467905173 0.999981984467666 0.00600256112914851 0.95770230387881 0.00400000000000045 0.000999999999999446 0.0920000000000005 0.0969999999999995

 9658 58 100 2 0.95 0.00800000000000001 0.411 0.454 0.0430000000000001 0.999962118496092 0.00870411240783462 0.951863154492563 0.999995296984197 -0.00306692182620901 0.956364914195097 0.999962176097765 0.00869749238702438 0.951693199830463 0.99999534518466 -0.00305116518946626 0.955970872187107 0.00900000000000034 0.000999999999999446 0.0980000000000008 0.081999999999999

 9662 62 100 2 0.95 0.00999999999999979 0.393 0.612 0.0449999999999999 0.999994506170709 -0.00331475917671692 0.960609374404279 0.99999627152199 -0.00273074021441534 0.956164960731121 0.999994256148041 -0.0033893466812716 0.959761117641224 0.99999620238929 -0.00275594031123122 0.955788101664816 0.00399999999999956 0.00100000000000033 0.0999999999999996 0.0840000000000014

 9655 55 100 2 0.95 0.00900000000000034 0.412 0.552 0.0600000000000005 0.999995401973125 -0.0030324961019053 0.944096274408897 0.999989176488138 0.0046526236228545 0.961554710708806 0.999995549324934 -0.00298350973234515 0.943671342734334 0.999988740213581 0.00474546584181439 0.960696038594911 0.00200000000000067 0.00199999999999889 0.0830000000000002 0.116999999999999

 9665 65 100 2 0.95 0.00900000000000034 0.43 0.503 0.0419999999999998 0.999964583731652 0.00841613226990508 0.945681352404381 0.999978392534853 0.00657377086690607 0.953595613617899 0.999964521879344 0.00842347805925292 0.944941900335043 0.999978450600089 0.00656493224987431 0.953356304526776 0.00300000000000011 0.000999999999999446 0.0970000000000004 0.0889999999999995

 9666 66 100 2 0.95 0.00800000000000001 0.438000000000001 0.502999999999999 0.0430000000000001 0.999968771249132 0.00790294416666717 0.944263273088136 0.99990784412983 -0.0135758332206445 0.946150588950047 0.999968286768839 0.0079640100824585 0.943743403930957 0.99990798830124 -0.0135652103325715 0.94540443042645 0.00300000000000011 0.000999999999999446 0.0970000000000004 0.080000000000001

 9671 71 100 2 0.95 0.00699999999999967 0.419 0.562 0.0419999999999998 0.999944060464242 0.0105771424441602 0.947262200555126 0.999579158635791 -0.0290087162929379 0.942010566204448 0.999944891514719 0.0104982824127459 0.94789291157187 0.999578451599058 -0.029033069056348 0.941797695699559 0.00399999999999956 0.00100000000000033 0.109 0.085

 9679 79 100 2 0.95 0.00800000000000001 0.412 0.547000000000001 0.0419999999999998 0.999994534514887 0.00330619726489163 0.943030001413175 0.999995877620916 0.00287136573321964 0.941021996783927 0.999994572086127 0.00329481384663465 0.942708364851872 0.999995927619967 0.00285389969701496 0.940896503958933 0.00299999999999923 0.00100000000000033 0.0899999999999999 0.0789999999999997

 9669 69 100 2 0.95 0.0110000000000001 0.423 0.415999999999999 0.0430000000000001 0.999904271394451 -0.0138364752423318 0.941881988367214 0.999990564939444 -0.00434396501955997 0.962099949471097 0.99990456710358 -0.0138150890479271 0.941694035989357 0.999990624495614 -0.00433023335067827 0.961294384694 0.00300000000000011 0.00300000000000011 0.0919999999999996 0.138

 9672 72 100 2 0.95 0.00999999999999979 0.426 0.521 0.0430000000000001 0.999890928752189 0.0147692450411163 0.94714914546263 0.99996909763982 0.00786153708911757 0.949656921225265 0.999890840309701 0.0147752314621313 0.947746008020276 0.999969095572104 0.00786180009337774 0.949651050780399 0.00299999999999923 0.000999999999999446 0.0949999999999989 0.0609999999999999

 9673 73 100 2 0.95 0.00800000000000001 0.423999999999999 0.489 0.0440000000000005 0.999999583412667 -0.000912783924585647 0.948718723899545 0.999994515987865 -0.00331179621880721 0.961049278462353 0.999999600712761 -0.000893629855393957 0.94896809789585 0.999994356153822 -0.00335971137188332 0.960069959648203 0.00299999999999923 0.000999999999999446 0.0880000000000001 0.104999999999999

 9668 68 100 2 0.95 0.00699999999999967 0.436999999999999 0.541 0.0430000000000001 0.99999794321987 -0.00202819033362497 0.939555988898212 0.999973227173243 -0.00731744058593715 0.954545088682726 0.99999794924285 -0.00202521853007193 0.939517609858665 0.999973421055231 -0.00729089727652067 0.954226677670614 0.00800000000000001 0.00100000000000033 0.0709999999999997 0.0990000000000002

 9676 76 100 2 0.95 0.00999999999999979 0.418 0.444 0.0449999999999999 0.99995042958549 0.00995682538731958 0.949263561473193 0.999990410879445 -0.00437928637563747 0.953231027581404 0.999950470425936 0.00995272299173158 0.949372631512442 0.999990547172206 -0.0043480531541903 0.953008981020565 0.00300000000000011 0.00199999999999978 0.0889999999999995 0.0940000000000012

 9667 67 100 2 0.95 0.00800000000000001 0.434 0.612 0.0420000000000007 0.999971181349161 0.00759186875310734 0.950029498746351 0.99999803743526 -0.001981192980863 0.952763691167312 0.999971094540599 0.00760329423840937 0.949939086839675 0.999998025762713 -0.00198707591113495 0.952566417811545 0.00400000000000045 0.000999999999999446 0.0809999999999995 0.0870000000000015

 9670 70 100 2 0.95 0.00900000000000034 0.427 0.52 0.0430000000000001 0.9999037130535 0.0138767655390148 0.94833605673183 0.999997626387705 0.00217881136320246 0.941488448218598 0.999903708078581 0.0138771240069661 0.948667237824411 0.999997597786713 0.00219189890363991 0.941319035063089 0.00400000000000045 0.00100000000000033 0.0820000000000007 0.0800000000000001

 9692 92 100 2 0.95 0.00900000000000034 0.399 0.533 0.0430000000000001 0.999997524378899 -0.00222513731555293 0.956066081679228 0.999980338247682 -0.00627081478363883 0.955944204330964 0.999997472334116 -0.0022484050742899 0.955634577166504 0.999980394373867 -0.00626185818156333 0.955579318163131 0.00300000000000011 0.00100000000000033 0.129 0.0839999999999996

 9675 75 100 2 0.95 0.0189999999999992 0.418 0.485 0.0440000000000005 0.999967305773437 0.00808624660851277 0.948216480309541 0.999974628765251 -0.0071233296847737 0.956154354123116 0.999966962616577 0.00812857154595851 0.948585020070066 0.99997492677046 -0.00708137207138123 0.955769030203928 0.00299999999999923 0.00199999999999978 0.0860000000000003 0.0869999999999997

 9678 78 100 2 0.95 0.00999999999999979 0.417 0.500999999999999 0.0430000000000001 0.999990875091672 0.00427197066855224 0.952311626373678 0.999998877833579 0.00149810933607393 0.943646792495015 0.999990951050346 0.00425415296209525 0.952133467883528 0.999998754430519 0.0015783337450682 0.943240694857637 0.00300000000000011 0.00199999999999978 0.0969999999999995 0.0859999999999985

 9690 90 100 2 0.95 0.0120000000000005 0.395 0.481 0.0419999999999998 0.999964478823176 0.00842858777577577 0.950129122144054 0.999934809042468 -0.0114183039547448 0.951682707048965 0.999964343008057 0.00844468545681439 0.950022575723674 0.999934945967682 -0.011406306703282 0.951525154467662 0.00300000000000011 0.00100000000000033 0.115 0.085

 9685 85 100 2 0.95 0.0110000000000001 0.409 0.486000000000001 0.0430000000000001 0.999992525305667 0.00386643670525273 0.95771313898794 0.999812749335792 0.019351130861125 0.937296196938216 0.999992524793296 0.00386656921940522 0.957192595902387 0.999812106532082 0.0193843140678467 0.936520513952298 0.00300000000000011 0.000999999999999446 0.0970000000000004 0.559

 9674 74 100 2 0.95 0.00800000000000001 0.420999999999999 0.481 0.0429999999999993 0.999937461627942 -0.011183596606973 0.948412150496775 0.999998191102758 0.00190204921398832 0.956300842147653 0.999937555843932 -0.011175169478101 0.948755635809313 0.999998216575126 0.00188860969149501 0.955916434632621 0.00300000000000011 0.00199999999999978 0.0890000000000004 0.081999999999999

 9682 82 100 2 0.95 0.0100000000000007 0.422000000000001 0.473 0.0640000000000001 0.999999936143659 0.000357369106243457 0.94381072699496 0.999995074228397 0.00313871294358664 0.956094020506133 0.999999947560223 0.000323851124200706 0.943365920825415 0.999995024096008 0.0031546447065204 0.955738340683112 0.00300000000000011 0.00100000000000033 0.0950000000000006 0.0800000000000001

 9680 80 100 2 0.95 0.00900000000000034 0.417 0.426 0.0420000000000007 0.999962010489682 0.0087165117698235 0.938675757462347 0.999821699433818 -0.0188830437501766 0.941241950792038 0.9999620789275 0.00870865701429441 0.938281030075623 0.999821557611324 -0.0188905514918573 0.941104921304403 0.00300000000000011 0.00100000000000033 0.579999999999999 0.0759999999999987

 9688 88 100 2 0.95 0.00999999999999979 0.405 0.502999999999999 0.0570000000000004 0.99996955974699 -0.00780253672918625 0.947067848840257 0.99999997941082 -0.000202924518590779 0.951876265932687 0.999969369205459 -0.00782691834864403 0.946062431867045 0.999999977479901 -0.000212226757294315 0.951720214329892 0.00400000000000045 0.00100000000000033 0.0960000000000001 0.0939999999999994

 9684 84 100 2 0.95 0.00700000000000056 0.423 0.577 0.0430000000000001 0.999999541428727 0.00095767548569428 0.944869365767614 0.999997001459411 -0.00244889203233142 0.948942271461543 0.999999556933594 0.000941346171794964 0.944324742865399 0.999996999647918 -0.00244963163795715 0.949136806300505 0.00499999999999989 0.00100000000000033 0.0839999999999996 0.0779999999999994

 9681 81 100 2 0.95 0.0179999999999998 0.423999999999999 0.497 0.0430000000000001 0.999949006962588 0.0100986867727431 0.953706291680276 0.999998928194017 -0.00146410751527872 0.960000173284146 0.999949374727635 0.0100622056136844 0.953428720070891 0.999998880818797 -0.00149611535436635 0.959203616309217 0.00300000000000011 0.00199999999999978 0.109 0.0909999999999993

 9683 83 100 2 0.95 0.0119999999999996 0.423 0.542 0.0430000000000001 0.999999246095577 0.00122792844955411 0.947792766557994 0.999919285033529 0.012705251592821 0.959023754301149 0.999999348275519 0.00114168670720968 0.948278926381487 0.999919386174069 0.0126972892096209 0.958388674027301 0.00499999999999989 0.000999999999999446 0.0919999999999987 0.0839999999999996

 9686 86 100 2 0.95 0.00999999999999979 0.412000000000001 0.514 0.0439999999999996 0.999998124967668 0.00193650746126526 0.935625576597607 0.999999723595064 -0.000743511799255324 0.953101099524906 0.999998121497691 0.00193829850376906 0.93559387300117 0.999999728201445 -0.000737290334007227 0.952890574174109 0.00300000000000011 0.00200000000000067 0.077 0.0860000000000003

 9687 87 100 2 0.95 0.0120000000000005 0.396 0.531000000000001 0.0420000000000007 0.999997663788411 0.00216157759972767 0.950655580424181 0.999998768610792 0.00156932370803082 0.938830741460757 0.999997650296896 0.00216781011325849 0.950516818107034 0.999998712677394 0.00160456958532023 0.938277252948174 0.00300000000000011 0.000999999999999446 0.118 0.530000000000001

 9677 77 100 2 0.95 0.00999999999999979 0.42 0.53 0.0429999999999993 0.999995814915084 0.00289312155249373 0.944806721727128 0.999995178260326 0.00310539145657837 0.94739760332545 0.999995709143371 0.0029294529945996 0.944254519493216 0.99999517115322 0.00310767923718237 0.948044506419905 0.00700000000000056 0.00100000000000033 0.0860000000000003 0.101000000000001

 9695 95 100 2 0.95 0.00599999999999934 0.403 0.44 0.0430000000000001 0.9999719634226 0.00748814855284862 0.943982549538287 0.999908761976475 -0.0135080613958353 0.946994874837533 0.999972206923203 0.00745556041752305 0.943526771107637 0.999908146627355 -0.013553534898602 0.947609289863938 0.00300000000000011 0.000999999999999446 0.0910000000000002 0.0879999999999992

 9694 94 100 2 0.95 0.00999999999999979 0.417000000000001 0.489 0.0430000000000001 0.99997910573865 0.00646437051295933 0.9497201156734 0.999971913656598 -0.00749479138884572 0.940960466400754 0.999979097526997 0.00646564065602768 0.949695803656939 0.999971930726932 -0.00749251348025285 0.940847031060518 0.00599999999999934 0.00100000000000033 0.077 0.0700000000000003

 9693 93 100 2 0.95 0.00699999999999967 0.415 0.482 0.0419999999999998 0.999999305246717 -0.00117877312643786 0.943600206035533 0.999891389098917 0.0147380462015293 0.932916541110684 0.999999326240614 -0.00116082656676549 0.943185056183439 0.999891630942514 0.0147216293636198 0.932716283525399 0.00499999999999989 0.00100000000000033 0.093 0.0850000000000009

 9691 91 100 2 0.95 0.00999999999999979 0.425 0.502 0.0439999999999996 0.999999863408427 -0.000522669234276795 0.953054552130821 0.999995030405665 0.00315264396558757 0.952236672882042 0.999999869389786 -0.000511097260630929 0.952846143213748 0.999994941500229 0.00318071909383755 0.952058299443971 0.00199999999999978 0.00100000000000033 0.0939999999999994 0.0889999999999986

 9696 96 100 2 0.95 0.00800000000000001 0.416 0.539000000000001 0.0460000000000003 0.999994861868873 -0.00320565685217271 0.958470861666076 0.999980389568662 0.00626262549638049 0.949603122202684 0.999995023982869 -0.00315468057055515 0.957841397265929 0.999980388342752 0.00626282123957861 0.949607515955444 0.00400000000000045 0.000999999999999446 0.109 0.0530000000000008

 9689 89 100 2 0.95 0.00800000000000001 0.42 0.536 0.0439999999999996 0.999982359092177 0.00593982360385709 0.938780999502111 0.999973508251097 0.00727892821728401 0.954482369302859 0.999982561385665 0.00590566884987822 0.938083090243885 0.999973406489111 0.00729289480002083 0.954187232324941 0.00400000000000045 0.000999999999999446 0.597000000000001 0.0899999999999999

 9697 97 100 2 0.95 0.00800000000000001 0.407999999999999 0.516 0.0430000000000001 0.999996128938452 -0.00278246439505125 0.943910799636968 0.999997346077581 0.00230387451803319 0.956445421611547 0.999996087700666 -0.00279724567437629 0.943498433326348 0.999997192798134 0.00236947163979367 0.955999830265345 0.00300000000000011 0.000999999999999446 0.0949999999999998 0.0940000000000003

 9700 100 100 2 0.95 0.00900000000000034 0.402 0.540999999999999 0.0420000000000007 0.999997941152213 0.00202920953479729 0.943205003959354 0.999994485842997 0.00332088596608038 0.958507961549548 0.999998018840543 0.00199055645223269 0.942830367214238 0.999994546751007 0.00330249424634942 0.957900193041075 0.00300000000000011 0.00100000000000033 0.0889999999999995 0.105

 9698 98 100 2 0.95 0.0100000000000007 0.413 0.539 0.0420000000000007 0.999909589705189 -0.0134466507205487 0.943432922882552 0.999999976175724 -0.000218285481908947 0.954380817738511 0.999909733906757 -0.0134359234337402 0.943096779117717 0.999999973235099 -0.00023136508069865 0.954081169635279 0.00300000000000011 0.00199999999999978 0.0780000000000003 0.093

 9699 99 100 2 0.95 0.00700000000000056 0.414 0.576 0.0420000000000007 0.99999215342835 -0.00396144944836858 0.941991902359356 0.999969608727615 -0.00779625686731111 0.954890432577132 0.999992037621418 -0.00399057561820621 0.94178275530142 0.99996980549524 -0.00777097791867739 0.954589391208479 0.00199999999999978 0 0.093 0.0830000000000002

 9702 2 500 2 0.95 0.0140000000000002 0.442 2.524 0.202 0.999999905277959 -0.000435251735037773 0.951637611589895 0.999999702486007 0.000771380514288998 0.950944327315849 0.99999990594513 -0.000433716187084055 0.951488200206217 0.999999698767249 0.000776186453823539 0.950819170793978 0.00300000000000011 0.00100000000000122 0.154 0.164

 9701 1 500 2 0.95 0.0149999999999997 0.436 2.61 0.199999999999999 0.999999308562655 0.00117595672216696 0.948058304995538 0.999999244082807 0.00122956651505029 0.952310828684646 0.999999289501761 0.00119205535670299 0.948483116709027 0.999999236838003 0.00123544462107538 0.952135778554064 0.00300000000000011 0.00100000000000122 0.162000000000001 0.144

 9713 13 500 2 0.95 0.0129999999999999 0.442 2.451 0.199 0.999994113173133 0.00343127076753621 0.952075658054095 0.999999487937829 0.00101199015759605 0.9548454252313 0.999994140754432 0.0034232231602457 0.951912913379651 0.999999497125761 0.00100286999380204 0.954541443497319 0.00300000000000011 0.00200000000000067 0.146000000000001 0.146999999999998

 9706 6 500 2 0.95 0.0129999999999999 0.436999999999999 2.549 0.199 0.999998634114892 0.00165280620442952 0.952099264619334 0.999988925282756 -0.00470630554031566 0.944475992151729 0.999998656914627 0.00163895361199699 0.951938364090659 0.999988956326453 -0.00469970479189951 0.943956049255186 0.00299999999999834 0.00100000000000122 0.141999999999999 0.138999999999999

 9712 12 500 2 0.95 0.0149999999999997 0.438 2.569 0.201000000000001 0.999999639370937 -0.000849269094588623 0.950680377347346 0.999997308354883 -0.00232019029147788 0.94886601199851 0.999999636051297 -0.000853168959671192 0.950566832857541 0.999997330938637 -0.00231043623648836 0.949076441573992 0.00300000000000011 0.000999999999999446 0.141 0.130999999999998

 9714 14 500 2 0.95 0.0140000000000002 0.433000000000001 2.434 0.199 0.999997011382462 0.00244483662951353 0.953439408942653 0.999996486746182 0.00265075372171142 0.950071314152701 0.99999700512279 0.00244739564650382 0.95321777667313 0.999996481994583 0.00265254565607612 0.94997445637976 0.00300000000000011 0.000999999999999446 0.145 0.134

 9716 16 500 2 0.95 0.0150000000000006 0.430000000000001 2.47 0.202 0.999997365238096 -0.00229554282614569 0.955054653776124 0.999993154081235 0.00370024197355994 0.94569970199204 0.999997372283882 -0.00229247144621725 0.954726992671315 0.99999308795515 0.00371806965010709 0.944981160432113 0.00300000000000011 0.000999999999999446 0.152000000000001 0.140000000000001

 9715 15 500 2 0.95 0.0140000000000002 0.448 2.444 0.200999999999999 0.9999965115097 -0.00264139516744921 0.950186490260551 0.999998292299677 -0.00184807947090413 0.951942145341554 0.9999965051036 -0.0026438193177413 0.950086138473184 0.999998272508875 -0.00185875745212489 0.951788227192298 0.00300000000000011 0.000999999999999446 0.177999999999999 0.137

 9718 18 500 2 0.95 0.0140000000000002 0.429 2.548 0.199000000000002 0.999995013149865 0.00315811263261454 0.952191525024958 0.999998141707618 -0.00192784369432184 0.954643609931042 0.999995006840372 0.00316010985939997 0.952022237347091 0.999998142328856 -0.0019275214233671 0.954332522517974 0.00300000000000011 0.000999999999999446 0.145 0.152000000000001

 9704 4 500 2 0.95 0.0139999999999993 0.451 2.738 0.207000000000001 0.999995309692829 -0.00306277526809403 0.951316178071494 0.999995737005626 0.00291992646737037 0.948995474363853 0.999995307154779 -0.00306360382861336 0.95118191293324 0.999995726410758 0.00292355267112934 0.949166727956876 0.00300000000000011 0.000999999999999446 0.167 0.127000000000001

 9711 11 500 2 0.95 0.0150000000000006 0.441 2.707 0.208 0.999981088880799 0.00614994965599801 0.951679156007316 0.999999747368545 -0.000710818434238945 0.950470178304297 0.999981066131749 0.00615364753709055 0.951531205563418 0.999999750748353 -0.000706047612940649 0.950363902858724 0.00199999999999889 0.000999999999999446 0.158000000000001 0.135999999999999

 9707 7 500 2 0.95 0.016 0.448 2.678 0.201000000000001 0.999993173251165 -0.00369505765397433 0.947099428649697 0.999999026188972 -0.00139557196409157 0.947991388756094 0.999993155209216 -0.00369993712345728 0.947735236836163 0.999999001098109 -0.00141343651570885 0.948417723266976 0.00300000000000011 0.000999999999999446 0.154999999999999 0.134

 9705 5 500 2 0.95 0.0149999999999997 0.455 2.858 0.208 0.999999797423682 -0.000636515982516829 0.953669766055076 0.999998323299571 0.00183122856189887 0.953925668558811 0.999999787659623 -0.000651675309080615 0.953434991487724 0.999998306093997 0.00184060021096373 0.953666903304035 0.00399999999999956 0.000999999999999446 0.159000000000001 0.148999999999999

 9710 10 500 2 0.95 0.0149999999999997 0.453 2.67 0.202 0.999999800757053 0.000631257359119837 0.948928799072351 0.999998956348153 -0.00144475001493231 0.951012912737018 0.999999806975722 0.000621328028427396 0.94912405681062 0.99999897224092 -0.00143370746812411 0.950892062776348 0.00399999999999956 0.000999999999999446 0.153 0.135999999999999

 9703 3 500 2 0.95 0.0130000000000008 0.451000000000001 2.784 0.203999999999999 0.999998948794833 -0.00144996869942799 0.951199491161461 0.999998733225837 0.00159171188379666 0.954362771644443 0.999998940122659 -0.00145593734689383 0.951062424749214 0.999998733522641 0.00159152540472114 0.954090655811144 0.00300000000000011 0.000999999999999446 0.161 0.144

 9709 9 500 2 0.95 0.0199999999999996 0.449 2.665 0.223000000000001 0.999999617425301 -0.000874728101123331 0.953711697337609 0.999991526887173 -0.00411657064322414 0.949169128950364 0.999999618715368 -0.000873252035698153 0.953460618769489 0.999991508470064 -0.00412104207286992 0.949292478875332 0.00400000000000134 0.000999999999999446 0.176 0.123000000000001

 9708 8 500 2 0.95 0.0149999999999997 0.455 2.976 0.217000000000001 0.999988676738108 -0.00475882291833084 0.950536055245454 0.999991334333629 0.0041630827096272 0.949279135323241 0.999988696155208 -0.00475474098199804 0.950425881660805 0.999991319059898 0.00416674991403183 0.949378203110054 0.00300000000000011 0.00200000000000067 0.18 0.122999999999999

 9719 19 500 2 0.95 0.016 0.45 2.776 0.333 0.999999767030027 -0.000682597899315311 0.951849491049498 0.999998577649447 0.00168662357477248 0.949084554994312 0.999999770207538 -0.00067792689180057 0.951692762299225 0.999998588220745 0.00168034416621773 0.949240437953794 0.00399999999999956 0.000999999999999446 0.157999999999999 0.132000000000001

 9717 17 500 2 0.95 0.0149999999999997 0.45 2.87 0.218 0.999999978226762 0.000208677924394787 0.945772941178719 0.999960140802393 -0.00892842687476826 0.952649843058862 0.999999982060707 0.000189416432024095 0.945081101864078 0.999960195673358 -0.0089222793556508 0.952466199627115 0.00400000000000134 0.00199999999999889 0.196 0.141
