
 3246 46 1000 3 0.7 0.00300000000000011 0.424 1.254 0.198 0.999925527143215 -0.011276048793959 -0.00466807143903185 0.709907111595999 0.999946020969469 -0.0068785452976898 0.00778721785450861 0.692101394490572 0.999925527255113 -0.0112760558622773 -0.00466803039573552 0.709906171471215 0.99994601980448 -0.00687869607327748 0.00778723426576642 0.692100156384 0.00399999999999956 0.00100000000000033 0.0730000000000004 0.0780000000000003

 3250 50 1000 3 0.7 0.00299999999999967 0.417 1.245 0.204 0.999673191081254 0.0127088156981198 0.0221810062209718 0.704428261154424 0.999863908446373 -0.000309779116004613 -0.0164945028189068 0.694238100453302 0.999673191623641 0.0127087764740925 0.0221810042498942 0.704427225704735 0.999863909861315 -0.000309862915707997 -0.0164944154736358 0.694236768237967 0.00300000000000011 0.00199999999999978 0.0759999999999996 0.0720000000000001

 3241 41 1000 3 0.7 0.00200000000000067 0.420999999999999 1.314 0.199 0.999858689715081 -0.0104766055187785 0.0131469136319092 0.703399868085443 0.999547108502453 0.0177441021444255 -0.0243048292212338 0.689492795099 0.999858689911902 -0.0104767304554508 0.0131467991016304 0.703398831918293 0.999547105377557 0.0177442110431471 -0.0243048782305896 0.689491356038868 0.00300000000000011 0.00100000000000033 0.0910000000000002 0.0760000000000005

 3242 42 1000 3 0.7 0.00300000000000011 0.411 1.251 0.201 0.999632585221427 -0.0266871868768159 -0.00474221679476618 0.712092578264983 0.999998968325329 -0.00143014707119421 -0.000134267021656859 0.71362172942924 0.999632584714844 -0.0266871852139851 -0.00474233293593157 0.712091729139484 0.99999896803573 -0.00143034142065461 -0.000134353618009235 0.713620935539293 0.00300000000000011 0.00100000000000033 0.0979999999999999 0.0720000000000001

 3261 61 1000 3 0.7 0.00299999999999967 0.406000000000001 1.223 0.199 0.999893479352849 0.00862936001051363 0.0117713250512624 0.695973467505029 0.999895726978053 0.000351488449054081 -0.0144364686437241 0.711232511059167 0.99989347984701 0.00862937703336006 0.0117712705963592 0.695972162222827 0.999895729484629 0.000351423831394356 -0.0144362966058871 0.711231686611604 0.00299999999999923 0.000999999999999446 0.0759999999999996 0.0759999999999996

 3253 53 1000 3 0.7 0.00300000000000011 0.401000000000001 1.207 0.199999999999999 0.99983008020313 -0.0182253111986937 0.00276563784936907 0.703860216602992 0.99982469447851 0.00841865809953171 0.016724428443369 0.715574479528119 0.999830081577446 -0.0182252253583699 0.0027657066861286 0.703859190042472 0.999824695393368 0.0084185188052129 0.0167244438677098 0.715573638692436 0.00300000000000011 0.00100000000000033 0.0840000000000005 0.0760000000000005

 3257 57 1000 3 0.7 0.00300000000000011 0.403 1.275 0.199999999999999 0.999963453144672 -0.00848373176124188 -0.00105767215440028 0.710199812282917 0.999928958082557 0.0103463284014966 -0.0059188070200863 0.694548407195526 0.999963453943123 -0.00848365798171683 -0.00105750904869404 0.710198816685514 0.999928956740755 0.0103464201612503 -0.00591887330433224 0.694547144378151 0.00300000000000011 0.00100000000000033 0.0899999999999999 0.0739999999999998

 3272 72 1000 3 0.7 0.00300000000000011 0.392 1.233 0.205 0.999948543271177 0.00677383993849479 0.00755154966470007 0.714019867816604 0.999543619624832 -0.0294274669692809 0.00682470915577461 0.698572193831815 0.999948544463898 0.00677376155615327 0.00755146203799285 0.714018996492336 0.999543618544503 -0.0294274837179144 0.00682479516118147 0.698570947721478 0.00300000000000011 0.00100000000000033 0.0800000000000001 0.0709999999999997

 3271 71 1000 3 0.7 0.00300000000000011 0.404999999999999 1.342 0.204 0.999682065311245 -0.0161149629700131 0.0193926858253121 0.71282542492734 0.999644153090729 -0.0264294091372274 -0.0036129661189316 0.70323173128493 0.999682068794693 -0.016114925375129 0.0193925374955596 0.712824366443725 0.999644149837922 -0.0264295132572438 -0.00361310445512948 0.703230500795121 0.00300000000000011 0.00100000000000033 0.0780000000000003 0.0739999999999998

 3263 63 1000 3 0.7 0.00300000000000011 0.4 1.242 0.207 0.999910871615555 -0.00914228111184365 0.00972972358775435 0.71538318793238 0.999997980843674 -0.00166287714105317 0.00112833868510829 0.692600323687003 0.999910872150883 -0.00914224955277994 0.00972969822627308 0.715382367342687 0.999997980946161 -0.00166288615059765 0.001128234572856 0.692599043362435 0.00300000000000011 0.00100000000000033 0.0759999999999996 0.0720000000000001

 3244 44 1000 3 0.7 0.00300000000000011 0.417 1.288 0.212 0.999531807293798 0.0188326423827819 -0.0241142652568327 0.716393272101424 0.999922857345729 0.010993675400652 -0.00578087006760587 0.713968351712052 0.99953176947104 0.0188334988181357 -0.0241151641163633 0.716419408262318 0.999922857054539 0.0109937297462058 -0.00578081708372301 0.713967514254954 0.00300000000000011 0.00100000000000033 0.0819999999999999 0.0889999999999995

 3254 54 1000 3 0.7 0.00300000000000011 0.411 1.243 0.202 0.999763169463743 0.0216391602548069 0.00231338005481866 0.698533056981252 0.999682016087743 -0.0242821179891753 -0.00680040121649612 0.708404631464777 0.999763171884349 0.0216390423901009 0.00231343644506978 0.698531929000156 0.999682020709895 -0.0242819561816842 -0.00680029950600002 0.708403645088016 0.00300000000000011 0.00100000000000033 0.077 0.0709999999999997

 3255 55 1000 3 0.7 0.00300000000000011 0.412 1.32 0.207 0.999995083372152 0.00310517590623495 0.000437166001776917 0.709145695837618 0.999956466637758 0.00562887043737613 0.00744181744801624 0.709299659385134 0.999995083574302 0.00310510580857349 0.000437201488653329 0.709144814075059 0.999956465569357 0.00562904237237234 0.00744183095816213 0.709298573899655 0.00399999999999956 0.00199999999999978 0.0739999999999998 0.0709999999999997

 3247 47 1000 3 0.7 0.00300000000000011 0.399 1.326 0.204000000000001 0.999661152892474 -0.00916238037685988 0.0243645271556649 0.709388288826567 0.999749533434812 0.00534402091772961 0.0217327365351394 0.691525088274592 0.999661156776315 -0.00916226559247676 0.0243644109687193 0.70938737625798 0.999749532375915 0.00534383211198821 0.0217328316723382 0.691523872749651 0.00300000000000011 0.00100000000000033 0.0739999999999998 0.0899999999999999

 3245 45 1000 3 0.7 0.00399999999999956 0.413 1.329 0.205 0.999950448945757 -0.00995484858886743 2.53525522332111e-05 0.705003700971545 0.999483898836275 0.00612171651401255 0.0315350686373183 0.721866390876179 0.999950449896783 -0.00995475302610861 2.5365543592209e-05 0.705002689031641 0.999483678453718 0.0061185497340877 0.0315426671950141 0.722184506854824 0.00300000000000011 0.00100000000000033 0.0739999999999998 0.0939999999999994

 3251 51 1000 3 0.7 0.004 0.442 1.381 0.215 0.999986330911465 -0.00516098002397574 0.000838018745143352 0.704526009819449 0.999884942429389 0.00396334307111245 0.0146421929599838 0.704118034380883 0.999986330450438 -0.00516106544842963 0.000838042782331157 0.704525008959777 0.999884945328441 0.0039632592422001 0.0146420176792654 0.704116864325619 0.00300000000000011 0.00100000000000033 0.0749999999999993 0.0700000000000003

 3248 48 1000 3 0.7 0.00300000000000011 0.417000000000001 1.386 0.213 0.999908625213452 0.00107888441929558 0.0134750596345284 0.711132344499638 0.999877970246451 0.0153244188099746 0.00303427157220576 0.695167644726201 0.9999086240655 0.00107876044687379 0.0134751547426064 0.711131466627094 0.999877969524011 0.0153244735706924 0.00303423306972977 0.695166375305867 0.00400000000000045 0.00100000000000033 0.0729999999999995 0.0739999999999998

 3259 59 1000 3 0.7 0.00300000000000011 0.391999999999999 1.269 0.205 0.999919457292478 -0.00946822730399466 0.0084517216965915 0.720660432979444 0.999981719099921 -0.00345440351562033 -0.0049627172313891 0.690512112329954 0.999919462324838 -0.00946089445511946 0.00845933449600089 0.720910708261735 0.999981719928331 -0.0034543796735332 -0.00496256690120132 0.690510974769515 0.00300000000000011 0.00199999999999978 0.0960000000000001 0.0819999999999999

 3256 56 1000 3 0.7 0.00400000000000045 0.41 1.307 0.207 0.999929277592782 0.00703620076293202 -0.00958810156395338 0.709826102842319 0.999996151153469 0.000864826259178848 0.00263623856839199 0.70630792814369 0.999929277828911 0.00703619885678921 -0.00958807833721318 0.709825196064379 0.999996151134435 0.000864912861259271 0.00263621737694777 0.706306916693045 0.00399999999999956 0.00100000000000033 0.0750000000000002 0.0760000000000005

 3260 60 1000 3 0.7 0.00400000000000045 0.406 1.258 0.207 0.999782304587036 0.0196214297461095 0.00709527514297813 0.701858877434523 0.999351340933638 -0.00758977376439081 0.0352035894241513 0.704689630056671 0.999782306206396 0.0196213232932075 0.00709534134786287 0.701857800798103 0.999351341224944 -0.00758971225972953 0.0352035944147693 0.704688548403382 0.00399999999999956 0.00100000000000033 0.0720000000000001 0.0880000000000001

 3269 69 1000 3 0.7 0.00400000000000045 0.398000000000001 1.297 0.205 0.999701856847664 -0.00624525569864642 0.0236049612707171 0.707276092473072 0.99993672392057 -0.00278316157884838 0.0108996406648555 0.685811811546757 0.999701856662153 -0.00624544131960886 0.0236049200161169 0.707275066530662 0.999936724903868 -0.00278313293022027 0.0108995577717404 0.685810512572008 0.00300000000000011 0.000999999999999446 0.0760000000000005 0.0699999999999994

 3266 66 1000 3 0.7 0.00299999999999923 0.395 1.326 0.204 0.999793025003709 -0.0197493432761708 0.00488575419895582 0.710387382131544 0.999270732530037 -0.0229047936241774 0.0305511626279129 0.692232208600799 0.999793026735018 -0.0197492592470579 0.00488573957802053 0.710386498352726 0.999270731029673 -0.0229049119443662 0.0305511229948151 0.692230884896784 0.00300000000000011 0.000999999999999446 0.0730000000000004 0.0709999999999997

 3264 64 1000 3 0.7 0.00399999999999956 0.409000000000001 1.358 0.211 0.999975359992621 0.00616612134364131 0.00335534725520657 0.713899944919995 0.999932596359696 0.00778671568185004 -0.00861218881861141 0.700466517608166 0.999975360233315 0.00616610365968375 0.00335530802007234 0.713899181465715 0.999932594524567 0.00778683805213387 -0.00861229124666549 0.70046532297964 0.00300000000000011 0.00199999999999978 0.0710000000000006 0.0690000000000008

 3258 58 1000 3 0.7 0.00300000000000011 0.396 1.335 0.207 0.99988385965486 -0.00726397501214306 0.0133978307469458 0.717527802398286 0.999920275062909 -0.0125389433702218 -0.001489435219825 0.697526932947999 0.999883891434195 -0.00726374154020165 0.0133955854388097 0.717618360050583 0.999920274372874 -0.01253899632956 -0.00148945262580911 0.697525501845191 0.00300000000000011 0.00100000000000033 0.093 0.0790000000000006

 3262 62 1000 3 0.7 0.00399999999999956 0.401 1.402 0.215000000000001 0.99993652704415 0.0107725515778277 -0.00330060833570821 0.708583146981395 0.999666275632304 0.00622490056799936 0.0250716568331142 0.685685825523594 0.999936527273332 0.0107725038525339 -0.00330069466882936 0.708582206595055 0.99966627313341 0.00622480785795539 0.0250717794878874 0.685684706002315 0.00299999999999923 0.00100000000000033 0.0750000000000002 0.0709999999999997

 3270 70 1000 3 0.7 0.00300000000000011 0.405 1.38 0.208 0.999856403723325 -0.0103084596323922 0.0134501893468755 0.696465834092225 0.99975575246551 -0.00556768329302202 -0.0213877608662259 0.705673425028212 0.99985640566495 -0.0103084347150741 0.01345006410734 0.696464612367779 0.999755751780451 -0.00556766592527938 -0.0213877974099433 0.705672179672125 0.00300000000000011 0.00100000000000033 0.0720000000000001 0.0739999999999998

 3252 52 1000 3 0.7 0.00300000000000011 0.412 1.463 0.226 0.999845662604066 -0.00795370645649536 -0.0156649138344126 0.709895380014341 0.999750733889401 0.0175961972981072 -0.0137420496378527 0.702359064965639 0.999845661354216 -0.00795385586172487 -0.0156649177489331 0.709894473826039 0.999750735713666 0.0175961396450891 -0.0137419907427754 0.702357869901821 0.00400000000000045 0.00100000000000033 0.0720000000000001 0.0709999999999997

 3243 43 1000 3 0.7 0.00300000000000011 0.404 1.341 0.227 0.999978469556944 0.00418881392387323 -0.00505116426811427 0.717201499776524 0.99988002332927 0.00712739860311005 0.0137527864889727 0.686485472361791 0.999978483939909 0.00418773570388176 -0.00504921052396473 0.717271715174376 0.999880024493626 0.00712740399249124 0.0137526990425111 0.686484391891465 0.00400000000000045 0.00199999999999978 0.0910000000000011 0.0690000000000008

 3249 49 1000 3 0.7 0.00300000000000011 0.441 1.327 0.226 0.999255612394394 -0.0337257568969285 0.0187295066681626 0.709857338986311 0.999479644572962 0.0247322325109432 -0.0207064424595576 0.704014971538367 0.999255615331043 -0.0337256918683883 0.0187294670873787 0.709856364409641 0.99947964382553 0.0247322289460736 -0.0207064827952591 0.704013865156648 0.00300000000000011 0.00100000000000033 0.0729999999999995 0.072000000000001

 3265 65 1000 3 0.7 0.00300000000000011 0.407999999999999 1.34 0.228 0.999976397415901 -0.00220887938694449 0.00650580225406722 0.703414047586976 0.999565231875304 -0.01562176658536 -0.0250061519395193 0.705255920546287 0.999976396970397 -0.00220892807553271 0.00650585419915882 0.703412944391579 0.999565230940208 -0.0156217802410001 -0.0250061807869524 0.705254886850533 0.00300000000000011 0.000999999999999446 0.0739999999999998 0.0689999999999991

 3268 68 1000 3 0.7 0.00300000000000011 0.448 1.259 0.225000000000001 0.999881341985563 -0.00773718516368166 0.013320582378166 0.71140562846849 0.999726301078375 0.0213911894328052 -0.00947311705833652 0.704407803251349 0.999881340246743 -0.00773719143080382 0.0133207092581775 0.711404696486903 0.999726301447622 0.0213911782538804 -0.00947310333365206 0.704406743365386 0.00399999999999956 0.000999999999999446 0.0739999999999998 0.0700000000000003

 3267 67 1000 3 0.7 0.00300000000000011 0.452 1.382 0.231 0.99976837584787 -0.0179243550305317 -0.0119126886659098 0.705691355330014 0.999808305549667 -0.0156854852005872 0.0117182638614075 0.678931690164697 0.999768380078463 -0.0179242215001827 -0.0119125345287115 0.70569031856151 0.999808302120013 -0.0156857004919368 0.0117182683010221 0.678930745860444 0.00400000000000045 0.00100000000000033 0.0900000000000007 0.0690000000000008

 3273 73 1000 3 0.7 0.004 0.415999999999999 1.341 0.203 0.999894281532883 -0.00494618780612617 0.0136733676914975 0.703864746939757 0.999972572501781 0.00699668435896553 0.00242912580003124 0.722362945210004 0.999894284440201 -0.00494609585328014 0.0136731883490583 0.70386356031564 0.999972583337966 0.00699903406828023 0.00241786982804327 0.72271117870957 0.00300000000000011 0.000999999999999446 0.0739999999999998 0.0979999999999999

 3283 83 1000 3 0.7 0.00300000000000011 0.427 1.191 0.201 0.999874436409588 0.00495410119616731 0.0150521857531357 0.723123769143927 0.999760271003498 0.0139429316375934 -0.0168818002701474 0.688252135166299 0.999874477453172 0.00494803030683829 0.0150514562029439 0.72349708407827 0.999760272763656 0.0139429964935244 -0.0168816424651853 0.688250804874671 0.00299999999999923 0.00100000000000033 0.0960000000000001 0.0830000000000002

 3275 75 1000 3 0.7 0.00299999999999967 0.402 1.329 0.202999999999999 0.999869694126557 0.0151505455094572 0.00557276753780189 0.722909439119664 0.999757182974698 0.0211908425560748 -0.00604344953317941 0.694254218503665 0.999869742831522 0.0151500991590678 0.00556523723627449 0.723275221991588 0.999757184998948 0.021190739085752 -0.00604347747395721 0.694252908896334 0.00300000000000011 0.000999999999999446 0.0979999999999999 0.0700000000000003

 3279 79 1000 3 0.7 0.004 0.414 1.322 0.199 0.999890000189376 -0.0135047653223431 -0.00613260424918161 0.708020220574405 0.999496364570533 0.0168994618867744 -0.0268593633250186 0.704005016335005 0.999890002345652 -0.0135046232936587 -0.00613256544271109 0.708019237275129 0.999496361401972 0.0168995341644304 -0.0268594357581222 0.704003868886639 0.00300000000000011 0.000999999999999446 0.0750000000000002 0.0750000000000002

 3277 77 1000 3 0.7 0.00300000000000011 0.423999999999999 1.429 0.207 0.999837911684828 0.0120857313197894 0.0133448662858926 0.715706683932317 0.999601285084934 0.0130356132202686 -0.0250468290312242 0.697274833029107 0.999837913412856 0.0120856434240534 0.0133448164188456 0.715705774512969 0.999601283621453 0.0130356032499059 -0.0250468926267359 0.697273578695548 0.00400000000000045 0.000999999999999446 0.0760000000000005 0.0720000000000001

 3287 87 1000 3 0.7 0.00300000000000011 0.434 1.258 0.201 0.999838415130207 -0.0176652103674771 -0.00332926006618355 0.713171271300072 0.999675855731124 -0.0254110560124047 -0.00156898074541747 0.714897319858646 0.999838415121668 -0.0176652142185727 -0.00332924219662526 0.713170402554965 0.999675855126731 -0.0254110804215998 -0.00156897050486061 0.714896472383226 0.00300000000000011 0.00100000000000033 0.0729999999999995 0.0759999999999996

 3286 86 1000 3 0.7 0.004 0.445 1.295 0.199000000000001 0.999638002340589 -0.024828634111993 -0.0103635517391274 0.718323685885363 0.999930758126264 -0.00531328306019318 0.010499903626139 0.697169467953267 0.999637993431633 -0.0248313138135491 -0.0103579892967576 0.718457075344535 0.999930758408493 -0.00531338798302384 0.0104998236536179 0.697168136906738 0.00300000000000011 0.00100000000000033 0.0919999999999996 0.0780000000000003

 3280 80 1000 3 0.7 0.00299999999999967 0.454999999999999 1.214 0.204000000000001 0.999972962140086 0.00415505804916878 -0.0060671641967408 0.695450377669993 0.999423342052788 0.0315913689931071 -0.0124486451141258 0.711159923417021 0.999972962127889 0.00415515433241756 -0.00606710026695411 0.695449180760878 0.999423343028884 0.0315913321393605 -0.0124486602744948 0.711158943952189 0.00300000000000011 0.00100000000000033 0.0709999999999997 0.0719999999999992

 3284 84 1000 3 0.7 0.00300000000000011 0.44 1.285 0.204 0.999777058828806 0.0122207323811071 0.0172187786933525 0.699307907826087 0.999866309497104 0.0103597870358845 -0.0126506104679624 0.709255006610299 0.999777060858251 0.0122204414633717 0.0172188673285317 0.699306774351487 0.999866308929083 0.0103598824817357 -0.0126505772001037 0.709254106123553 0.00300000000000011 0.000999999999999446 0.0739999999999998 0.069

 3281 81 1000 3 0.7 0.00300000000000011 0.447 1.262 0.201000000000001 0.999937514758904 0.00114123183506647 -0.0111204391858071 0.706351214189251 0.999969303694065 -0.00238843732529257 -0.00746237473936532 0.702782199090245 0.999937515554656 0.00114116905891011 -0.0111203740747268 0.7063501775831 0.999969303714408 -0.0023884669484813 -0.00746236253193725 0.702781176357025 0.00300000000000011 0.00100000000000033 0.0800000000000001 0.0699999999999994

 3278 78 1000 3 0.7 0.00300000000000011 0.488 1.355 0.203 0.999913010257757 -0.00755332312670674 0.0108129194491747 0.701405131849529 0.999845200537917 0.0112231226129761 0.0135505158612767 0.708002691719013 0.999913009647852 -0.00755334668818213 0.0108129593906282 0.701404039301137 0.999845202025233 0.0112230882987846 0.0135504345376683 0.708001624366138 0.00300000000000011 0.00100000000000033 0.0739999999999998 0.0880000000000001

 3282 82 1000 3 0.7 0.00300000000000011 0.496 1.329 0.206 0.999961404586232 0.00791203162265627 0.00381956719166556 0.701416344186318 0.99975095339024 -0.00454798740392721 -0.0218482723774539 0.689233049869965 0.99996140426856 0.00791191934657016 0.00381988291744071 0.701415203114459 0.999750953916545 -0.00454802610244713 -0.0218482402387425 0.68923190331043 0.00300000000000011 0.00100000000000033 0.0739999999999998 0.0700000000000003

 3274 74 1000 3 0.7 0.00300000000000011 0.494000000000001 1.438 0.216 0.999625465525987 0.00601083925004614 0.0266982861521683 0.70400734866846 0.999177772738232 -0.0162366794711282 -0.0371503526984335 0.691971213358269 0.999625465828503 0.00601078502168593 0.0266982870343999 0.704006232488705 0.999177777481565 -0.0162367332327698 -0.0371502016270304 0.691969921453168 0.00300000000000011 0.000999999999999446 0.0730000000000004 0.0719999999999992

 3276 76 1000 3 0.7 0.00400000000000045 0.474 1.393 0.223 0.999985327849448 -0.00447253210225397 0.00305623010025086 0.697712210723152 0.999793932457047 -0.0135246118247585 0.0151386094825098 0.691120170114928 0.999985327351845 -0.00447263043648072 0.0030562490083912 0.697710964769299 0.99979393004907 -0.0135246156820493 0.0151387650648045 0.691118957568966 0.00300000000000011 0.000999999999999446 0.0729999999999995 0.0710000000000015

 3289 89 1000 3 0.7 0.00200000000000022 0.492 1.322 0.205 0.999807299035677 0.00408877472572641 -0.019200174900953 0.702450526266093 0.999881978950737 -0.0153609938553724 0.000260839670480666 0.712597061567798 0.999807300583644 0.00408892847668645 -0.019200061550912 0.702449400847203 0.999881978147929 -0.0153610477922769 0.000260740689759341 0.712596043869925 0.0110000000000001 0.00200000000000067 0.0750000000000002 0.0739999999999998

 3294 94 1000 3 0.7 0.00300000000000011 0.429 1.298 0.204 0.999920629650171 -0.00857757279409459 0.00922819835979785 0.711026252343018 0.999887421214152 0.00909707471615249 -0.0119326497192268 0.70465416889933 0.999920629602515 -0.0085775219966748 0.00922825073920583 0.71102536509327 0.999887419957021 0.00909719911551993 -0.0119326602207589 0.704653092208949 0.00299999999999923 0.000999999999999446 0.0729999999999995 0.0709999999999997

 3291 91 1000 3 0.7 0.00300000000000011 0.46 1.295 0.204 0.999859761205432 0.015955373336662 0.00508763048038533 0.706500506864669 0.999710537530013 0.00922906213565335 -0.0222185859934646 0.711736280200185 0.999859763423681 0.0159552437861447 0.00508760081617762 0.706499489521016 0.999710534888723 0.00922912686837703 -0.0222186779478555 0.711735377119887 0.00300000000000011 0.000999999999999446 0.0739999999999998 0.0720000000000001

 3285 85 1000 3 0.7 0.00300000000000011 0.49 1.453 0.207 0.999953113693173 -0.000395733849400037 -0.00967542299063245 0.710830757835423 0.999866423112889 -0.0110237399073496 0.0120670248981707 0.699942802207083 0.999953112809691 -0.000395738017881091 -0.00967551412741446 0.710829830689326 0.999866424136733 -0.0110236765660405 0.0120669979278167 0.699941455763323 0.00300000000000011 0.00100000000000033 0.0739999999999998 0.0890000000000004

 3297 97 1000 3 0.7 0.00300000000000011 0.454 1.319 0.213 0.999859417098426 -0.0156863177927306 0.00592329922433543 0.711566377748478 0.999410885875041 -0.0262155176545043 0.0221501202834723 0.686312411107487 0.99985941634209 -0.0156864081304128 0.00592318765716963 0.711565563520819 0.999410889715733 -0.0262154282747895 0.0221500527759344 0.686311022283346 0.00300000000000011 0.000999999999999446 0.0730000000000004 0.0699999999999994

 3299 99 1000 3 0.7 0.00300000000000011 0.495 1.3 0.213 0.999874844833571 0.0154672525968429 0.00332547231951418 0.697910322197162 0.999752082433327 0.00426221661199481 0.0218542256732834 0.700448852540468 0.99987484654696 0.0154671171682732 0.00332558704545413 0.697909123901294 0.999752083886894 0.00426209353395055 0.0218541831812646 0.700447688674254 0.00399999999999956 0.00100000000000033 0.0750000000000002 0.0709999999999997

 3300 100 1000 3 0.7 0.004 0.42 1.326 0.204999999999999 0.999853602018486 0.000371533312158611 0.0171066213395915 0.69220034310907 0.999955239003081 0.00923165278832509 0.0020728186332738 0.698154980972129 0.999853602675772 0.000371581966340413 0.0171065818655269 0.692199154808751 0.999955240796615 0.00923145225299013 0.00207284651737415 0.698153764952363 0.00300000000000011 0.000999999999999446 0.0720000000000001 0.069

 3290 90 1000 3 0.7 0.00400000000000045 0.423 1.271 0.203 0.999190698505023 -0.0369606516380655 -0.0158700425813439 0.713954676374006 0.999443872297383 -0.00987856726828013 -0.0318490193874013 0.696638974942367 0.999190699770336 -0.0369606149223861 -0.0158700484253983 0.713953821124225 0.999443873753235 -0.0098786273820796 -0.0318489550562352 0.696637630278826 0.00300000000000011 0.00100000000000033 0.0709999999999997 0.0700000000000003

 3296 96 1000 3 0.7 0.00300000000000011 0.422 1.33 0.204 0.999980159624892 -0.00318974608737012 -0.00543193119196218 0.698857269047198 0.999970434829307 -0.00547037762908618 -0.00540411286723739 0.703218357697622 0.999980158312284 -0.00318983565436204 -0.00543212023400607 0.698856123793877 0.999970433474425 -0.00547043660607096 -0.00540430386912163 0.703217181680266 0.00300000000000011 0.000999999999999446 0.0709999999999997 0.0709999999999997

 3298 98 1000 3 0.7 0.00199999999999978 0.396 1.314 0.204 0.999666323034725 -0.0188001237589185 0.0177143426883995 0.706422719434786 0.999642592735955 -0.0240298904998376 0.0117154236246138 0.713079300227736 0.999666320481651 -0.0188002804648137 0.0177143204532621 0.706421783324005 0.999642598704382 -0.024029663844505 0.0117153792542552 0.713078338516505 0.00300000000000011 0.00100000000000033 0.0699999999999994 0.0730000000000004

 3293 93 1000 3 0.7 0.00300000000000011 0.475 1.452 0.21 0.999496430297146 -0.00311671637305028 -0.0315780287908139 0.688771751930359 0.999897609423813 -0.00801326209393996 0.0118557285376515 0.696728735559605 0.999496432649476 -0.00311661980726612 -0.0315779638664222 0.688770590728829 0.999897610885767 -0.00801323780970993 0.0118556216513798 0.696727388593884 0.00300000000000011 0.000999999999999446 0.0709999999999997 0.0830000000000002

 3288 88 1000 3 0.7 0.00299999999999967 0.484999999999999 1.381 0.218 0.999840240702268 0.00667115998353657 0.0165827831471218 0.714026569267381 0.999693941169743 -0.00389510050539089 0.0244305583349719 0.7098268674247 0.999840241543953 0.00667122472589993 0.0165827063528779 0.714025720551226 0.999693940460731 -0.00389522721442997 0.0244305671453758 0.709825890698487 0.00399999999999956 0.00100000000000033 0.0709999999999997 0.0719999999999992

 3292 92 1000 3 0.7 0.00499999999999989 0.397 1.384 0.215999999999999 0.999984860285684 -0.00524218993798587 0.00167291484409316 0.716184669249298 0.99935962526759 0.00613239681185328 -0.0352524196951499 0.707809526816229 0.9999848568164 -0.00524281392858273 0.00167303317206934 0.716199674115547 0.999359629553856 0.0061324051663932 -0.0352522967316424 0.707808510081348 0.00300000000000011 0.000999999999999446 0.0780000000000003 0.0690000000000008

 3295 95 1000 3 0.7 0.00300000000000011 0.412999999999999 1.4 0.225 0.999972914725868 0.00704055050706986 0.00214486904238357 0.683411265865778 0.999917048737178 0.00158318411571909 -0.0127823774309865 0.699749093790316 0.999972914579175 0.0070405161842795 0.00214505009018319 0.683410219294705 0.999917047636874 0.00158306575157302 -0.0127824781628699 0.699747878015012 0.00300000000000011 0.00100000000000033 0.0720000000000001 0.0739999999999998

 3303 3 2000 3 0.7 0.0300000000000002 0.474 2.665 0.448 0.999875909031862 0.0146328674876113 -0.00583487161795458 0.707476436852747 0.99953330970526 -0.0148594438089572 0.026690067803168 0.695968263407513 0.999875908939573 0.0146329079904591 -0.00583478585775522 0.707475628752461 0.999533309540826 -0.0148594992261715 0.0266900431080626 0.695967081870279 0.00300000000000011 0.00200000000000067 0.123000000000001 0.122

 3304 4 2000 3 0.7 0.0390000000000001 0.458 2.654 0.422 0.999906334615197 -0.00991613869932325 -0.00943356717780968 0.704376294359302 0.999839598031507 0.00386059560332452 -0.0174892541231044 0.705477370410496 0.999906334324565 -0.00991614204824925 -0.00943359446286611 0.704375422347655 0.999839596608746 0.00386057425624076 -0.0174893401725838 0.705476533028298 0.00300000000000011 0.00200000000000067 0.125999999999999 0.125

 3301 1 2000 3 0.7 0.0410000000000004 0.475000000000001 2.686 0.429 0.999942450594046 0.0106605380949362 -0.00120350633579659 0.695910780917153 0.999964596131657 -0.00798301141399898 -0.00266045334770306 0.697049302923095 0.999942449593155 0.0106606341899479 -0.00120348672993178 0.695909772747445 0.999964596497596 -0.00798298037185214 -0.00266040895013524 0.697048230707693 0.00300000000000011 0.00199999999999889 0.123000000000001 0.120000000000001

 3302 2 2000 3 0.7 0.0369999999999999 0.472 2.688 0.430999999999999 0.999802783627531 0.019468406542906 0.00392109644370494 0.712890359461631 0.99999565822583 0.000944085144725071 0.00279145709762176 0.691966164241486 0.999802782378621 0.0194684667197542 0.00392111611015199 0.712889672201853 0.999995658210408 0.000944021700397148 0.00279148407876096 0.691965147591194 0.00299999999999834 0.00199999999999889 0.125 0.139999999999999

 3240 40 1000 3 0.7 0.00200000000000022 0.3 0.766 0.132 0.999960119064636 -0.00327385413648545 0.00830916116898401 0.703661132382869 0.999976453303432 -0.0043045940283014 -0.00534446526236796 0.716213620225929 0.999960120296355 -0.00327373437477201 0.00830906012391176 0.703660119417047 0.999976455603359 -0.00430430971850179 -0.0053442639148261 0.716224372989981 0.00300000000000011 0 0.0490000000000004 0.0500000000000007

 3308 8 2000 3 0.7 0.0379999999999998 0.709000000000001 2.608 0.426 0.99995273791371 0.00903057163225134 0.00360148786887006 0.70408039619523 0.999934768462933 -0.00557529433660098 -0.00996869660692729 0.710129592465412 0.999952737913851 0.00903055567139376 0.0036015278505537 0.70407952463956 0.999934769236093 -0.00557522717034276 -0.00996865661759996 0.710128871457803 0.00300000000000011 0.00200000000000067 0.129 0.125999999999999

 3305 5 2000 3 0.7 0.0300000000000002 0.577 2.609 0.426 0.999846333687635 -0.00492142276438869 -0.0168252372752499 0.703513026669492 0.999957740695736 0.00666317418330229 0.00633395077991703 0.709405777538635 0.999846333148973 -0.0049213593301887 -0.0168252878399076 0.703512180139458 0.999957740371798 0.00666322358915953 0.00633394994678124 0.709405014692917 0.00300000000000011 0.00200000000000067 0.126000000000001 0.155000000000001

 3306 6 2000 3 0.7 0.0470000000000002 0.63 2.646 0.423 0.999893845703769 0.00211758006995967 0.0144157267723626 0.712788687782976 0.999775483151824 -0.000771232353287385 -0.0211751856944343 0.69926612538902 0.999893845892817 0.0021176445324403 0.0144157041904442 0.712788040173443 0.999775483337492 -0.000771169790445766 -0.021175179206746 0.699265134705403 0.00300000000000011 0.00200000000000067 0.127000000000001 0.136000000000001

 3315 15 2000 3 0.7 0.0390000000000001 0.611 2.604 0.449 0.999800359662713 0.0098597947233385 -0.017378874138563 0.706714452582912 0.999959173126596 0.000219996354524048 0.00903347560895377 0.702500174125745 0.999800360759306 0.00985970302110119 -0.0173788630783684 0.706713633761009 0.999959172410324 0.000219919839257737 0.00903355675933331 0.70249920963201 0.00399999999999956 0.00199999999999889 0.127000000000001 0.125999999999999

 3311 11 2000 3 0.7 0.0219999999999994 0.598 2.689 0.424999999999999 0.999960345380793 0.00461544206780436 0.0076161250281472 0.710925445930895 0.999884588715407 -0.00790832384009346 0.0129718026296073 0.693370722480484 0.999960345486729 0.004615473503183 0.00761609206900746 0.71092473828925 0.999884588361196 -0.00790835527613152 0.0129718107675143 0.693369658708052 0.00300000000000011 0.00199999999999889 0.129 0.127000000000001

 3312 12 2000 3 0.7 0.0449999999999999 0.619999999999999 2.759 0.449 0.999801816240443 0.0175195921560108 0.00945474129726499 0.702021392957588 0.999937816991021 -0.00228708727442157 0.0109147323847569 0.703441504527251 0.999801815567628 0.0175196148325613 0.00945477042517902 0.702020466396995 0.999937816971517 -0.00228709980214615 0.0109147315464447 0.703440616369739 0.00399999999999956 0.00200000000000067 0.126999999999999 0.125

 3319 19 2000 3 0.7 0.104 0.524 2.575 0.420999999999999 0.999883101645861 -0.00809762165914645 -0.0129696401845831 0.709977548716152 0.999733280741845 -0.0176122344576521 0.0149390955066446 0.702624890855252 0.999883102407447 -0.00809753159782571 -0.0129696377004781 0.709976847911922 0.999733280103805 -0.0176122604440728 0.0149391075682903 0.702623958517515 0.00300000000000011 0.000999999999999446 0.126999999999999 0.128

 3320 20 2000 3 0.7 0.0629999999999997 0.726 2.585 0.417000000000002 0.999997469900627 -0.00224944391592044 1.39432265031876e-05 0.709343498284578 0.999951838793887 -0.00425229548753284 -0.00884522898573282 0.697891139411531 0.999997469901055 -0.00224944351230644 1.39776369206652e-05 0.709342720726026 0.999951838732084 -0.00425226191534631 -0.00884525211215472 0.697890118144019 0.00300000000000011 0.00199999999999889 0.129999999999999 0.132

 3309 9 2000 3 0.7 0.0470000000000002 0.843 2.639 0.417999999999999 0.999926061624837 0.00809748032261607 -0.00907205025711547 0.708895322092742 0.999829580599072 -0.0150980018717118 0.0106235633647558 0.68685651438747 0.999926061050434 0.00809751850211071 -0.00907207948990364 0.708894582928018 0.999829579165203 -0.0150980611098017 0.0106236141241059 0.686855573069323 0.00300000000000011 0.000999999999999446 0.128 0.122999999999999

 3307 7 2000 3 0.7 0.0739999999999998 0.747999999999999 2.798 0.42 0.999987248900457 -8.52583185519781e-05 -0.00504923434943239 0.702451828954501 0.999981035164549 0.00592567405838421 -0.00167800422870164 0.697336746954257 0.999987249103623 -8.52619142575029e-05 -0.00504919405196803 0.702450940123267 0.999981034687827 0.00592574839537023 -0.00167802580942964 0.697335649465527 0.00300000000000011 0.00200000000000067 0.138999999999999 0.124000000000001

 3310 10 2000 3 0.7 0.0650000000000004 0.801 2.611 0.417 0.999991109095032 0.000505350709364463 -0.00418644856023258 0.708849780231249 0.999997512451625 0.000353311335880566 -0.00220233096120049 0.702979887138658 0.999991109160956 0.00050537754700596 -0.00418642957377874 0.708849055662891 0.999997512455578 0.000353413920752926 -0.00220231270619259 0.702978986076262 0.00300000000000011 0.000999999999999446 0.125 0.125

 3317 17 2000 3 0.7 0.0460000000000003 0.508999999999999 2.544 0.452999999999999 0.999980964411438 -0.00330384501987336 -0.00521108653303939 0.703960485886082 0.999966851591782 -0.00518799204349753 -0.0062753849423374 0.711196583831979 0.999980964777156 -0.00330377840720277 -0.00521105858579139 0.703959624861571 0.999966851630575 -0.00518797078535488 -0.00627539633545055 0.711195882687075 0.00300000000000011 0.00100000000000122 0.132 0.125999999999999

 3313 13 2000 3 0.7 0.0439999999999996 0.663 2.702 0.416 0.999984660997218 9.25147843069585e-05 -0.00553797899001677 0.706897550994159 0.999963945830561 -0.00821129332913951 0.00216372383601552 0.702598459845317 0.999984660841162 9.25261539313432e-05 -0.00553800697873314 0.706896788386166 0.999963946038342 -0.00821125069701767 0.00216378959664158 0.702597578033476 0.00300000000000011 0.000999999999999446 0.126000000000001 0.125999999999999

 3316 16 2000 3 0.7 0.101 0.659 2.629 0.433999999999999 0.999980009038109 -0.00605825261462185 -0.00181082837431954 0.701022222838834 0.999865410333588 0.0120784331594917 -0.0111028226527471 0.70107470053589 0.999980009326507 -0.00605819786631819 -0.00181085227775566 0.701021313206212 0.999865410002281 0.0120784584943639 -0.0111028249274684 0.701073705828819 0.00300000000000011 0.00200000000000067 0.129 0.132

 3321 21 2000 3 0.7 0.0609999999999999 0.73 2.647 0.417999999999999 0.999970872143003 0.00697159259768326 -0.00310672853880319 0.697720662412427 0.99999146142595 -0.00389202178254199 -0.00138897143094624 0.694412754485632 0.999970871650326 0.00697164677989871 -0.00310676553083616 0.697719639206671 0.999991461149977 -0.00389211302554921 -0.00138891444292416 0.694411697156552 0.00300000000000011 0.00100000000000122 0.124000000000001 0.122

 3318 18 2000 3 0.7 0.0619999999999998 0.524 2.913 0.433 0.999948910797872 -0.00352058660157868 0.0094752975747216 0.70327291528139 0.99999230989461 -0.00327408320265092 0.00215882626098545 0.693742373009254 0.999948911487438 -0.00352055752342841 0.00947523560723514 0.703272044889538 0.999992309955403 -0.0032741011831303 0.00215877083058729 0.69374121205504 0.00300000000000011 0.00200000000000067 0.129 0.131

 3332 32 2000 3 0.7 0.0439999999999996 0.504 2.74 0.435 0.999802200954083 -0.00747891838518651 -0.0184289106341062 0.703014477822116 0.999847922052674 0.00528642675773653 0.016618858537343 0.68316243324961 0.999802202291745 -0.00747883530418874 -0.0184288717795841 0.703013582902567 0.999847922942666 0.00528639243296854 0.0166188159109084 0.683161566708553 0.00300000000000011 0.00200000000000067 0.131 0.124000000000001

 3331 31 2000 3 0.7 0.0570000000000004 0.470000000000001 2.617 0.423 0.999996375858826 -0.00233547799599784 -0.00133933257390015 0.703664603863385 0.999917105387931 -0.00033235452448738 -0.0128713594111446 0.697542569680351 0.999996376014124 -0.00233542424427653 -0.00133931035122535 0.70366375111054 0.99991710546631 -0.000332295728917502 -0.0128713548402637 0.697541501901992 0.00699999999999967 0.00100000000000122 0.125999999999999 0.129

 3325 25 2000 3 0.7 0.0789999999999997 0.468 2.673 0.423 0.99995941254881 0.00629249368110982 -0.00644808330532381 0.706087489079524 0.999968960869144 -0.00734977867162819 -0.00283867077372316 0.709327960291787 0.999959412865647 0.00629246743194506 -0.00644805978627159 0.706086690700493 0.999968961122645 -0.00734973537373585 -0.00283869357868814 0.709327251588913 0.00700000000000145 0.00200000000000067 0.126999999999999 0.121

 3327 27 2000 3 0.7 0.0270000000000001 0.484 2.739 0.432 0.999899654266385 -0.000120351845101874 0.0141656949493077 0.702420286328898 0.999915514969168 -0.0113635860418552 -0.00631124680331036 0.695716617060082 0.999899654333535 -0.000120344407299555 0.0141656902726864 0.702419381317307 0.999915515386885 -0.0113635224536448 -0.00631129511485404 0.695715495260678 0.00299999999999834 0.000999999999999446 0.127000000000001 0.123000000000001

 3324 24 2000 3 0.7 0.0620000000000003 0.463 2.503 0.430999999999999 0.999962058587195 0.00766267291648895 -0.00414304596092765 0.706087283240279 0.999986688723991 -0.00515592985671262 0.000196881032636382 0.695649967025876 0.999962057934933 0.00766276133146309 -0.00414303986357973 0.706086497959898 0.999986688806982 -0.00515591752436041 0.000196782444662653 0.695648839166376 0.00400000000000134 0.00200000000000067 0.128 0.125999999999999

 3323 23 2000 3 0.7 0.117 0.469 2.522 0.43 0.999891845659141 0.00425577021701884 -0.0140778337899391 0.701775003118931 0.999994065540452 -0.00325590388155682 0.00112604342370035 0.700635257253545 0.999891846089297 0.00425588318689078 -0.0140777690859691 0.701774101801137 0.999994065766499 -0.00325584056443124 0.00112602575690101 0.700634273764073 0.00299999999999834 0.00199999999999889 0.126000000000001 0.122

 3329 29 2000 3 0.7 0.0990000000000002 0.474 2.561 0.435 0.999968865981188 0.00592188926678398 0.00521519853976066 0.705240065782007 0.999931686638679 0.00860455065561997 0.00791099007343594 0.692678934499509 0.999968866482052 0.00592185372975947 0.00521514285549271 0.705239244052777 0.999931687015208 0.0086045140760091 0.00791098226743168 0.692677930856672 0.00399999999999956 0.00100000000000122 0.126000000000001 0.124000000000001

 3330 30 2000 3 0.7 0.0570000000000004 0.455 2.671 0.420999999999999 0.99953501144436 0.0261179920889275 0.0157356724090824 0.703139902442179 0.999902819505852 0.00693263522073622 -0.0120950449831106 0.687013116598958 0.999535010734773 0.0261180152216198 0.0157356790867131 0.703139000353993 0.999902819884977 0.00693257942945501 -0.0120950456190104 0.687012202585876 0.00300000000000011 0.00200000000000067 0.126999999999999 0.121

 3328 28 2000 3 0.7 0.0310000000000006 0.475000000000001 2.62 0.427 0.999805267971814 0.0126508766655445 0.0151453443474373 0.703274443395579 0.999990774114488 0.00262641088261245 -0.00339906631052022 0.702374405493004 0.999805268466519 0.0126509154006834 0.0151452793343602 0.703273592544041 0.999990774177729 0.00262645564196309 -0.00339901311947529 0.702373404806755 0.00399999999999956 0.00200000000000067 0.126999999999999 0.131

 3322 22 2000 3 0.7 0.0419999999999998 0.481 2.657 0.446 0.999921407302726 -0.0100329094548826 -0.00751797483404892 0.702413361702147 0.999934077014119 0.0107958504047189 -0.00391040150888784 0.699942654953217 0.999921407352546 -0.0100329106598743 -0.00751796659970574 0.702412469382047 0.999934076171586 0.0107958994884842 -0.00391048144228552 0.699941687192764 0.00300000000000011 0.00200000000000067 0.129000000000001 0.132999999999999

 3314 14 2000 3 0.7 0.0549999999999997 0.565 2.739 0.433 0.999942890429282 0.00718464843508421 0.007911808061245 0.706350638954889 0.999970821036953 -0.00529673354139266 0.00550469694658543 0.707657646817037 0.99994289020246 0.00718470439550956 0.00791178591087313 0.706349842339126 0.999970820991096 -0.00529671018395194 0.00550472775172645 0.707656830652626 0.00500000000000078 0.00199999999999889 0.135999999999999 0.138999999999999

 3326 26 2000 3 0.7 0.143 0.47 2.582 0.434000000000001 0.999990451646635 0.00366633929309152 -0.0023779343446751 0.703094596695515 0.999912976632756 0.00513874381296032 -0.0121504104229614 0.685036353990668 0.999990452011544 0.00366629667534825 -0.00237784659655007 0.703093736508361 0.999912976408463 0.00513872597223749 -0.0121504364263327 0.685035416567868 0.00300000000000011 0.00200000000000067 0.125999999999999 0.125999999999999

 3333 33 2000 3 0.7 0.032 0.463 2.506 0.445 0.999956633427456 0.00923901349531928 0.00117127881488619 0.702402390398464 0.999986256217488 0.000468693425808345 0.00522184858115743 0.699334663754263 0.999956633114901 0.00923904427527648 0.0011713028602973 0.702401495709892 0.999986255970976 0.000468748917753715 0.0052218908071041 0.699333638936754 0.00400000000000134 0.00100000000000122 0.123999999999999 0.125999999999999

 3335 35 2000 3 0.7 0.0270000000000001 0.464 2.617 0.438000000000001 0.999982995563969 -0.00256048826118507 -0.00523951169248579 0.714914927189007 0.999877083085441 -0.0045420891202956 -0.0150062702552736 0.699013458127049 0.999982995291926 -0.00256048284094567 -0.00523956626154073 0.71491428993486 0.999877081158609 -0.00454211848113107 -0.0150063897538099 0.699012435998865 0.00300000000000011 0.00200000000000067 0.124000000000001 0.125

 3334 34 2000 3 0.7 0.0590000000000002 0.465000000000001 2.548 0.423999999999999 0.999958696857034 0.00348601599186705 -0.00839358519862605 0.709296416424166 0.999948975690278 0.00996667599603596 0.00164662854161982 0.708410578472581 0.999958697600156 0.00348602482453471 -0.00839349299889224 0.709295698308122 0.999948976133165 0.0099666341412923 0.00164661292640219 0.708409806018493 0.00300000000000011 0.00200000000000067 0.123999999999999 0.125999999999999

 3336 36 2000 3 0.7 0.032 0.451 2.557 0.447000000000001 0.999456942850887 -0.0303126237721004 0.0129214638184222 0.704239376058834 0.999871374356802 0.0155893797472262 -0.00376908224053864 0.704097386819043 0.999456943118888 -0.0303126319173977 0.0129214239806318 0.70423852075554 0.999871375287789 0.0155893208767869 -0.00376907876086649 0.704096531517262 0.00300000000000011 0.00200000000000067 0.128 0.120999999999999

 3338 38 2000 3 0.7 0.0190000000000001 0.551 2.693 0.419 0.999997381526534 0.00116220214013562 -0.00197135137963846 0.697881850306224 0.99996268457553 -0.00394093221903409 0.00768755551157655 0.695346931571687 0.99999738158915 0.00116218554831651 -0.00197132939785244 0.697880745561293 0.999962684150525 -0.00394091650402113 0.00768761885017686 0.695345823100966 0.00300000000000011 0.000999999999999446 0.125 0.125

 3343 43 2000 3 0.7 0.024 0.609 2.621 0.413 0.999977087245033 -0.00565545971439262 -0.00372031723901749 0.710253896953052 0.999647014229707 0.0172601252482278 0.0201974012696782 0.69317023338061 0.999977087153023 -0.00565543498957933 -0.00372037955519603 0.710253179865781 0.999647014922074 0.0172601487096732 0.0201973469521857 0.693169225333913 0.00300000000000011 0.00199999999999889 0.128 0.130000000000001

 3339 39 2000 3 0.7 0.0300000000000002 0.559 2.614 0.452999999999999 0.999823106911603 0.0187880837703113 -0.000873380712144097 0.715164769307057 0.999888924074562 0.0129012697942193 -0.00746302557357866 0.696898361590542 0.999823106044907 0.0187881323272292 -0.000873328328246354 0.715164086835502 0.999888923694709 0.0129012664456277 -0.00746308225436987 0.696897165730526 0.00300000000000011 0.00200000000000067 0.132 0.132999999999999

 3340 40 2000 3 0.7 0.0289999999999999 0.561999999999999 2.6 0.447 0.999888838369753 0.0129849064094995 -0.00732824052023172 0.71076797539418 0.999972310257006 -0.00310509705486919 -0.00676292034157464 0.699496125930681 0.999888837498868 0.0129849635889738 -0.0073282580300724 0.71076727133067 0.999972310320376 -0.00310504346845739 -0.00676293557483661 0.699495025408691 0.00300000000000011 0.00100000000000122 0.132000000000001 0.131

 3337 37 2000 3 0.7 0.0349999999999997 0.537 2.654 0.414 0.999605798086583 0.0266001736290313 -0.00898215979540633 0.703192982148036 0.999981639259401 0.00557056185060954 -0.0023853688919331 0.704499966597676 0.999605798931047 0.0266001628945772 -0.00898209760613532 0.703192093009356 0.999981638847726 0.00557063634114352 -0.00238536751281351 0.704499123069913 0.00300000000000011 0.00199999999999889 0.132 0.139000000000001

 3346 46 2000 3 0.7 0.0449999999999999 0.54 2.574 0.418 0.999903513554313 -0.00975829325969465 -0.00988631854626023 0.699123129963238 0.999992322175487 0.000556836315061967 0.00387885593886043 0.703174841838497 0.9999035144238 -0.00975825812807653 -0.00988626528266948 0.699122142767244 0.999992322075432 0.000556772694178512 0.00387889086640016 0.70317395121418 0.00400000000000134 0.000999999999999446 0.129000000000001 0.127000000000001

 3341 41 2000 3 0.7 0.052 0.592000000000001 2.598 0.414 0.999945901243895 -0.0104014263618307 7.01082947677604e-05 0.709038236334148 0.999871973438571 0.00794955961090835 -0.0138867287022451 0.690619640952238 0.999945901707603 -0.0104013819348031 7.00857737611451e-05 0.709037464377491 0.999871973370787 0.00794956629080852 -0.013886729758871 0.69061856463126 0.00300000000000011 0.00199999999999889 0.135 0.135

 3342 42 2000 3 0.7 0.0419999999999998 0.594 2.582 0.426 0.999978677746944 -0.00611912546761253 0.00228042868462124 0.696024806930341 0.999969975295502 -0.00750112183826482 0.00194465387160679 0.703510460089577 0.999978678031407 -0.00611907634732046 0.00228043575126084 0.696023732149138 0.999969974645933 -0.00750119816284096 0.0019446934808364 0.703509617665182 0.00300000000000011 0.00199999999999889 0.137 0.145000000000001

 3350 50 2000 3 0.7 0.0499999999999998 0.484 2.513 0.423999999999999 0.999980469972375 -0.00508687789565444 0.00363088792202819 0.706657242522499 0.999973683202461 -0.00596327616713101 -0.0041318567083434 0.698379564532396 0.99998047042355 -0.00508676856795055 0.0036309168308193 0.706656459415902 0.999973683470381 -0.00596324951021883 -0.00413183033983078 0.698378562159995 0.00300000000000011 0.00100000000000122 0.130000000000001 0.125999999999999

 3355 55 2000 3 0.7 0.0640000000000001 0.486 2.553 0.443 0.999977311479001 0.00471260704222068 -0.00481330054057676 0.704320411789913 0.999916235642147 0.00959474477555179 0.00868691958806479 0.701831950418857 0.999977311512569 0.00471265528097175 -0.00481324633661903 0.704319575013927 0.999916234887007 0.00959478236286347 0.00868696499364168 0.701831033426245 0.00399999999999956 0.00199999999999889 0.130000000000001 0.125999999999999

 3348 48 2000 3 0.7 0.0269999999999997 0.622 2.626 0.448 0.999764920729658 0.0198781841363891 -0.00865800634449317 0.715929215733489 0.999946086022858 0.00498650178772997 -0.00910822965716913 0.689263052271446 0.999764921592955 0.0198781344258047 -0.00865802078897459 0.715929705364148 0.999946085459442 0.0049865345358421 -0.00910827358293338 0.689262083491708 0.00299999999999834 0.00200000000000067 0.134 0.129

 3344 44 2000 3 0.7 0.0409999999999999 0.628 2.559 0.449 0.999965410297348 0.00820512338042098 -0.00136167513325312 0.719388080439144 0.999978748331965 0.00606297122019881 0.00239651088452321 0.709045838483963 0.999965432506348 0.00820256143066663 -0.00136080063539771 0.719576886473687 0.999978747944733 0.00606302105249525 0.00239654639026503 0.709045107876129 0.00300000000000011 0.000999999999999446 0.161999999999999 0.129999999999999

 3345 45 2000 3 0.7 0.0339999999999998 0.62 2.58 0.43 0.999932206633306 0.00266594969388319 -0.0113346746613095 0.701290370922392 0.999931336893009 0.00151880867903716 0.0116195834501716 0.707544103781375 0.999932207292019 0.00266601230779367 -0.0113346018229933 0.701289457262099 0.999931337192078 0.00151887387773408 0.0116195491911733 0.707543299846275 0.00300000000000011 0.00199999999999889 0.131 0.131

 3349 49 2000 3 0.7 0.036 0.508 2.582 0.425999999999999 0.999996572533067 -0.00178090337672906 0.0019191939146526 0.717957222252317 0.999785403632241 0.018429995354261 -0.00945949021669297 0.705692496664819 0.999996580564164 -0.00177699344918682 0.00191863343581144 0.718070098317321 0.999785402653034 0.0184300285958055 -0.0094595289453789 0.705691708900133 0.00300000000000011 0.000999999999999446 0.154 0.122999999999999

 3351 51 2000 3 0.7 0.0310000000000001 0.529 2.575 0.426 0.999860650032266 -0.0162857259188424 0.00366819415387528 0.710562870276423 0.999954690051446 -0.00183261844557514 0.00934127152746289 0.70342917706161 0.999860650146839 -0.016285716740959 0.00366820367112904 0.710562191810579 0.999954690342947 -0.00183266126052082 0.00934123192336999 0.703428302710735 0.00300000000000011 0.00199999999999889 0.137 0.128

 3359 59 2000 3 0.7 0.0380000000000003 0.460999999999999 2.507 0.435 0.999954316393161 -0.000602695500369128 -0.00953949080509162 0.698968282007608 0.999905116416973 -0.0125588393050862 0.00565983378451313 0.689982827434859 0.9999543167545 -0.000602682881563816 -0.00953945372578067 0.698967295358268 0.999905115993206 -0.0125588167308346 0.00565995873967889 0.689981875119541 0.00400000000000134 0.00200000000000067 0.128 0.121

 3347 47 2000 3 0.7 0.0469999999999997 0.629 2.742 0.436 0.999827664732207 0.0118592037192867 0.0142828611729163 0.714457294070435 0.999946441632929 0.0022478361884233 0.0101025292929068 0.695142520308304 0.999827665217735 0.0118592127674138 0.0142828196722277 0.714456633004009 0.999946441432538 0.00224778232652789 0.010102561111709 0.695141424140064 0.00399999999999956 0.00199999999999889 0.135 0.138

 3356 56 2000 3 0.7 0.0260000000000007 0.453 2.504 0.432999999999999 0.999916738548346 0.00476749814329522 -0.0119911188924088 0.713594151245665 0.99987595004182 -0.0153421429091891 0.00356415192184348 0.703347090621798 0.999916738836817 0.00476749586988978 -0.01199109574126 0.713593450072632 0.999875950251073 -0.0153421157491651 0.00356421013030247 0.703346229965182 0.00299999999999834 0.00200000000000067 0.130000000000001 0.125

 3358 58 2000 3 0.7 0.0340000000000003 0.492999999999999 2.596 0.463000000000001 0.999780547425355 0.0183332018516874 -0.010136601981088 0.701583395394972 0.999986394396413 -0.00521282080574663 0.000193704178266509 0.70842908302731 0.999780548900222 0.0183331474395955 -0.0101365549241051 0.701582494717068 0.999986394185329 -0.00521286401406701 0.000193631077884677 0.70842828740034 0.00399999999999956 0.00199999999999889 0.131 0.128

 3354 54 2000 3 0.7 0.0600000000000001 0.459 2.631 0.435 0.99997632300585 0.00681721458250601 0.000937556950619786 0.706832301188807 0.999891038582624 -0.01286402353124 -0.0072407085806759 0.698508606207245 0.999976323020165 0.00681721405529887 0.00093754551670118 0.70683153870189 0.999891039336574 -0.0128640003061675 -0.00724064572730049 0.698507588724418 0.00300000000000011 0.00200000000000067 0.129999999999999 0.15

 3353 53 2000 3 0.7 0.0540000000000003 0.459 2.528 0.439000000000001 0.999988782521612 -0.0035294760632149 0.0031587386191631 0.714321021226687 0.999856230439225 0.0169391629005686 0.000763683240718419 0.710819223320905 0.99998878263632 -0.00352942227795212 0.00315876240243812 0.714320385378199 0.999856230529405 0.0169391553313626 0.000763733061138092 0.710818525617289 0.00300000000000011 0.00200000000000067 0.130000000000001 0.133000000000001

 3352 52 2000 3 0.7 0.0409999999999999 0.590000000000001 2.785 0.44 0.999765230252616 0.0215534005896892 0.00222155372514327 0.705203631302436 0.999977142239774 0.00664256409371838 0.00126148334747651 0.706687784731911 0.999765230038203 0.0215534087701237 0.00222157085122803 0.705202846010179 0.9999771425997 0.00664250335117495 0.00126151788310489 0.706686955818569 0.00300000000000011 0.00200000000000067 0.129 0.135999999999999

 3357 57 2000 3 0.7 0.028 0.475 2.676 0.457000000000001 0.99999091347892 0.00177725765948517 0.00387483093907599 0.70176353970185 0.999987615531078 0.0049742225231338 -0.000160918489570615 0.69658382397313 0.999990913523011 0.00177724864499692 0.00387482369505597 0.701762611389652 0.999987615447145 0.00497423996552046 -0.000160900897711565 0.69658274114729 0.00399999999999956 0.00200000000000067 0.128 0.120999999999999
