
 11054 54 1000 5 0.95 0.726 0.54 8291.869 0.238999999999578 0.999996196304101 0.000358334765075902 -0.0018247404131021 0.00174008863327462 -0.00105895585319949 0.949263502688579 0.999998392294695 -0.000739787643252543 -0.00109736184730374 0.000730764764372777 0.000964314318095498 0.950943166855639 0.999996198428946 0.000359684694457357 -0.00182357317676252 0.00173849688184597 -0.00106111452625549 0.949387588077637 0.999998392207857 -0.000740461055542614 -0.00109755544218362 0.000730993762449976 0.000963493278096354 0.950896434691969 0.00400000000081491 0.00199999999858846 0.0759999999991123 0.0799999999999272

 11057 57 1000 5 0.95 0.602 0.431999999999999 8510.966 0.239999999999782 0.999997286925646 -0.00199718035153791 -0.000958396828228449 0.000720337359351366 1.26447112852183e-06 0.948477426712306 0.999998273078032 0.00138296051000262 -0.00019223257225365 -0.000234219778322139 0.00120393061059786 0.949933497256074 0.999997304905519 -0.00199159454129531 -0.000954634465003925 0.000715824767556183 9.06669608219232e-07 0.948702420592243 0.99999827357439 0.00138303743429726 -0.000192580902812378 -0.00023419508700675 0.00120337897292611 0.949969901852129 0.00399999999899592 0.00200000000040745 0.0839999999989232 0.0729999999985012

 11065 65 1000 5 0.95 0.62 0.723 8575.93 0.24199999999837 0.999985824315845 0.000930897326065223 -0.00300232602860067 0.000910346117729551 -0.0042002268858031 0.947510610613287 0.999993992127737 -0.00253342035902865 0.00060641529406952 -0.000473999416638763 0.0022372024405624 0.949440360125841 0.999985778671544 0.000923830082072075 -0.00300754806004041 0.000915097649985685 -0.00420787875340611 0.947848286670822 0.99999398242457 -0.00253527720120312 0.000608141381708887 -0.000475586309016143 0.00223863035914737 0.949544237143407 0.00400000000081491 0.00200000000040745 0.0879999999997381 0.0830000000005384

 11048 48 1000 5 0.95 0.844 0.457999999999999 8603.189 0.243000000000393 0.999996696238537 -0.000932421314216897 -0.00177034083988764 -0.0013197317157684 0.000928603259398109 0.951741536740149 0.999995854724132 -0.000550840654708711 -0.000813742366351418 0.000179203147624579 0.00270052193455628 0.94974351000089 0.999996697691984 -0.000931332945547034 -0.00177111455537243 -0.00131829685552513 0.000928693008903051 0.951686026247163 0.999995846787285 -0.000551177479567532 -0.000814142244137057 0.000176840529530592 0.00270342586373011 0.949807719665809 0.00299999999879219 0.000999999998384737 0.0820000000003347 0.081000000000131

 11060 60 1000 5 0.95 0.782 0.447 8628.367 0.240999999999985 0.999991987438649 -0.00138422407302115 -0.0014884722989342 -0.000448851019002324 0.00341935157503049 0.948438859270522 0.999995337203207 0.00263997303925586 0.00090505360930767 0.000623746250579413 0.00107141624760152 0.950662410975921 0.999991990123333 -0.00138719501311179 -0.00148951402149139 -0.000451970223866331 0.00341649675357874 0.948666989341735 0.999995337797423 0.00263976647134938 0.000905093000388763 0.000623364939361399 0.00107155924114052 0.95062022517825 0.00300000000061118 0.00100000000020373 0.0949999999993452 0.0740000000005239

 11067 67 1000 5 0.95 0.529 0.465000000000001 8634.865 0.255999999999403 0.99997867464678 0.000380588696490007 -0.0032451267736002 -0.00413341381824305 -0.00385868453534572 0.949369413544735 0.999989613626214 -0.001014668332672 -0.00168212644513594 0.0023059274347769 -0.00340532482421458 0.95081504744765 0.999978664909586 0.000382713472692038 -0.00324516173951497 -0.0041334255022604 -0.00386095518521875 0.949483139650255 0.999989615951963 -0.00101464828059901 -0.0016817775956179 0.00230546331655896 -0.0034051343771327 0.950770076588852 0.00300000000061118 0.00200000000040745 0.0829999999987194 0.081000000000131

 11042 42 1000 5 0.95 1.288 0.45 8722.88 0.240999999999985 0.999997062029315 0.00182614515503226 0.000791849885803226 -0.000978175221229827 -0.000978403600744204 0.94827821410409 0.999991162684659 0.00197388059060154 0.00340547650393614 -0.00139676484774919 -0.000479714225787454 0.947604466771756 0.999997065348947 0.00182336265373867 0.000793078910267122 -0.000978691010125234 -0.000978688855811729 0.948523815949139 0.999991156203154 0.00198089036362326 0.0034028514407288 -0.00139629475019376 -0.000484305575223791 0.947931181031594 0.00300000000061118 0.00199999999858846 0.0859999999993306 0.0849999999991269

 11052 52 1000 5 0.95 1.508 0.448 8726.138 0.253000000000611 0.999993113240546 0.000946723005292858 -0.00129366419657609 -0.00270279768143142 0.00197446313511976 0.948014171681066 0.99999794608837 0.00148896027226566 -0.000846939886811689 -0.00104793789410656 -0.000274472853917873 0.949058641925501 0.999993106718504 0.000944999199943262 -0.00128874592880143 -0.00270426153668726 0.00197979682247626 0.94828936924799 0.999997948317154 0.001487073107384 -0.000846681492004029 -0.00104832919036997 -0.000275882972978934 0.949209547213408 0.00300000000061118 0.00200000000040745 0.0869999999995343 0.0830000000005384

 11047 47 1000 5 0.95 0.842 0.441 8730.244 0.247999999999593 0.999994666795065 -0.00309091873624014 -0.00034162820530699 -0.000404925041141157 -0.000912101241064801 0.948373138716763 0.999990422980394 0.00167910491802462 -0.000752967096818094 0.00226811230179495 0.00325933448783411 0.949541903352862 0.999994672347546 -0.00308917536944366 -0.000337950232467457 -0.000403580451182632 -0.000913884303527111 0.948608595171145 0.999990413390625 0.00167958122975054 -0.000751546093294943 0.00226961830302979 0.00326131031444978 0.949633874372242 0.00300000000061118 0.00200000000040745 0.0859999999993306 0.163000000000466

 11061 61 1000 5 0.95 0.824999999999999 0.453 8745.152 0.244000000000597 0.99999401795089 -0.00176372894312403 -0.00218259869620288 -0.00197939321532522 -0.000414231916814002 0.94990091375556 0.99999875463253 0.00118189007355161 -0.000857695992663766 -0.000249081749778476 0.000544228913019952 0.950819001939847 0.999994016125842 -0.00176428486686001 -0.00218257796017749 -0.00197972030844661 -0.000414816061404826 0.949942230931085 0.999998755183643 0.00118256554280081 -0.00085658809379477 -0.000247326857080622 0.000544294189221941 0.950774201294074 0.00300000000061118 0.00100000000020373 0.077000000001135 0.080999999998312

 11058 58 1000 5 0.95 1.017 0.506 8753.608 0.251000000000204 0.999982896539163 -0.0031429909246025 -0.00301187189766455 -0.00083876986596321 0.00381488269508305 0.951629381285346 0.999995302168178 -0.00208942075463217 0.000740111576143499 -0.002106941576294 -0.000207351230874054 0.95205568345217 0.999982901291579 -0.00314307399931529 -0.00301077296182264 -0.0008386436286023 0.00381446370389305 0.951574960004919 0.999995299815343 -0.00208994752507465 0.000740217013990122 -0.0021076101341175 -0.000206215566037405 0.951992391481464 0.00299999999879219 0.00200000000040745 0.0829999999987194 0.0850000000009459

 11056 56 1000 5 0.95 1.263 0.457 8777.538 0.240999999999985 0.999998708215047 0.000470385596948187 -0.000324677961505118 0.000144111699725935 0.00149536673330307 0.951253545158604 0.999995327054429 -0.00258443821312382 0.00147860809414356 -0.000334845325173683 0.000606749652919813 0.949524996917718 0.999998708755677 0.000468678934165348 -0.000324152979661824 0.000143744743696207 0.00149569025190141 0.951204389696164 0.999995332428973 -0.0025848673879292 0.00147492895166295 -0.000336941578792753 0.000603850821266449 0.949618160799284 0.00300000000061118 0.00100000000020373 0.0780000000013388 0.081000000000131

 11062 62 1000 5 0.95 0.733000000000001 0.44 8851.413 0.260000000000218 0.999995414483833 0.0014235504288891 0.00189323639240989 0.00188643094717968 -3.93665771550576e-05 0.950396578771442 0.999996698512249 0.00168446948914865 0.00124286691288831 -0.000689092283555137 0.00132134810115289 0.951422146101102 0.999995414699616 0.00142376814293169 0.00189283552748208 0.00188654097069156 -4.00106278243217e-05 0.950367972654909 0.99999669676062 0.00168464455053841 0.00124355789496119 -0.000688811329527285 0.00132194678428167 0.951369450684218 0.00399999999899592 0.00200000000040745 0.081000000000131 0.0879999999997381

 11055 55 1000 5 0.95 0.808 0.436999999999999 8875.454 0.240000000001601 0.99999646956417 -0.00104936850592049 0.0023516958377163 0.000654443257424634 -3.02596239917694e-05 0.947156506378562 0.99999752687717 0.0010332390597449 0.000880041328363806 0.00169625385692478 -0.000476347250250957 0.94914950355468 0.999996484182676 -0.00104177457513356 0.00234856129380579 0.000654601755377243 -4.56553680722405e-05 0.94753110555561 0.999997521564586 0.00103352006694722 0.000880822554387261 0.00169850643575828 -0.000477418550550266 0.949289806242548 0.00300000000061118 0.00200000000040745 0.0879999999997381 0.0789999999997235

 11046 46 1000 5 0.95 0.864 0.453 8887.193 0.274999999999636 0.99998953554888 0.000240255696101174 -0.00234100206356105 0.0033912673144621 -0.00197232991050462 0.948519157009833 0.999992442683455 0.00344939540759851 -0.000410065204291735 0.00174227122365581 -0.00011218204119904 0.949024566548532 0.9999895241131 0.000240425792783302 -0.00233744305732488 0.00339461773509108 -0.00197656011274981 0.948739501711204 0.999992449276098 0.00344917336300499 -0.000407286404123326 0.00173971698874218 -0.000109984028602461 0.949182475047391 0.00299999999879219 0.00100000000020373 0.0840000000007421 0.0799999999999272

 11041 41 1000 5 0.95 1.213 0.437 8895.363 0.243000000000393 0.999993816430663 -0.000883822652330292 0.00122864254932429 0.00293314921836389 0.00121368492846139 0.949847791421607 0.99999247914365 0.000673306911626057 -0.000251239440569831 0.00294545027554146 -0.00241857713483576 0.949348889959076 0.99999382012204 -0.000884442580139825 0.00122823976954098 0.00293178000029144 0.00121390780157779 0.949897111850732 0.999992472500574 0.00067386006109242 -0.000251495116837504 0.00294835203807987 -0.0024176073447137 0.949464538424781 0.00299999999879219 0.00200000000040745 0.0759999999991123 0.0820000000003347

 11044 44 1000 5 0.95 0.948 0.676 8911.127 0.246000000001004 0.999990734551199 -0.000573724240405806 0.00397972617164738 0.000356065021034428 0.00149554322850193 0.949312810866987 0.999992846089807 -0.00175652522999242 0.00307249235040299 -0.000787337315644444 0.00107809045660033 0.949563127596884 0.999990735576914 -0.000574604137769203 0.00397974449222992 0.000356098339191908 0.00149446250457149 0.949433566019535 0.999992841647405 -0.00175834747069116 0.00307409405902263 -0.000785850397126502 0.00107575693788923 0.949650323118793 0.00400000000081491 0.00200000000040745 0.0830000000005384 0.0760000000009313

 11066 66 1000 5 0.95 1.084 0.571000000000001 8923.613 0.244999999998981 0.999998277199221 0.00136225868805804 5.46072252354193e-05 -0.000951002893265177 0.000826112223368323 0.950186815915733 0.999997548071468 0.00188205017804831 -0.00037417971996176 0.00100205040803948 0.000466500479233026 0.950588605213043 0.999998277147349 0.00136227806335198 5.46070307986306e-05 -0.000951011996620131 0.000826132596730779 0.950188111952114 0.999997547473879 0.00188166985818105 -0.000374310548052078 0.00100344288634399 0.000466217502201672 0.95054717834119 0.00299999999879219 0.00200000000040745 0.0679999999993015 0.0749999999989086

 11043 43 1000 5 0.95 0.926 0.434 8953.83 0.247999999999593 0.999996580881624 0.00208320300555836 0.00124369704413333 -0.000756565769759947 0.000615886513926066 0.949591804871365 0.999996748907778 0.000634200533888199 -0.000134049781749873 -0.00213643452933921 -0.00123192601805231 0.949387476626293 0.99999657879653 0.00208467689396246 0.00124437645126391 -0.000755858346741622 0.000613777557634927 0.949675094241607 0.999996743427425 0.000630901225422536 -0.000133977057259824 -0.0021385699179737 -0.00123436908656426 0.949496983341363 0.00299999999879219 0.00200000000040745 0.0760000000009313 0.0759999999991123

 11070 70 1000 5 0.95 0.888 0.411 8974.125 0.251000000000204 0.999996500357089 0.000383532295066876 -0.00148915488771233 0.000670520952685106 -0.00204572625888175 0.948493512748378 0.999995142893542 -0.00268144747924086 9.32475374720587e-05 0.000350493490511638 -0.00154676693450047 0.949154395077057 0.999996494290496 0.000385064531494607 -0.00149092888945303 0.000668099660170443 -0.00204790280918274 0.948717346557997 0.999995151174536 -0.00268089046623437 9.34458183351913e-05 0.000348505158913312 -0.0015428109927069 0.949291784001774 0.00299999999879219 0.00200000000040745 0.0850000000009459 0.0769999999993161

 11063 63 1000 5 0.95 0.911 0.751 8990.578 0.247000000001208 0.99998859617391 0.00129902283654357 0.00289436980959688 -0.0021617994806982 -0.00284065277957048 0.951155853993392 0.999995814991563 -0.000109359301682307 -0.0011973797540228 -0.00125295374735588 -0.00231396381422379 0.95040476869279 0.99998860310875 0.00129952723909675 0.00289279471401004 -0.00216128037811812 -0.00283998018208844 0.951107663859021 0.999995814601701 -0.000109140409451185 -0.00119769411902849 -0.00125240528813031 -0.00231427682947448 0.950374623122726 0.00299999999879219 0.00200000000040745 0.0839999999989232 0.0740000000005239

 11049 49 1000 5 0.95 1.145 0.461 9035.232 0.248999999999796 0.999992716953798 -0.00283805598989275 0.00251170407463797 -0.000417620225998779 -0.000168563185176219 0.951509404288371 0.999997636171714 -0.00116738912927513 -0.000107395749095841 0.000972826180355133 0.00155142804540771 0.952242046764196 0.999992718668472 -0.00283795473545429 0.00251121734608213 -0.000417029856852224 -0.000168809055956095 0.951456188554093 0.999997635062338 -0.00116852719418707 -0.000107116130315067 0.000971333267534981 0.00155224087907325 0.952178550359453 0.00299999999879219 0.00200000000040745 0.0839999999989232 0.081000000000131

 11068 68 1000 5 0.95 0.615 0.566 9041.908 0.239999999999782 0.999984221745479 0.00306349283553736 0.000560740816002338 0.00454826627323232 -0.00108171871635747 0.951682348314289 0.99999671168227 -0.00142754149346485 0.00191983565732769 -0.00052080456656206 0.000762721170701344 0.950854806607762 0.999984217696111 0.00306308038368129 0.000561326168874892 0.0045493156526901 -0.00108191371395698 0.951626942542254 0.999996712319349 -0.0014267052629215 0.00191968348444043 -0.000521790956672915 0.000763159290198378 0.9508089179639 0.00300000000061118 0.00200000000040745 0.0839999999989232 0.0799999999999272

 11059 59 1000 5 0.95 0.842 0.718 9066.43 0.242000000000189 0.999992685346111 0.000392633317613984 0.00212524573831501 -0.00208918319568351 -0.00236510834375471 0.949162093207635 0.999995986111558 -0.000850724663109583 -0.0024901532110331 -0.000962131725974551 0.00042126932976579 0.949949923086511 0.999992695180377 0.000388448022408157 0.00212756017896363 -0.00208520425205182 -0.00236307108047269 0.949299832590034 0.999995986462352 -0.000850760339315771 -0.00248980519878453 -0.000962356814649225 0.000421906938954619 0.949984287897052 0.00299999999879219 0.00199999999858846 0.0850000000009459 0.0730000000003201

 11064 64 1000 5 0.95 0.906 0.422 9100.659 0.235999999998967 0.999994013481272 0.00135009987638609 -4.59487484634933e-05 0.000576126326413941 0.00313308140813038 0.94864569776753 0.999991334797315 -0.000987934224578281 -0.00381564619938351 0.000736733458799861 -0.00111909970251855 0.94845159941764 0.999994011555969 0.00134776798033073 -4.73365713088199e-05 0.000579461823488539 0.00313406396151811 0.948849767851846 0.999991330542763 -0.000990458383777678 -0.00381708614419005 0.000736933239142805 -0.0011156228184508 0.948682525153088 0.00399999999899592 0.00100000000020373 0.0840000000007421 0.081000000000131

 11045 45 1000 5 0.95 0.939 0.559 9121.111 0.25 0.999999585408492 0.000125061959734139 0.00068944981342738 0.000581235671868319 -1.91415474396488e-05 0.949198556450178 0.999992743880157 0.000575928203379999 0.00283930108565306 -0.000488511223375566 0.00242491646653738 0.949104110084214 0.999999581178312 0.000127329380197486 0.000690295732592366 0.000586959149728465 -2.00296612567847e-05 0.949333555125436 0.99999273454127 0.000576360000655364 0.00283869177507721 -0.00048964258895767 0.00242914655030171 0.949251644389656 0.00300000000061118 0.00200000000040745 0.0829999999987194 0.0799999999999272

 11072 72 1000 5 0.95 0.634 0.454 9183.617 0.251000000000204 0.999984321900305 0.00120158160639273 0.00390169519808534 -4.17916523264696e-05 0.00383238610660161 0.947538660225754 0.999993849261165 -0.000340416311428695 -0.00284737474239349 0.00201828038625643 6.75124540814813e-05 0.95061660540993 0.999984336274016 0.0011985641193675 0.00390848598202083 -3.42660545465251e-05 0.00382272335287961 0.94786715245002 0.99999384738221 -0.000340325537733945 -0.00284798669330682 0.00201835063774167 6.78877938332879e-05 0.950574006289918 0.00300000000061118 0.00200000000040745 0.0879999999997381 0.0820000000003347

 11071 71 1000 5 0.95 1.427 0.447 9213.414 0.234000000000378 0.999990955635806 -0.00088911781497245 0.00325970362140525 0.00254367973181333 0.000449601846104354 0.946689041782524 0.999992375732252 -0.00342574900174494 -0.00177777915946423 -0.000414312855998291 -0.000424932066879678 0.952579800333627 0.99999099093573 -0.000888017607510915 0.00325038688835851 0.00254261849063551 0.000446708397973298 0.946289010129029 0.99999237445143 -0.00342563955602071 -0.00177838090530294 -0.000415787214762611 -0.000424870534788819 0.952509813509477 0.00400000000081491 0.00100000000020373 0.0849999999991269 0.0799999999999272

 11069 69 1000 5 0.95 0.262 0.467 9284.777 0.248999999999796 0.999996602507556 0.000126687836535048 -0.000516621932287979 0.00252162375199433 -0.000391712865752918 0.949662763133671 0.999994903601862 0.00135820411011702 -0.00153474490448486 -0.000282144198913622 0.00243166704687543 0.949646592432144 0.99999660528085 0.000127569381178537 -0.000518528225755222 0.00251989483115334 -0.00039295209341835 0.949735052943811 0.999994900854199 0.00136055847685586 -0.00153496676476197 -0.000282194183388334 0.00243133496381831 0.949721222142823 0.00399999999899592 0.00199999999858846 0.0750000000007276 0.0760000000009313

 11050 50 1000 5 0.95 1.174 0.441000000000001 9371.309 0.245999999999185 0.99999253000117 0.00251234635568732 0.00254688160184676 0.00141040627300214 0.000390135743564625 0.949089618483098 0.999997162399663 0.00103623362109516 -0.000920316961903462 -0.00127399250570854 0.001459922014918 0.951299142187394 0.999992534683464 0.00251147935104823 0.00254616287491493 0.00141063820923771 0.000387560663757093 0.949237939874389 0.999997162175955 0.00103512609860115 -0.000920853964209835 -0.00127437723119035 0.00146018651061067 0.951249075198456 0.00299999999879219 0.00200000000040745 0.0830000000005384 0.081000000000131

 11051 51 1000 5 0.95 1.248 0.439 9426.902 0.251999999998588 0.999994197529231 -0.00043032785937199 0.000126977669373222 0.00283599560042457 0.00183322978046589 0.949562104865795 0.999997074368757 -0.000848693548052135 0.00214470674544383 0.000417273623748944 0.000597569148993815 0.952324161339759 0.999994201084953 -0.000428894883773981 0.000126675628055854 0.00283508319439896 0.00183305815843432 0.949650945329193 0.999997071499716 -0.000851149899755394 0.00214484185850185 0.000416564198203448 0.000598885223066033 0.952257680430927 0.00299999999879219 0.00200000000040745 0.0840000000007421 0.0850000000009459

 11053 53 1000 5 0.95 0.673999999999999 0.447 9717.368 0.253000000000611 0.999983397249193 -0.0044494851855995 0.00318396914569232 -0.00177786420713158 0.000329919513162493 0.949800549910309 0.999981426098894 0.00249458639587556 -0.00179117046582937 0.00518934885721266 -0.000887052836845185 0.949763011195487 0.999983397950422 -0.00444932624143538 0.00318412665562976 -0.00177754969842986 0.00033011215579269 0.949854440458519 0.999981417992168 0.00249590482340253 -0.00179142422145955 0.00519022741212167 -0.000886830398055862 0.949823908495188 0.00300000000061118 0.00200000000040745 0.077000000001135 0.077000000001135

 11073 73 1000 5 0.95 0.186 0.473999999999999 8585.475 0.272999999999229 0.999996112075471 -0.000540174365280799 -1.86960979308361e-05 -0.00273236793603766 -0.000133646981368486 0.950125927712728 0.999993673654904 0.00263156644277416 0.000817831406530563 0.000193074923228456 -0.00224084405763311 0.951740492562988 0.999996112104368 -0.000540155333001587 -1.87299476520874e-05 -0.00273235883362606 -0.000133689032465705 0.950135569421602 0.999993678935868 0.00262998580209767 0.000817935918602767 0.000192004490501765 -0.00224039686143426 0.951683497183882 0.00400000000081491 0.00200000000040745 0.0679999999993015 0.0790000000015425

 11079 79 1000 5 0.95 0.144 0.449000000000001 8303.51 0.23700000000099 0.999988411518975 0.000537723068105768 0.00252737538419182 -0.00154759583519481 0.00375566271887724 0.948410296809372 0.999987842317078 -0.00137236194569933 0.00446364717271334 0.000445688091775616 -0.00151955808279968 0.947791330739575 0.999988398349717 0.0005391175235824 0.00253171046441805 -0.00154111741942777 0.00375871221120468 0.948640721620799 0.999987860972674 -0.00137394039703644 0.00446062329225143 0.000442722907445318 -0.00151559603882991 0.948096506086868 0.00400000000081491 0.00200000000040745 0.0849999999991269 0.0840000000007421

 11083 83 1000 5 0.95 0.127 0.452 8288.527 0.24199999999837 0.999988789176004 0.000401760988037725 0.000661656521152152 -0.00463464789179151 0.00058511536086665 0.950982054188746 0.999991558853838 0.00228510122077883 0.00194402857414054 -0.00176296978745422 -0.00218477090660094 0.951240786197376 0.999988785722343 0.000401956110090949 0.000660989942308662 -0.00463540679624423 0.000585625280741293 0.950934035225433 0.999991558976922 0.00228411436101439 0.00194408849466243 -0.0017631298665111 -0.0021855638838429 0.951191085809266 0.00400000000081491 0.00100000000020373 0.0840000000007421 0.0799999999999272

 11078 78 1000 5 0.95 0.111 0.428 8639.372 0.243000000000393 0.999996658299571 -0.00210975544491524 -0.000124389670617901 0.000296342409925362 -0.00145911961108034 0.950022811363216 0.999984546616239 -0.00413741761212064 -0.00086820916607046 0.00358877857114689 0.000393935818590162 0.949087441521694 0.999996657631365 -0.00210985570039107 -0.00012455953117908 0.000296287563664442 -0.00145942921196708 0.950046596199206 0.999984562254844 -0.00413703583103282 -0.000866425743808163 0.00358541355514143 0.000392813683570346 0.949241196344189 0.00299999999879219 0.00100000000020373 0.069999999999709 0.0830000000005384

 11082 82 1000 5 0.95 0.141 0.413 8655.803 0.23700000000099 0.999998599962965 -0.000126170600431387 -0.000477586444588115 -0.00117687335300111 -0.00108214296119532 0.948637056211799 0.999992312597316 0.000232695550557119 -0.00141510409141657 -0.00190704445267734 0.00311147246799131 0.952298881614651 0.999998601606865 -0.000123486288871325 -0.000477300247503942 -0.00117764261336141 -0.00108022118054578 0.948843149814967 0.999992302341331 0.000233787801670122 -0.00141611310947015 -0.0019083717408479 0.00311341328891833 0.95223361268394 0.00400000000081491 0.00100000000020373 0.0850000000009459 0.0910000000003492

 11086 86 1000 5 0.95 0.144 0.391999999999999 8564.993 0.240999999999985 0.999993998386974 0.000136477424384946 -0.000340575533880209 -0.00344175933645608 0.000151211513892401 0.949400394723134 0.999997908813118 3.94231946515088e-05 4.30306607502133e-05 -0.00193290945250354 -0.00066545068495043 0.954737672543704 0.999994001699996 0.000138595340747193 -0.000341994212402969 -0.00344052312930008 0.000152302051571017 0.949508048366554 0.999997911219771 3.95039370764137e-05 4.37679702298164e-05 -0.00193235562945991 -0.000663386479294641 0.954624381857358 0.00300000000061118 0.00100000000020373 0.0749999999989086 0.0799999999999272

 11075 75 1000 5 0.95 0.126 0.491 8870.722 0.24199999999837 0.999997884397877 0.00063397006496122 0.00125863352386063 -0.0014220108150584 0.000472237887635396 0.948306963386462 0.999997741215351 0.0014793518024267 0.000302725387187965 -0.00104875429267181 -0.00106656186641964 0.948245527439385 0.999997893548421 0.000638513402973781 0.00125250797866875 -0.00142016132710754 0.000468577552927842 0.948548528810147 0.999997731218344 0.00148434981909776 0.000307383813134864 -0.00104917744347342 -0.00106724208261134 0.948494159001668 0.00200000000040745 0.00200000000040745 0.0820000000003347 0.0799999999999272

 11088 88 1000 5 0.95 0.119 0.423999999999999 8586.668 0.246000000001004 0.999997114378136 -0.00216409199277162 4.24250596914065e-05 -0.000900049560540422 0.00052540665236146 0.947459638596767 0.999998136435854 -0.000805022144361875 -0.00043446560625254 -0.000937486010978714 -0.00141824672818874 0.95117101927779 0.999997109309502 -0.00216449284589361 3.06161057751745e-05 -0.000901924992090206 0.000530977705012685 0.947799240220558 0.99999813886021 -0.000803881691789375 -0.000433697367975968 -0.000937211973863277 -0.00141760031450486 0.95112142696898 0.00399999999899592 0.00199999999858846 0.0859999999993306 0.0799999999999272

 11074 74 1000 5 0.95 0.157 0.427 9086.833 0.2450000000008 0.999997710712736 0.00120386225247245 -2.89026043149018e-05 0.00167108166706027 -0.000579599573475818 0.949827798648137 0.999997535480248 -0.000746534115166476 -0.00179479295017453 -0.000551638442470746 0.000919855173656867 0.950254457065702 0.999997710419631 0.00120439919033124 -2.84057696276852e-05 0.00167060869567114 -0.000580377277850232 0.94987897518547 0.999997535727909 -0.000746407760644802 -0.00179469940990117 -0.000551567650124666 0.000919913430013621 0.950246352335688 0.00400000000081491 0.00200000000040745 0.0749999999989086 0.0669999999990978

 11081 81 1000 5 0.95 0.121999999999999 0.424 8905.48 0.236000000000786 0.999992728006204 -8.66511778763224e-05 0.0022156169719593 0.00305250951440673 0.000556465076444888 0.95052106054519 0.999981722541774 -0.00166397703479118 0.000318428937847568 0.0044295164289273 -0.00375016666725938 0.949293393245873 0.999992726000044 -8.75611626461632e-05 0.00221618548609072 0.00305260075610261 0.000557162955563114 0.950479173870936 0.999981739121126 -0.00165986636850173 0.000316550337059251 0.00442714450793096 -0.00375052733857019 0.949418113726274 0.00300000000061118 0.00100000000020373 0.081000000000131 0.081000000000131

 11084 84 1000 5 0.95 0.127 0.405 8878.215 0.234999999998763 0.999999317523043 -7.64089208476407e-05 -0.00111766654379606 0.000324623513982714 6.74996072345606e-05 0.949772078116481 0.999990111369318 0.00358351196992129 -0.00174786469913569 -0.00014801388219089 -0.00196434885490261 0.951512567456667 0.999999316840843 -7.59692298891889e-05 -0.00111792854521101 0.000325698597949318 6.85763399422553e-05 0.94983167565745 0.999990115964429 0.00358258427100551 -0.0017467769964797 -0.000148152426143939 -0.00196465884358222 0.951458525947804 0.00200000000040745 0.00100000000020373 0.0759999999991123 0.0799999999999272

 11077 77 1000 5 0.95 0.125 0.423 9075.055 0.235000000000582 0.999998059292823 0.000116453518224557 -0.00144153198275305 -0.00118992611448197 -0.000611482256243769 0.950281002027089 0.999985619719333 0.00377115191571409 -0.00332541890397282 -0.00160687821663246 0.000947786516129402 0.951882765769204 0.999998058833558 0.000116316155633121 -0.0014415130330548 -0.00119019818333736 -0.000611774573265143 0.950268813802589 0.999985616035438 0.00377260471545294 -0.00332430986215821 -0.00160806722931265 0.000947765590104006 0.951823838795722 0.00300000000061118 0.00200000000040745 0.0720000000001164 0.0799999999999272

 11093 93 1000 5 0.95 0.109 0.409 8757.864 0.236000000000786 0.999997322251437 0.000527377416579488 -0.000319409825379289 -0.00181882441909912 0.00129120800518801 0.94994382680725 0.999998046595448 -1.22183427826536e-05 0.00184877126080228 -0.000690101612026881 0.000111627016990404 0.949704975602003 0.99999732382999 0.000527035725791758 -0.000320310923884221 -0.00181841857671676 0.00129047316647861 0.949978189725124 0.999998050010415 -1.34947908656141e-05 0.00184720774575688 -0.000689327263108027 0.000111555935898309 0.94977281197814 0.00400000000081491 0.00200000000040745 0.0730000000003201 0.0730000000003201

 11092 92 1000 5 0.95 0.21 0.398 8817.148 0.240999999999985 0.99999645475436 0.0013723162553441 -0.000341039350074199 -0.00218798928591259 -0.000551018923138038 0.949002510577348 0.999993944045972 0.000175366945839151 -0.000654294329679467 -0.00141457812842633 0.00310676446874986 0.950733502924765 0.999996456971221 0.00137074623512692 -0.000338314495754073 -0.00218818059121412 -0.00055182312965647 0.949161089292261 0.999993942574638 0.000175621708870096 -0.000654215098313 -0.0014143839260022 0.00310732871819132 0.950691313996175 0.00299999999879219 0.00200000000040745 0.0830000000005384 0.0730000000003201

 11080 80 1000 5 0.95 0.154 0.463 9103.766 0.234999999998763 0.99999307036688 -0.000239057500890219 0.00132193596573327 0.000190759744849947 -0.00346672262437566 0.948304396300831 0.99998351343806 0.00129182569369734 0.000591747745349189 0.00542656576258945 -0.00122729665519735 0.951496289153892 0.999993077487922 -0.000231529307629926 0.00132768585196214 0.000194462885158844 -0.0034627741593027 0.948549131202705 0.999983512012269 0.00129145609243683 0.000591001217781185 0.00542700803146779 -0.00122725146393902 0.951442760882004 0.00399999999899592 0.00200000000040745 0.0850000000009459 0.081000000000131

 11096 96 1000 5 0.95 0.142 0.415999999999999 8773.414 0.235999999998967 0.999990086161508 -0.00117752783216869 0.00250764224260033 -0.00291814791855404 0.00190713135713892 0.948320187377446 0.999983234281522 -0.00229968385549839 0.00274519760138344 -0.000740935215339906 0.00448971214756437 0.948438503825503 0.999990094661683 -0.00117614328832815 0.00250496645565759 -0.00291701389693698 0.00190877931272059 0.948562698687297 0.999983248023303 -0.00230094534006461 0.00274570698885755 -0.000734756906939957 0.00448670800559438 0.948667085791378 0.00300000000061118 0.00200000000040745 0.0830000000005384 0.0840000000007421

 11087 87 1000 5 0.95 0.167 0.391 8968.828 0.247999999999593 0.999992057616797 0.00103231144895926 -0.00211946946463162 -0.000859278110476545 -0.00309653462977813 0.949728728394674 0.999993334423484 4.40716673568814e-05 -0.00334866825838381 0.00134690040768134 0.000549041416008672 0.950543662533508 0.99999205645961 0.00103391010442318 -0.00211945064331477 -0.000859818903047912 -0.00309623771700821 0.949793511485782 0.999993335617122 4.35308087532753e-05 -0.00334839367609466 0.0013464756436031 0.000549626729762569 0.950502740371658 0.00399999999899592 0.00100000000020373 0.0750000000007276 0.0740000000005239

 11076 76 1000 5 0.95 0.176 0.418 9274.913 0.2450000000008 0.999994014175244 0.000745255255621139 -0.00305038944192989 0.00145300059000591 -1.10373492434021e-05 0.950667289454123 0.999997594869292 -0.00155676772915119 -0.00090013332012081 -0.000150524235875357 0.00124652811052592 0.948194567702733 0.999994016505283 0.000744243125124704 -0.00304970581247666 0.00145335234658711 -1.08266551691025e-05 0.950623913361574 0.999997584490221 -0.00155292606271158 -0.000904742652648994 -0.000143863948959204 0.00125705141610913 0.94845414372588 0.00200000000040745 0.00200000000040745 0.0830000000005384 0.0820000000003347

 11091 91 1000 5 0.95 0.127 0.414 8976.012 0.240999999999985 0.999990916846483 0.00182505935950913 -0.00325872237150013 -0.00147242138890911 -0.00143111377034649 0.950499308731486 0.999995256594032 -0.00159202985183427 0.00158631225012289 0.000850029924385967 -0.00192699064856041 0.949560035044048 0.999990911767269 0.00182512406002604 -0.00325944238556359 -0.00147314392234162 -0.00143219668721909 0.950457936238459 0.999995248335865 -0.00159224091010737 0.00158863357417644 0.000848685065408134 -0.00192978019540619 0.949647878213167 0.00300000000061118 0.00200000000040745 0.0820000000003347 0.0799999999999272

 11085 85 1000 5 0.95 0.147 0.414 9112.154 0.262000000000626 0.999996149773389 -0.000166638594095052 0.00218485767117435 -0.00152474154028956 0.000757779762791808 0.949399247696037 0.999991265411282 0.00126139853310259 0.00340551703797602 0.00199966527139203 0.000530817660921555 0.951440379956932 0.999996147165625 -0.00016865567451133 0.00218616712084532 -0.0015250277305312 0.000756421120030469 0.949510257561754 0.999991264867822 0.00126102660127479 0.00340635391730235 0.00199883701413669 0.000530474830555352 0.951387427595277 0.00600000000122236 0.00200000000040745 0.180000000000291 0.0830000000005384

 11099 99 1000 5 0.95 0.164 0.443000000000001 8828.136 0.243999999998778 0.999994874421538 0.000531732371856438 0.00111886916790574 -0.00223669877715672 0.00192709670292406 0.95324106012032 0.999985774963365 -0.00491923032049243 -0.00028422081410308 -0.000893407655950824 0.0018363238444292 0.951519493278465 0.999994869016381 0.000532403771065252 0.00112154316214 -0.00223692907555436 0.00192789428686523 0.953158546635066 0.999985773807818 -0.0049199003468961 -0.000283745812994695 -0.000892904421920371 0.00183547611357957 0.951466051388872 0.00399999999899592 0.00100000000020373 0.0840000000007421 0.0820000000003347

 11100 100 1000 5 0.95 0.172 0.395 8849.006 0.2549999999992 0.999983721564804 0.00436027720187133 0.00363818410320244 6.81911481344904e-05 0.000550957826426822 0.948612120502957 0.99999112555473 0.00192524838932369 0.00242845046110779 -0.00233070360454875 -0.00164702139910596 0.949537783121908 0.999983704572738 0.0043618143279027 0.00364001203632353 6.89261489779096e-05 0.000557428303026688 0.948814858249211 0.999991129710027 0.00192272081659005 0.00242639514646915 -0.00233210465160882 -0.00164849640987677 0.949629287738912 0.00299999999879219 0.00200000000040745 0.103000000000975 0.100999999998749

 11090 90 1000 5 0.95 0.147 0.428 9146.982 0.242000000000189 0.999984773068153 0.00232004411835156 -0.000302999862888625 -0.00149983438151479 0.00476756909063249 0.948869878590481 0.999986886594326 -0.00251227750669751 0.00127059539087011 -0.00351884995454957 0.00243277279356612 0.94926583552426 0.999984793906414 0.00231972959731036 -0.000300392251263853 -0.00149393885503056 0.00476536690460838 0.949050004582559 0.999986877167678 -0.0025114787577989 0.0012718661812071 -0.00351977886266159 0.00243546300743723 0.949391512689567 0.00300000000061118 0.00100000000020373 0.0829999999987194 0.0799999999999272

 11095 95 1000 5 0.95 0.116 0.423 9034.281 0.243000000000393 0.999993866790361 0.00188656583360723 -0.000443597063225856 -0.00234105884576124 0.00174066543134398 0.950219668844289 0.999997414055968 -0.000319721709495352 -0.00156530554211437 0.000605934971056798 -0.00150077339267299 0.948776807678198 0.999993866641282 0.00188653019868347 -0.000443544569213772 -0.00234117957763029 0.00174064069486468 0.950216323749391 0.999997424871255 -0.000317868742436725 -0.00156210157851812 0.000606919642652952 -0.00149689596415287 0.948964004764133 0.00300000000061118 0.00200000000040745 0.0690000000013242 0.0789999999997235

 11089 89 1000 5 0.95 0.129 0.415 9173.77 0.242000000000189 0.999993174754909 -0.00161257067815924 0.00137521690663754 0.00297738734129945 0.000542219959975925 0.950024347852105 0.999993204681243 0.00254320482959122 0.00167703964996384 0.00194552345286401 0.000724690995058923 0.946356073726384 0.999993175443544 -0.00161217698057236 0.00137517032470711 0.00297744398251893 0.000541927698090312 0.950047965504949 0.999993208504245 0.00254667286310064 0.00166771811647124 0.00194937572622845 0.000718368482047563 0.945978286317406 0.00299999999879219 0.00100000000020373 0.0730000000003201 0.0870000000013533

 11097 97 1000 5 0.95 0.142 0.477 9175.881 0.242000000000189 0.999996426138286 -0.000330302620702015 -0.00122834925742188 0.00140754651450279 0.0018837679647133 0.950469154973067 0.999994953409361 -0.00135091237788014 0.00253489898816905 0.00130329528611072 -0.000379341632675442 0.948373171112326 0.999996429001681 -0.00033000066784143 -0.00122773302059876 0.00140673025476812 0.00188331225937809 0.950430253629653 0.999994955287615 -0.00135347849745685 0.00253395228542304 0.00130165435054074 -0.000377196295006761 0.948610633814709 0.00399999999899592 0.00200000000040745 0.0730000000003201 0.092000000000553

 11094 94 1000 5 0.95 0.137 0.398000000000001 9322.794 0.242000000000189 0.999996911790231 -0.00102831355752745 0.00130032319432252 -0.00146708755389808 0.00112951092420703 0.95043896121272 0.999995413122746 0.00156314130974237 -0.00211008597898456 0.000879464341770803 0.00122654080528133 0.948954373786361 0.999996912520635 -0.00102761442407229 0.00129982466976116 -0.00146727289968885 0.0011298335537102 0.950404632063317 0.999995419834079 0.00155922163908645 -0.00211031814725356 0.000878196832519006 0.0012265669100622 0.949119159116769 0.00299999999879219 0.00200000000040745 0.0730000000003201 0.0799999999999272

 11098 98 1000 5 0.95 0.207 0.398 9491.391 0.243999999998778 0.999996335932442 -0.0017620299127624 -0.00121657785399081 0.000739304998365032 -0.00148213991321626 0.948790288945555 0.999997575230686 0.000140203297788206 -0.00177156370422699 0.000139759137887067 0.00129302173542461 0.950194606316899 0.999996349522883 -0.00175606480719268 -0.00120944953205255 0.000740268578222363 -0.00148539946259041 0.948972332551984 0.999997575234546 0.00014020989328738 -0.00177156433861909 0.000139761997497731 0.00129301685713086 0.950194745523077 0.00400000000081491 0.00100000000020373 0.081000000000131 0.0619999999998981

 11040 40 1000 5 0.95 0.0990000000000002 0.409 8667.302 0.229999999999563 0.999995902103282 0.00061675458555658 -0.00166757162093947 -7.23102364905372e-05 0.00224262492256532 0.949463258015274 0.999995723309516 0.00196212793259984 0.00187295071178166 -0.000487894684484455 0.000978484062922245 0.948832382420911 0.999995908621464 0.00061463183855002 -0.0016663164958698 -7.32696248044164e-05 0.00224120256402029 0.949563469457582 0.999995732150692 0.00195932532478816 0.0018711040804331 -0.000490242570064938 0.000977423355576302 0.949012915420465 0.00399999999899592 0.00100000000020373 0.0789999999997235 0.0779999999995198

 11101 1 2000 5 0.95 0.856 0.505000000000001 17694.167 0.47899999999936 0.99999659608826 -0.000348768759598347 -0.00252277119504366 -0.000497446516758944 -0.000272662256309927 0.949621635454718 0.999993552477321 -0.00244036797625202 0.000376666039281359 0.00130601754512668 0.00225655684485944 0.950194885945435 0.999996598654423 -0.000350062806460918 -0.00252181756022718 -0.000496330769396618 -0.000272447383755869 0.949701231402203 0.999993552480671 -0.00244036984176793 0.000376663576575841 0.00130601560720465 0.00225655487547882 0.950194990950036 0.287000000000262 0.347000000001572 7.83599999999933 5.83099999999831

 11103 3 2000 5 0.95 0.768 0.491 17785.238 0.458999999998923 0.999998344276223 0.000200567246142396 0.001789815356506 9.78224710434976e-09 -0.000260343200735622 0.950994845647824 0.99999367817244 0.00282098850335594 0.000402289093692537 0.000217442443396104 -0.00211577912074925 0.949390682273029 0.999998343511998 0.000200645581003865 0.0017903712070502 -7.15404354083928e-08 -0.000259394578530306 0.950947676596336 0.999993679004426 0.00282063784080829 0.000403296866350487 0.000216422485019595 -0.00211576612816094 0.949500899796554 0.26299999999901 0.39799999999741 8.79699999999866 8.65699999999924

 11102 2 2000 5 0.95 1.029 0.478000000000001 17974.835 0.471000000001368 0.999992706538731 0.00287010902617176 0.00144693685771762 -0.00168280314383291 -0.00119326896847264 0.949461626494969 0.999998952488868 -0.000747871122812608 -0.00096709220667184 -0.000529066041375619 -0.000566155224251886 0.95137290624377 0.999992705489262 0.00286990702937341 0.00144584138938198 -0.00168326330777551 -0.00119531134970339 0.949559749202173 0.999998950555278 -0.00074989312830568 -0.000967193793021727 -0.000529558806087366 -0.000566261668621458 0.951321411546091 0.403000000002066 0.611000000000786 7.96000000000276 8.20499999999811

 11104 4 2000 5 0.95 0.903 0.492 17907.196 0.473000000001775 0.99999466151546 -0.000381121100720379 -0.000583620493355602 -0.00310039309325922 -0.000760681979144006 0.95156567620158 0.999997987769561 0.00112646330026473 -0.000362528983870266 0.00110396806380788 -0.00118548070892073 0.950749240603987 0.999994661098275 -0.000381012615441191 -0.00058354279632395 -0.00310048033516447 -0.000760988718727422 0.951510874675956 0.999997987733822 0.00112658665285664 -0.000362974533788554 0.00110404874722525 -0.00118518212613763 0.950704955614972 0.296000000002095 0.292000000001281 8.63500000000204 8.4900000000016

 11107 7 2000 5 0.95 0.949 0.534 17450.926 0.462999999999738 0.999996356299453 0.00243795026737635 0.000293886874909688 4.7829336765718e-05 -0.00112032547552209 0.948164156837187 0.999997413009152 0.000722505137768753 0.00142565500503983 -0.00161811693156041 3.4157462499683e-05 0.949005892974831 0.999996362994646 0.00243597731926364 0.000295236864147578 5.25961224582953e-05 -0.00111807013272948 0.948424678330128 0.999997415954865 0.000722414547551936 0.00142527224637568 -0.00161670100318068 3.28283979234617e-05 0.949165262585382 0.282999999999447 0.27900000000227 8.32300000000032 8.33500000000276

 11106 6 2000 5 0.95 0.746 0.487 17558.225 0.460999999999331 0.999996553621109 0.000517873610551328 0.000950061646981862 0.000539816662036786 0.00233035054572673 0.950824972157192 0.999999374535404 -0.000623675785126793 0.000747398828958875 -0.000158383823726433 -0.000527510066766889 0.949942465805016 0.999996552245248 0.000518336917659877 0.000950935823448542 0.000539723134020749 0.00233050304781772 0.950780076926292 0.999999374675208 -0.000623740374133352 0.000747357229121098 -0.000158364383048813 -0.000527233375909807 0.949978141528514 0.244999999998981 0.233000000000175 8.53499999999985 7.92499999999927

 11108 8 2000 5 0.95 0.843999999999999 0.503 17330.838 0.471000000001368 0.999998425172333 0.000989374574399266 4.32483836241833e-05 0.00121754045924715 -0.000828562377551154 0.94998702079482 0.999998390422952 0.000196259056875184 -0.00113729394636454 -0.00128486127249758 0.000486135658278929 0.950102528241911 0.999998424936378 0.000989238888808551 4.35049750938539e-05 0.00121766218135663 -0.000828816815665883 0.950016267135098 0.999998390358022 0.000196280324509071 -0.00113750249406547 -0.00128477866858888 0.000485990995583285 0.950115371112352 0.386999999998807 0.25 7.9900000000016 7.16900000000169

 11111 11 2000 5 0.95 0.71 0.456 17425.965 0.471999999997934 0.999989851107263 -0.00182419190071734 0.000735438027341637 0.00394826492319429 -0.000916701361998562 0.950832300492269 0.99999889565293 4.63441015125235e-05 -0.000827496738800177 -0.00123345134377745 1.980085231053e-05 0.949842960100088 0.999989850058735 -0.0018242190254019 0.000735403042024094 0.00394848994002039 -0.000916850050518535 0.950786880122325 0.99999889663715 4.64145713400896e-05 -0.000826839818697186 -0.00123309453229839 1.95948776987126e-05 0.949892494934643 0.298999999999069 0.234000000000378 8.53299999999945 8.06899999999951

 11114 14 2000 5 0.95 0.782 0.456 17351.637 0.463999999999942 0.999998507741175 -0.000283841868461701 -0.00117552389807865 -0.000200184978585337 -0.00121738192715668 0.950956773383335 0.999999725448661 -0.000352424605480537 -0.000300804665376702 -0.000199479097970951 -0.000542792908962477 0.94995154199545 0.999998508741726 -0.000283863219777299 -0.00117529924723172 -0.000199991851601699 -0.00121680357268543 0.950910504403369 0.999999725145843 -0.000352244270333437 -0.000301855447213184 -0.000199490993364631 -0.000542880138841083 0.949985752652564 0.317999999999302 0.249000000003434 8.01699999999983 7.39099999999962

 11112 12 2000 5 0.95 0.785 0.473 17575.286 0.465000000000146 0.999999112928385 -0.00024853624961289 -0.000517374760080394 -0.00110066133910897 -0.000482949427153729 0.9481568684896 0.999998483655144 -0.00088489240444729 0.00133384189338672 0.000112498207180034 0.00067665560152899 0.949495657024297 0.999999112801316 -0.000244454164187348 -0.000515843182058594 -0.00110245359542462 -0.000482846377670714 0.948418218724787 0.999998483936738 -0.00088444923312319 0.00133426589788514 0.000112172989630409 0.000676036621631344 0.949590933384505 0.20600000000195 0.204000000001543 9.19499999999971 8.17199999999866

 11119 19 2000 5 0.95 0.903 0.45 17266.889 0.461999999999534 0.999994480805195 -0.00298418319149585 0.00110401334089786 0.000720742168038024 0.000628247641457481 0.947648394046148 0.999998718682446 -4.09110522884453e-06 0.000664408980109769 0.0013297474291497 -0.000594095287023706 0.95029636992684 0.999994477981837 -0.00298201324337873 0.0011082321913247 0.000723385410682781 0.00063256446904119 0.947966142197375 0.999998718416429 -3.88051655727017e-06 0.000664600885855339 0.00132987363678136 -0.000594047316682829 0.950281763175473 0.254000000000815 0.277999999998428 9.34999999999854 7.93599999999788

 11124 24 2000 5 0.95 1.062 0.471 17401.205 0.472000000001572 0.999996156659882 0.000664045841778072 0.00229230014444564 0.000335759836037436 -0.0013705232450312 0.949168628549065 0.999999006017741 0.000543680364112295 -0.00115724584790176 0.000223996864833661 0.000550438591608929 0.947658185868392 0.999996156108289 0.000663235200874536 0.00229344495057571 0.000334670555573404 -0.00136966915476585 0.949306126499255 0.999999007288285 0.000545584429204629 -0.00115813461925177 0.000222679646334727 0.000544883523888006 0.947974961399428 0.399000000001251 0.393999999996595 8.47899999999936 9.24300000000221

 11118 18 2000 5 0.95 1.009 0.469 17604.702 0.461999999999534 0.999995084542243 -0.00122916579540567 -0.00226548838313758 0.0016599548214742 -0.000657385105080641 0.950180897718841 0.999998259558388 0.00118110699077217 0.00126393859268498 -0.000353267824430419 0.000602932458114327 0.949731299407999 0.999995084431717 -0.00122918704025847 -0.00226553375255482 0.00165994235068919 -0.000657388645792707 0.950183088664224 0.999998260828 0.00118033674905261 0.00126355653312345 -0.000354370125750616 0.000602488868300404 0.94979618003882 0.317999999999302 0.265999999999622 7.15399999999863 8.16300000000047

 11105 5 2000 5 0.95 0.944 0.483 18559.299 0.477999999999156 0.999999934633761 0.000263902856281736 6.74562237455389e-05 -0.000202967555947771 -0.000123861150587925 0.950002887479945 0.999997581650486 -0.00131951600871363 -4.90864419385122e-05 -0.00172151444406316 0.000359929468423366 0.94914850992927 0.999999934608485 0.00026389661316168 6.7828731373422e-05 -0.000202945440059449 -0.000123911321293486 0.950030337685251 0.999997580827397 -0.00132098701295452 -4.7443319888397e-05 -0.0017206833482882 0.000361013311904192 0.949290802291028 0.294999999998254 0.364999999997963 7.74099999999817 8.16300000000047

 11109 9 2000 5 0.95 0.846 0.470000000000001 18061.917 0.658999999999651 0.999998636903661 0.000274273798373038 0.000352304503837017 -0.000624533318899643 -0.00146178123300611 0.949296259996543 0.999997005769836 0.00161202699608768 0.00122210983873054 -0.00125588834855827 0.000564811761059298 0.950425111492052 0.999998635339225 0.000274176957483927 0.000353573890371253 -0.00062369432195824 -0.00146292090679542 0.949418761840849 0.999997005921496 0.00161207543600758 0.00122178171703316 -0.00125632353358693 0.000564146653723369 0.950392603746626 0.386999999998807 0.292000000001281 9.3169999999991 11.0300000000025

 11110 10 2000 5 0.95 0.866 0.466 18029.419 1.01900000000023 0.999992438510421 0.000358255109686731 0.00193392830250459 -0.00302619878309345 -0.0014479701324767 0.950553764598972 0.999995675893538 0.000105107641418344 0.00262182669450996 0.00118880943375444 -0.000591526436501162 0.948826458068295 0.999992435844961 0.000358390577657178 0.0019345222918458 -0.00302634580444728 -0.00144867650939225 0.950512409614676 0.999995673507298 0.000104409648477836 0.00262256132325594 0.00118933845120265 -0.000591364071894908 0.949009828160337 0.467000000000553 0.531000000002678 13.7750000000015 13.5349999999999

 11120 20 2000 5 0.95 0.931 0.452999999999999 17631.06 0.805000000000291 0.999994871272792 -0.00150382421949974 0.00239244169816464 0.00132696241396668 0.000715076430466295 0.949311367288629 0.999999602662941 -0.000228049444474344 0.000331290167649094 0.000359110262209702 0.000709897215064448 0.951043686690147 0.999994870009059 -0.00150423834177698 0.0023925727897712 0.00132715939051608 0.000715168493457463 0.949431768411945 0.999999602944361 -0.00022790025284255 0.000330945625381636 0.000358754458861312 0.000709889306111484 0.950997012722436 0.356999999999971 0.555000000000291 13.7819999999992 13.1980000000003

 11127 27 2000 5 0.95 0.724 0.456 17468.675 0.477999999999156 0.999995981338575 -0.00134533524579676 0.00126440594983575 -0.00213205945417601 0.000288062240606242 0.950071488588483 0.999997179793031 0.000808126231716565 -0.000453354567691669 0.00160518164513763 -0.00148499141392715 0.949028000724793 0.999995981247433 -0.00134527654202766 0.00126470987032236 -0.00213192566686211 0.000288308696489883 0.950089041631751 0.999997176172764 0.000809276938425139 -0.000454016582605745 0.00160593744060767 -0.00148578303052264 0.949184355862151 0.19999999999709 0.190999999998894 7.68600000000151 8.78199999999924

 11115 15 2000 5 0.95 0.851 0.464 17903.151 0.481999999999971 0.999992384795203 0.00216854891275449 -7.31001778516783e-05 0.00120789626981007 -0.00301054649195259 0.949547592908306 0.999998319454955 -0.000744061474260009 -0.000343078602164166 0.00150774643415568 0.000645335223757073 0.950001920291505 0.99999238752012 0.00216772594502435 -7.16141370367871e-05 0.0012086444694963 -0.0030099694348134 0.949637131235727 0.999998319264829 -0.000744012923785715 -0.000343198499372022 0.00150791833980077 0.000645220393758767 0.950029618798239 0.215000000000146 0.476999999998952 8.4890000000014 7.42900000000009

 11129 29 2000 5 0.95 1.158 0.464 17562.913 0.476999999998952 0.99999554750502 0.000725065394634658 0.00243777257880981 0.0015569676979177 0.000111205896312769 0.950939121176029 0.999996069957465 0.000867077846369221 -0.000212330706814168 -0.00129078201947247 -0.00232315369311683 0.948987983020734 0.999995546082775 0.000725257089596854 0.00243783331815503 0.00155766630164467 0.000111629622997708 0.950892384145833 0.999996066284858 0.00086448046779655 -0.000213462394095517 -0.0012908315070485 -0.00232557007135539 0.949151066229112 0.509999999998399 0.382999999997992 8.88800000000265 8.70499999999811

 11121 21 2000 5 0.95 1.015 0.49 18050.943 0.473000000001775 0.999999420428529 -0.000720409910592634 0.000730679082198868 -0.000227134258388568 0.000233816755010427 0.949662711329843 0.999996705282495 4.51507097235422e-05 -0.00154181209644854 -0.000664690891638599 0.00194123338294364 0.949596190339405 0.999999420263394 -0.000721286253908108 0.000730112942307574 -0.000226770049666704 0.000233943265016024 0.94973727613197 0.999996706118565 4.45611064449126e-05 -0.00154300611655227 -0.00066397608979206 0.00194011190505569 0.949678866406551 0.461999999999534 0.493999999998778 8.45000000000073 8.42499999999927

 11128 28 2000 5 0.95 0.756 0.463 17867.748 0.470000000001164 0.999994473633251 0.00290045311066142 -0.000136840049605151 -0.000623878724284838 0.00149402973502693 0.949284699642699 0.999993644130054 0.000217584896680668 0.000980684950999691 -0.00283421956274164 -0.00191567554789748 0.951091524814753 0.999994476202652 0.00289885896855439 -0.000138181775364236 -0.000624993347680478 0.00149481436159186 0.94940868834869 0.999993643688827 0.00021741867820301 0.000981439202376594 -0.002833537129612 -0.00191654780476773 0.951043150104776 0.212999999999738 0.256000000001222 12.2720000000008 13.2020000000011

 11122 22 2000 5 0.95 0.798 0.457 18067.494 0.472000000001572 0.999998399322471 0.00125451691708905 0.00101906661331075 0.000751710991723649 0.000154834180135296 0.948685776432794 0.999998255837101 0.000226521412863287 -0.000787648558055836 0.00155620920648722 -0.000628357748160872 0.948197984773849 0.999998402653713 0.00125554499832717 0.00101719168578806 0.000748342416766581 0.000153627736334599 0.948884805543969 0.999998257271836 0.000226912277097366 -0.000786092587365979 0.00155579869652168 -0.000628898218083189 0.948458895946409 0.324000000000524 0.364000000001397 13.2469999999994 12.1109999999971

 11123 23 2000 5 0.95 0.978 0.468 18122.007 0.463999999999942 0.999999245039657 -0.000393993665415541 0.000946027992833446 0.000409573568616926 -0.000540342147959854 0.950051746767505 0.999998195571091 7.63268368762818e-05 -0.00182342877924362 -0.000467747402928899 -0.000243615743278199 0.950337204161945 0.999999245241493 -0.000393763542580138 0.000945882760844354 0.000409577271814283 -0.000540387803084532 0.950072209286469 0.999998195629944 7.63681806711771e-05 -0.00182341422412798 -0.000467594359701429 -0.000243763898934641 0.950316893495202 0.266999999999825 0.306000000000495 7.604000000003 7.47899999999936

 11130 30 2000 5 0.95 1.026 0.463 17831.051 0.466000000000349 0.999994978691251 -0.00311326506566512 0.000100649377757818 -0.000438029924405632 -0.000384931687392694 0.949720098179818 0.999997861561874 -0.000713146197262877 -0.00186755572165613 -0.000514821725269564 -0.000124452394767293 0.946611837716753 0.9999949790986 -0.0031131953015002 0.000100306511554507 -0.00043765349462778 -0.00038495535756107 0.949786537190781 0.999997865793669 -0.000714097846699519 -0.00186513156788607 -0.000514432652776226 -0.000122945729857659 0.946209713444323 0.299999999999272 0.297999999998865 7.95200000000114 13.0260000000017

 11116 16 2000 5 0.95 0.891 0.523 18414.577 0.972000000001572 0.999994946828122 -0.00152409061727863 0.00133645362996937 0.000534428302619399 -0.0023899255418405 0.949329646450784 0.999996644959787 -0.000807798187726623 -0.000661804907035467 -0.000221803947331534 0.00236015858187409 0.949463191711482 0.9999949494699 -0.00152256100120367 0.00133767877978327 0.00053494849294437 -0.00238899315247785 0.949446743430958 0.999996648615788 -0.000807393301567754 -0.000659603891770215 -0.000221758178564454 0.00235936840384777 0.949563847334401 0.313999999998487 0.39600000000064 12.0349999999999 8.70099999999729

 11126 26 2000 5 0.95 0.828 0.456 18097.485 0.471999999997934 0.999993375362237 -0.00273678184493464 0.00191891771113819 -0.00110567687362694 0.000924386413795996 0.948795968490753 0.999997817745501 -0.000429940183924802 -0.00144103922733711 0.000673094922016352 0.00128452514357323 0.948665799143823 0.999993377465205 -0.0027371483690945 0.00191844269066726 -0.00110248536955714 0.000925822980216112 0.948983475472332 0.999997816061629 -0.000427950626607603 -0.00144352872712646 0.000671128714874632 0.00128473393977635 0.948866018208276 0.215000000000146 0.233000000000175 8.2300000000032 8.27600000000166

 11117 17 2000 5 0.95 0.779 0.482 18606.653 0.464999999996508 0.99999401736897 -0.000356184939485699 -0.00116033058171485 -0.00081194433500044 -0.00313571967737031 0.94918881156496 0.999999119702772 -0.00132062070472335 7.53420147993644e-05 -1.04294150112936e-05 0.000103775926719719 0.948493219926383 0.999994021813722 -0.000355476738107153 -0.00115952748771312 -0.000812098670145853 -0.00313463951059183 0.949326110747699 0.999999122452274 -0.00131874175740978 7.44356613695768e-05 -1.27985201280274e-05 0.000101540089462616 0.948717131464859 0.234000000000378 0.234000000000378 8.65299999999843 8.98400000000038

 11125 25 2000 5 0.95 0.764 0.5 18457.565 0.470000000001164 0.999999210364987 -6.60454983383203e-05 0.000867982351410315 -0.000318470911433685 -0.000848581351987348 0.949717537971911 0.999992142680433 0.00128505430172186 0.00326278985297854 0.000223415632692779 0.00183507511241063 0.949904885680789 0.999999212052405 -6.60938806546382e-05 0.000865754720772702 -0.00031834936648182 -0.000848910250042874 0.949783515179458 0.999992140628819 0.00128505779334765 0.00326332301267546 0.000223095838546076 0.00183528151006053 0.949945690201388 0.204000000001543 0.22899999999936 8.43999999999869 12.018

 11113 13 2000 5 0.95 0.804 0.481000000000001 18881.686 0.611000000000786 0.999996387016114 0.000850602069722445 0.000456095686444366 -0.00133564900039317 -0.00212378184120031 0.949627806890372 0.999999829854533 0.000258752842636071 -6.26221176402281e-05 0.000495114760677401 0.000155813081272615 0.949487359079534 0.999996384929434 0.000850408983921241 0.00045697112908683 -0.00133585138386141 -0.00212452608637862 0.949705858852414 0.999999830483299 0.000258797076590164 -6.13856637879317e-05 0.000494200001284891 0.000155098694616869 0.949584837333921 0.401000000001659 0.435999999997875 11.8839999999982 11.2789999999986

 11131 31 2000 5 0.95 0.954 0.468999999999999 18137.432 0.491000000001804 0.999991500118522 -0.00242636922191072 0.000629933471818652 0.00109576766285144 -0.0030846231792154 0.950026075946692 0.999999042665871 0.000859765827498576 -0.000841150144772046 -0.000565695319504231 -0.000384610585404852 0.949421712656164 0.999991500792945 -0.00242644871034239 0.000630047304953142 0.00109571456724655 -0.00308433761303467 0.95005019536686 0.999999041559088 0.000860796750119027 -0.000841648776585297 -0.00056575156134854 -0.000384008290491018 0.949527281095776 0.362999999997555 0.334999999999127 10.7289999999994 8.08199999999852

 11132 32 2000 5 0.95 1.756 0.533 17995.348 0.68500000000131 0.999991382566359 0.00155504317839531 -0.00196399216402701 -0.00300046646682445 -0.00139877428384774 0.949780070902519 0.999994248080485 0.00238783633076562 -0.00202249997348359 -0.000534513076452687 -0.0011940825896381 0.95073338879553 0.999991384936124 0.00155498548164686 -0.0019642194049731 -0.00299981710697827 -0.00139821784359503 0.949838177503952 0.999994249566792 0.00238702681699753 -0.00202284107260473 -0.00053455110079801 -0.00119386156588933 0.950689921838223 0.350999999998749 0.466000000000349 8.05299999999988 8.04899999999907
