
 8052 52 1000 3 0.9 0.0129999999999999 0.428 12.195 0.223000000000003 0.999978580971468 -0.00164943418675398 0.00633379547762776 0.90195518319584 0.999975615611972 0.00452640241773914 -0.0053178814025025 0.901913429053245 0.999978595072099 -0.00164794231536198 0.00633195734012782 0.901825704598347 0.999975611654902 0.00452625140517878 -0.00531875395390844 0.901779341324812 0.00300000000000011 0.00199999999999889 0.106999999999999 0.106000000000002

 8050 50 1000 3 0.9 0.0209999999999999 0.441999999999999 12.096 0.239999999999998 0.999986989603551 0.00308867741454211 -0.00405964228183944 0.904652022337972 0.999988310514121 -0.000670853060640608 -0.00478840174633426 0.897896373052917 0.99998700287803 0.0030895692530374 -0.00405569190719311 0.904466131235032 0.999988311634926 -0.00067221151654002 -0.00478797715180146 0.897820958859822 0.00300000000000011 0.00199999999999889 0.110000000000003 0.102999999999998

 8045 45 1000 3 0.9 0.0109999999999992 0.423999999999999 12.23 0.229000000000003 0.99999160355549 -0.000340270751945347 0.00408375248216902 0.897147023939731 0.999947064271067 0.000551746131676122 0.0102744455753042 0.906896867614444 0.999991611363784 -0.000339805827491785 0.00408187874170887 0.89708154927773 0.999947088734049 0.000550619117389907 0.0102721249451225 0.906649188135992 0.00300000000000011 0.00200000000000244 0.108000000000001 0.106999999999999

 8060 60 1000 3 0.9 0.0110000000000001 0.435 12.281 0.227 0.99996332831641 -0.00640699037048603 -0.00568264874516888 0.903908744010162 0.999947709451369 -0.00216096256208633 0.00999542914364134 0.900339669387567 0.999963339839277 -0.00640542304048598 -0.00568238797961178 0.903736029359654 0.999947706786413 -0.00216042645249537 0.0099958116297817 0.900231667323478 0.00300000000000011 0.00199999999999889 0.116 0.103000000000002

 8068 68 1000 3 0.9 0.0110000000000001 0.428999999999999 11.663 0.23 0.999993828550183 -0.000170828511394727 0.00350908523235747 0.900403715393243 0.999975479132689 0.00669242564422224 -0.00206217660392917 0.901817750343801 0.999993812374185 -0.000170626005548716 0.00351370176724414 0.900296082286131 0.999975486607044 0.00669141137637411 -0.0020618435436536 0.90168748572571 0.00300000000000011 0.000999999999997669 0.416 0.110999999999997

 8042 42 1000 3 0.9 0.0110000000000001 0.42 12.223 0.227 0.999972796104655 0.000189092597265665 -0.00737368934981873 0.896889439569512 0.999999797721976 -0.000357422218504918 0.000526122956840475 0.903752869994438 0.999972817422028 0.000189109011799107 -0.0073707974353671 0.896826662628206 0.999999796715149 -0.00036497067325404 0.000522844210435498 0.90358804926063 0.00300000000000011 0.00199999999999889 0.108999999999998 0.102

 8070 70 1000 3 0.9 0.00999999999999979 0.418 12.446 0.224 0.999997146584106 -0.0017973434433115 -0.00157365186537763 0.903485568680194 0.999975360581952 -0.00218176144550596 -0.00667219199291296 0.898463607548357 0.999997154153755 -0.00179586915912476 -0.00157052168222731 0.9033192438115 0.999975355685799 -0.00218194848720422 -0.00667286459161655 0.898381755127706 0.00300000000000011 0.000999999999997669 0.115000000000002 0.100999999999999

 8047 47 1000 3 0.9 0.0100000000000007 0.412 12.418 0.227 0.999986524403089 -0.00516760354125943 0.000496876111927128 0.907040877410931 0.99998160894769 0.0018330954926952 0.0057811354683953 0.897687389287311 0.999986531906104 -0.00516566938632299 0.00050186272411478 0.906793614777596 0.999981606265181 0.00183021368663718 0.00578251235802632 0.897615556434982 0.00200000000000244 0.00199999999999889 0.110999999999997 0.100999999999999

 8066 66 1000 3 0.9 0.0110000000000001 0.492 12.65 0.234999999999999 0.999999222799717 -0.000221267033626071 -0.00122696408359338 0.904721689970878 0.999960526274381 -0.00498852142446578 0.00735258777978766 0.899138262880081 0.99999922058931 -0.000218394890902111 -0.00122927801762727 0.904536301504322 0.999960518624187 -0.0049906942320346 0.00735215369320723 0.899045361311671 0.00300000000000011 0.00199999999999889 0.106000000000002 0.103000000000002

 8058 58 1000 3 0.9 0.00999999999999979 0.411 12.431 0.225999999999999 0.999993518819664 -0.00290903271609385 0.00212128435670521 0.90866012445296 0.999996336110999 -0.00245503294780665 -0.00114042878035324 0.902458762742089 0.999993519724822 -0.00290368287068883 0.00212817624946797 0.908353094681253 0.999996333068196 -0.0024558083827124 -0.00114142689121835 0.902312998429526 0.00300000000000011 0.000999999999997669 0.112000000000002 0.103000000000002

 8041 41 1000 3 0.9 0.0110000000000001 0.403 12.551 0.233999999999998 0.999981091722582 -0.00349583426680635 0.00505918373763791 0.901804013153795 0.999972012892505 0.00457686869222319 -0.00591825182679005 0.898031254778396 0.999981101702486 -0.00349513424269837 0.00505769458433586 0.901676207283418 0.999972007410835 0.00457858419816605 -0.00591785108674168 0.897950688909413 0.00300000000000011 0.00399999999999778 0.113 0.103000000000002

 8043 43 1000 3 0.9 0.0170000000000003 0.417999999999999 12.687 0.231999999999999 0.999983276487043 -0.00292855698442771 0.00498701315688302 0.899918341431791 0.999984848392926 0.00130500100833874 0.00534789275748699 0.897109345275461 0.999983264594754 -0.00293205094313886 0.00498734475288714 0.899821117757346 0.999984851133584 0.00130544439002442 0.00534727204175053 0.897044462582026 0.00300000000000011 0.00199999999999889 0.102 0.106000000000002

 8049 49 1000 3 0.9 0.0110000000000001 0.427 12.618 0.238 0.999997788793456 -0.000654944304406964 -0.00199836336940923 0.903867280755681 0.999943931866255 0.00915701399033985 -0.00531810291692494 0.901162005085244 0.999997788657263 -0.00065214329025668 -0.00199934732154351 0.903699407470498 0.999943921236669 0.00915738388626163 -0.00531946446500737 0.901041722142203 0.00300000000000011 0.00200000000000244 0.103999999999999 0.102

 8056 56 1000 3 0.9 0.0120000000000005 0.419 12.409 0.231000000000002 0.999994935585155 -4.76609532372713e-05 -0.00318222131152906 0.906589832198931 0.999998879939124 -0.000844799959464894 -0.00123548918451257 0.901657875989119 0.999994937771217 -5.5273666767227e-05 -0.00318141112743181 0.906348907599039 0.999998880009625 -0.000841768645962232 -0.00123749951201664 0.901531198156431 0.00300000000000011 0.00200000000000244 0.117000000000001 0.114999999999998

 8069 69 1000 3 0.9 0.0129999999999999 0.415 12.644 0.247 0.999993518422417 0.00346682797815138 -0.000971708250671645 0.911321453524716 0.999989206787453 -0.000654074939260418 0.00459983636386236 0.896629888334019 0.999993544421656 0.00345669174429425 -0.000981018449407435 0.910919763784829 0.999989209350508 -0.000653493469800819 0.00459936178521048 0.896566694575701 0.00300000000000011 0.00199999999999889 0.108000000000001 0.0999999999999979

 8044 44 1000 3 0.9 0.0130000000000008 0.427 12.668 0.238999999999997 0.999974762713458 0.00108805028651217 -0.00702068961984908 0.900279587167056 0.999996023598444 0.0018143144176566 -0.00215894661674764 0.902622001011423 0.999974773454679 0.00109021727966731 -0.00701882330217537 0.900174194783149 0.999996025077682 0.00181466073636536 -0.00215797016853485 0.902477916849342 0.00300000000000011 0.00100000000000122 0.109000000000002 0.131

 8053 53 1000 3 0.9 0.0129999999999999 0.409 12.5 0.239000000000001 0.999992572915267 0.00272080940334569 -0.0027297088662751 0.899862127357148 0.999973943297297 0.00454457274859778 0.00560888446908115 0.904203703162042 0.999992573960721 0.00271988269642038 -0.00273024935299717 0.899761160390854 0.99997395147239 0.00454005274060121 0.00561108704328526 0.904026661063809 0.00300000000000011 0.00100000000000122 0.105 0.104000000000003

 8064 64 1000 3 0.9 0.0110000000000001 0.418 12.637 0.234999999999999 0.999991834464658 -0.00373133839771625 0.00155181112582982 0.901831520527583 0.999998141950542 0.000643007004826425 -0.00181731600329847 0.899016237010511 0.999991836725242 -0.0037297466935699 0.00155417903716817 0.901698592916356 0.999998138109368 0.0006449694619581 -0.00181873367789336 0.898928400911416 0.00300000000000011 0.00199999999999889 0.105 0.100000000000001

 8048 48 1000 3 0.9 0.00999999999999979 0.431 12.75 0.241 0.999958323028819 0.00858247304745543 0.00311341641644381 0.905647429964324 0.999992721974419 0.00334022808419999 0.00184360368249539 0.898275728810059 0.999958316145926 0.00858404411826975 0.00311129509686244 0.905437915027656 0.999992722915881 0.00334063938823791 0.00184234735034823 0.898197122515983 0.00300000000000011 0.00100000000000122 0.111000000000001 0.123000000000001

 8057 57 1000 3 0.9 0.0110000000000001 0.406 12.7 0.263999999999999 0.999998717100242 0.00120581422967103 -0.00105442397231363 0.900623592146826 0.999996337211708 0.00243018188774452 -0.00119154486266829 0.896713927810076 0.999998710730509 0.00121000171241696 -0.00105566717079038 0.900512489930175 0.999996331433305 0.00243199749955846 -0.00119268943757446 0.896651523224577 0.00300000000000011 0.00100000000000122 0.102999999999998 0.097999999999999

 8046 46 1000 3 0.9 0.0100000000000002 0.452 13.064 0.233999999999998 0.999976648595044 0.00669232684366057 -0.00138384465958832 0.902339269453933 0.999997700004692 0.000627579485191694 0.00205088500776445 0.897726412990694 0.999976623407031 0.00669642887197139 -0.00138220108341495 0.902200044226009 0.999997700746363 0.0006246825984712 0.002051407721292 0.897653841297663 0.00300000000000011 0.00100000000000122 0.112000000000002 0.116999999999997

 8065 65 1000 3 0.9 0.00999999999999979 0.442 12.815 0.236000000000001 0.999949517624178 -0.00059655371746851 0.0100302705265039 0.903070122010447 0.999969125020833 -0.00466106806385284 -0.00632640890034841 0.900303073672908 0.999949548180168 -0.000592926407389182 0.0100274389827382 0.902917551751045 0.999969120922655 -0.00466176137477711 -0.00632654582361083 0.900197933022716 0.00300000000000011 0.00100000000000122 0.113 0.120999999999999

 8051 51 1000 3 0.9 0.0120000000000005 0.433 12.826 0.263000000000002 0.999987564450037 -0.00464134586917279 0.00182451467694715 0.902853578259324 0.999986945825195 0.000965252743532961 0.00501761560307521 0.89964301429672 0.999987564585905 -0.00464182980337646 0.00182320860771425 0.902708006387541 0.999986964598571 0.000964170041338227 0.00501408107910355 0.899545727348392 0.00300000000000011 0.00199999999999889 0.114000000000001 0.109999999999999

 8059 59 1000 3 0.9 0.00899999999999945 0.439 12.675 0.244 0.999994199928009 -0.00280994093984158 -0.00192466679063978 0.902213925161918 0.999994330853213 -0.00148261919634433 -0.00302326011999459 0.897118159005616 0.999994200489262 -0.00280884155081096 -0.00192597948677699 0.902079056341785 0.999994336608951 -0.00148232017480147 -0.00302150242815901 0.897053631743455 0.00300000000000011 0.00100000000000122 0.111999999999998 0.111999999999998

 8054 54 1000 3 0.9 0.0110000000000001 0.419 12.952 0.244 0.999983199314748 0.00196286163734006 -0.00545419677247169 0.902329907621346 0.999962832657757 -0.00788665917762653 -0.00348337624867788 0.902012261512025 0.99998320873387 0.00196219130626229 -0.00545271084798964 0.902192781136167 0.999962863695986 -0.00788377801903136 -0.00348098736980157 0.90188245133463 0.00199999999999889 0.000999999999997669 0.102 0.0999999999999979

 8063 63 1000 3 0.9 0.00999999999999979 0.419 12.943 0.251000000000001 0.999966411089601 -0.00211356786252985 0.00791893449101767 0.899279416650989 0.999998482217731 -0.00157617009290396 0.000742462169700639 0.897599309646216 0.999966401872795 -0.00211223565918604 0.00792045365473116 0.899190322374425 0.999998482430555 -0.00157669193707661 0.000741066206075852 0.897527977143597 0.00300000000000011 0.00199999999999889 0.108000000000001 0.103999999999999

 8061 61 1000 3 0.9 0.0100000000000007 0.423 13.113 0.25 0.999923500654791 0.00968093908696922 -0.00769884774905374 0.905231010159799 0.999975946524353 0.00255145536152695 -0.00644953085605021 0.903344963035384 0.999923529713724 0.00967861273858812 -0.0076979984608531 0.905031617246048 0.999975969254758 0.00255141853126761 -0.00644602020514282 0.90319071231396 0.00300000000000011 0.000999999999997669 0.119999999999997 0.102999999999998

 8067 67 1000 3 0.9 0.0110000000000001 0.427 13.053 0.25 0.999995522802828 0.00272453255771817 -0.00123745571223255 0.90260413369464 0.999989779214405 -0.00382722430664351 0.00240703569384372 0.894156066889868 0.999995529009413 0.00272260290611957 -0.00123668694522835 0.902458081528034 0.999989771360539 -0.00382909268260087 0.00240732704979494 0.894116689344611 0.00399999999999778 0.00100000000000122 0.111999999999998 0.0990000000000002

 8062 62 1000 3 0.9 0.0100000000000007 0.428 13.265 0.239000000000001 0.999984306481475 -0.00444762804796594 0.00340666926943431 0.897931117568163 0.999976576349575 0.00303114549876528 0.00613668551803454 0.897372868184288 0.999984310438645 -0.00444892330930637 0.00340381520307518 0.897858541562278 0.99997657365087 0.00302953478012751 0.00613792053396798 0.897304337960154 0.00300000000000011 0.00199999999999889 0.105999999999998 0.102

 8055 55 1000 3 0.9 0.0110000000000001 0.436 13.211 0.248000000000001 0.999986237198483 -0.00220867878766964 -0.00475890235583461 0.901008805762821 0.999998246933752 -0.000882210331956535 0.00165161567966493 0.902275419064461 0.999986223747399 -0.00221007985636449 -0.0047610778658523 0.900888767464596 0.999998247813274 -0.000879148023243435 0.00165271568482028 0.902136868413476 0.00299999999999656 0.00100000000000122 0.111999999999998 0.105

 8071 71 1000 3 0.9 0.0110000000000001 0.424 13.691 0.244999999999997 0.999988705974365 -0.000519809841854781 -0.00472416357069079 0.902869763314041 0.999966189039019 -0.00800461233239512 -0.00188333751325499 0.900489774597469 0.999988697295976 -0.000515323552479535 -0.00472649150361658 0.902714785980568 0.999966157650987 -0.00800798966679029 -0.00188564424457882 0.900377712690521 0.00400000000000134 0.000999999999997669 0.113999999999997 0.106000000000002

 8072 72 1000 3 0.9 0.00999999999999979 0.431 13.517 0.241 0.999999583916243 -0.000737997204546128 0.00053621587635009 0.900799035014674 0.99996348961944 -0.00818051868029279 0.00246952267331819 0.897629128533092 0.999999583265415 -0.000736520756791246 0.000539449877193908 0.900685399598282 0.999963475125976 -0.00818142494857091 0.0024723874678989 0.89755649244085 0.00300000000000011 0.00199999999999889 0.110000000000003 0.100999999999999

 8076 76 1000 3 0.9 0.0100000000000002 0.407999999999999 12.224 0.244 0.999956356294873 0.00934088994338818 -0.000182429566968367 0.903012945894532 0.999980099521819 -0.00516779580254752 0.00361862499795291 0.897556354812943 0.999956295131477 0.00934745361558018 -0.000181487835331843 0.902858065951206 0.999980085234586 -0.00516837150245107 0.00362174961078756 0.897485453078274 0.00300000000000011 0.00199999999999889 0.105999999999998 0.100000000000001

 8081 81 1000 3 0.9 0.00900000000000034 0.403 12.456 0.224 0.999963974462332 0.00794157835216241 -0.00299685014202975 0.904496315498527 0.999998402676492 -0.00124992961422122 -0.00127762295808399 0.899734693816169 0.999964047329638 0.00793215813706309 -0.00299748484869569 0.904314486703714 0.999998402847324 -0.00125033231106508 -0.0012770951071024 0.899638828332481 0.00300000000000011 0.00199999999999889 0.105 0.0990000000000002

 8087 87 1000 3 0.9 0.012 0.402 12.233 0.221999999999998 0.999998050962085 0.00133492967402387 0.00145465968424162 0.906982878315472 0.999981413780344 -0.00608542810993849 -0.000373709222277727 0.904672409413325 0.999998044145435 0.00133462540194255 0.00145961650497799 0.906732023613369 0.999981400072854 -0.00608782712333295 -0.000371307489212638 0.904481975929009 0.00300000000000011 0.00200000000000244 0.108000000000001 0.106000000000002

 8075 75 1000 3 0.9 0.016 0.44 12.746 0.233000000000001 0.999960769256591 -0.00457979165666054 -0.00758191639019758 0.906110313644376 0.999982663138868 0.00555488832533409 -0.00195362160875847 0.898174923276 0.999960729854881 -0.00457057213378405 -0.00759266873130096 0.905879483108439 0.999982672947089 0.00555308327646973 -0.0019537327659639 0.898097345328114 0.00300000000000011 0.00100000000000122 0.114000000000001 0.105

 8085 85 1000 3 0.9 0.0110000000000001 0.403999999999999 12.619 0.222999999999999 0.999962972012866 -0.00804249220593122 -0.0030615228748553 0.904382382374736 0.999981623314165 -0.00359564179757534 0.00488102387120612 0.899664485094127 0.999962935678368 -0.00804504836518907 -0.00306667023032111 0.904199591562379 0.999981627379431 -0.00359483916419953 0.00488078220858611 0.899563473520572 0.00300000000000011 0.00199999999999889 0.108000000000001 0.103000000000002

 8083 83 1000 3 0.9 0.00999999999999979 0.401 12.639 0.225000000000001 0.999974408887478 -0.00663151532210116 -0.00268413387718915 0.902942437415865 0.999964071066747 0.00529077857633253 -0.006623008204301 0.897367666209387 0.99997441976146 -0.00663042832258012 -0.00268276778541389 0.90279192774988 0.9999640717733 0.0052923235972946 -0.00662166697314135 0.897296660691225 0.00300000000000011 0.00100000000000122 0.103999999999999 0.100999999999999

 8080 80 1000 3 0.9 0.00900000000000034 0.403 12.58 0.224999999999998 0.999967328753336 -0.00614054860653455 -0.00525690866647845 0.90510260058046 0.999948779392251 0.0095797402297201 -0.0032660632384528 0.903366059302348 0.999967329571382 -0.00613428290972382 -0.00526406336040612 0.904901444064065 0.999948780789547 0.00957950722668376 -0.00326631884436875 0.903204668367774 0.00300000000000011 0.00199999999999889 0.108000000000001 0.103000000000002

 8089 89 1000 3 0.9 0.0139999999999998 0.405 12.755 0.247999999999998 0.999966780741655 0.00264447711682197 0.00771000349870375 0.897700385600225 0.999993362959985 -0.00363146784568196 -0.000294070171681701 0.904704910594248 0.999966800111189 0.00264499063069813 0.00770731470437019 0.897628858032037 0.999993349388526 -0.003634884082927 -0.000297987284316118 0.904510193569982 0.00300000000000011 0.00200000000000244 0.103000000000002 0.106000000000002

 8095 95 1000 3 0.9 0.00999999999999979 0.561 11.769 0.226000000000003 0.999996307833193 0.0017047763544236 0.00211614214148931 0.901011627172422 0.999989882698637 0.00150618338126383 -0.00423862147256008 0.897523927969266 0.999996313259137 0.00170531148975056 0.00211314477923121 0.90089669816378 0.999989873178164 0.00150457117907259 -0.00424143922358515 0.897452462737943 0.00199999999999889 0.00100000000000122 0.102 0.0990000000000002

 8084 84 1000 3 0.9 0.00900000000000034 0.411 12.472 0.23 0.999985359109206 0.00534948355961093 0.000815225660197546 0.907390414570801 0.999987536415222 -0.000110027883460339 -0.00499148355510608 0.90391918826116 0.999985303063626 0.00535887494007662 0.000822262807896064 0.907126103729762 0.999987537941751 -0.000106843644013694 -0.00499124690142367 0.903751812857299 0.00300000000000011 0.000999999999997669 0.108000000000001 0.102

 8079 79 1000 3 0.9 0.0100000000000002 0.444999999999999 12.825 0.234999999999999 0.999950540752406 -0.00967771857378221 -0.00229299197067858 0.900035009761523 0.999967048676382 0.00334032689844743 -0.0073989038146385 0.903050689110488 0.999950517515345 -0.00968021908502926 -0.00229257044824472 0.899933604186902 0.999967007142313 0.00334284359541556 -0.0074033791975391 0.902891391737225 0.00300000000000011 0.00100000000000122 0.106999999999999 0.119

 8088 88 1000 3 0.9 0.0109999999999997 0.455 12.431 0.241 0.999983369664978 0.0012742326380978 -0.00562465329238254 0.902947152092261 0.999976272221919 -0.000783531418177449 0.0068440537454815 0.904231849247032 0.999983373723972 0.00127353618668348 -0.00562408936659863 0.902797862807201 0.999976259488986 -0.000790339820248674 0.00684513121741826 0.904050374362049 0.00300000000000011 0.00100000000000122 0.102999999999998 0.102999999999998

 8074 74 1000 3 0.9 0.0100000000000002 0.446 13.267 0.232999999999997 0.999989305530427 -0.00404746010874314 0.00223760842014194 0.902434833670043 0.999914588771829 -0.00592104503120466 -0.0116514542870527 0.89914948370016 0.999989296753059 -0.00404935137287164 0.00223810919776698 0.902295174850314 0.999914600802033 -0.00592220821866641 -0.0116498305878071 0.899058618681368 0.00300000000000011 0.00100000000000122 0.102999999999998 0.106999999999999

 8077 77 1000 3 0.9 0.00999999999999979 0.445 12.974 0.245000000000001 0.99998746381021 -0.0015075139141668 -0.00477489520549197 0.905758044833317 0.999977454800149 0.00304981780139663 -0.0059823492704829 0.899088125525551 0.99998748772314 -0.00150021005269832 -0.0047721868111096 0.905546417330151 0.999977446885784 0.00304969887286066 -0.0059837326623029 0.899000465662881 0.00300000000000011 0.00199999999999889 0.109999999999999 0.105999999999998

 8090 90 1000 3 0.9 0.0110000000000001 0.556 11.988 0.23 0.999986383732474 -0.00435932899727874 0.00286855370217021 0.909913870118526 0.999948426077297 -0.00407001479978391 -0.00930484632148539 0.898414270953452 0.999986358379744 -0.0043567624530502 0.00288126280397386 0.909561825454572 0.99994843003363 -0.00407227342510301 -0.00930343283043736 0.898332911124904 0.00300000000000011 0.00199999999999889 0.109999999999999 0.097999999999999

 8082 82 1000 3 0.9 0.0129999999999999 0.432 12.992 0.241 0.999999252603267 0.0011956968864017 0.000255150668153483 0.907354520675092 0.999981899294184 -0.000610690223886019 -0.00598566132076339 0.896534639241857 0.999999252083988 0.00119534288217289 0.000258818197883133 0.907087582200309 0.999981901316389 -0.000610760145249235 -0.00598531634119759 0.89647490757312 0.00400000000000134 0.00199999999999889 0.117999999999999 0.102

 8073 73 1000 3 0.9 0.0130000000000003 0.433 13.542 0.242000000000001 0.999980565404665 0.00507086073823668 -0.00362700762886448 0.903365292222941 0.999998813825985 0.00153351132038791 0.000143838984438821 0.906517399163409 0.999980526297586 0.00507889454720514 -0.00362654874247886 0.903204578897838 0.999998814079284 0.00153294266528988 0.000148077040283732 0.906276839442095 0.00399999999999778 0.000999999999997669 0.113 0.110000000000003

 8078 78 1000 3 0.9 0.0100000000000007 0.451000000000001 13.104 0.238 0.999999884638203 -0.000230240533781994 0.000421560051049856 0.90477445569737 0.999984435929755 0.00385005208320139 0.00403794467607752 0.903102995470371 0.999999884899761 -0.000234141562219632 0.000418781796730849 0.904584811358824 0.999984445298985 0.00384976596502272 0.00403589669048481 0.902943451521783 0.00300000000000011 0.00200000000000244 0.113000000000003 0.109999999999999

 8097 97 1000 3 0.9 0.0089999999999999 0.462000000000001 12.6 0.231999999999999 0.99998513771076 -0.00542903250650341 0.00049996363500572 0.901573624090119 0.999938601668676 -0.00828637538107382 0.00735723289941883 0.89697441187318 0.999985150588989 -0.00542652694790987 0.000501404828029683 0.901448424954418 0.999938610306651 -0.00828622281335929 0.0073562306578503 0.896908145495939 0.00300000000000011 0.00200000000000244 0.100999999999999 0.0990000000000002

 8086 86 1000 3 0.9 0.0110000000000001 0.457 12.793 0.238 0.999951854605913 -0.00957601190221466 -0.00214207055059727 0.904692873622186 0.999994741835117 5.83293742137017e-05 0.00324236022083135 0.899259706896572 0.999951888759496 -0.0095736655303287 -0.00213660820711918 0.904502770252312 0.999994746412123 5.72078182070475e-05 0.00324096828418782 0.899168460065007 0.00300000000000011 0.00199999999999889 0.110999999999997 0.114000000000001

 8099 99 1000 3 0.9 0.0150000000000006 0.562 12.35 0.227999999999998 0.999983801607369 -0.00556782772347008 0.00118144712756877 0.902789509768513 0.999967366382171 0.00185293057488659 0.00786338470320843 0.898796783298234 0.999983803292934 -0.00556783920776297 0.0011799654046236 0.902641539231958 0.999967373268636 0.00185170933808916 0.00786279662409527 0.898711450315859 0.00300000000000011 0.000999999999997669 0.102 0.097999999999999

 8092 92 1000 3 0.9 0.0110000000000001 0.44 12.962 0.238999999999997 0.999944371298618 -0.0103516993667376 0.00202401295258427 0.898281486105092 0.999943170339021 0.0026408166615242 -0.0103287065844777 0.897286231512143 0.999944385997747 -0.0103504448930829 0.00202316635587055 0.898203270414507 0.99994318856507 0.00264082700341374 -0.0103269392880462 0.897216910650885 0.00300000000000011 0.00199999999999889 0.108000000000001 0.105

 8100 100 1000 3 0.9 0.0220000000000002 0.471 12.088 0.236000000000001 0.999999146030736 0.000784521456180198 -0.00104520997087414 0.902808997716771 0.999990546344807 0.00432411106642328 -0.000457476228484143 0.901665715912316 0.999999138990549 0.000783797559478267 -0.00105246356083083 0.902662788079191 0.99999056693798 0.00431926863154879 -0.000458206881606815 0.901540898874033 0.00399999999999778 0.000999999999997669 0.363 0.129999999999999

 8096 96 1000 3 0.9 0.0100000000000002 0.569 12.645 0.249000000000002 0.999996203330852 -0.00274524533905639 -0.000238645993792147 0.906431013413329 0.999999237694669 -0.000945563946878855 -0.000794052204327734 0.900085692820499 0.999996231446306 -0.00273435527606188 -0.000245752741937408 0.906200759039141 0.999999232231743 -0.00094662533442884 -0.000799647672736882 0.899980946940939 0.00300000000000011 0.00100000000000122 0.108999999999998 0.104999999999997

 8091 91 1000 3 0.9 0.0119999999999996 0.451000000000001 13.796 0.243000000000002 0.99999103361945 0.000190211903870239 -0.00423042552644286 0.903970680097634 0.999969250454579 0.00399735166672966 -0.006746801090922 0.903846527760909 0.999991021906021 0.000195288606410471 -0.00423296228577393 0.903799995319728 0.999969206131953 0.00400023962417158 -0.00675165689146774 0.903671357765926 0.00300000000000011 0.00199999999999889 0.119 0.109999999999999

 8094 94 1000 3 0.9 0.0110000000000001 0.508 13.699 0.238 0.999976713971986 -0.00625757471405328 -0.0027229161733362 0.902158317425608 0.999990253180698 0.00261568064771503 -0.00355693102994463 0.903383170716383 0.99997671691746 -0.00625804620383596 -0.00272075002311943 0.902023671676732 0.999990242560078 0.00261913037086626 -0.00355737835178465 0.903221809571366 0.00300000000000011 0.000999999999997669 0.107999999999997 0.107000000000003

 8093 93 1000 3 0.9 0.0110000000000001 0.495 13.736 0.236999999999998 0.999982372122364 0.00226555323283753 0.00548841626320582 0.905251822251288 0.999976297535306 -0.00284649088607189 0.00626911933336405 0.898676218129829 0.999982366039153 0.00226898653009117 0.00548810630943256 0.905051681216006 0.999976300045582 -0.00284570341929884 0.00626907642295959 0.898591871911627 0.00299999999999656 0.00200000000000244 0.111999999999998 0.103999999999999

 8098 98 1000 3 0.9 0.016 0.58 13.32 0.234999999999999 0.999989741061426 0.00306974657408787 -0.00333082990760968 0.901020934279658 0.999964258517637 -0.00835080177598481 0.00132128610455454 0.904267350130561 0.999989739386645 0.00306830016472529 -0.00333266492887447 0.900902074083873 0.999964340665043 -0.00834100964123639 0.00132096801247412 0.904081538586835 0.00300000000000011 0.00200000000000244 0.108000000000001 0.108000000000001

 8040 40 1000 3 0.9 0.012 0.324 8.763 0.151000000000002 0.999988568934769 0.00432467172547144 -0.00203941517612527 0.901084190293049 0.999995236741017 -0.000493055853658781 -0.00304686579975846 0.905965749004843 0.999988554112443 0.00432673709012104 -0.00204230023694727 0.900966191243365 0.999995257094071 -0.000484535988446929 -0.00304154800042905 0.905740645269684 0.00200000000000067 0.00100000000000122 0.0749999999999993 0.0760000000000005

 8103 3 2000 3 0.9 0.204 0.464 25.258 0.457000000000001 0.999974791234346 -0.00450871559399358 0.00548528755112979 0.899353869770691 0.999956763298752 -0.00417044157212913 0.0083113747465622 0.900896026514314 0.999974791993291 -0.00450875722250428 0.00548511497441454 0.899259525172446 0.9999567509364 -0.00417233501528987 0.00831191176793118 0.900779496597856 0.00300000000000011 0.00199999999999889 0.168999999999997 0.173999999999999

 8102 2 2000 3 0.9 0.138999999999999 0.465999999999999 25.74 0.439 0.999997140163197 0.00239093075439531 -5.58171575969975e-05 0.898283861640255 0.999999466733095 0.000686944325598584 0.000771129702538369 0.89930184907453 0.999997134125523 0.00239343334894534 -5.67234009128293e-05 0.898203114278328 0.99999946708257 0.000685199616768661 0.000772227984484427 0.89920925633438 0.00300000000000011 0.00200000000000244 0.177 0.173999999999999

 8101 1 2000 3 0.9 0.194 0.607 26.299 0.442999999999998 0.999999283699023 0.00108088183445656 0.000514097171139855 0.897700854782398 0.999995821639025 -0.00287185768291679 -0.000330360318558019 0.898681282189656 0.999999281928108 0.00108212233836997 0.000514931561146049 0.897627010490675 0.999995823853075 -0.00287119894928529 -0.000329382761769415 0.898598085269978 0.00399999999999778 0.00199999999999534 0.18 0.169000000000004

 8104 4 2000 3 0.9 0.224 0.492 26.356 0.454999999999998 0.999986297889019 0.00521722232658615 0.000429680589786883 0.898004258318539 0.999988472145157 0.00104794555470824 -0.00468587098730875 0.901697086733174 0.999986293985442 0.00521799540931128 0.000429377653660989 0.897927472562793 0.999988458848099 0.00104585881979158 -0.00468917369417252 0.901568194544255 0.00399999999999778 0.00300000000000011 0.177999999999997 0.173999999999999

 8105 5 2000 3 0.9 0.152 0.475 25.126 0.434999999999999 0.999989674900553 0.00107657468142743 -0.00441487024070039 0.897989445772582 0.99999476196119 0.00238117282144584 0.00219227420234901 0.905345118661605 0.999989676201384 0.00107736732209259 -0.00441438221090863 0.897912241892818 0.999994746757715 0.00238682097041698 0.00219306694570035 0.905138476075853 0.00400000000000134 0.00200000000000244 0.167999999999999 0.175000000000001

 8110 10 2000 3 0.9 0.227 0.651 24.554 0.445999999999998 0.999999833223977 -0.000481504242165991 -0.000318913283152784 0.898731511400201 0.999999836309261 -0.000494266807520028 0.000288239090130169 0.901655239132241 0.999999833470779 -0.000481252683248634 -0.000318518867474271 0.898644339149026 0.99999983828183 -0.000489850252987242 0.000288934322638055 0.901527332202414 0.00400000000000134 0.00199999999999889 0.170999999999999 0.167000000000002

 8117 17 2000 3 0.9 0.302 0.742 22.731 0.440000000000001 0.999964187459552 0.00542631642029428 0.00649452757835688 0.895284598287262 0.999994318466804 -0.00188991406629098 -0.00279128266839798 0.904279482019286 0.999964186527931 0.00542607952725815 0.00649486893614684 0.895236104161428 0.999994316570533 -0.00189034100443257 -0.00279167288915752 0.904098833904699 0.00400000000000134 0.00199999999999889 0.163999999999998 0.170999999999999

 8106 6 2000 3 0.9 0.256 0.831 25.122 0.445 0.999995009960957 -0.00110866412226096 -0.00295819489718381 0.896558506127395 0.999981775010054 -0.000795691347478776 -0.00598469072064492 0.899497976459357 0.999995014278835 -0.00110731583910002 -0.00295724011617245 0.896497945607006 0.999981781863998 -0.000794302008137266 -0.00598372997584209 0.899402696108101 0.00300000000000011 0.00200000000000244 0.167999999999999 0.167999999999999

 8112 12 2000 3 0.9 0.355 0.679 24.59 0.450000000000003 0.999975583016945 0.00246124238827748 0.0065403100711601 0.894704930106001 0.999995957786982 -0.000245359642320931 0.00283270336275114 0.902332443425383 0.999975580943741 0.00246071691004446 0.00654082475817354 0.894661073858283 0.999995958401254 -0.000244870365354366 0.00283252884562646 0.902191947245924 0.00299999999999656 0.00199999999999889 0.173000000000002 0.181000000000004

 8109 9 2000 3 0.9 0.21 0.603 25.102 0.449999999999999 0.999996279395457 0.00124477985332052 0.00242728621301659 0.896643804803873 0.999989747812794 -0.00361021193609209 0.00273324698485775 0.894664099021672 0.999996276786828 0.00124592456020051 0.00242777356259545 0.896583384561881 0.999989745215304 -0.00361036939846557 0.00273398921687855 0.894619843683869 0.00300000000000011 0.00199999999999534 0.173000000000002 0.173999999999999

 8107 7 2000 3 0.9 0.273 0.647 25.063 0.452000000000002 0.999989453882723 -0.00442431293578311 0.0012319003123823 0.89874641367811 0.999998709044242 0.00160681877822983 6.57749728196907e-06 0.898826999676648 0.999989448473834 -0.0044247191862938 0.0012348283768213 0.898661176908789 0.999998707352106 0.00160787439459187 5.83512692851302e-06 0.898742879478782 0.00300000000000011 0.00200000000000244 0.182000000000002 0.173999999999999

 8115 15 2000 3 0.9 0.221 0.983 24.466 0.446000000000002 0.999992574823547 -0.000257013010967251 0.00384502822944041 0.897640792489795 0.999998619670436 0.000838513100064754 0.00143441730436547 0.899923510888595 0.999992571743257 -0.000257830028275338 0.00384577456225774 0.897567085645672 0.999998618331206 0.000836579457617402 0.00143647850315891 0.899822615856109 0.00300000000000011 0.00200000000000244 0.18 0.176000000000002

 8122 22 2000 3 0.9 0.387 0.621 23.786 0.440999999999999 0.999999415953211 -0.00107561362285014 -0.000105586796037517 0.897153156693816 0.999993593754271 0.00346029009732825 -0.00091588365019222 0.899545764259567 0.999999415584233 -0.0010760546929483 -0.000104582454525479 0.897085886993464 0.999993582146092 0.0034630061377798 -0.000918289233321152 0.899449851105238 0.00400000000000134 0.00199999999999889 0.174999999999997 0.174999999999997

 8113 13 2000 3 0.9 0.333 0.621 25.175 0.445 0.999989145706054 0.00448176321897005 0.0012736830552259 0.900449449465848 0.999994512155182 -0.00329808448955055 -0.000313525467184071 0.901552085241419 0.999989142122007 0.00448150942403326 0.00127738458400527 0.900339672515699 0.9999945159928 -0.00329722404477243 -0.000310319067305532 0.901428500946099 0.00400000000000134 0.00199999999999534 0.183999999999997 0.176000000000002

 8127 27 2000 3 0.9 0.202999999999999 0.493 23.381 0.452000000000002 0.99999421133054 0.00123652222120494 0.00316990823343716 0.898714512363646 0.999989052439413 -0.00436931058697682 -0.00167455257290932 0.899364526433991 0.999994213571641 0.00123701143084778 0.00316901024853391 0.898630711811777 0.999989054809081 -0.00436818736785255 -0.00167606717056646 0.899269861026234 0.00400000000000134 0.00199999999999889 0.177999999999997 0.173999999999999

 8111 11 2000 3 0.9 0.202 0.697 25.667 0.454999999999998 0.999981476828103 0.00533659875037832 -0.00292689502089127 0.902469978655319 0.999987101983512 -0.00275361616434678 0.00426772358962903 0.896593685765024 0.999981498274691 0.00533244238396742 -0.00292714306532563 0.902323075678294 0.99998710000922 -0.00275418598965649 0.00426781849258742 0.896533737197108 0.00300000000000011 0.00200000000000244 0.186 0.167000000000002

 8116 16 2000 3 0.9 0.3 0.776000000000001 25.279 0.446999999999999 0.999977863095719 0.00602908997411523 0.00281485214603478 0.894648312229684 0.999991381407941 0.00300984382149179 -0.00285971152550451 0.899796336539484 0.999977859929419 0.00602974023293612 0.00281458410823441 0.894604121325005 0.999991379516841 0.00300974903126847 -0.00286047247400476 0.899697551083427 0.00300000000000011 0.00200000000000244 0.178000000000004 0.173999999999999

 8118 18 2000 3 0.9 0.225000000000001 1.188 24.594 0.446000000000002 0.999989904617578 -0.00130057346710362 0.00430106633113667 0.895828910752537 0.999999047979129 -0.000864811868502841 0.0010752400980406 0.899282148988939 0.999989899379895 -0.00130096730914015 0.00430216483281181 0.895776834693554 0.999999048920098 -0.000865210377721335 0.00107404371483816 0.899190283635734 0.00399999999999778 0.00199999999999534 0.173999999999999 0.174999999999997

 8114 14 2000 3 0.9 0.266999999999999 0.665 25.274 0.462 0.999991086524768 0.000313944364109857 0.00421049996441526 0.897469195354641 0.999997887766142 -0.00163409761627661 0.00124667086119278 0.900829220545122 0.999991086016664 0.000315388299827918 0.0042105127281842 0.897398952997586 0.999997888237218 -0.00163298780644394 0.00124774674011634 0.900713009124074 0.00399999999999778 0.00199999999999534 0.177999999999997 0.177

 8108 8 2000 3 0.9 0.167 0.787 26.133 0.464999999999996 0.999965928855108 -0.00114235116777314 0.0081753386933046 0.900030641707394 0.999995451613314 -0.000504784171662824 -0.00297354092349189 0.902314041192729 0.999965919216563 -0.0011441583832674 0.00817626485431786 0.899926226053048 0.999995457525355 -0.000501154937191363 -0.00297216627827026 0.902174627391735 0.00300000000000011 0.00200000000000244 0.180999999999997 0.177999999999997

 8121 21 2000 3 0.9 0.246 0.619 24.834 0.472000000000001 0.999996789487877 0.000507855004739094 -0.00248255860630146 0.896596293199649 0.999999708382321 -0.000407851299801591 -0.000645672200100264 0.899657789700525 0.999996790102008 0.000507186137410765 -0.00248244796569071 0.896535008539501 0.999999708158553 -0.000410436490140752 -0.000644379310197925 0.899560502077682 0.00399999999999778 0.00200000000000244 0.171999999999997 0.177

 8123 23 2000 3 0.9 0.294 0.529 24.862 0.463999999999999 0.999997140106989 -0.00109869521491494 0.00212429910050126 0.903468628122651 0.99999848690709 -0.00146261745903805 0.000941771574312312 0.899690140867109 0.999997139246868 -0.00109816406908957 0.00212497853095014 0.903303259894112 0.999998489807809 -0.00146077071588014 0.000941557760564847 0.899593821790406 0.00300000000000011 0.00200000000000244 0.18 0.171000000000006

 8119 19 2000 3 0.9 0.284999999999999 0.739 24.947 0.478999999999999 0.999998908639732 -0.00147063886792661 -0.000141211420152326 0.895952092059072 0.999972295078146 -0.00537965670921844 0.00514474196015779 0.90068555717237 0.999998907789336 -0.00147123114132138 -0.000141064040909454 0.895899057422558 0.999972286504124 -0.00538093320128792 0.00514507352699243 0.900571644982539 0.00300000000000011 0.00199999999999534 0.169000000000004 0.198

 8125 25 2000 3 0.9 0.272 0.523 24.984 0.465 0.999998807118703 4.08295495607621e-05 -0.00154405120329605 0.901786936167973 0.99999703885051 -0.00233572284523132 -0.000683146398379896 0.902139799568832 0.999998808741794 4.02030035953256e-05 -0.00154301610846223 0.901655818464794 0.999997043689391 -0.00233339460532212 -0.000684019073889526 0.90200407106747 0.00399999999999778 0.00199999999999534 0.179000000000002 0.171999999999997

 8120 20 2000 3 0.9 0.172000000000001 0.899 25.363 0.472000000000001 0.999991263748964 -0.00397848600647892 0.00128221482088506 0.899985328617722 0.999993531628611 -0.00305438151170924 -0.00189933001838165 0.899423701109699 0.999991258334748 -0.00398035718561033 0.00128062904909535 0.899884585924696 0.999993530198305 -0.0030545193739338 -0.00189986129131606 0.8993302742797 0.00300000000000011 0.00200000000000244 0.180999999999997 0.173000000000002

 8128 28 2000 3 0.9 0.222 0.569 24.457 0.471 0.999991372959258 -0.00253911188143293 -0.00328738770324603 0.89826856488141 0.999998286458054 0.000142281336969377 -0.00184576189585004 0.901484618603922 0.999991373188734 -0.00253935152614312 -0.00328713278355569 0.898188326963052 0.999998290394563 0.00014479861336105 -0.00184343193894804 0.901358263601056 0.00400000000000489 0.00200000000000244 0.176000000000002 0.175000000000004

 8126 26 2000 3 0.9 0.291 0.642 25.094 0.460000000000001 0.999991895540901 0.00393186053433838 -0.000865635751326858 0.900806245934404 0.999990602181082 0.00316425136566669 -0.00296362325728368 0.897733808747105 0.999991891959192 0.00393279028715869 -0.00086554978628987 0.900691669517297 0.999990601082344 0.003163800281145 -0.00296447545999629 0.897659973898373 0.00300000000000011 0.00200000000000244 0.179000000000002 0.169999999999995

 8124 24 2000 3 0.9 0.269 0.581 25.445 0.464999999999996 0.999978514657267 -0.000195036777980115 0.00655226560061752 0.899577011141335 0.999999909289594 -0.000375319030860771 0.00020138626925322 0.898083592284261 0.999978509796712 -0.000191181075661848 0.00655312097725854 0.899480121116412 0.999999910008572 -0.000374739471198183 0.000198879805025354 0.898006904203484 0.00299999999999301 0.00199999999999534 0.178000000000004 0.168999999999997

 8129 29 2000 3 0.9 0.186 0.561 24.977 0.460999999999999 0.999999887771638 0.000467534772896194 7.66025353651197e-05 0.895910355948716 0.999992160961941 0.00312551691931154 0.00243087610859195 0.897437057246153 0.999999887513031 0.000468034308735651 7.69273082509777e-05 0.895854911052769 0.999992163468549 0.00312511544896948 0.00243036106813629 0.897367772201158 0.00300000000000011 0.00600000000000023 0.171999999999997 0.167000000000002

 8131 31 2000 3 0.9 0.266 0.526000000000001 25.03 0.457000000000001 0.999997186993528 0.00207725783419759 -0.00114499123209718 0.902132606146664 0.999991992256686 0.0002956740185648 -0.0039909897742543 0.899596406375248 0.999997184765433 0.00207797630083207 -0.0011456333190835 0.90199382641797 0.999991990986921 0.000297343563579622 -0.00399118388695549 0.899500646783412 0.00300000000000011 0.00199999999999534 0.174999999999997 0.170000000000002

 8130 30 2000 3 0.9 0.221 0.613 26.055 0.454000000000001 0.999979441279918 0.00627376852105803 0.00132546069207081 0.901129449604862 0.999990393562389 0.00234759138148111 -0.0037015669173508 0.895525457060579 0.999979443344323 0.00627325493944968 0.0013263337597868 0.901008538163943 0.999990394536739 0.00234702822472775 -0.00370166081238215 0.895474465045 0.00400000000000489 0.00199999999999534 0.174999999999997 0.164999999999999

 8132 32 2000 3 0.9 0.338 0.662999999999999 25.965 0.562999999999995 0.999996674294554 0.00257177780064763 -0.000193284185367556 0.894759792859972 0.99999140040755 0.00155788471364815 0.00384344977408554 0.895716726486396 0.999996673007157 0.00257224197646559 -0.000193767468663495 0.894715324785862 0.999991402744585 0.00155760564050874 0.00384295479871155 0.895664397125147 0.00399999999999778 0.00199999999999534 0.170000000000002 0.335000000000001

 8134 34 2000 3 0.9 0.21 0.53 24.237 0.437999999999999 0.999978854981176 0.00629646189407511 0.00162608676072084 0.899106684511914 0.999993500700676 0.00354440946242238 0.000660089365359485 0.90148591866168 0.999978845586217 0.00629790856324919 0.00162626190584226 0.899015790361888 0.999993503833296 0.00354346490649253 0.000660414766065429 0.90136043077947 0.00300000000000011 0.00199999999999889 0.167000000000002 0.163999999999998

 8133 33 2000 3 0.9 0.29 0.451000000000001 25.224 0.437000000000001 0.999992907786601 -0.00129573821902615 0.00353630300818795 0.896844261645459 0.999999849726819 0.000182519932136581 0.000516945657973844 0.898452469684244 0.999992915772646 -0.0012939798092249 0.0035346882146217 0.896780754373965 0.99999984911577 0.000183602454713379 0.000517743735299311 0.898370826568217 0.00300000000000011 0.00199999999999889 0.164999999999999 0.163999999999994

 8136 36 2000 3 0.9 0.176 0.438 24.28 0.437000000000001 0.999992137865394 0.0015603183501067 0.00364549229117012 0.899654957902946 0.999981466085667 0.0054817242356203 -0.00264918564183225 0.901586727793989 0.999992133284139 0.001559979600845 0.00364689367565318 0.899559285121008 0.999981476334949 0.00547944301486803 -0.00265003607952656 0.901460082374024 0.00300000000000011 0.00199999999999889 0.164999999999999 0.164999999999999

 8135 35 2000 3 0.9 0.193 0.548 26.051 0.438000000000002 0.999979157166521 0.00595180692204137 -0.00250224437184869 0.897819925466337 0.999995961480281 -0.00137246344916761 -0.00248864766665085 0.90137823500594 0.999979154228307 0.00595190716038104 -0.00250317997659173 0.897746926205589 0.999995949740452 -0.00137529370742164 -0.00249180053569522 0.901255439205902 0.00300000000000011 0.00199999999999889 0.162999999999997 0.164000000000001

 8137 37 2000 3 0.9 0.142 0.465999999999999 24.572 0.439 0.999972517964968 -0.00704764558426991 0.00230087081788601 0.896892723072569 0.999999388110328 -0.000270267878020654 -0.0010727228175009 0.900933259169843 0.999972527794471 -0.00704681687197734 0.00229913642655079 0.896828984824852 0.999999388781235 -0.000267012896950666 -0.00107291251691508 0.90081671618559 0.00300000000000011 0.00199999999999889 0.163 0.170999999999999

 8138 38 2000 3 0.9 0.149 0.464 25.79 0.437000000000001 0.999999735601487 5.53802634367593e-05 -0.000725072398173127 0.897154161393581 0.999997977126027 -0.00144277704382684 0.00140147716890318 0.898230624916649 0.99999973495533 5.61028668340794e-05 -0.000725907527225736 0.897087858296507 0.999997974154267 -0.00144357858311129 0.00140277162669229 0.898151701298813 0.00300000000000011 0.00200000000000244 0.190000000000005 0.167000000000002

 8139 39 2000 3 0.9 0.152 0.47 25.872 0.443999999999999 0.99998533006138 0.00308979757085973 0.00444891144027015 0.896688324362875 0.999990853143833 0.00381824462369508 -0.00192733927011946 0.900317897804722 0.999985339439922 0.00308929498431028 0.00444715209148778 0.896625876879224 0.9999908479707 0.00381858939277117 -0.0019293392368073 0.900208392636769 0.00399999999999778 0.00200000000000244 0.168999999999997 0.170999999999999

 8144 44 2000 3 0.9 0.234 0.624 24.181 0.440999999999999 0.999999562311927 0.000457926977601574 0.000815891436886632 0.897060607480484 0.999999552982224 0.000944777967700404 3.78145953049358e-05 0.900709664523332 0.999999562937917 0.000457896394099245 0.000815141010170243 0.896995580421723 0.999999551832477 0.000945999949309144 3.76688241019724e-05 0.900597009331601 0.00300000000000011 0.00200000000000244 0.166999999999998 0.179000000000002

 8145 45 2000 3 0.9 0.24 0.581 24.374 0.451000000000001 0.999992554646483 0.00297237747353292 -0.00246081770051761 0.899023166246636 0.999995204866208 -0.000749047577632846 0.00300485811918509 0.902811403562559 0.999992561263279 0.0029704545122017 -0.00246045079171571 0.898933628467026 0.999995207898615 -0.000747088639972672 0.00300433659383202 0.902662084276337 0.00400000000000134 0.00100000000000122 0.172000000000001 0.171000000000003

 8141 41 2000 3 0.9 0.141 0.822 24.638 0.448 0.9999993789508 0.00108175585602425 0.000268146007434132 0.893873868572341 0.9999906654702 0.00281374348660896 -0.00327899680661545 0.897168794105327 0.999999378653201 0.00108218849549168 0.000267509385916154 0.893835711003201 0.999990666566312 0.00281384268955777 -0.00327857737149142 0.897099979756057 0.00300000000000011 0.00199999999999889 0.166 0.167000000000002

 8156 56 2000 3 0.9 0.228000000000001 0.5 22.953 0.452000000000002 0.999985880668781 0.00251477576395405 0.00468127823789495 0.896773956028616 0.999987785115766 -0.00494230389977123 5.70212894781284e-05 0.900621644116501 0.999985881865321 0.00251413847218674 0.00468136494835191 0.896710534539121 0.999987790727772 -0.00494115465177611 5.81901779327681e-05 0.900511793178129 0.00300000000000011 0.00200000000000244 0.168999999999997 0.167000000000002

 8142 42 2000 3 0.9 0.226 0.893 24.425 0.454000000000001 0.999992268432497 -0.00247195453833016 0.00305818835069383 0.896963038826408 0.99999715453289 -0.00230403391162142 0.000618347683222604 0.899775327148762 0.999992264753565 -0.00247290518201879 0.0030586227288479 0.896899193933379 0.99999715047691 -0.00230564754442462 0.000618892123692309 0.89967957812185 0.00300000000000011 0.00199999999999889 0.169 0.166999999999994

 8143 43 2000 3 0.9 0.198 0.553999999999999 24.804 0.450999999999997 0.999999812679421 -6.58836942521814e-05 0.000608523180225498 0.897402045591952 0.999970154983211 0.00421018475734866 0.00647792305925971 0.897310753752461 0.999999812265864 -6.53971997417599e-05 0.000609254826266226 0.897332409691148 0.999970155809603 0.00421083639475778 0.00647737191880807 0.89724314691409 0.00300000000000011 0.00200000000000244 0.180999999999997 0.172000000000004

 8147 47 2000 3 0.9 0.25 0.748 24.224 0.443000000000001 0.999995182759921 -0.00014307207831285 0.00310064305141356 0.900151419733047 0.999994844088195 0.0011161839737929 0.00301096834294181 0.898280759912143 0.999995171146856 -0.000144371619613753 0.00310432598248654 0.900045600707883 0.999994840554638 0.00111527872243198 0.00301247696671314 0.898201323372172 0.00300000000000011 0.00199999999999889 0.173999999999999 0.168000000000003

 8146 46 2000 3 0.9 0.146 0.665 24.558 0.449999999999999 0.999993969057711 0.000397320705291489 0.00345021513276249 0.898168577597336 0.999998565758268 0.0010889572954741 0.00129717131283784 0.901068605293257 0.999993961885465 0.000398024334384167 0.00345221222423891 0.898089624298184 0.999998566131464 0.00108667123926037 0.00129879968937266 0.900951663249802 0.00300000000000011 0.00200000000000244 0.170000000000002 0.167999999999999

 8140 40 2000 3 0.9 0.133 0.589 26.03 0.448 0.999994491320705 0.0024124368515596 0.00227979750880212 0.898746379702247 0.999996826171444 -0.0012904733397359 -0.00216386820254574 0.901143841321396 0.999994492811814 0.00241178879788797 0.00227982912466622 0.898661775902374 0.999996828604565 -0.00128862239991441 -0.0021638468343366 0.901022021097009 0.00300000000000011 0.00199999999999534 0.167999999999999 0.170999999999999

 8149 49 2000 3 0.9 0.231 0.723 24.484 0.456 0.999991275905805 -0.00354954519600365 0.0022020084428662 0.896434500893694 0.999979006909775 0.00587672029528172 -0.00272945018460433 0.902484832722967 0.999991269756475 -0.00355084387316299 0.00220270711208716 0.896374745726203 0.999978995421376 0.0058779154341959 -0.00273108516967822 0.90234335954152 0.00300000000000011 0.00200000000000244 0.169 0.167999999999999

 8148 48 2000 3 0.9 0.266 0.719 24.345 0.448 0.999998921662924 -0.000772292382138996 0.00124909465851046 0.898576833813358 0.999995727823281 0.0011548427417347 -0.00268526971243839 0.897478569447776 0.999998924081961 -0.00077028852955256 0.00124839517034799 0.898494661968952 0.999995723330056 0.00115537088584384 -0.00268671541386598 0.89740933335526 0.00300000000000011 0.00199999999999889 0.169 0.166000000000004

 8150 50 2000 3 0.9 0.228 0.957 24.229 0.454999999999998 0.99999508713107 0.00145737229241649 -0.00277520805088137 0.896699135790482 0.999995964808773 -0.00239527669567842 -0.00152742126542449 0.899032310210102 0.99999508807349 0.00145700974709183 -0.00277505882639504 0.896637362529149 0.999995964746002 -0.00239534319038372 -0.00152735808246923 0.898944193090311 0.00300000000000011 0.00200000000000244 0.167999999999999 0.164999999999999

 8159 59 2000 3 0.9 0.207 0.45 23.646 0.451999999999998 0.999997670840748 -0.00159118291276971 0.00145823524068862 0.899052651500796 0.999996142397413 -0.00270780873124882 0.000618839371509534 0.896603761942589 0.999997668527221 -0.00159211477655757 0.00145880453120376 0.898962977740722 0.999996141792801 -0.00270757840614529 0.000620820977555087 0.896543971461875 0.00400000000000134 0.00200000000000244 0.173999999999999 0.160999999999998

 8151 51 2000 3 0.9 0.23 0.689 24.552 0.456000000000003 0.999997541904597 -0.000158313588927987 -0.00221158802007469 0.898743214292141 0.999994463664664 -0.000352686743005031 0.0033088143014269 0.901532789459996 0.999997545052236 -0.000158228806010474 -0.00221017038845953 0.898656552241251 0.99999446502838 -0.000354461429411572 0.00330821246274496 0.901406906068782 0.00400000000000134 0.00199999999999889 0.172999999999995 0.167999999999999

 8155 55 2000 3 0.9 0.193 0.590999999999999 24.425 0.451999999999998 0.999995418355848 -0.000801484715316774 -0.00291905627968259 0.897567823213689 0.99999571490918 0.00161962727019177 0.00243864117552142 0.899725504248619 0.999995420864815 -0.000800232200742863 -0.00291854035892691 0.897496419611437 0.999995710228997 0.00161996266509163 0.00244033697845874 0.89962837753939 0.00300000000000011 0.00199999999999889 0.167000000000002 0.161999999999999

 8154 54 2000 3 0.9 0.202 0.653 24.31 0.458000000000002 0.99999696712847 0.000209810335846262 0.00245391798663345 0.898530083425246 0.999986223336119 -0.00422683169782937 -0.0031123996791809 0.89921226003581 0.9999969686837 0.000208259686683563 0.00245341625388576 0.898448508799317 0.999986228324805 -0.00422658398493329 -0.00311113300072676 0.899124445620906 0.00300000000000011 0.00199999999999889 0.167000000000002 0.160000000000004

 8158 58 2000 3 0.9 0.236000000000001 0.447 24.146 0.448999999999998 0.999998720760929 -0.000230260322323636 0.00158286344617255 0.893737913248424 0.999998938646682 -0.00120739481437213 0.000815416011587055 0.903481570414084 0.999998719241145 -0.000230331045641836 0.00158381301914736 0.893700460489622 0.999998937924103 -0.00120978765968511 0.000812751182148728 0.903317007776602 0.00300000000000011 0.00200000000000244 0.163999999999998 0.169

 8152 52 2000 3 0.9 0.216 0.613 24.657 0.457000000000001 0.999995537828995 -0.00253391650259466 0.00158227344605472 0.898474114893963 0.999998648298132 0.00152924018280433 -0.000604008585331189 0.902635663704981 0.999995537706717 -0.00253297128471512 0.00158386335454585 0.898392850448853 0.999998651095712 0.00152774137169957 -0.00060316917797694 0.902487582779282 0.00300000000000011 0.00199999999999889 0.166000000000004 0.165999999999997

 8153 53 2000 3 0.9 0.175 0.624000000000001 24.501 0.476000000000003 0.999998074440782 0.000252634313916626 0.00194609625456345 0.899645665390325 0.999983634178244 0.00572067262878692 7.26659916154106e-05 0.90317228922764 0.999998073076876 0.000253586683960953 0.00194667314378549 0.899548614820061 0.99998363007326 0.00572135201955773 7.56080215882434e-05 0.903016553523914 0.00400000000000134 0.00200000000000244 0.175999999999995 0.257000000000005

 8157 57 2000 3 0.9 0.214 0.617999999999999 24.743 0.454999999999998 0.999994848400778 0.00318583494191244 0.000391953604345023 0.899792954102392 0.999998736106076 0.00157748825124784 0.000198285320499008 0.900092034453537 0.999994845005772 0.00318706838589711 0.000390585440191182 0.899693161161122 0.99999873462509 0.00157842431664011 0.00019830505404825 0.89998871742727 0.00300000000000011 0.00200000000000244 0.165999999999997 0.161999999999999
