
 2520 20 500 2 0.7 0.00200000000000022 0.291 0.191 0.119 0.997971323020718 -0.063665048718097 0.709320561292168 0.999794693459957 -0.0202625499212141 0.70737581673729 0.997971306270135 -0.0636653112886444 0.709317426180381 0.999794718522565 -0.0202613132443554 0.707373188942883 0.00299999999999923 0.000999999999999446 0.0440000000000005 0.0439999999999996

 2525 25 500 2 0.7 0.00299999999999923 0.306 0.187 0.113 0.999697916236178 -0.0245779631589636 0.704822338530976 0.999999168993114 -0.00128919086273475 0.663895099001964 0.999697901740258 -0.0245785527671002 0.704819490165189 0.99999916931106 -0.00128894421477455 0.663891578059789 0.00299999999999923 0.00100000000000033 0.048 0.0460000000000003

 2523 23 500 2 0.7 0.00199999999999978 0.311 0.204000000000001 0.115 0.999953232616769 0.00967122429026889 0.698935579065482 0.999996424260328 0.00267422260812797 0.675287336698809 0.999953235774932 0.00967089774751252 0.698932384643076 0.999996424503047 0.00267413184462126 0.675284524438975 0.00300000000000011 0.000999999999999446 0.0470000000000006 0.0419999999999998

 2524 24 500 2 0.7 0.00299999999999923 0.306 0.194 0.114 0.999872984151425 -0.0159378657330051 0.697115579897297 0.999564505403522 -0.0295093127234776 0.695019307859006 0.999872979477461 -0.0159381589546542 0.69711187877998 0.999564517929648 -0.0295088884248683 0.695016376773489 0.00300000000000011 0.00100000000000033 0.0490000000000004 0.0430000000000001

 2528 28 500 2 0.7 0.00300000000000011 0.312 0.198 0.115 0.999994200435803 0.00340574437660633 0.686923317175317 0.999747746450067 -0.0224598189666169 0.71331100556782 0.999994200462913 0.00340573641655013 0.686920289942236 0.999747751062979 -0.0224596136323924 0.713308011573149 0.00199999999999978 0.000999999999999446 0.0469999999999997 0.0459999999999994

 2522 22 500 2 0.7 0.00199999999999978 0.3 0.188000000000001 0.119000000000001 0.999999139846418 0.00131160452269899 0.677448370006587 0.999756653112828 0.0220597950270909 0.703673350242371 0.999999140392959 0.00131118776008339 0.677444935390856 0.999756649070821 0.0220599782113257 0.703670364257175 0.00199999999999978 0.00100000000000033 0.0460000000000003 0.0449999999999999

 2529 29 500 2 0.7 0.00299999999999923 0.309 0.185 0.119 0.999893412484517 -0.0146001256867271 0.730160305834869 0.999611825336236 0.0278603418492791 0.687901968548529 0.999893483382728 -0.014595269396393 0.729471460995284 0.999611826867968 0.0278602868916367 0.687899224698178 0.00199999999999978 0.000999999999999446 0.0599999999999996 0.0430000000000001

 2527 27 500 2 0.7 0.00299999999999923 0.303 0.198 0.12 0.999999776913225 -0.000667962200442756 0.705803709479563 0.999011435480026 0.0444539287368105 0.691520491260384 0.999999777093771 -0.000667691851080164 0.705800222777924 0.999011457637689 0.0444534307857079 0.691517477199579 0.00199999999999978 0 0.0459999999999994 0.0439999999999996

 2521 21 500 2 0.7 0.00300000000000011 0.308 0.192 0.117999999999999 0.999747339705495 -0.0224779169805911 0.720554039929362 0.999996204453124 0.00275519134468966 0.690659678417952 0.999746945947732 -0.0224954232719248 0.720705809539554 0.99999620269043 0.00275583103976034 0.690656900020585 0.00300000000000011 0.00100000000000033 0.0579999999999998 0.0439999999999996

 2530 30 500 2 0.7 0.00299999999999923 0.298999999999999 0.188000000000001 0.118 0.999780953830569 -0.0209295092545967 0.701335948859229 0.999409795914826 -0.0343519989154378 0.672457430360589 0.999780953417533 -0.0209295289848699 0.70133294624949 0.999409817753981 -0.0343513635385025 0.672453902727101 0.00299999999999923 0.000999999999999446 0.0470000000000006 0.0460000000000003

 2532 32 500 2 0.7 0.00200000000000067 0.296 0.188 0.118 0.999687034838685 -0.0250166419696646 0.715956816643594 0.999980094093855 0.0063096288357557 0.696548672939714 0.999687035495723 -0.0250166157138384 0.715953751913814 0.999980094062159 0.00630963385900263 0.696545607330559 0.00199999999999978 0.00100000000000033 0.0469999999999997 0.0449999999999999

 2534 34 500 2 0.7 0.00200000000000067 0.296 0.2 0.117 0.99896200455168 -0.0455512180088356 0.69798671817134 0.999658503017766 -0.0261319219400314 0.707099172608923 0.998962007256641 -0.0455511586876071 0.697983806495839 0.999658488447359 -0.0261324793148465 0.707096067190712 0.00199999999999978 0.00100000000000033 0.0459999999999994 0.0460000000000003

 2533 33 500 2 0.7 0.00199999999999978 0.292 0.202 0.119 0.999998120991062 -0.00193855986361427 0.687634853706503 0.999766051185823 0.0216296762876151 0.697391285288063 0.999998121072069 -0.00193851807629565 0.68763164908161 0.999766061615662 0.021629194194602 0.697388271423312 0.00200000000000067 0.000999999999999446 0.0469999999999997 0.0440000000000005

 2537 37 500 2 0.7 0.00300000000000011 0.292 0.204 0.119999999999999 0.999514678629163 -0.0311513595985962 0.69656232454316 0.999951704807618 0.0098279220763889 0.668544149041614 0.999514687199768 -0.0311510846031001 0.696559267889512 0.999951700111808 0.00982839984459578 0.668540883878718 0.00199999999999978 0 0.0460000000000003 0.0430000000000001

 2539 39 500 2 0.7 0.00199999999999978 0.299 0.193 0.122999999999999 0.999999609794217 -0.000883408973094942 0.679376620752998 0.999781034101687 -0.0209256744350706 0.688378553069867 0.999999609528014 -0.00088371025797256 0.679373572026469 0.999781047436903 -0.020925037299109 0.688375680417491 0.00300000000000011 0.00100000000000033 0.0449999999999999 0.0439999999999996

 2538 38 500 2 0.7 0.00300000000000011 0.296 0.211 0.123 0.999998806787291 -0.00154480548754628 0.717249467511996 0.9998263095394 -0.0186373483313682 0.690317074507015 0.999998806793193 -0.00154480166697853 0.71724656305342 0.99982632561888 -0.0186364857054207 0.690314294635656 0.00300000000000011 0.000999999999999446 0.0540000000000003 0.0440000000000005

 2536 36 500 2 0.7 0.00199999999999978 0.293 0.21 0.124000000000001 0.999290471100293 -0.0376637009354518 0.710297784556737 0.999968453052817 -0.00794310387415727 0.721317694710271 0.999290453130375 -0.0376641777089419 0.710294219742576 0.999968444321079 -0.0079442030488017 0.721413339476814 0.00300000000000011 0.000999999999999446 0.0570000000000004 0.0529999999999999

 2550 50 500 2 0.7 0.00300000000000011 0.294 0.203 0.123 0.99972651785259 -0.023385668738268 0.737582980938588 0.999998862209987 -0.00150850214854246 0.675692427476177 0.999726932303913 -0.0233679444155375 0.737292743427929 0.999998862404903 -0.00150837293115782 0.675689821278941 0.00199999999999978 0.000999999999999446 0.069 0.0460000000000003

 2543 43 500 2 0.7 0.00299999999999923 0.297 0.186 0.119 0.999146461722321 -0.0413079656696617 0.692874394926928 0.999978887549314 0.00649803475187806 0.733913859754105 0.999146463220318 -0.0413079294364896 0.692871630778751 0.999978918949766 0.00649320075594941 0.733442405476601 0.00199999999999978 0.000999999999999446 0.0529999999999999 0.0629999999999997

 2542 42 500 2 0.7 0.00200000000000067 0.289000000000001 0.185 0.117999999999999 0.999757758693295 -0.0220096327220555 0.7051111330675 0.99910395370925 -0.0423236303091426 0.708402448392646 0.999757762649914 -0.0220094529972323 0.705108252908086 0.999103969587052 -0.0423232554914635 0.70839958911562 0.00399999999999956 0.00100000000000033 0.0489999999999995 0.0440000000000005

 2549 49 500 2 0.7 0.00299999999999923 0.288 0.204 0.116 0.999286031172137 -0.0377813168674398 0.686988517627598 0.999901495529483 -0.0140356416990378 0.699118081503036 0.999286046110653 -0.0377809217534188 0.686984837651088 0.999901484617923 -0.0140364190188733 0.699115437515413 0.00400000000000045 0.00100000000000033 0.0520000000000005 0.0430000000000001

 2548 48 500 2 0.7 0.00300000000000011 0.293 0.184 0.118 0.999962059549022 0.00871088184269907 0.714022903861221 0.998944370028996 0.0459363210038856 0.702069104367718 0.999962055563417 0.00871133935662664 0.714020176056308 0.998944371992441 0.0459362783062251 0.702066425624163 0.00300000000000011 0.000999999999999446 0.0490000000000004 0.0440000000000005

 2535 35 500 2 0.7 0.00200000000000067 0.287 0.185 0.119 0.999565243459326 -0.0294843020622571 0.679133984871727 0.99951806183317 0.0310426169847609 0.701464676995121 0.999565235758852 -0.0294845631195453 0.679130864437819 0.999518060857038 0.0310426484145133 0.701461587663732 0.00400000000000045 0.00199999999999978 0.048 0.0449999999999999

 2541 41 500 2 0.7 0.00299999999999923 0.29 0.192 0.118 0.999996227355734 -0.00274686626894124 0.691979206718638 0.999651812040511 0.0263866383634326 0.693712164152436 0.999996228601338 -0.00274641276941284 0.691976575897162 0.999651819470412 0.026386356881812 0.693709278012751 0.00300000000000011 0.000999999999999446 0.0470000000000006 0.0430000000000001

 2546 46 500 2 0.7 0.00300000000000011 0.289000000000001 0.194 0.116 0.999995137865543 -0.0031183722153717 0.704797562921418 0.999728147354496 0.0233159041674986 0.701192151339049 0.999995138046846 -0.00311831407472319 0.704794616590367 0.999728161862009 0.0233152821130247 0.701188844946681 0.00300000000000011 0.000999999999999446 0.0499999999999998 0.0439999999999996

 2545 45 500 2 0.7 0.00199999999999978 0.293 0.184 0.114999999999999 0.999954080036145 -0.00958320505192265 0.701756687702819 0.998929135721796 -0.046266422015378 0.709210966607324 0.999954082701738 -0.00958292690808909 0.701753543565571 0.998929116048538 -0.0462668467748322 0.709207872076479 0.00399999999999956 0.00100000000000033 0.0510000000000002 0.0430000000000001

 2547 47 500 2 0.7 0.00399999999999956 0.3 0.194 0.114999999999999 0.999991359365996 -0.00415706547305155 0.724453886593719 0.999181135960399 0.0404605677281701 0.695190495495298 0.999991489508129 -0.00412564071556396 0.724953010300197 0.999181119860614 0.0404609653133661 0.695186823699924 0.00400000000000045 0.00199999999999978 0.0679999999999996 0.0449999999999999

 2544 44 500 2 0.7 0.00300000000000011 0.29 0.191 0.121 0.999930235961566 -0.0118119943213263 0.688916518752937 0.999986984938217 0.00510195591658652 0.709878853908353 0.999930231150593 -0.011812401581498 0.688913512070823 0.999986984536006 0.00510203474954077 0.709875952379169 0.00300000000000011 0.00100000000000033 0.0490000000000004 0.0439999999999996

 2540 40 500 2 0.7 0.00300000000000011 0.290999999999999 0.202 0.119 0.999859337185583 -0.0167721746594369 0.704799143100062 0.999881731319126 -0.0153793164434449 0.679760098135738 0.999859346303839 -0.016771631073331 0.704796200740786 0.999881727675317 -0.0153795533427829 0.67975736182858 0.00299999999999923 0.000999999999999446 0.0510000000000002 0.0410000000000004

 2526 26 500 2 0.7 0.00300000000000011 0.306 0.188 0.114 0.999920425377684 0.0126151857897902 0.716817149877505 0.99975870149234 -0.0219667655868987 0.72893016115572 0.999920429343338 0.0126148714553687 0.716814218361205 0.999758924603141 -0.0219566089451765 0.7284881401478 0.00300000000000011 0.000999999999999446 0.0500000000000007 0.418

 2551 51 500 2 0.7 0.00300000000000011 0.298 0.201 0.121 0.999851094423339 -0.0172565634021036 0.692811711866123 0.999916403167447 0.0129300687034547 0.673081417442939 0.999851101707543 -0.0172561413477188 0.692808914081786 0.999916402020069 0.0129301574329134 0.673078412681891 0.00200000000000067 0.000999999999999446 0.0460000000000003 0.0390000000000006

 2552 52 500 2 0.7 0.00400000000000045 0.293 0.199 0.121 0.999791332113984 -0.020427731879602 0.708415541005809 0.999996756512264 -0.002546952090583 0.703209650774518 0.999791337229107 -0.0204274815293922 0.708412725360334 0.999996756442919 -0.00254697931708326 0.703206743916237 0.00300000000000011 0.000999999999999446 0.0470000000000006 0.0410000000000004

 2531 31 500 2 0.7 0.00199999999999978 0.295999999999999 0.185 0.116000000000001 0.999838099190851 -0.0179937602080823 0.700295623906227 0.999909293480774 0.0134686603186661 0.728393663161573 0.999838090199032 -0.0179942598389813 0.700292546324859 0.999909385050969 0.0134618604581086 0.728671846848299 0.00200000000000067 0.00100000000000033 0.0449999999999999 0.401

 2553 53 500 2 0.7 0.00199999999999978 0.298999999999999 0.19 0.118 0.998994762694093 -0.0448270466322762 0.666058185867117 0.999432468669578 0.0336859105418447 0.722343303570205 0.998994760329398 -0.0448270993307414 0.666055277508262 0.999432363120716 0.0336890419415673 0.722645584351027 0.00199999999999978 0.00100000000000033 0.0490000000000004 0.0640000000000001

 2554 54 500 2 0.7 0.00300000000000011 0.301 0.189 0.114999999999999 0.999991961524962 0.00400959916449616 0.705620787739973 0.999904008910852 0.0138554308488574 0.7083389209191 0.999991962231666 0.0040094229088303 0.705617946407654 0.999904012617194 0.0138551633708654 0.708335702557563 0.00300000000000011 0.00100000000000033 0.0489999999999995 0.0460000000000003

 2556 56 500 2 0.7 0.00199999999999978 0.297000000000001 0.193 0.117 0.999580938342744 0.0289473263331858 0.726123776469883 0.999890965883082 0.0147667310329054 0.678635226103641 0.999580380321522 0.0289665889652419 0.726769487733894 0.999890971316958 0.0147663630874688 0.678632518063 0.00299999999999923 0 0.0659999999999998 0.0440000000000005

 2557 57 500 2 0.7 0.00199999999999978 0.297000000000001 0.202 0.115 0.999981161776198 0.0061380854282742 0.698861013474621 0.999632750544305 0.0270991520019864 0.691392495027163 0.999981162835977 0.00613791277280053 0.698857925673716 0.999632750210089 0.0270991643305358 0.691389467789674 0.00199999999999978 0.000999999999999446 0.0469999999999997 0.0449999999999999

 2560 60 500 2 0.7 0.00200000000000067 0.295 0.199 0.114 0.999935250471402 -0.0113795810421208 0.710783733227522 0.999999664823029 -0.000818751384973828 0.64755886124022 0.999935249560283 -0.0113796611027768 0.710780549024373 0.999999664236851 -0.000819467012694935 0.647555911387187 0.00299999999999923 0.000999999999999446 0.0460000000000003 0.0439999999999996

 2555 55 500 2 0.7 0.00300000000000011 0.297 0.196000000000001 0.114 0.999640010473218 -0.026830010456671 0.72378820722198 0.999202367710349 0.0399327980741844 0.712524909481821 0.999640422307292 -0.0268146618344946 0.724223457899168 0.999202352440688 0.0399331801512866 0.712521918797306 0.00300000000000011 0.00100000000000033 0.0670000000000002 0.0460000000000003

 2562 62 500 2 0.7 0.00199999999999978 0.287 0.194 0.114999999999999 0.999922912145861 -0.0124165118185828 0.675886716294751 0.999859434798052 0.0167663545626233 0.68099218331228 0.999922916286762 -0.0124161783402205 0.675884027551358 0.999859443480445 0.0167658367812007 0.680989165196098 0.00200000000000067 0.00100000000000033 0.0439999999999996 0.0450000000000008

 2558 58 500 2 0.7 0.00199999999999978 0.291 0.188 0.116000000000001 0.999987797933231 0.00494003893171474 0.720923512177214 0.999206852255614 -0.0398204269870139 0.700768328362713 0.999987832099401 0.00493311799381202 0.721105907060921 0.999206838558436 -0.0398207706863554 0.700765367334937 0.00199999999999978 0.00100000000000033 0.0590000000000002 0.0459999999999994

 2561 61 500 2 0.7 0.00199999999999978 0.287 0.19 0.114 0.998842705706589 -0.0480962499238743 0.699521437421029 0.996854399868835 0.0792546873197024 0.704553596964594 0.998842690610284 -0.0480965634365814 0.699518251297932 0.9968544415914 0.0792541625373576 0.704550592071271 0.00300000000000011 0.00100000000000033 0.0490000000000004 0.048

 2559 59 500 2 0.7 0.00300000000000011 0.286 0.202 0.115 0.999960082403248 -0.00893496503014843 0.704540018656995 0.9999290265669 -0.0119139342356912 0.708820694597452 0.999960081734806 -0.0089350398388024 0.704536767575576 0.999929015104104 -0.0119148962620918 0.708817649615676 0.00299999999999923 0.00100000000000033 0.0499999999999998 0.0470000000000006

 2563 63 500 2 0.7 0.00200000000000067 0.296 0.203 0.122 0.999917624171678 -0.012835297848781 0.69123854380544 0.99997535962318 0.00701998194390468 0.729705613468242 0.999917626090009 -0.0128351484027796 0.691235400507035 0.99997529144586 0.00702968688968246 0.729002344530671 0.00199999999999978 0.000999999999999446 0.0490000000000004 0.0580000000000007

 2564 64 500 2 0.7 0.00300000000000011 0.3 0.194000000000001 0.119000000000001 0.998270000366413 -0.058796312541188 0.703313018682278 0.999850305750924 0.0173021989869431 0.706112773283709 0.998270016375554 -0.058796040730235 0.703309740352418 0.999850303985546 0.0173023010033491 0.706109851866208 0.00200000000000067 0.00100000000000033 0.0519999999999996 0.0450000000000008

 2565 65 500 2 0.7 0.00300000000000011 0.299 0.187 0.119 0.999846793486136 -0.0175039868456472 0.718744792314609 0.999854190593562 -0.0170762277008917 0.714718363651973 0.999846790848278 -0.0175041375223133 0.718741902153612 0.999854192808922 -0.0170760979857789 0.714715129091171 0.00199999999999978 0.00100000000000033 0.0510000000000002 0.0449999999999999

 2566 66 500 2 0.7 0.00199999999999978 0.314 0.199 0.114 0.999951931380353 -0.00980484210493704 0.723691426230965 0.999915439298545 -0.0130043935805356 0.716332843207145 0.999952065111913 -0.00979119392214549 0.724110595301956 0.999915436808161 -0.0130045850661902 0.716329932707469 0.00300000000000011 0 0.0659999999999998 0.0460000000000003

 2568 68 500 2 0.7 0.00300000000000011 0.309 0.2 0.115 0.999310235099519 -0.0371356166684247 0.709463127374095 0.99764328467193 0.0686139675940826 0.69639864702796 0.999310255725865 -0.0371350616144104 0.709460345527533 0.997643260807974 0.0686143145738064 0.696395560080836 0.00300000000000011 0.000999999999999446 0.0490000000000004 0.0430000000000001

 2567 67 500 2 0.7 0.00299999999999967 0.308000000000001 0.198 0.115 0.998945201422578 -0.0459182377144864 0.735520463234448 0.999964370957726 -0.00844137519119743 0.704388879458002 0.998944879932761 -0.0459252311493449 0.735142707251895 0.999964371579465 -0.0084413015397371 0.704385625207757 0.00200000000000067 0 0.0629999999999997 0.0449999999999999

 2570 70 500 2 0.7 0.00200000000000022 0.295 0.196000000000001 0.12 0.999981467972361 0.00608799735889277 0.708925216508513 0.999897212412821 -0.0143375245098021 0.710552612563378 0.999981467110391 0.00608813893982125 0.708922246421365 0.999897216241728 -0.0143372574798546 0.71054967186867 0.00300000000000011 0.00100000000000033 0.0439999999999996 0.0449999999999999

 2572 72 500 2 0.7 0.00200000000000022 0.303 0.219 0.122 0.999847162039078 0.0174829220212943 0.698123566616879 0.999533734097355 -0.0305338238908596 0.702880762311262 0.99984715813534 0.0174831452743375 0.698120330677561 0.999533714479279 -0.0305344660876072 0.702877760919156 0.00199999999999978 0 0.0489999999999995 0.0439999999999996

 2573 73 500 2 0.7 0.00300000000000011 0.297000000000001 0.205 0.12 0.999669858105109 -0.0256938668968173 0.712624357087458 0.999835517323163 -0.0181366562277532 0.693088035233997 0.99966984654068 -0.0256943168294873 0.712621793529551 0.999835527998685 -0.0181360676992077 0.693084793076942 0.00300000000000011 0.000999999999999446 0.0469999999999997 0.0470000000000006

 2569 69 500 2 0.7 0.00299999999999967 0.297 0.2 0.118 0.999889924430966 -0.01483708264578 0.707149333835911 0.999954265728477 0.0095638094618539 0.707259277104573 0.999889920830723 -0.0148373252687403 0.707146287938373 0.999954262336518 0.00956416410519363 0.707256063201153 0.00300000000000011 0.00100000000000033 0.048 0.048

 2571 71 500 2 0.7 0.00199999999999978 0.297 0.203 0.118 0.999883004389448 0.01529632417058 0.726726484187951 0.9994386392649 -0.0335023334161372 0.68531500859322 0.999883285186996 0.015277958098541 0.72739657381286 0.99943862562018 -0.0335027404617194 0.685312337587874 0.00199999999999978 0.000999999999999446 0.0650000000000004 0.0419999999999998

 2577 77 500 2 0.7 0.00300000000000011 0.307 0.215999999999999 0.117999999999999 0.999549402237596 -0.0300165368832589 0.716055083254651 0.999706867196182 -0.0242111478619795 0.706414071798898 0.999549411893538 -0.0300162153390713 0.71605238324748 0.999706871040303 -0.0242109891331983 0.70641117074657 0.00199999999999978 0.000999999999999446 0.0490000000000004 0.0439999999999996

 2579 79 500 2 0.7 0.00300000000000011 0.3 0.207000000000001 0.117 0.999957040388239 -0.00926916274501597 0.730643164228822 0.999039414678344 0.0438206334864274 0.67035869110793 0.999956660942606 -0.00931000733160334 0.730002921495591 0.999039438235956 0.0438200964077579 0.670355301879822 0.00300000000000011 0.00100000000000033 0.0620000000000003 0.0439999999999996

 2581 81 500 2 0.7 0.00300000000000011 0.294 0.196 0.12 0.999989984627659 -0.00447556078883693 0.725791701861096 0.999886437040435 0.015070269492726 0.712615891053511 0.999989854482762 -0.00450454565348931 0.726356604794445 0.999886441876351 0.0150699486346243 0.712612885297311 0.00300000000000011 0 0.0620000000000003 0.0459999999999994

 2575 75 500 2 0.7 0.00199999999999978 0.296 0.195 0.12 0.999935899152653 -0.0113224372718867 0.713149826645661 0.999830919644247 -0.0183883692409131 0.732413230505937 0.999935902978507 -0.0113220993882463 0.713146867870506 0.999831629050812 -0.0183497561182393 0.731855759091902 0.00199999999999978 0.00100000000000033 0.0489999999999995 0.0600000000000005

 2576 76 500 2 0.7 0.00299999999999923 0.298 0.204000000000001 0.116000000000001 0.999958316233137 -0.00913048718246168 0.686895818387868 0.9996924516962 0.0247992342954728 0.703135743678941 0.999958319606848 -0.00913011769089656 0.686892778056457 0.999692444785981 0.0247995128546595 0.703133104890326 0.00300000000000011 0.000999999999999446 0.0460000000000003 0.0419999999999998

 2584 84 500 2 0.7 0.00300000000000011 0.296 0.202 0.115 0.999809353972064 0.019525770406437 0.706693654588993 0.999941329845106 -0.0108322143443189 0.691355130350897 0.999809351739702 0.0195258847132747 0.706690929537237 0.999941326544275 -0.0108325190456682 0.691352029834383 0.00199999999999978 0.000999999999999446 0.0469999999999997 0.0449999999999999

 2578 78 500 2 0.7 0.00300000000000011 0.297000000000001 0.189 0.12 0.999995470216715 0.0030099079806161 0.706884781592699 0.999999901309153 -0.000444276584939073 0.698239900358294 0.999995469399081 0.00301017961457566 0.706881851932153 0.999999901546639 -0.000443741718364372 0.698237066775229 0.00300000000000011 0 0.048 0.0440000000000005

 2583 83 500 2 0.7 0.00199999999999978 0.298 0.199 0.119 0.999937584170315 0.0111726345878666 0.713630758855057 0.999886411544316 0.015071961021405 0.737225404540179 0.999937584166039 0.0111726349706178 0.713627960557394 0.999886824429005 0.0150445449675233 0.736919375048117 0.00199999999999978 0.00100000000000033 0.048 0.0599999999999996

 2580 80 500 2 0.7 0.00300000000000011 0.298999999999999 0.187 0.119 0.999464654871566 -0.0327170240465333 0.70549216874969 0.99975027938018 -0.0223467867769179 0.703584687872423 0.999464645616731 -0.0327173067690919 0.705489039490842 0.999750282281506 -0.0223466569770394 0.70358171228905 0.00200000000000067 0.000999999999999446 0.0489999999999995 0.0439999999999996

 2582 82 500 2 0.7 0.00300000000000011 0.295999999999999 0.180000000000001 0.12 0.999391296894539 0.0348860386322627 0.722327668611056 0.999718546092534 0.0237240089072248 0.68940946900794 0.999391437730959 0.0348820038135152 0.72263577554896 0.999718545275278 0.0237240433459571 0.689406734526541 0.00199999999999978 0.00100000000000033 0.0609999999999999 0.0419999999999998

 2574 74 500 2 0.7 0.00199999999999978 0.302 0.186 0.122000000000001 0.999977816446218 -0.00666082693467976 0.686426084302522 0.999917688999279 0.0128302465425175 0.713124386538003 0.999977817678834 -0.00666064188178023 0.686422731116816 0.999917687561831 0.0128303585687015 0.713121789103902 0.00300000000000011 0.000999999999999446 0.048 0.0419999999999998

 2585 85 500 2 0.7 0.00300000000000011 0.297 0.188 0.115 0.999991600308571 0.00409869641502159 0.701007665458187 0.998572333740231 0.0534162361889025 0.692390467637842 0.999991599628085 0.00409886243533568 0.701004213887877 0.998572334848597 0.0534162154689072 0.69238764152495 0.00199999999999978 0.00100000000000033 0.0519999999999996 0.0459999999999994

 2586 86 500 2 0.7 0.00199999999999978 0.297000000000001 0.199 0.116000000000001 0.999669928990004 -0.0256911088339857 0.710899074081377 0.9998475649537 -0.0174598641505915 0.70134398588575 0.999669936313208 -0.0256908238783145 0.71089601149946 0.999847559928394 -0.0174601519247872 0.701340658732636 0.00200000000000067 0.000999999999999446 0.0540000000000003 0.0470000000000006

 2588 88 500 2 0.7 0.00300000000000011 0.298 0.196 0.117 0.999413433216491 -0.0342460144604792 0.701073478162117 0.999501494569905 -0.0315715433979155 0.703466270348901 0.999413456672876 -0.0342453299177166 0.701070304268375 0.999501488020802 -0.0315717507307035 0.703463191055389 0.00300000000000011 0.00100000000000033 0.0600000000000005 0.048

 2587 87 500 2 0.7 0.00300000000000011 0.3 0.194 0.115 0.999923604636358 -0.012360618553767 0.708678779150216 0.999851961957052 -0.0172062247641431 0.681445426671573 0.999923609252996 -0.0123602450809861 0.708675882260065 0.999851969910062 -0.0172057626093335 0.681442108100955 0.00299999999999923 0 0.0520000000000005 0.0470000000000006

 2590 90 500 2 0.7 0.00199999999999978 0.298 0.183999999999999 0.115 0.999696080441792 -0.0246525201413275 0.69952246021159 0.999752258250905 -0.0222580799310044 0.677585150071571 0.999696078371309 -0.0246526041022986 0.699519446952976 0.999752269590635 -0.0222575705856078 0.677581913937018 0.00300000000000011 0.00100000000000033 0.0489999999999995 0.0460000000000003

 2593 93 500 2 0.7 0.00300000000000011 0.294 0.199 0.115 0.999880197865937 -0.0154786923082669 0.722368624996645 0.999961650262203 0.00875773971360206 0.682016494370746 0.9998802577572 -0.015474823016621 0.722692513842255 0.999961646604607 0.00875815732922773 0.6820135819572 0.00300000000000011 0.00100000000000033 0.069 0.0439999999999996

 2589 89 500 2 0.7 0.00300000000000011 0.296 0.199 0.117 0.99998825502442 0.00484662905704115 0.714642620810019 0.999643291229539 0.0267074951984538 0.715125202723903 0.999988255725137 0.00484648447833701 0.714639553111403 0.999643289136926 0.0267075735233985 0.715121961632535 0.00299999999999923 0.00100000000000033 0.0490000000000004 0.0500000000000007

 2591 91 500 2 0.7 0.00300000000000011 0.293 0.19 0.114999999999999 0.999686037385811 -0.0250564693413848 0.734771524204769 0.999947107493764 0.0102850481211513 0.693784427575661 0.999687137739004 -0.0250125296440945 0.734334748217374 0.999947103255238 0.0102854601967401 0.693781127404006 0.00300000000000011 0.000999999999999446 0.0670000000000002 0.0469999999999997

 2592 92 500 2 0.7 0.00199999999999978 0.294 0.194 0.117 0.999978920997334 -0.00649288541464788 0.685184681715207 0.999925567440735 -0.0122008023639661 0.682054998487299 0.999978925116144 -0.00649225103953534 0.685181513230245 0.999925562495142 -0.012201207676882 0.6820518022136 0.00300000000000011 0.000999999999999446 0.048 0.0449999999999999

 2594 94 500 2 0.7 0.00300000000000011 0.29 0.196 0.118 0.999535454177251 -0.0304774645053728 0.705386987207485 0.999992173837033 0.00395629431237811 0.699474586069208 0.999535457442631 -0.0304773574141661 0.705383685459784 0.999992173378835 0.00395641012458264 0.699471889914139 0.00300000000000011 0.000999999999999446 0.0499999999999998 0.0430000000000001

 2595 95 500 2 0.7 0.00300000000000011 0.293 0.196000000000001 0.115 0.999974646283957 0.00712086998018387 0.736362370745992 0.999925540178565 -0.0122030364502358 0.693008231999076 0.999974771940965 0.00710320220856259 0.736013339224743 0.999925543999254 -0.0122027233762163 0.693005395073579 0.00199999999999978 0.00100000000000033 0.0630000000000006 0.0430000000000001

 2596 96 500 2 0.7 0.00200000000000022 0.295 0.186 0.121 0.999859554432797 0.0167592186407932 0.713140808585437 0.999945390417185 0.0104506546887129 0.687833911379012 0.999859557763655 0.016759019919673 0.713138002063712 0.999945397993564 0.0104499297363119 0.687830717931985 0.00300000000000011 0.000999999999999446 0.0490000000000004 0.0470000000000006

 2597 97 500 2 0.7 0.00300000000000011 0.298 0.185 0.118 0.999990016658354 -0.00446839832878574 0.727302915971726 0.999994580998966 0.00329210763843585 0.69134003376998 0.999989849827532 -0.00450557897600868 0.728006718716666 0.999994580704322 0.00329219713684515 0.691336595786122 0.00199999999999978 0.00100000000000033 0.0670000000000002 0.0449999999999999

 2598 98 500 2 0.7 0.00199999999999978 0.312 0.197 0.115 0.999397739417385 -0.0347009862600627 0.697519185413679 0.999783361578055 -0.0208141757387698 0.667527846196928 0.999397743165964 -0.0347008782998143 0.697515947819524 0.999783369169433 -0.0208138110930527 0.667524217860284 0.00300000000000011 0.000999999999999446 0.0519999999999996 0.0440000000000005

 2599 99 500 2 0.7 0.00199999999999978 0.311 0.202 0.116 0.999966137624859 -0.00822943519456589 0.691625583267571 0.998100815731396 -0.0616016366367158 0.723978160558764 0.999966136000573 -0.00822963256061088 0.691622251697423 0.998100139628392 -0.0616125902213563 0.72440898907735 0.00300000000000011 0.000999999999999446 0.0510000000000002 0.0590000000000002

 2600 100 500 2 0.7 0.00199999999999978 0.309 0.205 0.116000000000001 0.99999805271837 -0.00197346382505881 0.722708266714863 0.999752609900145 0.0222422795110475 0.711707310997467 0.999998026200895 -0.00198685538323682 0.723049738533761 0.999752612611563 0.0222421576370886 0.711704124476069 0.00199999999999978 0.000999999999999446 0.0659999999999998 0.0460000000000003

 2602 2 1000 2 0.7 0.00300000000000011 0.347 0.38 0.253 0.999964458581389 -0.00843098891172201 0.70433442499661 0.999997650910813 -0.00216752689837743 0.712341475524375 0.999964462323796 -0.00843054502869268 0.704332330057691 0.999997651171998 -0.002167406396581 0.71233930457806 0.00199999999999978 0.000999999999999446 0.0780000000000003 0.0770000000000008

 2601 1 1000 2 0.7 0.004 0.343 0.404000000000001 0.255 0.999972832675928 -0.00737115391783541 0.713686715710171 0.99997007976256 -0.00773560467310671 0.717039338648167 0.999972832715056 -0.0073711486097532 0.713684687905327 0.999970080477009 -0.00773551231690589 0.717037159223571 0.00300000000000011 0.00100000000000033 0.0789999999999997 0.077

 2604 4 1000 2 0.7 0.004 0.345000000000001 0.373 0.248 0.999579674333161 0.028990940999072 0.699648957576168 0.999929944769334 0.0118366191793117 0.706167739874597 0.999579674727326 0.028990927408657 0.699646736885016 0.999929945440021 0.0118365625211018 0.706165831091271 0.00300000000000011 0.00199999999999978 0.0759999999999996 0.0739999999999998

 2603 3 1000 2 0.7 0.00300000000000011 0.345 0.367 0.253 0.999998389176921 -0.00179489374685378 0.708909084426966 0.999999911499808 -0.000420714127105751 0.702684143334783 0.999998388601895 -0.00179521408543677 0.708906960493653 0.999999911536576 -0.000420626722183846 0.702682032740409 0.00400000000000045 0.000999999999999446 0.0789999999999997 0.0750000000000002

 2606 6 1000 2 0.7 0.00300000000000011 0.347 0.385 0.249 0.999999998122092 -6.1284714790221e-05 0.702350723874341 0.999917804853281 -0.0128212143495196 0.686147065394057 0.999999998108042 -6.15135454329554e-05 0.702348486470037 0.999917806870915 -0.0128210569946547 0.686144809209719 0.00299999999999923 0.00100000000000033 0.0780000000000003 0.0739999999999998

 2607 7 1000 2 0.7 0.004 0.343 0.372 0.244000000000001 0.999976319536354 0.00688188684358456 0.703169537751876 0.999969399582575 -0.00782303639675695 0.700787522514167 0.999976318107236 0.0068820944991757 0.703167497810091 0.999969400543119 -0.00782291361550443 0.700785583302591 0.00300000000000011 0.00100000000000033 0.077 0.0720000000000001

 2605 5 1000 2 0.7 0.00300000000000011 0.340999999999999 0.373 0.247000000000001 0.999907197437599 0.0136233810959927 0.69669923132062 0.999884621052196 0.0151902792373008 0.715795550151254 0.999907198244772 0.0136233218522412 0.696696928708251 0.999884619218983 0.0151903999061935 0.715793162614892 0.00300000000000011 0.000999999999999446 0.077 0.0779999999999994

 2608 8 1000 2 0.7 0.004 0.341 0.37 0.25 0.999794204377849 -0.0202866678501796 0.696239626015156 0.999392786666314 0.0348433345037362 0.709271480944347 0.999794209594892 -0.0202864107354051 0.696237334936803 0.99939278610811 0.0348433505144084 0.709269426397284 0.00300000000000011 0 0.077 0.0730000000000004

 2611 11 1000 2 0.7 0.00300000000000011 0.34 0.374000000000001 0.245 0.999991517630945 0.00411881853914274 0.712365518001659 0.999998782145681 -0.00156067522427386 0.704153855430588 0.999991517053295 0.00411895878215151 0.71236333189861 0.999998782480477 -0.00156046068922305 0.704151771846306 0.00300000000000011 0 0.0789999999999997 0.0739999999999998

 2609 9 1000 2 0.7 0.00300000000000011 0.340999999999999 0.387 0.250999999999999 0.99989245198592 0.0146657581319605 0.694569232922069 0.999960298838366 -0.00891070968475036 0.698932689801614 0.999892451500327 0.0146657912390307 0.694567155327203 0.999960301406686 -0.00891042146310098 0.69893057008323 0.00300000000000011 0.00100000000000033 0.0780000000000003 0.0729999999999995

 2610 10 1000 2 0.7 0.00300000000000011 0.348 0.374 0.247999999999999 0.999884491103214 0.0151988305888106 0.707644384181852 0.999999991374372 0.000131344033805736 0.698265922676834 0.999884492704492 0.0151987252452556 0.707642139290609 0.999999991306475 0.000131859962536072 0.698263966769597 0.00299999999999923 0.000999999999999446 0.0779999999999994 0.0709999999999997

 2613 13 1000 2 0.7 0.00299999999999967 0.346 0.379 0.239999999999999 0.99997467532575 -0.00711679050979303 0.724849284604631 0.999995997094307 -0.002829451424332 0.707569617013369 0.999974775610814 -0.00710268555565504 0.725363237282996 0.99999599665737 -0.00282960584427994 0.707567510630646 0.00300000000000011 0.00100000000000033 0.101 0.0739999999999998

 2612 12 1000 2 0.7 0.004 0.348 0.359999999999999 0.247 0.999999923643434 0.000390785268199576 0.688756587693862 0.999942529206965 -0.0107209273468978 0.697164535106902 0.999999923662781 0.000390735758551028 0.688754519044572 0.999942530410653 -0.0107208150781701 0.697162498236089 0.00300000000000011 0.00100000000000033 0.0760000000000005 0.0719999999999992

 2614 14 1000 2 0.7 0.00300000000000011 0.35 0.363 0.239000000000001 0.99999252522685 0.00386645708979022 0.69945601786861 0.999368594155411 0.0355304519509195 0.696382840050265 0.999992524485665 0.00386664877984834 0.699453796313332 0.999368591537881 0.0355305255743915 0.696380457259516 0.00300000000000011 0.00100000000000033 0.0790000000000006 0.0720000000000001

 2616 16 1000 2 0.7 0.00300000000000011 0.351 0.367 0.247 0.999989639089587 -0.00455211088147781 0.703201885675733 0.999853454908394 -0.0171192496257544 0.675705830452122 0.999989638742625 -0.00455218710014722 0.703199603605675 0.999853451497295 -0.0171194488505672 0.675703613444085 0.00300000000000011 0.000999999999999446 0.0790000000000006 0.0700000000000003

 2615 15 1000 2 0.7 0.004 0.355 0.373 0.247 0.999799869309375 -0.0200055324586954 0.699476904384987 0.999909573013795 -0.0134478918559611 0.7024385735379 0.999799861980382 -0.0200058987303744 0.699474870504249 0.999909568370767 -0.0134482370809575 0.702436580477151 0.00300000000000011 0.00100000000000033 0.0760000000000005 0.0720000000000001

 2618 18 1000 2 0.7 0.00199999999999978 0.332 0.369 0.237 0.999999813400681 -0.000610899831436881 0.709861472697901 0.999929138970401 -0.0119044965417035 0.704217956364161 0.999999813499191 -0.000610738555233567 0.709859332925498 0.999929140091984 -0.0119044023330041 0.704215772847179 0.00300000000000011 0.00100000000000033 0.0780000000000003 0.0739999999999998

 2617 17 1000 2 0.7 0.00199999999999978 0.335 0.384 0.235 0.99998310744907 0.00581247077427862 0.729193859478611 0.999444387766597 -0.0333304029656343 0.710098032176909 0.999982993527127 0.00583203708193516 0.728451195083882 0.99944439676311 -0.0333301331954129 0.710095885143511 0.00199999999999978 0 0.0910000000000002 0.0720000000000001

 2619 19 1000 2 0.7 0.00300000000000011 0.335 0.357 0.237 0.999634057028063 0.0270509155042134 0.715991484858581 0.99997318764243 0.00732284072183681 0.697934634824016 0.999634056289806 0.027050942785581 0.715989341819115 0.999973186438152 0.00732300517059424 0.697932417357051 0.00300000000000011 0.000999999999999446 0.0830000000000002 0.0720000000000001

 2620 20 1000 2 0.7 0.00300000000000011 0.332 0.364999999999999 0.234 0.999357174009129 -0.0358502267285456 0.680683434764145 0.999481959060474 -0.0321840568082459 0.705259809328672 0.999357179144756 -0.0358500835680501 0.680681013507161 0.999481972019695 -0.0321836543546766 0.705257701421331 0.00300000000000011 0 0.0790000000000006 0.077

 2622 22 1000 2 0.7 0.00299999999999967 0.329 0.365 0.232 0.999858292612729 0.0168343308022338 0.711953830056067 0.999705375198437 0.0242726759825051 0.711153892409857 0.999858289297661 0.0168345276962446 0.711951846797009 0.999705370580337 0.0242728661848962 0.7111519390436 0.00300000000000011 0 0.0789999999999997 0.0749999999999993

 2624 24 1000 2 0.7 0.00299999999999967 0.331 0.364999999999999 0.236 0.999936323543162 -0.0112848951694172 0.702025689455629 0.999992653355287 0.0038331756354875 0.698736718645871 0.99993632214124 -0.0112850193908131 0.702023392109763 0.999992653312373 0.00383318683085291 0.698734694109101 0.00200000000000067 0.00100000000000033 0.0809999999999995 0.0750000000000002

 2621 21 1000 2 0.7 0.00300000000000011 0.333 0.375 0.235 0.999999961955288 0.000275843114006685 0.722753929256239 0.999999990655095 0.000136710678909174 0.711174524088641 0.999999961424902 0.000277759238021634 0.723099040721316 0.999999990677906 0.000136543721874471 0.711172586064909 0.00199999999999978 0.000999999999999446 0.0969999999999995 0.0719999999999992

 2623 23 1000 2 0.7 0.00300000000000011 0.33 0.367 0.232 0.999962574285744 -0.00865159105763036 0.713332718133893 0.99998714351865 0.00507077877759053 0.681462481945451 0.999962571763099 -0.00865188262343749 0.713330033424196 0.999987143020227 0.00507087706860205 0.681460325324693 0.00200000000000067 0.00100000000000033 0.0759999999999996 0.069

 2625 25 1000 2 0.7 0.00300000000000011 0.331 0.37 0.232 0.999883976378885 -0.0152326550787907 0.71657635017275 0.999867070862712 0.0163046191130141 0.688875815755722 0.999883974956369 -0.0152327484536302 0.716574305493265 0.999867070599493 0.0163046352546823 0.688873431401305 0.00300000000000011 0 0.0759999999999996 0.0720000000000001

 2626 26 1000 2 0.7 0.00300000000000011 0.331999999999999 0.37 0.233000000000001 0.999841552898234 -0.0178008173421278 0.713278246275741 0.999896915403166 -0.0143582229831847 0.701807056281948 0.99984155251102 -0.0178008390912821 0.713275978825898 0.999896919422782 -0.0143579430570927 0.701804882667613 0.00299999999999923 0.000999999999999446 0.0760000000000005 0.0729999999999995

 2627 27 1000 2 0.7 0.00300000000000011 0.332 0.366000000000001 0.238 0.999718255485692 -0.023736251781714 0.708238488992997 0.999141047215688 0.0414387230587303 0.69840341374261 0.999718258645811 -0.0237361186841197 0.708236198786463 0.999141055198528 0.0414385305817171 0.698401431195279 0.00199999999999978 0.00100000000000033 0.0780000000000003 0.0699999999999994

 2629 29 1000 2 0.7 0.00300000000000011 0.325 0.374000000000001 0.242 0.999999942906312 0.000337916220869915 0.711064986955011 0.999997404091707 0.00227855433265244 0.688397576719922 0.999999942832524 0.000338134511740879 0.711062937925348 0.999997404290798 0.00227846695535593 0.688395426251223 0.00300000000000011 0.000999999999999446 0.0979999999999999 0.069

 2628 28 1000 2 0.7 0.00300000000000011 0.329000000000001 0.371 0.246 0.999993708019526 -0.00354738232477167 0.705511449600056 0.999879191425816 -0.0155435695275024 0.718630283015131 0.999993706905648 -0.0035476963090031 0.705509250784801 0.999879192715663 -0.0155434865546037 0.718628196412456 0.00199999999999978 0.000999999999999446 0.0809999999999995 0.0709999999999997

 2630 30 1000 2 0.7 0.00299999999999967 0.33 0.358 0.237 0.999758085168949 -0.0219947980058091 0.715301835417499 0.999879811449114 -0.0155036336542492 0.67872466063734 0.999758086469488 -0.0219947388906186 0.715299785919369 0.999879816351632 -0.015503317471643 0.678722198330698 0.00199999999999978 0.00100000000000033 0.093 0.0700000000000003

 2631 31 1000 2 0.7 0.00300000000000011 0.334 0.353 0.238 0.99924821168029 -0.0387686916692037 0.697481950809477 0.999970832353409 0.00763769876539496 0.720997490666764 0.999248220137431 -0.0387684736890261 0.697479791701572 0.999970847972497 0.0076356535519291 0.721192455411391 0.00199999999999978 0.00100000000000033 0.0790000000000006 0.0880000000000001

 2632 32 1000 2 0.7 0.00300000000000011 0.332 0.378 0.238 0.999930729986574 -0.0117700989170626 0.710498762227925 0.999999377858344 -0.0011154743046127 0.701187634679539 0.999930730810938 -0.0117700288828553 0.710496282651454 0.999999377479375 -0.00111581399078742 0.701185432769569 0.00300000000000011 0.000999999999999446 0.101 0.0700000000000003

 2633 33 1000 2 0.7 0.00299999999999967 0.332 0.366000000000001 0.244 0.999998982127135 -0.00142679525288947 0.691633186687705 0.999998333512553 0.0018256429322574 0.698183706948803 0.999998982434058 -0.00142658012342268 0.691630806633121 0.999998333659796 0.00182556227836609 0.698181609420163 0.00199999999999978 0.00100000000000033 0.0720000000000001 0.0700000000000003

 2635 35 1000 2 0.7 0.00300000000000011 0.335 0.363 0.242999999999999 0.999999945652476 0.000329689317419061 0.712491313230654 0.999769164123736 0.0214853081738871 0.696438366946789 0.999999945684554 0.000329592004703561 0.71248917623491 0.999769163618757 0.0214853316718756 0.696436129897989 0.00299999999999923 0 0.0830000000000002 0.069

 2634 34 1000 2 0.7 0.00299999999999967 0.329 0.377999999999999 0.239 0.999945155114262 -0.0104731448722049 0.717235544077707 0.999990611604097 -0.00433320939545532 0.700537820160511 0.999945154600308 -0.0104731939428992 0.717233289378407 0.999990611138086 -0.00433331693702084 0.700535614358072 0.00199999999999978 0.00100000000000033 0.0810000000000004 0.0709999999999997

 2636 36 1000 2 0.7 0.00199999999999978 0.330000000000001 0.396 0.237 0.999373489406553 -0.0353924945627033 0.711417720319508 0.999927142068414 0.0120710627077185 0.718070140118078 0.999373497583826 -0.0353922636612943 0.711415501884706 0.999927142391629 0.0120710359336071 0.718068169313286 0.00199999999999978 0.000999999999999446 0.0780000000000003 0.0709999999999997

 2639 39 1000 2 0.7 0.00300000000000011 0.33 0.375 0.239999999999999 0.999749097724468 -0.0223995892621209 0.708337317196401 0.999703097904733 -0.0243662890009944 0.703276975669791 0.999749105055587 -0.0223992620537551 0.708335151823107 0.999703099640484 -0.0243662177862957 0.703274857662369 0.00199999999999978 0.000999999999999446 0.0710000000000006 0.069

 2637 37 1000 2 0.7 0.004 0.330000000000001 0.395 0.24 0.999847134893215 -0.0174844744224391 0.716216142124121 0.999950298859964 -0.009969945329268 0.681233894918817 0.999847138628277 -0.0174842608321357 0.716214067974105 0.99995030289937 -0.00996954018285162 0.681231723882157 0.00199999999999978 0.000999999999999446 0.0800000000000001 0.0680000000000005

 2638 38 1000 2 0.7 0.00300000000000011 0.328 0.393 0.236000000000001 0.999986730538894 -0.0051515770529885 0.697332687313882 0.999915621007419 0.012990414363968 0.689616285047137 0.999986730717415 -0.00515154239967486 0.697330630888233 0.999915619603778 0.0129905224064791 0.689614345026087 0.00300000000000011 0.000999999999999446 0.0750000000000002 0.0649999999999995
