
 2881 81 5000 2 0.7 0.173 0.731000000000001 1.958 1.28 0.99979472687539 0.0202609010699136 0.699153541261266 0.9999627861512 0.00862706860581256 0.701895142175217 0.999794727243786 0.0202608828910416 0.699152513323352 0.999962786794368 0.0086269940558933 0.701894146261949 0.183999999999999 0.282999999999999 55.483 70.489

 2887 87 5000 2 0.7 0.197 0.699 1.909 1.273 0.999971794852939 0.00751062571239582 0.702497021868519 0.99980354864473 -0.019820800120203 0.708471880305917 0.999971794987493 0.00751060779770318 0.702496022616621 0.999803548734898 -0.0198207955719153 0.708470914228913 0.306000000000001 0.558 57.643 71.842

 2885 85 5000 2 0.7 0.152 0.584000000000001 1.905 1.28 0.999950450974345 0.00995467710198282 0.699212877219737 0.999964567602218 0.00841804847396201 0.709085370761279 0.999950450920397 0.00995468252105282 0.699211867328082 0.999964568252447 0.00841797123407342 0.709084429932708 0.367999999999999 0.556999999999999 57.844 72.768

 2895 95 5000 2 0.7 0.0819999999999999 0.514 1.969 1.384 0.999952489298692 0.00974777643100708 0.702996155686824 0.999875269537283 -0.0157938395504311 0.702264684319611 0.999952488916815 0.00974781560489617 0.702995191594786 0.999875269112744 -0.0157938664271144 0.702263684246495 0.328000000000001 0.602 57.609 71.094

 2891 91 5000 2 0.7 0.126 0.75 1.98 1.285 0.999926049562042 0.0121612255652555 0.698314125174205 0.999999423250916 0.00107401016547958 0.693437388604165 0.999926049016274 0.0121612704395342 0.698313154353655 0.999999423324024 0.0010739420932847 0.69343633407542 0.365 0.641999999999999 57.507 71.696

 2894 94 5000 2 0.7 0.101999999999999 0.53 1.983 1.321 0.999993767792558 0.00353049232306385 0.70687525739909 0.99999037718667 0.00438697322325306 0.705184209181205 0.999993767556193 0.00353055927160615 0.706874295231822 0.999990376972399 0.00438702206514189 0.705183251153031 0.404 0.446 58.361 72.06

 2890 90 5000 2 0.7 0.0569999999999999 1.024 1.972 1.294 0.999974913527601 0.00708324187548707 0.701013562663873 0.999933236232999 -0.0115552185873623 0.695847724580292 0.999974913690272 0.00708321891047622 0.701012572053302 0.999933236175202 -0.0115552235888669 0.695846727528104 0.309000000000001 0.622 58.109 71.85

 2900 100 5000 2 0.7 0.188 0.548999999999999 2.004 1.358 0.999999835719025 0.000573203213048997 0.692780123149075 0.999893406025341 0.0146005680383152 0.698747843886075 0.999999835735311 0.000573174798791206 0.692779077204146 0.999893405954028 0.0146005729221105 0.698746849224845 0.303000000000001 0.625 58.941 73.291

 2898 98 5000 2 0.7 0.233000000000001 0.508999999999999 1.937 1.511 0.999974853495019 0.00709171189591306 0.694178773868567 0.999953090383501 -0.00968591928968654 0.686853876074338 0.999974853125638 0.00709176398075323 0.694177776476279 0.999953090136867 -0.00968594475161279 0.686852874957206 0.509 0.799999999999999 58.919 70.423

 2882 82 5000 2 0.7 0.183 0.597 1.923 1.292 0.999832273580987 0.0183146036231598 0.7059074321465 0.999981170136204 0.00613672331373755 0.70166837116472 0.99983227414358 0.0183145729100313 0.705906463686186 0.999981169825971 0.00613677386596432 0.701667356058096 0.335000000000001 0.326000000000001 60.32 72.005

 2892 92 5000 2 0.7 0.129 0.883999999999999 1.942 1.275 0.999995420348964 0.00302643042180339 0.699896713351026 0.999998577044294 -0.00168698233175185 0.69729593140691 0.99999542042969 0.00302640374819662 0.699895599462995 0.999998577120026 -0.00168693743888897 0.697294922192318 0.371 0.361000000000001 58.232 73.25

 2896 96 5000 2 0.7 0.19 0.542 1.968 1.391 0.999996273850333 0.00272988744277488 0.694894942868431 0.999967345886074 -0.00808128464796914 0.702788349251458 0.999996273732162 0.00272993073019653 0.694893924665692 0.999967345189988 -0.00808137078025686 0.7027873703215 0.354999999999999 0.604000000000001 58.813 72.82

 2899 99 5000 2 0.7 0.237 0.508 2.006 1.615 0.999991759004302 0.00405979352703479 0.692132586940272 0.999986613417633 -0.00517426183470426 0.697914913920063 0.999991759177718 0.00405975081180973 0.692131437775981 0.999986613314547 -0.00517428175727969 0.697913927917782 0.659000000000001 0.986000000000001 57.749 73.644

 2884 84 5000 2 0.7 0.197 0.658 1.889 1.278 0.999987883800916 0.00492262647026008 0.697931215304839 0.999981724268155 -0.00604575302907141 0.702253423009424 0.99998788370041 0.00492264688704547 0.697930203919069 0.999981724053009 -0.00604578861456859 0.702252395521268 0.324 0.545999999999999 58.306 72.855

 2893 93 5000 2 0.7 0.136 0.542 1.968 1.301 0.999997347805647 -0.00230312432841175 0.704259539189339 0.999991473620794 0.00412948976432629 0.703762619935069 0.999997347843627 -0.00230310783769646 0.704258585906138 0.999991473458319 0.00412952910882928 0.703761634796462 0.377000000000001 0.618 57.317 72.683

 2883 83 5000 2 0.7 0.185 0.777 1.911 1.283 0.999942264975416 0.0107455439989913 0.698534009311118 0.999972513159793 0.00741437285874469 0.701146329524264 0.999942265079803 0.0107455342851337 0.698533002201514 0.999972513463416 0.00741433190913616 0.70114533907707 0.362 0.450000000000001 58.308 71.637

 2889 89 5000 2 0.7 0.0340000000000003 0.86 1.971 1.282 0.99997882747097 0.00650727360608565 0.700919877616115 0.999983421391522 -0.00575820650077262 0.703387159410051 0.999978827305389 0.0065072990509766 0.700918808277802 0.999983421510921 -0.00575818576565245 0.703386134442758 0.381 0.564 61.141 71.955

 2888 88 5000 2 0.7 0.21 0.532 1.921 1.28 0.999931299519009 -0.0117216143182817 0.692774314488546 0.999998772010828 0.00156715565152046 0.70452043557107 0.99993129948246 -0.0117216174361077 0.692773310515914 0.999998772177926 0.00156704902297898 0.704519363680035 0.442 0.593 58.801 70.561

 2886 86 5000 2 0.7 0.195 0.596 1.936 1.297 0.999828739494485 0.0185065307626334 0.709308286242313 0.999971187962202 -0.00759099765928691 0.70476858430942 0.999828739810912 0.0185065136674497 0.709307165829588 0.999971188430199 -0.00759093600917115 0.704767543979951 0.386000000000001 0.551 60.447 71.853

 2897 97 5000 2 0.7 0.215 0.51 1.94 1.846 0.999999898179242 -0.000451266556677413 0.702512939819883 0.999973958965521 0.00721674378257902 0.699301463526746 0.99999989816282 -0.000451302946505834 0.7025118814383 0.999973958878462 0.00721675584564869 0.699300476456814 0.606 0.843 62.107 65.819

 2880 80 5000 2 0.7 0.27 2.281 5.945 1.908 0.999995179989028 -0.00310483473175213 0.696274427869202 0.999976728147258 -0.00682225504539879 0.70336465951756 0.999995180102671 -0.003104798129697 0.696273303712599 0.999976728358688 -0.00682222405489213 0.703363659710799 0.858999999999998 0.939 35.125 26.237

 2904 4 10000 2 0.7 0.459000000000001 0.733 5.134 16.618 0.999998772924816 -0.00156657232887485 0.699207845688312 0.999999717046961 -0.000752267238636222 0.701307256653374 0.999998772982326 -0.00156653561784309 0.699207130653349 0.999999717066306 -0.00075224152263596 0.701306546782841 1.151 1.30500000000001 155.967 178.672

 2908 8 10000 2 0.7 0.375 0.724 5.296 20.477 0.999984166193773 0.00562737609768544 0.70433118041166 0.999935267760723 0.0113780617106771 0.704065742268926 0.999984166291491 0.00562735873308433 0.70433043270298 0.99993526779088 0.0113780590603452 0.704065020563155 1.094 1.307 155.421 181.516

 2901 1 10000 2 0.7 0.37 0.721 4.66 13.281 0.999987670931476 0.00496568072297024 0.708582962672653 0.999995440551688 0.00301974764423502 0.699100361326494 0.999987670875302 0.00496569203515394 0.708582240192001 0.99999544052204 0.00301975746238378 0.69909963147347 1.196 1.195 159.036 182.972

 2905 5 10000 2 0.7 0.499 0.726999999999999 4.731 16.611 0.99998677497727 -0.00514294376384695 0.69668600067603 0.999999932349262 -0.000367833484126174 0.708832919896971 0.999986775062695 -0.00514292715402832 0.696685235080062 0.99999993235517 -0.000367817421265675 0.708832085019364 1.235 1.37 151.774 183.504

 2906 6 10000 2 0.7 0.526 0.720999999999999 4.688 23.349 0.999999239675072 0.00123314608922279 0.697646890162043 0.999986359261317 -0.00522314955716293 0.691714589090325 0.999999239650573 0.00123316595668559 0.697646171698034 0.999986359289917 -0.00522314408156869 0.691713818024105 1.391 1.467 153.17 180.933

 2902 2 10000 2 0.7 0.41 0.721 4.597 15.363 0.999997563413871 0.00220752493099848 0.703794175193967 0.999985868202256 0.00531633292598925 0.707751512650102 0.99999756339874 0.00220753178520089 0.703793393920218 0.999985868333926 0.00531630815921751 0.707750743064701 1.091 1.107 155.841 184.75

 2911 11 10000 2 0.7 0.41 0.726 4.952 23.68 0.9999994289657 -0.00106867594404729 0.702138335004357 0.999950488047289 -0.00995095241611847 0.700094369244901 0.999999428947609 -0.00106869287246074 0.702137587417029 0.999950488219286 -0.00995093513249269 0.700093636990999 1.512 1.567 148.993 182.494

 2909 9 10000 2 0.7 0.587 0.725000000000001 4.838 23.607 0.999999436678115 -0.00106143462018832 0.702555506806245 0.999994997903659 -0.00316293655653334 0.701137340029884 0.999999436711278 -0.00106140337637841 0.702554796253488 0.999994997911526 -0.00316293406931278 0.701136631282612 1.585 1.384 151.526 184.512

 2912 12 10000 2 0.7 0.515000000000001 0.723 4.657 24.332 0.999992932302549 0.00375970011433309 0.701127450098995 0.999998697262486 0.00161414786502911 0.699498628748909 0.999992932257892 0.00375971199198332 0.701126733509979 0.999998697215374 0.00161417705161614 0.699497920774825 1.722 1.758 148.703 189.785

 2907 7 10000 2 0.7 0.315 0.736 4.884 20.597 0.999997391021094 0.00228428347726108 0.700201643699858 0.999994725886761 0.00324779904889759 0.702652873278738 0.999997391045691 0.00228427270965664 0.700200883638877 0.999994726026166 0.00324775612591183 0.702652168380641 1.29 1.53 157.247 190.64

 2910 10 10000 2 0.7 0.344 0.736000000000001 4.571 25.695 0.999999632488691 0.000857334522191337 0.702137509641144 0.999995841537359 -0.00288390498960731 0.699232580128739 0.999999632468817 0.00085735770361263 0.702136807463109 0.99999584163779 -0.00288387016484795 0.699231829612545 1.239 1.683 155.112 186.959

 2903 3 10000 2 0.7 0.499000000000001 0.731 5.285 31.049 0.999999908030475 -0.000428881152028609 0.698028903096521 0.99999966083198 0.000823611512975892 0.704068828628101 0.999999908030941 -0.000428880063409753 0.698028176702413 0.999999660838065 0.000823604125577061 0.704068109651986 1.744 1.728 147.842 191.714

 2915 15 10000 2 0.7 0.544 3.067 21.8 20.255 0.999999166233355 0.00129132977742013 0.699004350274758 0.999999988574041 0.000151168506599593 0.698383856880866 0.999999166222485 0.00129133819546084 0.699003650021737 0.999999988580247 0.000151127448447544 0.69838308996778 0.902000000000001 0.741 202.664 182.507

 2921 21 10000 2 0.7 0.730999999999998 3.794 21.934 13.245 0.999998488518285 0.00173866648498815 0.700011512339132 0.999999651113146 -0.000835328429543378 0.696699284815951 0.999998488508926 0.0017386718678433 0.700010772091726 0.999999651106529 -0.000835336351287264 0.696698552161005 0.856999999999999 1.11099999999999 197.335 181.83

 2923 23 10000 2 0.7 0.487000000000002 4.717 28.005 11.221 0.999981786806315 0.00603540020629543 0.699624023649487 0.99998201314353 -0.00599778204107086 0.697343643635859 0.999981786624158 0.00603543038705993 0.699623314421475 0.99998201319612 -0.00599777327314567 0.697342906197772 0.846000000000004 1.002 199.798 182.042

 2927 27 10000 2 0.7 0.590999999999999 3.487 25.432 16.45 0.9999965675598 -0.00262008942963916 0.703867135267274 0.999953219820857 0.00967254722914417 0.694788487578856 0.999996567582008 -0.00262008095334055 0.703866424340135 0.999953220149992 0.00967251320295157 0.694787746644573 0.893000000000001 1.039 201.719 179.427

 2919 19 10000 2 0.7 0.641000000000002 2.932 25.992 19.37 0.999965831489305 0.00826655030246605 0.698610101611497 0.999991732295251 0.00406636706949693 0.704246352644638 0.999965831282644 0.00826657530126316 0.698609395386999 0.999991732274672 0.00406637213014972 0.704245594833221 0.807999999999993 0.954999999999998 202.56 185.285

 2929 29 10000 2 0.7 0.634 2.978 20.238 19.428 0.999978721351218 -0.0065235607442058 0.698604554870895 0.999999971947156 0.000236866389753481 0.703457502217933 0.999978721601204 -0.00652352242442227 0.698603777940293 0.999999971951077 0.000236849835329832 0.703456753598996 0.853000000000009 1.03399999999999 204.998 183.875

 2931 31 10000 2 0.7 0.742000000000001 4.034 25.185 14.368 0.999984026623426 0.00565212331776708 0.699211776535302 0.99996151873628 -0.00877274453242977 0.69722057790326 0.999984026670744 0.00565211494616508 0.699211047986573 0.999961518839263 -0.00877273279394289 0.697219797885519 0.956000000000003 1.03100000000001 200.385 188.546

 2914 14 10000 2 0.7 0.557000000000002 4.237 26.82 21.859 0.999997721674157 -0.00213463029461489 0.700767238859366 0.999961778081281 0.00874313310673641 0.700384892790054 0.999997721622264 -0.00213465460478566 0.700766519182063 0.999961777928028 0.0087431506344921 0.70038417139227 0.915999999999997 1.02800000000001 204.501 185.866

 2913 13 10000 2 0.7 0.533999999999999 6.413 25.612 21.009 0.999998139628587 -0.00192892181425132 0.702188432665585 0.999986517179714 0.00519282762907243 0.697945048887525 0.999998139659754 -0.00192890565650862 0.702187716708176 0.999986517313001 0.00519280196178749 0.697944323915642 1.154 1.092 201.912 187.137

 2928 28 10000 2 0.7 0.562000000000001 3.512 26.457 16.286 0.999999998751355 -4.99729035045445e-05 0.70122711728218 0.999993521346295 0.00359962017942913 0.699941568748355 0.999999998752068 -4.99586253604308e-05 0.701226417613434 0.999993521305579 0.00359963149074182 0.69994085715256 1.285 1.258 202.39 190.839

 2922 22 10000 2 0.7 0.556000000000001 4.811 33.565 21.23 0.999999813765951 0.000610301616491098 0.69939283625392 0.999987585660706 0.0049828229420361 0.703307956694899 0.999999813755868 0.000610318136968104 0.699392057112063 0.999987585524878 0.00498285020097894 0.703307055435025 1.334 1.533 198.053 189.101

 2920 20 10000 2 0.7 0.712999999999997 3.127 31.064 21.276 0.99995148285889 0.00985047858262999 0.693089392292059 0.999981717658745 -0.00604684614208092 0.70130273453882 0.99995148272847 0.00985049182195726 0.693088664741989 0.999981717736716 -0.00604683324786663 0.701302012129883 1.24199999999999 1.33200000000001 194.035 191.102

 2916 16 10000 2 0.7 0.709999999999997 4 27.948 24.086 0.999992231449629 0.00394170526432432 0.703552171693635 0.999940167629772 -0.0109389743826226 0.696574427384335 0.999992231512041 0.00394168943070051 0.703551380702719 0.999940167390614 -0.0109389962442388 0.69657368898058 1.429 1.62700000000001 197.881 190.575

 2918 18 10000 2 0.7 0.720000000000002 5.367 23.632 23.31 0.99999944314773 0.00105532186058463 0.70339911591134 0.999991241679439 -0.00418527949060155 0.704551714523459 0.999999443147275 0.00105532229238492 0.703398364065239 0.999991241799273 -0.00418525085830706 0.704550992482436 1.044 1.366 197.225 193.062

 2926 26 10000 2 0.7 0.715 4.699 20.701 23.666 0.999993984189191 0.003468657582975 0.701593031430771 0.999983230869096 -0.00579119854648363 0.701208861398072 0.999993984167658 0.00346866379086665 0.701592251035064 0.999983230879329 -0.00579119677951576 0.701208129529264 1.161 1.48999999999999 199.193 192.874

 2924 24 10000 2 0.7 0.800000000000001 4.738 27.85 22.719 0.999999961285021 0.000278262387540274 0.70498548311477 0.999975323580084 -0.00702511429841708 0.693225886681052 0.999999961278779 0.000278284818834177 0.704984773774633 0.999975323581484 -0.00702511409918483 0.693225165379529 1.319 1.279 197.913 188.1

 2925 25 10000 2 0.7 0.716000000000001 5.349 32.54 23.346 0.999969239234041 -0.00784350595677035 0.703275691935339 0.999990137827572 -0.00444119889143251 0.702243395809405 0.999969239398276 -0.00784348501835021 0.703274866640877 0.999990137780916 -0.00444120939654893 0.70224260766908 1.32400000000001 1.46899999999999 194.993 189.036

 2932 32 10000 2 0.7 0.608999999999998 5.042 29.144 25.102 0.999982068841238 0.00598848862385721 0.69947441248661 0.99992204251616 -0.0124863481575365 0.698689908385895 0.999982068758957 0.00598850236337694 0.699473677370835 0.999922042223511 -0.0124863715932193 0.698689131447368 1.443 1.437 193.703 188.288

 2930 30 10000 2 0.7 0.740000000000002 4.793 26.013 21.443 0.999999050389799 0.00137812172943964 0.696019882394826 0.999993755728353 -0.00353390779494802 0.70008643596764 0.999999050358691 0.00137814430171446 0.696019134161871 0.999993755759235 -0.00353389905631061 0.700085691006081 1.53399999999999 1.548 198.435 187.633

 2917 17 10000 2 0.7 0.736000000000001 4.746 30.788 36.118 0.999989516795968 -0.004578897046958 0.699560417282664 0.999999352815887 -0.00113770286382123 0.699164301404517 0.999989516802589 -0.00457889560087042 0.699559707415242 0.999999352805484 -0.00113771200766814 0.69916351192463 1.80099999999999 1.745 197.667 185.743

 2933 33 10000 2 0.7 1.198 4.636 24.547 21.919 0.999999993192664 -0.00011668192846069 0.705956034880169 0.999996552755158 -0.00262573376405263 0.7013204305283 0.999999993192817 -0.000116680615960698 0.705955305132878 0.999996552794916 -0.00262571862274516 0.701319715693579 1.27399999999999 1.14400000000001 180.309 187.534

 2939 39 10000 2 0.7 1.19 5.349 32.565 22.312 0.999999929216525 -0.000376253831032251 0.703214583446082 0.999998856328507 0.00151239600536325 0.697767946833889 0.999999929236513 -0.000376200703181081 0.703213857983651 0.999998856273057 0.00151243266874051 0.697767199076079 1.11199999999999 1.306 178.495 199.639

 2936 36 10000 2 0.7 1.103 3.541 43.781 17.574 0.999969173124068 0.0078519297989252 0.705462574285969 0.999999600468431 0.00089390322618997 0.705431353776247 0.999969172983454 0.00785194770663714 0.705461872338702 0.999999600466853 0.000893904991295687 0.705430677339319 1.261 1.175 173.648 200.302

 2935 35 10000 2 0.7 1.189 3.852 41.066 20.458 0.999977449863037 0.00671563589070273 0.697982559229182 0.999958730330106 0.00908502265281994 0.696412979100672 0.999977449874275 0.00671563421747005 0.697981826111759 0.999958730059386 0.00908505245008484 0.696412247231533 1.44499999999999 1.363 170.468 197.935

 2937 37 10000 2 0.7 1.068 7.062 34.119 23.04 0.999998722746442 -0.00159828204163941 0.700996997418516 0.999995878010391 0.00287123008956323 0.692355409005719 0.999998722710623 -0.00159830445212123 0.70099628975582 0.999995877930496 0.00287125791541689 0.692354593163916 1.26899999999999 1.187 176.772 200.545

 2938 38 10000 2 0.7 1.133 6.977 42.459 17.653 0.999999724137453 0.000742781945296037 0.702924991213859 0.999969559441814 -0.00780257584036513 0.705562755516053 0.999999724122922 0.000742801507573548 0.702924209667759 0.999969559534663 -0.00780256394085304 0.705562049540861 1.33 1.515 169.254 200.586

 2943 43 10000 2 0.7 1.034 6.35700000000001 35.94 27.858 0.999988013726244 -0.00489616215437795 0.699780541089408 0.999999911495036 0.000420725468938234 0.700652902302893 0.999988013798093 -0.00489614747988735 0.699779844390315 0.999999911501309 0.000420710559654751 0.700652169816566 1.59099999999999 1.768 165.331 206.876

 2944 44 10000 2 0.7 1.084 6.801 36.939 20.836 0.999999218391028 -0.00125028690025476 0.699882763139577 0.999966956066991 0.008129377228116 0.70006559415553 0.999999218384515 -0.00125029210917018 0.699881991934087 0.999966955978281 0.00812938813999231 0.70006477066209 1.616 1.45099999999999 161.489 207.181

 2934 34 10000 2 0.7 1.116 6.274 42.012 27.857 0.999997256818603 0.00234229700701639 0.70137529605673 0.999995181570146 -0.00310432544856175 0.700923193486013 0.999997256784874 0.00234231140700517 0.701374564794089 0.999995181549822 -0.00310433199565538 0.700922466552225 1.33 1.429 170.599 208.749

 2940 40 10000 2 0.7 1.158 8.441 30.401 24.558 0.999984086284642 0.0056415580711688 0.701022768128011 0.999982241682566 -0.00595955698942776 0.697809354311606 0.999984086297799 0.00564155573898666 0.701022008465405 0.999982241576523 -0.00595957478290464 0.697808617273141 1.586 1.357 169.637 210.534

 2942 42 10000 2 0.7 0.887999999999998 10.344 27.23 26.045 0.999999814992487 0.000608288576574954 0.698649509475895 0.999999824096564 -0.000593133071620004 0.702987690214146 0.999999815009598 0.000608260446356219 0.698648712111539 0.999999824086556 -0.000593149945605125 0.702986893853054 1.51400000000001 1.404 169.201 211.237

 2941 41 10000 2 0.7 0.916 8.292 45.653 43.562 0.99997438798489 0.00715705066663666 0.69739546050861 0.999966361042401 0.00820224259690139 0.702995103075112 0.999974387888529 0.00715706413010413 0.697394684542773 0.999966361148082 0.00820222971287601 0.702994392346343 1.87799999999999 1.595 151.601 207.131

 2946 46 10000 2 0.7 1.075 2.802 13.898 12.833 0.999999854028863 -0.000540316808070191 0.699395288638943 0.99999057298865 0.00434211167875227 0.704085183638545 0.999999854032122 -0.000540310776371991 0.699394542309821 0.999990572889396 0.00434213453702546 0.704084427410978 0.707999999999998 0.723000000000006 204.509 185.513

 2947 47 10000 2 0.7 0.835000000000001 5.25 22.024 8.18399999999999 0.999974955704304 0.0070772850850254 0.702782346295498 0.999997299566806 -0.00232397484828757 0.701717054142632 0.999974955343603 0.0070773360496367 0.702781555335246 0.999997299514432 -0.0023239973847646 0.70171628870597 0.671999999999997 0.603999999999999 208.104 189.931

 2948 48 10000 2 0.7 0.725000000000001 5.019 21.387 11.931 0.999985352411639 0.00541248207104937 0.694897354258091 0.999997771343662 -0.00211123369340883 0.696502341428287 0.999985352373751 0.00541248907113381 0.694896562424784 0.999997771297348 -0.00211125563021126 0.696501576313757 0.930999999999997 1.229 209.978 190.269

 2950 50 10000 2 0.7 0.727 3.144 18.655 11.09 0.999997668311084 0.00215948428924397 0.701225675152621 0.999999448046962 0.0010506692018741 0.699726006946225 0.999997668255168 0.00215951018218587 0.701224924264582 0.999999448052298 0.00105066412335286 0.699725277172286 0.915999999999997 0.975000000000009 213.289 188.761

 2951 51 10000 2 0.7 0.686 3.689 22.046 12.664 0.99999298630909 0.00374530808198306 0.698914620911324 0.999992506575286 0.00387127798995382 0.704452603603286 0.99999298626286 0.00374532042527876 0.698913719700058 0.999992506607711 0.00387126961428508 0.70445188988374 1.199 1.17200000000001 213.303 190.153

 2954 54 10000 2 0.7 0.871000000000002 4.364 13.291 9.721 0.999990759166005 0.00429902112070839 0.703104074540349 0.999972650334911 -0.00739584898260826 0.698508387374231 0.999990759052339 0.00429904756049524 0.703103343976255 0.999972650238185 -0.00739586206062376 0.698507655149981 0.742999999999995 1.049 217.65 194.274

 2949 49 10000 2 0.7 0.712 5.357 21.643 17.855 0.999995141556598 0.0031171883484538 0.698182764552456 0.999996393961749 -0.0026855285325896 0.701549528849151 0.999995141611531 0.00311717072593515 0.698182000265056 0.999996393922138 -0.0026855432820928 0.701548843747373 1.006 1.45500000000001 207.157 192.954

 2945 45 10000 2 0.7 0.677 2.334 18.999 10.731 0.999998617818414 -0.0016626368401215 0.704862815879722 0.999973791134909 -0.00723996155225944 0.699795696389887 0.999998617872875 -0.00166260408381846 0.704862110338807 0.999973791048583 -0.00723997347547382 0.699794944190555 0.628 1.01900000000001 217.004 200.678

 2956 56 10000 2 0.7 0.873000000000001 4.959 25.775 8.443 0.99999999893317 4.61915555419099e-05 0.698458386562081 0.999981112216661 0.00614615407638417 0.696569072830913 0.999999998933193 4.61910524038914e-05 0.698457629876907 0.999981112086872 0.0061461751930393 0.696568331538921 1.265 1.267 209.833 196.196

 2961 61 10000 2 0.7 0.593 2.519 17.601 9.357 0.999999012636224 -0.00140524964916951 0.699558460168856 0.999989145538682 0.00465927084599864 0.69670072296142 0.999999012684932 -0.00140521498773937 0.699557710242339 0.999989145520583 0.00465927473050318 0.696700014940609 1.256 1.202 217.822 193.396

 2955 55 10000 2 0.7 0.700000000000003 4.979 21.462 10.828 0.99999611775428 0.0027864810008738 0.704807560592843 0.999979239426487 0.00644365703804271 0.695680327642155 0.999996117681217 0.0027865072211335 0.704806860002071 0.999979239545962 0.00644363849698649 0.695679617485182 1.322 1.404 211.733 196.568

 2952 52 10000 2 0.7 0.629999999999999 4.496 24.53 15.043 0.999999416072601 -0.00108067315034319 0.705339434896084 0.999999910136045 0.000423943278077634 0.702295216232977 0.999999416101663 -0.00108064625737383 0.705338714827396 0.99999991013831 0.000423937932951974 0.702294502408063 1.316 1.294 212.427 196.965

 2953 53 10000 2 0.7 0.737 3.529 19.674 16.056 0.99999994323115 -0.000336953551185239 0.704930417846913 0.999984578586343 0.00555361049170502 0.705685437652009 0.999999943237306 -0.000336935283962447 0.704929657048992 0.999984578649452 0.00555359912836825 0.705684745994698 1.235 1.348 218.594 193.164

 2959 59 10000 2 0.7 0.719000000000001 3.608 22.179 16.464 0.99997590995189 -0.00694114658327202 0.703921068510787 0.999974845691076 -0.00709281221444588 0.69963083310438 0.999975910056701 -0.00694113148366192 0.703920305668479 0.99997484554905 -0.00709283223778857 0.699630088135909 1.321 1.485 208.282 195.251

 2964 64 10000 2 0.7 0.766999999999999 3.849 15.932 4.646 0.999994683082829 0.00326095171272344 0.701043294335933 0.99995111057838 0.00988819766509936 0.703353530372385 0.999994683143904 0.00326093298365034 0.701042577503795 0.999951110386106 0.00988821710893659 0.703352755534695 1.421 1.338 212.289 196.57

 2957 57 10000 2 0.7 0.797999999999998 3.638 18.996 24.334 0.999988154538403 0.00486731783209414 0.704486985761795 0.999998714602766 -0.00160336920738164 0.701340374388156 0.999988154509054 0.00486732386187122 0.704486282502332 0.999998714585667 -0.00160337987166304 0.701339519845961 1.56700000000001 1.751 201.82 194.026

 2960 60 10000 2 0.7 0.661000000000001 5.4 18.678 23.839 0.99999051165084 -0.00435621490416073 0.704219367416596 0.999999181570057 0.00127939799016602 0.698269016089807 0.999990511633304 -0.00435621892969107 0.704218639113699 0.999999181571137 0.00127939714542471 0.698268272103373 1.623 1.598 210.288 196.121

 2958 58 10000 2 0.7 0.698 4.746 17.694 25.461 0.999999637920001 0.000850975831854382 0.6994842611369 0.999997774902823 -0.00210954720308665 0.702615256736692 0.999999637892215 0.000851008483158891 0.699483537926992 0.999997774911421 -0.00210954312744809 0.702614542680933 1.557 1.636 211.802 194.937

 2963 63 10000 2 0.7 0.726999999999997 4.929 22.362 17.08 0.999989375721989 -0.00460960336120311 0.703059346238641 0.999999959059629 0.000286148107842328 0.70473942845605 0.999989375716313 -0.00460960459253242 0.703058626186558 0.999999959054556 0.000286165835779019 0.704738711600587 1.428 1.556 210.616 196.766

 2962 62 10000 2 0.7 0.745000000000001 4.873 18.654 31.018 0.999997289074223 -0.00232848538858693 0.701053058990389 0.999999533708756 0.000965702992811433 0.706981481447964 0.999997289092714 -0.00232847744741664 0.701052345940836 0.999999533692806 0.000965719509450957 0.706980783932756 1.619 1.78999999999999 209.295 193.312

 2965 65 10000 2 0.7 1.346 4.841 31.181 10.554 0.999980138950319 -0.00630251575969986 0.703530864683624 0.999969082579911 -0.00786345244092058 0.702228250214229 0.99998013915769 -0.0063024828573104 0.703530154328523 0.999969082442031 -0.00786346997467475 0.702227546153512 1.157 1.03100000000001 190.84 193.71

 2968 68 10000 2 0.7 0.908999999999999 4.22 16.495 21.945 0.999987339958207 0.00503189062972549 0.700719707690484 0.999985790012613 0.00533101986957342 0.70002900545125 0.99998733994543 0.00503189316897062 0.70071892170888 0.999985790030215 0.00533101656776909 0.700028286969123 1.28800000000001 1.235 191.821 194.392

 2966 66 10000 2 0.7 1.06 4.105 21.912 9.88500000000001 0.99998147429474 0.00608695879066215 0.70397382475457 0.999997009151873 -0.00244574882388671 0.698529036782222 0.999981474066624 0.00608699626591857 0.703973084455879 0.999997009191477 -0.00244573263066534 0.698528288418836 1.352 1.205 189.825 197.393

 2970 70 10000 2 0.7 1.1 5.047 18.468 23.584 0.999969423960897 0.0078199196487103 0.701322121589662 0.999997293894545 -0.00232641431989322 0.698248015493104 0.999969423765728 0.00781994460585105 0.701321408566716 0.999997293850841 -0.00232643310568838 0.69824730611528 1.56399999999999 1.437 183.949 194.943

 2967 67 10000 2 0.7 1.068 5.894 29.487 11.499 0.999989798667392 0.0045169194311788 0.700952587747566 0.999999452216009 -0.00104669369092749 0.696888413464262 0.999989798798854 0.00451689032707083 0.700951857406903 0.999999452231631 -0.00104667876550463 0.696887684307598 1.075 1.127 191.337 196.22

 2972 72 10000 2 0.7 0.997 7.252 18.33 26.921 0.999998086240081 -0.00195640388875852 0.699688878880658 0.999994163129547 0.0034166806753644 0.69810569477663 0.999998086171615 -0.00195643888428736 0.699688153962832 0.99999416323511 0.00341664977899715 0.698104865883941 1.55500000000001 1.476 174.627 196.836

 2973 73 10000 2 0.7 1.063 6.312 22.978 16.612 0.999996050473255 0.00281052270782634 0.700409413839031 0.999995239930219 0.00308546866839325 0.696120006963354 0.999996050481267 0.00281051985725557 0.700408679689156 0.999995239901725 0.00308547790314162 0.696119321472218 1.526 1.464 174.534 197.957

 2969 69 10000 2 0.7 1.338 7.224 23.951 19.66 0.999992615416326 -0.0038430603451788 0.702539674787873 0.999988210698645 -0.00485576602843652 0.703949343409721 0.999992615501566 -0.00384303816482193 0.702538961876896 0.9999882107662 -0.00485575211611889 0.703948612487282 1.48399999999999 1.259 176.962 203.766

 2975 75 10000 2 0.7 1.073 5.121 22.592 12.586 0.999993764994078 0.00353128488910852 0.702953705452035 0.999994906016054 -0.00319185556431927 0.699177674598541 0.999993764966328 0.00353129274749669 0.70295297371996 0.999994906003859 -0.00319185938487018 0.699176951550145 1.39800000000001 1.53400000000001 172.906 203.671

 2974 74 10000 2 0.7 0.913999999999998 7.481 27.391 20.373 0.999993163717467 0.00369763685755632 0.700422438558599 0.999991596531078 0.00409961793641923 0.701067198802694 0.999993163623596 0.0036976622442541 0.700421728714028 0.999991596544574 0.00409961464450752 0.701066479708658 1.63800000000001 1.74499999999999 170.21 203.856

 2971 71 10000 2 0.7 1.035 5.343 22.226 20.395 0.999995759965985 -0.00291205254959342 0.697892706165113 0.999979622177461 -0.00638398228563236 0.693020136730219 0.999995760039971 -0.00291202714286949 0.697891962471868 0.999979622466476 -0.00638393701451409 0.693019393082118 1.47 1.892 169.836 202.905

 2976 76 10000 2 0.7 1.007 3.337 28.973 16.135 0.999970080688602 0.00773548496417994 0.701181664517678 0.999998377700004 -0.00180127659168833 0.69910839136571 0.999970080598875 0.00773549656320178 0.701180926709558 0.999998377783748 -0.00180123009987015 0.69910764369027 1.896 1.77200000000001 170.566 203.489

 2979 79 10000 2 0.7 0.949999999999999 4.71 13.499 11.774 0.999999987541643 -0.00015785028605044 0.700714214665592 0.999982888444416 0.00585002721049908 0.697902408812667 0.999999987542937 -0.000157842088902831 0.700713484886155 0.999982888482658 0.00585002067351417 0.697901672142335 0.708999999999996 0.802999999999997 204.138 165.575

 2977 77 10000 2 0.7 1.059 3.487 20.654 16.838 0.99997653810799 -0.00685005354424296 0.698837692762237 0.99998639131658 0.00521700887909424 0.700379607890388 0.999976538377163 -0.00685001425006138 0.698836971892837 0.99998639123923 0.00521702370531748 0.700378886509083 0.742999999999995 0.981999999999999 204.145 164.302

 2978 78 10000 2 0.7 1.09 3.441 17.141 11.661 0.999981490569595 -0.00608428452744547 0.698899187280417 0.999988921480677 -0.00470711333124752 0.701057970351142 0.999981490601769 -0.00608427923943228 0.698898475029268 0.999988921513612 -0.00470710633448583 0.701057239330221 0.780999999999992 0.927999999999997 202.335 169.09

 2987 87 10000 2 0.7 0.609000000000002 4.255 11.618 4.248 0.999999989802413 -0.000142811675427555 0.699894899071375 0.999995359725512 -0.0030463958120851 0.70539514415396 0.99999998980235 -0.00014281211166495 0.699894181730605 0.99999535972117 -0.003046397237404 0.705394422469264 0.768000000000001 0.869 207.119 166.682

 2983 83 10000 2 0.7 0.806999999999999 2.852 14.943 9.67899999999999 0.999999025269816 0.00139623043162406 0.703857794508612 0.999999683417292 -0.000795716857318324 0.706147371439602 0.999999025285923 0.0013962188956476 0.703857075569197 0.999999683427375 -0.000795704185423549 0.706146635787102 0.888000000000005 0.911999999999999 207.163 168.488

 2981 81 10000 2 0.7 0.984999999999999 5.56 20.81 6.804 0.999989378906473 0.00460891247984235 0.697148617111827 0.99999955806042 0.000940148373730554 0.703530911349905 0.999989378855304 0.00460892358189089 0.697147879100282 0.999999558076663 0.000940131096902398 0.703530195973523 1.136 1.01 211.278 164.339

 2980 80 10000 2 0.7 1.048 4.6 24.096 12.261 0.999999468554268 0.00103096613976089 0.701227015377294 0.999995423091875 -0.00302552397161775 0.701492455788067 0.999999468542567 0.00103097748919209 0.701226308035772 0.9999954231081 -0.00302551860866076 0.701491691438262 1.28400000000001 1.258 213.61 161.755

 2985 85 10000 2 0.7 0.802 2.307 16.318 19.384 0.999999923535907 0.000391060327161963 0.701670167963935 0.999999762812588 0.000688748697410888 0.707033926387138 0.9999999235374 0.000391056509345124 0.701669475024259 0.99999976283769 0.000688712250738631 0.707033125766796 1.22499999999999 1.26300000000001 205.368 161.609

 2988 88 10000 2 0.7 0.773 3.592 19.272 9.092 0.999999541646899 -0.00095744764457466 0.703636212597906 0.999996618166819 0.00260070277512671 0.69964301561432 0.999999541642964 -0.000957451754765641 0.703635471225615 0.999996618267501 0.00260066406192611 0.699642268730108 1.271 1.18 211.597 165.123

 2984 84 10000 2 0.7 0.792999999999999 5.522 14.253 12.378 0.999956862233411 -0.00928836219745779 0.702565043649269 0.999994436137176 0.00333581994286371 0.701786734426317 0.99995686242818 -0.00928834122918488 0.70256433432282 0.999994436111641 0.00333582759760341 0.701785986511861 1.529 1.316 208.081 164.716

 2986 86 10000 2 0.7 0.791 5.729 12.918 16.996 0.999997789835069 0.00210245689050852 0.701154740812873 0.999996103700478 0.00279151999142016 0.699512121880875 0.999997789867294 0.00210244156337913 0.701154021108398 0.999996103627462 0.00279154614755815 0.699511294083448 1.063 1.41 206.436 159.511

 2989 89 10000 2 0.7 0.733000000000001 3.074 16.082 13.817 0.999999245381751 0.00122850963735632 0.705373716925283 0.999994757063018 -0.00323818567638793 0.705081072630631 0.999999245371801 0.00122851773614854 0.705373024804032 0.999994757179318 -0.0032381497611999 0.705080343883146 1.28700000000001 1.239 205.914 163.674

 2993 93 10000 2 0.7 0.733000000000001 3.859 23.07 15.689 0.999999737678442 -0.00072432247527679 0.6985785706892 0.99999570768225 0.00292995171890717 0.704733951330049 0.999999737681054 -0.000724318868219759 0.698577829222938 0.999995707558825 0.00292999384381879 0.704733254864946 1.375 1.417 203.678 157.605

 2982 82 10000 2 0.7 0.933 2.334 26.53 25.018 0.999988515762384 0.00479252995232356 0.702428634825083 0.999994397296601 0.00334744311509994 0.700773801598618 0.99998851569971 0.00479254302966131 0.702427853077693 0.999994397238623 0.00334746043499486 0.7007730948655 1.48999999999999 1.56299999999999 201.603 156.618

 2994 94 10000 2 0.7 0.751000000000001 4.126 24.666 17.98 0.999998706068131 0.00160868333211272 0.701589719618069 0.999999974108396 0.00022755924005967 0.704606594371819 0.999998706049584 0.00160869486132666 0.701589026451186 0.999999974099538 0.000227598161009652 0.704605869312613 1.322 1.39400000000001 201.658 154.79

 2991 91 10000 2 0.7 0.869 3.344 19.133 20.944 0.999999946793885 0.000326208870926717 0.695607435559053 0.999998569956017 -0.00169117885547682 0.696970908455428 0.999999946781323 0.000326247378009166 0.695606723587908 0.999998569920696 -0.00169119974064137 0.696970148192593 1.496 1.41800000000001 200.706 153.856

 2990 90 10000 2 0.7 0.766000000000002 3.613 20.723 19.275 0.99999254591979 0.00386110150806116 0.698411375903249 0.999984477488131 -0.00557178452475139 0.692235644410415 0.999992545886347 0.00386111016974011 0.698410674177568 0.999984477546303 -0.00557177408437614 0.692234927147573 1.526 1.494 207.518 153.052

 2992 92 10000 2 0.7 0.631 3.821 23.895 19.069 0.999992176886937 -0.00395552334392788 0.707347974664688 0.999999389317413 -0.00110515374564835 0.698309874311089 0.99999217696197 -0.00395550437501461 0.707347255692413 0.999999389328253 -0.00110514393706157 0.698309135390657 1.54600000000001 1.31699999999999 206.648 151.58

 2996 96 10000 2 0.7 0.635999999999999 4.997 28.562 26.438 0.999998717925809 0.00160129533161696 0.698205526839847 0.999976275301053 -0.00688831147910231 0.700459443849951 0.999998717881405 0.00160132306134902 0.69820479872302 0.999976274913231 -0.00688836777889281 0.700458660158354 1.637 1.73099999999999 195.386 146.671

 2995 95 10000 2 0.7 0.601000000000003 3.157 30.646 19.068 0.999999984928611 -0.000173616758416724 0.698755065815416 0.999995234051712 -0.00308737329472503 0.695287923341741 0.999999984925462 -0.000173634892446061 0.698754342939152 0.999995233981963 -0.00308739588624618 0.69528711731081 1.655 1.649 200.058 145.194

 2997 97 10000 2 0.7 1.307 3.246 7.837 10.542 0.9999983272837 0.00182905161261187 0.698718636489426 0.999976208130652 0.00689805571464274 0.698714034410848 0.999998327349426 0.00182901567789411 0.698717895681963 0.99997620809196 0.0068980613236917 0.698713287782704 1.056 1.166 159.991 27.649

 2998 98 10000 2 0.7 1.054 5.605 19.747 10.569 0.999997261614894 -0.00234024842971015 0.696873613767878 0.999972438607446 -0.00742442088496463 0.691851910721514 0.999997261678628 -0.00234022119586126 0.696872894653037 0.999972438675774 -0.0074244116820611 0.691851205918708 1.06099999999999 1.182 142.982 22.68

 2999 99 10000 2 0.7 1.175 7.825 15.796 13.716 0.99999892075193 0.00146918173644925 0.703436033164105 0.99997119480597 -0.00759009606791687 0.699823486482841 0.999998920733779 0.00146919409111732 0.703435322606831 0.999971194689236 -0.00759011144733277 0.699822746851755 1.22499999999999 1.11799999999999 146.152 22.785
