
 2401 1 100 2 0.7 0.00299999999999923 0.286 0.0409999999999995 0.0269999999999992 0.999992645494168 -0.00383522588320874 0.649883860306186 0.99927778028602 0.03799891875625 0.693195868071683 0.99999264340195 -0.00383577136699652 0.64987545193665 0.999277748265848 0.0379997607984186 0.693189210767301 0.00199999999999978 0.00100000000000033 0.0279999999999996 0.0260000000000007

 2408 8 100 2 0.7 0.00600000000000023 0.285 0.0380000000000003 0.0279999999999996 0.997858000060989 0.0654172126758962 0.657386414026884 0.999996793839766 0.00253225397401733 0.745997141957946 0.997858375336246 0.0654114880682826 0.657378846373961 0.999996800722675 0.00252953442623144 0.745970183848771 0.00199999999999978 0 0.0290000000000008 0.0259999999999998

 2407 7 100 2 0.7 0.00199999999999978 0.278 0.0350000000000001 0.0270000000000001 0.998797278004575 0.0490305766909937 0.668363795895421 0.998814312776441 -0.0486823232079772 0.666635777217729 0.998797376754618 0.0490285650217599 0.668355717397426 0.998814323585037 -0.0486821014477038 0.666629699561948 0.00200000000000067 0 0.0289999999999999 0.024

 2406 6 100 2 0.7 0.00300000000000011 0.285 0.0419999999999998 0.0259999999999998 0.999997279891603 -0.0023324256460945 0.672446948736518 0.997174893613366 0.0751147891375018 0.625049116698465 0.999997268469147 -0.00233731774583638 0.672439015420147 0.997183041713662 0.0750065418392853 0.625685614196084 0.00199999999999978 0.00100000000000033 0.0280000000000005 0.0300000000000002

 2405 5 100 2 0.7 0.00199999999999978 0.274999999999999 0.0389999999999997 0.0259999999999998 0.998476677836711 0.0551753914002008 0.67166716988404 0.999702220689043 0.0244022529573601 0.699717243068714 0.998476745523011 0.0551741665073023 0.671656794867591 0.99970224355425 0.0244013162063037 0.699707142152423 0.00200000000000067 0.00100000000000033 0.0289999999999999 0.0289999999999999

 2404 4 100 2 0.7 0.00300000000000011 0.28 0.0390000000000006 0.0250000000000004 0.999429086092156 -0.0337861195315226 0.695927360106144 0.997041226041767 0.0768686774514152 0.70565162617796 0.999429013739144 -0.0337882597421429 0.695921515407447 0.997041270616329 0.0768680992855707 0.705644926920122 0.00199999999999978 0.000999999999999446 0.0250000000000004 0.0250000000000004

 2409 9 100 2 0.7 0.00300000000000011 0.276 0.0370000000000008 0.0250000000000004 0.998351076098051 -0.0574032129228281 0.647817986810186 0.997378105615533 -0.0723665284421711 0.587213422507582 0.99835087131217 -0.0574067744280314 0.647811608120785 0.997381045382079 -0.0723260002526825 0.587040478992462 0.00199999999999978 0.00100000000000033 0.0250000000000004 0.0250000000000004

 2402 2 100 2 0.7 0.00300000000000011 0.282 0.0380000000000003 0.0250000000000004 0.999328607255571 0.0366378864106694 0.706451746213632 0.999305873955465 0.0372527888634503 0.694820441734511 0.999328682590099 0.0366358315414998 0.706444787083186 0.999305802555783 0.0372547041102561 0.694813809404941 0.00200000000000067 0 0.0270000000000001 0.0250000000000004

 2413 13 100 2 0.7 0.00199999999999978 0.276 0.0459999999999994 0.0250000000000004 0.999662338195602 0.0259847954254269 0.712819844873753 0.999971707327389 -0.0075222699197927 0.757115558902849 0.99966229657921 0.0259863964023424 0.712810380762732 0.999971729836599 -0.00751927706625878 0.75701528787951 0.00100000000000033 0 0.0300000000000002 0.0279999999999996

 2412 12 100 2 0.7 0.00199999999999978 0.276000000000001 0.04 0.0250000000000004 0.998204740211363 -0.0598940449424267 0.703500517143196 0.999276821111966 -0.0380241342881667 0.715400217087948 0.99820476989699 -0.0598935501944686 0.703493997582036 0.999276825384151 -0.0380240220146932 0.715392412083579 0.00199999999999978 0.00100000000000033 0.0259999999999998 0.0259999999999998

 2411 11 100 2 0.7 0.00199999999999978 0.276 0.0389999999999997 0.0249999999999995 0.99959185724617 0.0285677952798649 0.571108802099155 0.999011196206388 -0.0444593055982861 0.698342193908482 0.999592524383015 0.0285444424992149 0.571018281434695 0.999011255290264 -0.0444579779496334 0.698335441509711 0.00200000000000067 0 0.0259999999999998 0.024

 2410 10 100 2 0.7 0.00200000000000067 0.28 0.0419999999999998 0.0259999999999998 0.999915467044754 -0.0130022599832219 0.621532384656057 0.999316114297831 0.0369770699851253 0.654754024396795 0.999914770249878 -0.0130557357561598 0.620938219283589 0.999315900517508 0.036982847008886 0.654742990179488 0.00200000000000067 0 0.0259999999999998 0.0299999999999994

 2403 3 100 2 0.7 0.00199999999999978 0.28 0.0389999999999997 0.0250000000000004 0.997010846901114 0.0772617056602006 0.721525648719561 0.999081785403703 0.042843740202608 0.70328595037076 0.997010878955432 0.0772612920194625 0.721774309713885 0.999081680837821 0.0428461785258996 0.703278580279627 0.00100000000000033 0.00100000000000033 0.0330000000000004 0.0249999999999995

 2415 15 100 2 0.7 0.00199999999999978 0.276 0.0330000000000004 0.0250000000000004 0.995175611413848 0.0981096450257285 0.588475693324223 0.994524650682823 -0.104502244876413 0.702586799535573 0.995175599364235 0.0981097672509453 0.588262465266812 0.994524111436126 -0.104507376640044 0.702578319933061 0.00100000000000033 0.00100000000000033 0.0270000000000001 0.0260000000000007

 2418 18 100 2 0.7 0.00199999999999978 0.277 0.0389999999999997 0.024 0.999580137106858 -0.0289749806114582 0.708128483131776 0.999980362510232 -0.00626694454301533 0.668614096306081 0.999580101611431 -0.0289762051083498 0.708121289170734 0.999980374153529 -0.00626508641348023 0.668607523920559 0.00199999999999978 0.00100000000000033 0.0270000000000001 0.024

 2416 16 100 2 0.7 0.00199999999999978 0.276 0.0449999999999999 0.0250000000000004 0.99797267027986 0.0636439264540283 0.682823723047639 0.999916384899487 0.012931481335927 0.64577199133218 0.997972536196632 0.0636460289198128 0.682817725157415 0.999916341822471 0.0129348118025464 0.645778722184244 0.00199999999999978 0 0.0249999999999995 0.0209999999999999

 2428 28 100 2 0.7 0.00199999999999978 0.274 0.0529999999999999 0.0300000000000002 0.998945686730561 0.0459076786867605 0.659149398339186 0.999310379273559 -0.0371317367777983 0.717624954962151 0.998945758903164 0.045906108192503 0.65914169446805 0.999310411360987 -0.0371308732126628 0.717618097942846 0.00199999999999978 0.00100000000000033 0.032 0.0280000000000005

 2432 32 100 2 0.7 0.00199999999999978 0.268000000000001 0.0440000000000005 0.0270000000000001 0.999074326513298 0.0430173232779471 0.653405563805526 0.998712674336226 0.0507246894537792 0.701118523772058 0.999074388202293 0.0430158905314492 0.653398929549222 0.99871260847324 0.0507259862060633 0.701112231718125 0.00300000000000011 0.00100000000000033 0.0270000000000001 0.024

 2421 21 100 2 0.7 0.00300000000000011 0.273 0.048 0.0310000000000006 0.999990487812142 0.00436168376127502 0.73749444495418 0.998779758795627 0.0493861662831672 0.708600687558079 0.999990525401627 0.0043530571990412 0.737138612669064 0.99877973445956 0.0493866584503366 0.708595560744835 0.00199999999999978 0.000999999999999446 0.0460000000000003 0.0229999999999997

 2427 27 100 2 0.7 0.00199999999999978 0.268 0.0369999999999999 0.0270000000000001 0.998788841381476 -0.0492021374723543 0.669902699207683 0.991962469911659 0.126532439661775 0.664693661779006 0.998788882178121 -0.0492013093055522 0.669896591370175 0.991962584302624 0.126531542880266 0.664686770077554 0.00199999999999978 0.00100000000000033 0.0259999999999998 0.0229999999999997

 2425 25 100 2 0.7 0.00300000000000011 0.271 0.0369999999999999 0.0279999999999996 0.998372093785188 0.057036500164184 0.629022904303261 0.999562102699631 -0.0295905871299026 0.701749065701038 0.998373385451544 0.0570138862210151 0.6296010828468 0.999562146965382 -0.029589091806869 0.701740540630118 0.00199999999999978 0.00100000000000033 0.0340000000000007 0.0269999999999992

 2430 30 100 2 0.7 0.00300000000000011 0.269 0.0419999999999998 0.0279999999999996 0.99940210763581 0.0345749512378753 0.738805763818504 0.999999807149508 0.000621048265209029 0.687726129900301 0.999402513644749 0.0345632134003233 0.738577169692756 0.999999807113059 0.000621106950392349 0.687719653918251 0.00200000000000067 0.000999999999999446 0.0340000000000007 0.0229999999999997

 2424 24 100 2 0.7 0.00300000000000011 0.271 0.0419999999999998 0.0259999999999998 0.999437233796751 0.0335442349845524 0.626555539723055 0.998989970538323 -0.0449337152241042 0.674833486315434 0.999436624893671 0.0335623721025213 0.62712638294656 0.998989901792664 -0.0449352435876749 0.674826546836297 0.00199999999999978 0 0.0289999999999999 0.0230000000000006

 2429 29 100 2 0.7 0.00300000000000011 0.268000000000001 0.0369999999999999 0.0259999999999998 0.999036477592309 0.0438875431067964 0.658881970952268 0.997704286290386 0.0677211718577847 0.733425047462943 0.999036554614877 0.0438857897642978 0.658875472622181 0.997705284057696 0.0677064706165743 0.732944590665187 0.00199999999999978 0.00100000000000033 0.0259999999999998 0.0309999999999997

 2423 23 100 2 0.7 0.00300000000000011 0.267 0.0439999999999996 0.0260000000000007 0.999545072643532 -0.0301603672729002 0.712829963177993 0.996411953562706 0.0846358009198919 0.722019462407695 0.999545081823569 -0.0301600630356465 0.712822204115547 0.996411566708104 0.0846403552113374 0.722279836521334 0.00199999999999978 0.00100000000000033 0.0279999999999996 0.0279999999999996

 2417 17 100 2 0.7 0.00300000000000011 0.27 0.0350000000000001 0.0259999999999998 0.999425186173954 -0.0339012867183064 0.706532335920534 0.998227163631913 -0.0595191547939499 0.766808905615339 0.999425038680644 -0.0339056346083287 0.706528169248426 0.998229077503517 -0.0594870475521959 0.766238727333381 0.00199999999999978 0 0.024 0.0300000000000002

 2419 19 100 2 0.7 0.00199999999999978 0.268 0.0419999999999998 0.0260000000000007 0.999078738939302 0.0429147224091476 0.69833722795938 0.999561143543545 0.0296229694311831 0.668102607291916 0.999078804091317 0.0429132056069333 0.69833062944064 0.999561154231625 0.0296226087835308 0.668096050879616 0.00199999999999978 0.00100000000000033 0.0259999999999998 0.0220000000000002

 2422 22 100 2 0.7 0.00199999999999978 0.269 0.0379999999999994 0.0260000000000007 0.999003426808709 0.0446335437138535 0.652673456041315 0.999839549682526 -0.0179129810652308 0.722434386349027 0.999003443975171 0.0446331594865095 0.652664884232243 0.999839327536777 -0.0179253761691259 0.722740954895579 0.00199999999999978 0.000999999999999446 0.0279999999999996 0.0289999999999999

 2426 26 100 2 0.7 0.00300000000000011 0.275 0.0420000000000007 0.0270000000000001 0.999830347359366 0.0184194597979759 0.705293707002929 0.999312686284786 0.0370695971152337 0.764639486228789 0.999830369576579 0.0184182537815517 0.705284946402763 0.999313901811212 0.0370368147503374 0.764199127943523 0.00199999999999978 0.00100000000000033 0.032 0.0290000000000008

 2420 20 100 2 0.7 0.00300000000000011 0.271 0.0410000000000004 0.0279999999999996 0.999274886083137 0.0380749529682421 0.648654103218702 0.997306152874113 -0.0733514651485304 0.764168377925736 0.999274867259132 0.038075446999933 0.648643167735856 0.99730609933742 -0.0733521930441144 0.763726912794739 0.00200000000000067 0 0.0300000000000002 0.0310000000000006

 2414 14 100 2 0.7 0.00199999999999978 0.274 0.0419999999999998 0.024 0.999831084540585 -0.0183794011435972 0.681422458850118 0.99953978076814 -0.0303352379581728 0.750808621385512 0.999831063216148 -0.0183805611466694 0.681415992650236 0.999540334028041 -0.0303170026736158 0.750543206800461 0.00200000000000067 0.00100000000000033 0.0250000000000004 0.268

 2431 31 100 2 0.7 0.00300000000000011 0.268 0.0390000000000006 0.0259999999999998 0.998802142678107 -0.0489313782926953 0.664021692624935 0.996982654658538 0.0776246501442329 0.729076505658271 0.99880200708008 -0.0489341460823078 0.66401262163311 0.996980024007135 0.0776584298755273 0.728669587335762 0.00199999999999978 0.00100000000000033 0.0300000000000002 0.258999999999999

 2433 33 100 2 0.7 0.00200000000000022 0.272 0.04 0.0249999999999995 0.999995941360409 0.00284908102880431 0.715723397062933 0.999498215823062 0.0316751727148485 0.683046387334798 0.999995946072854 0.00284742653250218 0.715715536764888 0.999498243146746 0.0316743105144831 0.683039841699446 0.000999999999999446 0.00100000000000033 0.0280000000000005 0.0250000000000004

 2435 35 100 2 0.7 0.00200000000000022 0.274 0.0369999999999999 0.0250000000000004 0.993252544651295 0.11597147297386 0.684473597701008 0.998655186560948 -0.0518441737798694 0.64346002488977 0.99325287323127 0.115968658773944 0.684464747253359 0.998655147100124 -0.0518449338935808 0.643509820967756 0.000999999999999446 0.00100000000000033 0.0289999999999999 0.0270000000000001

 2434 34 100 2 0.7 0.00199999999999978 0.27 0.0379999999999994 0.024 0.996722414867624 0.0808976371747196 0.683125701228875 0.999905474900338 -0.0137492277720931 0.707159794303535 0.99672256073499 0.0808958399541327 0.683118402828539 0.999905495206933 -0.0137477509061589 0.707151942288357 0.00199999999999978 0.00100000000000033 0.0270000000000001 0.0280000000000005

 2437 37 100 2 0.7 0.00199999999999978 0.269 0.0380000000000003 0.0250000000000004 0.999992868549544 0.00377661886528689 0.693222789899381 0.999742658008351 0.0226851880838071 0.668835298536689 0.999992868354793 0.00377667043214182 0.693215228374816 0.99974269812077 0.0226834202492126 0.668829310348562 0.00200000000000067 0.00100000000000033 0.0300000000000002 0.024

 2436 36 100 2 0.7 0.00200000000000067 0.269 0.0409999999999995 0.024 0.999529804048063 -0.0306622050681611 0.659877943627615 0.995672529309423 0.0929312346769227 0.721162143968272 0.999529860144972 -0.030660376360574 0.659870695964781 0.995668038750794 0.0929793343176236 0.721362660470423 0.00199999999999978 0.00100000000000033 0.0280000000000005 0.0339999999999998

 2438 38 100 2 0.7 0.00199999999999978 0.272 0.0410000000000004 0.024 0.999390643072597 -0.0349047638430748 0.647146173398026 0.9936244701815 0.112740464149005 0.697625117251137 0.999390575973505 -0.0349066849664226 0.647137870299102 0.993624782320962 0.112737713111544 0.69762014339277 0.00200000000000067 0.00100000000000033 0.0260000000000007 0.0229999999999997

 2439 39 100 2 0.7 0.00199999999999978 0.271999999999999 0.0390000000000006 0.0270000000000001 0.999995132656198 0.00312004229355716 0.625555952526344 0.99947341818228 -0.0324482102284401 0.683917631969532 0.999995202353049 0.00309762342521057 0.625873724124983 0.999473517828753 -0.0324451407612611 0.68391087248625 0.00199999999999978 0 0.032 0.0250000000000004

 2440 40 100 2 0.7 0.00199999999999978 0.271 0.0380000000000003 0.0270000000000001 0.997678902943558 -0.0680941012227833 0.684922051571495 0.999937251614413 0.0112023584041259 0.648015838848494 0.997678832214102 -0.068095137505591 0.684913253313916 0.999937263080288 0.011201334898294 0.648008845256085 0.00199999999999978 0 0.0280000000000005 0.024

 2441 41 100 2 0.7 0.00199999999999978 0.271 0.0430000000000001 0.0250000000000004 0.999887761267608 -0.0149821516228485 0.65490912494563 0.994725120271036 0.102576484155842 0.670094697190844 0.99988777833726 -0.0149810123749638 0.654900950269328 0.994725026801185 0.102577390566258 0.670089425933145 0.000999999999999446 0 0.0259999999999998 0.0209999999999999

 2442 42 100 2 0.7 0.00199999999999978 0.276 0.0350000000000001 0.0259999999999998 0.999991451453504 -0.00413485427977449 0.649567981162004 0.99882308632009 -0.0485019817534274 0.72301570584333 0.999991444123236 -0.00413662668417996 0.649561127141543 0.998824799455095 -0.0484666895247494 0.723392091657396 0.00199999999999978 0.000999999999999446 0.024 0.032

 2443 43 100 2 0.7 0.00200000000000067 0.278 0.0430000000000001 0.0249999999999995 0.993168537777062 0.116688712263751 0.70829599402022 0.999135110180818 -0.0415816257975045 0.758139863161429 0.993168525028501 0.116688820770084 0.708288338658195 0.99913449347315 -0.041596441580395 0.75799821409414 0.00199999999999978 0 0.0289999999999999 0.0309999999999997

 2445 45 100 2 0.7 0.00200000000000022 0.274999999999999 0.0350000000000001 0.0289999999999999 0.99963360344917 0.0270676717732983 0.663029389937452 0.999098529603579 0.0424514798795718 0.711063850225413 0.999633593479721 0.0270680399515553 0.663020809064254 0.999098496635699 0.0424522557738112 0.7110565099224 0.00199999999999978 0.00100000000000033 0.0300000000000002 0.0259999999999998

 2444 44 100 2 0.7 0.00199999999999978 0.276 0.0409999999999995 0.0289999999999999 0.999913548787407 -0.0131489524819965 0.716156414070036 0.999276951377457 0.0380207107479015 0.742745898924655 0.999913555128355 -0.0131484702750656 0.716149601675629 0.999276172839373 0.0380411671153197 0.742637578921724 0.00199999999999978 0.00100000000000033 0.0300000000000002 0.0330000000000004

 2446 46 100 2 0.7 0.00199999999999978 0.28 0.0329999999999995 0.0259999999999998 0.999764097431556 0.0217197948164141 0.66014227476084 0.99844447937009 0.0557550142623156 0.734988554305512 0.999764082513574 0.0217204814815916 0.660135351869667 0.998446300826461 0.0557223865780771 0.734565444931367 0.00199999999999978 0.00100000000000033 0.0280000000000005 0.032

 2448 48 100 2 0.7 0.00200000000000022 0.283 0.0390000000000006 0.0259999999999998 0.999997393600822 0.0022831538631213 0.696152823504391 0.999432498130294 0.0336850364559562 0.749764292451504 0.999997393258684 0.0022833037109932 0.696143492995971 0.999431959571714 0.0337010116561011 0.749375 0.00200000000000067 0.00100000000000033 0.032 0.024

 2447 47 100 2 0.7 0.00299999999999967 0.284 0.0430000000000001 0.0259999999999998 0.999573132615238 0.0292156217417933 0.697143193045078 0.996406275307195 0.0847026240941958 0.676696094626846 0.999573239247098 0.029211973248372 0.697136892539477 0.996406542233181 0.0846994840298046 0.676686691879341 0.00199999999999978 0.000999999999999446 0.0270000000000001 0.024

 2449 49 100 2 0.7 0.00099999999999989 0.284 0.0460000000000003 0.0249999999999995 0.994271676255418 0.106882336221854 0.72519326797823 0.995836955768053 0.0911523862913981 0.669929547119017 0.994270111036641 0.106896895648026 0.725756705027806 0.995837539434994 0.0911460095234951 0.669922012785866 0.00199999999999978 0.000999999999999446 0.0359999999999996 0.024

 2450 50 100 2 0.7 0.00199999999999978 0.282999999999999 0.0430000000000001 0.0279999999999996 0.997591513120477 -0.0693626192555922 0.699210498241807 0.99959749972401 0.0283696765139666 0.681964405707726 0.997591586218702 -0.0693615679296179 0.699200260702275 0.999597410186893 0.0283728311533464 0.681957646834226 0.000999999999999446 0 0.0300000000000002 0.0229999999999997

 2454 54 100 2 0.7 0.00199999999999978 0.288 0.0440000000000005 0.0279999999999996 0.999648469419021 0.0265129701883634 0.620372480703621 0.998954788498155 0.0457091953178737 0.691515078090986 0.999647753104889 0.0265399644375575 0.619679484663442 0.998954620308493 0.0457128708824333 0.691507215738221 0.00200000000000067 0.000999999999999446 0.0309999999999997 0.0259999999999998

 2451 51 100 2 0.7 0.00199999999999978 0.287 0.0419999999999998 0.0270000000000001 0.999125995087526 0.0418000710568905 0.727469592476504 0.999790146169668 -0.0204856931060186 0.639661041716823 0.999123603689266 0.0418571923446304 0.728313417038877 0.999790109581733 -0.0204874786771418 0.639779315093241 0.00100000000000033 0 0.0399999999999991 0.0269999999999992

 2462 62 100 2 0.7 0.00199999999999978 0.282 0.0409999999999995 0.0279999999999996 0.997577209700275 -0.0695680291988656 0.670843923520593 0.999281267288875 -0.0379071081136504 0.71321777481392 0.997577042335086 -0.0695704291059222 0.67083785696642 0.999281202153199 -0.0379088251368576 0.713211310423005 0.00200000000000067 0.000999999999999446 0.024 0.024

 2455 55 100 2 0.7 0.00199999999999978 0.283 0.0449999999999999 0.0279999999999996 0.999613029174977 0.0278171153002424 0.73903759667172 0.999478953060152 0.0322772735803909 0.754938530472512 0.999613632025858 0.0277954432969234 0.738815077012871 0.999478779744746 0.0322826399161296 0.754883765147868 0.00200000000000067 0.000999999999999446 0.032 0.0289999999999999

 2452 52 100 2 0.7 0.00099999999999989 0.279999999999999 0.0430000000000001 0.0259999999999998 0.999998865797482 0.00150612209021886 0.708683427119562 0.999610791218615 -0.0278974206566741 0.689038097062586 0.999998866753603 0.00150548713381987 0.708677844075274 0.999610696214027 -0.0279008246205802 0.689031610669908 0.00199999999999978 0.000999999999999446 0.0250000000000004 0.0230000000000006

 2456 56 100 2 0.7 0.00099999999999989 0.278 0.0380000000000003 0.0270000000000001 0.999358959871097 -0.0358004095697039 0.664180056616302 0.999638186699207 -0.0268978752454922 0.657742643459332 0.999358926785132 -0.035801333143725 0.664172926266183 0.999638167885104 -0.0268985744475884 0.657735922449182 0.00199999999999978 0 0.0250000000000004 0.0220000000000002

 2457 57 100 2 0.7 0.00100000000000033 0.278 0.048 0.0250000000000004 0.987889007285288 0.15516220314525 0.66625542170358 0.99858234454215 0.0532287626072859 0.731540073859798 0.987889331226094 0.155160140660094 0.666245825940702 0.998585237499308 0.0531744623710573 0.730806200089364 0.00199999999999978 0.000999999999999446 0.0270000000000001 0.0380000000000003

 2458 58 100 2 0.7 0.00299999999999923 0.281 0.0390000000000006 0.0279999999999996 0.998714996004994 0.0506789577117039 0.617823811383239 0.9997186892859 -0.0237179740382939 0.741438179784746 0.998714738038361 0.0506840411270547 0.617207039019743 0.999718919069365 -0.0237082866268287 0.74130908973713 0.000999999999999446 0 0.0310000000000006 0.0289999999999999

 2464 64 100 2 0.7 0.00199999999999978 0.278 0.0390000000000006 0.0259999999999998 0.99998626042392 0.00524203809452825 0.717293168377392 0.998547762866064 0.053873604623967 0.748088078737174 0.999986265821368 0.00524100836073883 0.717287217699735 0.998547707391825 0.0538746328296649 0.748076456402136 0.00199999999999978 0.000999999999999446 0.0259999999999998 0.0270000000000001

 2453 53 100 2 0.7 0.00199999999999978 0.277 0.0380000000000003 0.0259999999999998 0.999914085024381 0.0131081108423231 0.634780047423082 0.994222060190381 0.107342885329189 0.739188649053342 0.999913432839036 0.0131577668338788 0.635173581092184 0.994223100206366 0.107333252145091 0.738991579583603 0.00200000000000067 0 0.0289999999999999 0.0280000000000005

 2461 61 100 2 0.7 0.00199999999999978 0.279999999999999 0.04 0.0270000000000001 0.999985339642333 -0.00541484075555451 0.692467750301817 0.99973912815057 0.0228402198924984 0.726255181142634 0.999985340281214 -0.00541472276889299 0.692459890533995 0.999738012718986 0.0228889913428597 0.72689489464201 0.00199999999999978 0.000999999999999446 0.0270000000000001 0.0329999999999995

 2460 60 100 2 0.7 0.00100000000000033 0.276 0.0440000000000005 0.0260000000000007 0.999972122840049 0.00746682949892945 0.577798546245781 0.998719119850734 -0.0505976248906512 0.601283067590312 0.999972131800142 0.00746562944967795 0.577673172593435 0.998716955290842 -0.050640331896531 0.600986336446385 0.00199999999999978 0.00100000000000033 0.0249999999999995 0.0229999999999997

 2463 63 100 2 0.7 0.00199999999999978 0.276 0.0389999999999997 0.0259999999999998 0.999916483394632 0.0129238630336358 0.658835880462272 0.99690098766772 0.078666516302197 0.771603766445953 0.999916500257876 0.0129225582622242 0.658825699515074 0.996903445960136 0.0786353573960541 0.772112913310362 0.00199999999999978 0.000999999999999446 0.0289999999999999 0.0329999999999995

 2459 59 100 2 0.7 0.00199999999999978 0.279 0.0460000000000003 0.0289999999999999 0.999998564300461 -0.001694519701026 0.728259029177926 0.996430765874107 -0.0844140321246401 0.699761476639021 0.999998532733408 -0.00171304729385734 0.728575632186127 0.996430177759368 -0.0844209739960104 0.699754127947662 0.00300000000000011 0 0.31 0.0249999999999995

 2465 65 100 2 0.7 0.00300000000000011 0.28 0.0380000000000003 0.0250000000000004 0.9999503109695 -0.00996873071159118 0.710705965837335 0.998554459968715 0.0537493300106064 0.71000208272838 0.999950306101287 -0.00996921902370958 0.710698383945114 0.998554483451821 0.0537488937399319 0.709994294085859 0.00199999999999978 0.000999999999999446 0.0279999999999996 0.0269999999999992

 2466 66 100 2 0.7 0.00200000000000022 0.274999999999999 0.0390000000000006 0.0259999999999998 0.999767099449907 0.0215811690489398 0.655510627573505 0.994146746277006 -0.108038173192818 0.696378050017359 0.999767087212772 0.0215817359378294 0.655503146415543 0.994146889315233 -0.108036856974116 0.696372681021987 0.00199999999999978 0.000999999999999446 0.0260000000000007 0.024

 2467 67 100 2 0.7 0.00199999999999978 0.273 0.0389999999999997 0.024 0.999091152586904 0.0426247442522758 0.650191547472669 0.999990369469927 -0.0043887318668311 0.723741802756088 0.99909121244772 0.0426233411377496 0.650184700546156 0.999990376457297 -0.00438713947735646 0.723928719380891 0.00199999999999978 0.00100000000000033 0.0249999999999995 0.0329999999999995

 2470 70 100 2 0.7 0.00200000000000022 0.272 0.0390000000000006 0.0250000000000004 0.99965584913667 -0.0262332477372354 0.654497725924177 0.999725279386939 0.0234385527434564 0.654576083201853 0.999655843913531 -0.026233446771757 0.654489807248335 0.999725226574382 0.0234408052506709 0.654568834614969 0.00100000000000033 0 0.0300000000000002 0.0229999999999997

 2469 69 100 2 0.7 0.00200000000000022 0.276 0.0380000000000003 0.0250000000000004 0.999746888490625 0.0224979766493252 0.675655584556983 0.999331267962353 -0.0365652413195403 0.736239010554136 0.999746884714257 0.0224981444599082 0.675648327502937 0.999331670091697 -0.0365542494347641 0.73585068831668 0.00199999999999978 0 0.0250000000000004 0.0390000000000006

 2471 71 100 2 0.7 0.00300000000000011 0.279 0.0380000000000003 0.0250000000000004 0.996553390989945 0.0829538359959474 0.675300533552391 0.976368295813531 -0.216113282632469 0.672318496786976 0.996553653701999 0.082950679883864 0.675290695258108 0.976367728720538 -0.216115844659984 0.672311977860156 0.00199999999999978 0.000999999999999446 0.0309999999999997 0.024

 2473 73 100 2 0.7 0.00299999999999967 0.276000000000001 0.0389999999999997 0.0250000000000004 0.996176108357058 0.0873679640290791 0.709821531976086 0.999967615008504 -0.00804791489797352 0.71548988747085 0.996176288847595 0.0873659060379532 0.709814432642445 0.999967613858474 -0.00804805778992059 0.715479415232589 0.00199999999999978 0.00100000000000033 0.0279999999999996 0.0289999999999999

 2472 72 100 2 0.7 0.00199999999999978 0.278 0.04 0.0250000000000004 0.998816515187997 0.0486371153308406 0.718443606565551 0.999485544984402 0.0320725017301761 0.709103255230327 0.998816450296797 0.0486384479245265 0.718436985091016 0.999485580495414 0.0320713950701439 0.7090964542494 0.00199999999999978 0.00100000000000033 0.0270000000000001 0.024

 2474 74 100 2 0.7 0.00200000000000022 0.282 0.04 0.0250000000000004 0.999473270937397 -0.0324527453646185 0.708518296358247 0.999994793445134 -0.00322693083642053 0.733602614666505 0.999473347715181 -0.0324503806912751 0.708511849399544 0.999994740948453 -0.00324315825025185 0.733149395238989 0.00199999999999978 0.00100000000000033 0.0270000000000001 0.0309999999999997

 2476 76 100 2 0.7 0.00200000000000022 0.282999999999999 0.0410000000000004 0.0250000000000004 0.999992576145175 0.00385326543808601 0.693533516444361 0.999582328293503 -0.0288992900144552 0.733948766467992 0.999992577429301 0.00385293216964016 0.69352744169456 0.999584397368793 -0.0288276349509737 0.73350113238609 0.00199999999999978 0.00100000000000033 0.0250000000000004 0.032

 2475 75 100 2 0.7 0.00199999999999978 0.276 0.0350000000000001 0.0250000000000004 0.998579892825574 0.0532747373946193 0.677083866028341 0.999025478959835 -0.0441371996061453 0.706721910772346 0.998579933536451 0.0532739743058224 0.677077258687297 0.999025621074605 -0.0441339827853732 0.706715019178369 0.00199999999999978 0.00100000000000033 0.0250000000000004 0.0259999999999998

 2477 77 100 2 0.7 0.00200000000000022 0.281 0.0380000000000003 0.0250000000000004 0.998153053269702 -0.0607493394891833 0.690562282458066 0.99960981083704 0.0279325272457784 0.678236981203251 0.998153134589611 -0.0607480033329032 0.690555797465033 0.999609814403849 0.0279323996015729 0.678228121840679 0.00100000000000033 0.00100000000000033 0.0260000000000007 0.0249999999999995

 2468 68 100 2 0.7 0.00199999999999978 0.273 0.0410000000000004 0.0249999999999995 0.999519077198086 -0.0310099067571336 0.682894781489533 0.999164587182641 -0.0408671961375213 0.729182939807914 0.999519036981732 -0.0310112029936269 0.682885831984157 0.999167666964722 -0.040791828743941 0.728722823311234 0.00199999999999978 0.00100000000000033 0.0300000000000002 0.284999999999999

 2478 78 100 2 0.7 0.00199999999999978 0.282 0.0350000000000001 0.0259999999999998 0.999430795331995 -0.0337355204799918 0.669224317286564 0.999951794746565 -0.00981876688400634 0.680188841124693 0.999430781569565 -0.0337359281960486 0.669216462410571 0.999951825770891 -0.0098156068309949 0.680181238510124 0.00199999999999978 0.00100000000000033 0.0289999999999999 0.024

 2479 79 100 2 0.7 0.00199999999999978 0.295 0.0380000000000003 0.0270000000000001 0.998779384331658 0.049393738814489 0.674471397450097 0.999481389178962 -0.0322017497178764 0.655106629585132 0.998779422612658 0.0493929647371543 0.67446235877172 0.999481249968722 -0.0322060702502105 0.655100518947791 0.00199999999999978 0.000999999999999446 0.0270000000000001 0.0219999999999994

 2480 80 100 2 0.7 0.00200000000000022 0.305 0.0449999999999999 0.0270000000000001 0.999497041489287 0.0317122067059728 0.709495949564395 0.98957408412354 -0.144024761867732 0.647746538962133 0.999497030620245 0.0317125492717464 0.709489263746054 0.989574023164104 -0.144025180710907 0.647740757465022 0.00199999999999978 0 0.0259999999999998 0.0209999999999999

 2481 81 100 2 0.7 0.00200000000000022 0.286 0.0380000000000003 0.0249999999999995 0.999982837112753 0.0058587950919886 0.614479529066194 0.99999999914218 -4.142028503292e-05 0.74971803442636 0.999983038017309 0.00582440363243731 0.613966107349509 0.999999999193563 -4.01606125072147e-05 0.74917639160854 0.00199999999999978 0 0.0289999999999999 0.0490000000000004

 2485 85 100 2 0.7 0.00199999999999978 0.283 0.0419999999999998 0.0279999999999996 0.997498510780711 0.0706874882158376 0.724182401596251 0.992801142357405 0.119774336707959 0.681826225300487 0.997498472243764 0.070688032023509 0.724751868286179 0.992801149426232 0.11977427811493 0.681821059481492 0.00199999999999978 0 0.0390000000000006 0.0230000000000006

 2482 82 100 2 0.7 0.00200000000000022 0.282 0.0380000000000003 0.0280000000000005 0.999717195227059 0.023780865571742 0.636073693583607 0.999946503618564 0.0103435922681609 0.738015749335764 0.999716893887316 0.0237935301352576 0.636447739735711 0.999946409124782 0.0103527232385438 0.73777253575634 0.00199999999999978 0.000999999999999446 0.0299999999999994 0.0289999999999999

 2486 86 100 2 0.7 0.00199999999999978 0.282 0.04 0.0279999999999996 0.999997130406941 -0.00239565813175462 0.713076039347447 0.999920599661947 -0.0126013638821949 0.711377458915654 0.99999713190295 -0.00239503358525119 0.713068273302035 0.999920616054896 -0.0126000630315039 0.711370783588369 0.00199999999999978 0 0.0279999999999996 0.024

 2483 83 100 2 0.7 0.00200000000000022 0.284 0.0389999999999997 0.0279999999999996 0.998958220097386 -0.0456341374396667 0.741854083065908 0.99594434916868 0.0899714030065929 0.767073950876413 0.998957740065474 -0.0456446444096185 0.741719694646563 0.995946507361844 0.0899475095471993 0.766497675957003 0.00199999999999978 0 0.0330000000000004 0.0300000000000002

 2484 84 100 2 0.7 0.00300000000000011 0.283 0.0359999999999996 0.0250000000000004 0.999337382905362 -0.0363977352023751 0.723935856365705 0.999892728542131 -0.0146468907476318 0.706998076576329 0.999338271437259 -0.0363733314502626 0.724385435359945 0.999892721721994 -0.0146473563274347 0.70699142450318 0.00199999999999978 0.000999999999999446 0.0339999999999998 0.0250000000000004

 2487 87 100 2 0.7 0.00199999999999978 0.283 0.0469999999999997 0.0270000000000001 0.990918952293903 0.134460514593514 0.654130226973771 0.998366708662936 0.0571306838182028 0.645563440432259 0.990918890022491 0.134460973507534 0.654123767875689 0.998366429876771 0.057135555437137 0.645571795433861 0.00300000000000011 0.00100000000000033 0.0229999999999997 0.0210000000000008

 2488 88 100 2 0.7 0.00199999999999978 0.285 0.0359999999999996 0.0270000000000001 0.994090187749489 0.108557351755587 0.691784775398413 0.999674827801217 0.0254997776580051 0.718741648963013 0.994090119664023 0.108557975231522 0.691778485913887 0.99967483214425 0.0254996073963135 0.718735019073082 0.00200000000000067 0.00100000000000033 0.0250000000000004 0.0250000000000004

 2489 89 100 2 0.7 0.00100000000000033 0.281 0.04 0.0269999999999992 0.996787904011708 0.0800866681536115 0.722973402127969 0.997435425953631 0.0715721388020419 0.736084022058721 0.996790589465076 0.0800532369980569 0.723290874188984 0.997433038935438 0.071605396724114 0.73571947279411 0.00199999999999978 0.000999999999999446 0.0289999999999999 0.032

 2490 90 100 2 0.7 0.00200000000000022 0.278 0.0369999999999999 0.0250000000000004 0.996225061207821 0.0868079916912833 0.761788407076109 0.997070221875506 -0.0764916508458936 0.73379424041038 0.996228896253006 0.0867639687342451 0.761479505522667 0.997075556214955 -0.076422085804029 0.733299921280496 0.00199999999999978 0.00100000000000033 0.0339999999999998 0.0329999999999995

 2492 92 100 2 0.7 0.00200000000000022 0.276 0.0439999999999996 0.0290000000000008 0.999980178735911 -0.00629620006787844 0.681572814658324 0.999062174657071 -0.0432986278013981 0.700757703706462 0.999980166963887 -0.00629806945631228 0.681565666524705 0.999062232784281 -0.043297286567249 0.700751140890903 0.00100000000000033 0.00100000000000033 0.0260000000000007 0.024

 2494 94 100 2 0.7 0.00199999999999978 0.281 0.0439999999999996 0.0270000000000001 0.999440384069932 0.0334502420043099 0.675728264152568 0.998520338553527 -0.0543795319486168 0.652339819085879 0.999440317059765 0.0334522441022546 0.675719324635522 0.998520411079091 -0.0543782002133473 0.652334014866732 0.00199999999999978 0 0.0249999999999995 0.0200000000000005

 2491 91 100 2 0.7 0.00199999999999978 0.279 0.0380000000000003 0.0279999999999996 0.99453194233489 -0.104432828533896 0.738441587197601 0.999811092430656 0.0194365494010422 0.716755577026603 0.99453093692397 -0.104442402792781 0.738179204629493 0.999811029589572 0.0194397816613385 0.716748460114661 0.00200000000000067 0.00100000000000033 0.0350000000000001 0.0249999999999995

 2495 95 100 2 0.7 0.00199999999999978 0.278 0.0419999999999998 0.0270000000000001 0.996713508518914 0.0810072955721745 0.672018626860154 0.997522118859289 -0.0703535527636979 0.706196962556288 0.996713533620359 0.0810069867234714 0.672012769683433 0.997522437740682 -0.0703490312931752 0.706191940000979 0.00199999999999978 0.00100000000000033 0.0230000000000006 0.0229999999999997

 2493 93 100 2 0.7 0.00199999999999978 0.279 0.0449999999999999 0.0279999999999996 0.999716053519068 0.0238288131525796 0.646306392030335 0.996835986936032 0.0794859430922604 0.611114663053772 0.99971601363435 0.0238304864206387 0.646298605553432 0.996843879906018 0.0793868949759052 0.610646122305663 0.000999999999999446 0.000999999999999446 0.024 0.0270000000000001

 2496 96 100 2 0.7 0.00200000000000022 0.291 0.0440000000000005 0.0259999999999998 0.999871453464116 0.0160336068168047 0.674903929729359 0.999016701677239 0.0443354234211319 0.691094891648828 0.999871496237495 0.0160309392049406 0.674896478895258 0.999016713635272 0.0443351539681614 0.691087844776645 0.00199999999999978 0.00100000000000033 0.024 0.024

 2497 97 100 2 0.7 0.00099999999999989 0.274 0.0439999999999996 0.0260000000000007 0.999879819928841 0.0155030867593513 0.691404320036329 0.999603333954937 0.0281633582190686 0.671425328123177 0.999879814312615 0.0155034489765864 0.69139731767067 0.999603223547021 0.028167276659367 0.671417030882027 0.00199999999999978 0 0.0270000000000001 0.0260000000000007

 2498 98 100 2 0.7 0.00200000000000022 0.268 0.0380000000000003 0.024 0.999988250254774 0.00484761306160288 0.715759539259668 0.999977152010185 -0.00675984153653495 0.682564880526226 0.999988253625233 0.00484691773776663 0.715753648087672 0.999977139723017 -0.00676165892176315 0.682555999659755 0.00199999999999978 0.000999999999999446 0.0250000000000004 0.0280000000000005

 2500 100 100 2 0.7 0.00199999999999978 0.266999999999999 0.0359999999999996 0.024 0.999921739296355 0.0125106068019191 0.623190753917889 0.999601534702132 0.0282271468828046 0.736545508778542 0.999923099965686 0.0124013771417923 0.622523623148248 0.999602224292845 0.0282027159826144 0.736212648010958 0.000999999999999446 0.00100000000000033 0.0289999999999999 0.0350000000000001

 2499 99 100 2 0.7 0.00199999999999978 0.269 0.0529999999999999 0.024 0.999284904052349 0.0378111165279147 0.710666504708128 0.998295712515008 -0.0583581217496911 0.751057140751248 0.999284971690547 0.0378093289205591 0.710656552538655 0.998297670437852 -0.0583246191445592 0.75078989203517 0.00200000000000067 0 0.0300000000000002 0.290999999999999

 2501 1 500 2 0.7 0.00200000000000022 0.29 0.193 0.117 0.999387804072761 -0.0349859553338993 0.709428573599812 0.999942777887461 0.0106977077314457 0.719885507706219 0.999387786177857 -0.0349864665052238 0.709425817448102 0.999942835848798 0.0106922885606128 0.719976229568148 0.00300000000000011 0.00100000000000033 0.0449999999999999 0.056

 2503 3 500 2 0.7 0.00299999999999967 0.29 0.179 0.118 0.999835710682283 -0.0181259936129027 0.703052045788534 0.999991753525907 0.0040611427188309 0.708412657718718 0.999835712245964 -0.0181259073595468 0.703049004222068 0.999991754155941 0.00406098757999773 0.708409524719109 0.00199999999999978 0.00100000000000033 0.0469999999999997 0.0499999999999998

 2506 6 500 2 0.7 0.00200000000000022 0.29 0.181999999999999 0.113 0.999989353814794 -0.004614353375071 0.68011696916558 0.999899079893657 -0.0142066895446335 0.677461812271377 0.999989354260371 -0.00461425681195508 0.680112668760479 0.999899084816308 -0.0142063430730731 0.677458257256292 0.00199999999999978 0.00100000000000033 0.0459999999999994 0.0540000000000003

 2502 2 500 2 0.7 0.00199999999999978 0.291 0.186000000000001 0.114999999999999 0.99942999667486 -0.0337591727755486 0.709930004107163 0.999676520916706 0.0254333153141838 0.6985486115602 0.999429993121647 -0.0337592779671627 0.709927058134617 0.999676507587456 0.0254338392254717 0.698545391786408 0.00300000000000011 0.00100000000000033 0.0499999999999998 0.0440000000000005

 2508 8 500 2 0.7 0.00199999999999978 0.288 0.19 0.113 0.999105399160193 -0.0422894947824032 0.710950146629684 0.999866930336596 0.016313234482209 0.700104254713548 0.999105399400371 -0.0422894891081161 0.710947252213595 0.999866939231018 0.0163126893183121 0.700101263224416 0.00300000000000011 0.00100000000000033 0.0460000000000003 0.0540000000000003

 2505 5 500 2 0.7 0.00199999999999978 0.29 0.183 0.117 0.999580570606899 -0.0289600218436751 0.724634612502851 0.999989012038674 0.00468783552566424 0.712620959582329 0.99958131169009 -0.0289344313909656 0.725128504442615 0.999989011431835 0.00468796497229572 0.712617584672634 0.00200000000000067 0.000999999999999446 0.0629999999999997 0.048

 2509 9 500 2 0.7 0.00200000000000022 0.288 0.182 0.114 0.999830719176074 -0.0183992660683826 0.707200413458792 0.999827706795283 -0.0185622392099023 0.683678607158812 0.999830730567528 -0.0183986470372745 0.707197302457403 0.999827717305473 -0.0185616730853152 0.68367567051798 0.00300000000000011 0.00100000000000033 0.0449999999999999 0.0440000000000005

 2504 4 500 2 0.7 0.00200000000000022 0.290999999999999 0.194 0.112 0.999999998739618 -5.02072102614937e-05 0.712881817754445 0.999836571863215 0.0180784281621564 0.712606172770985 0.999999998730691 -5.03847057119348e-05 0.712878993471001 0.999836577708643 0.018078104874938 0.71260354433516 0.00299999999999923 0.00100000000000033 0.0449999999999999 0.0419999999999998

 2510 10 500 2 0.7 0.00199999999999978 0.291 0.195 0.117 0.999997343870221 0.00230483242415507 0.698746463265883 0.999939338060835 -0.0110145448593528 0.707518266590863 0.999997342625991 0.00230537219449173 0.698743526061632 0.999939351006936 -0.0110133695038288 0.707515250438275 0.00199999999999978 0 0.0460000000000003 0.0469999999999997

 2511 11 500 2 0.7 0.00199999999999978 0.293000000000001 0.209 0.124 0.99898880139868 -0.0449597006220927 0.717905729575008 0.999997417245397 -0.00227277419361586 0.703702995429192 0.998988812519634 -0.0449594535177185 0.71790287805901 0.999997418741475 -0.00227211583922038 0.703699945481979 0.00199999999999978 0 0.0460000000000003 0.0449999999999999

 2512 12 500 2 0.7 0.00200000000000022 0.296 0.2 0.124 0.999309734358181 -0.0371490890464449 0.686098845401254 0.999237080134274 -0.039054547555051 0.68944207614742 0.9993097375301 -0.0371490037217956 0.686095539736925 0.999237042976483 -0.039055498250752 0.689438959829981 0.00199999999999978 0 0.0450000000000008 0.0439999999999996

 2507 7 500 2 0.7 0.00300000000000011 0.286 0.17 0.113 0.999940697355951 -0.0108904440356807 0.729035346021963 0.999973882641208 -0.00722731177322156 0.692069129746985 0.999940929913315 -0.0108690700657444 0.728661199115468 0.99997388823162 -0.0072265382400269 0.692066021751752 0.00199999999999978 0 0.426 0.0429999999999993

 2513 13 500 2 0.7 0.00199999999999978 0.297 0.205 0.117 0.999649504134838 -0.0264739283630623 0.707329107955761 0.999938312842642 0.0111072278004037 0.723514119652458 0.999649490772489 -0.0264744329174947 0.707326512887726 0.999938145535449 0.0111222795832537 0.723934281076934 0.00300000000000011 0.000999999999999446 0.0440000000000005 0.0640000000000001

 2514 14 500 2 0.7 0.00199999999999978 0.293 0.198 0.115 0.999368239326415 -0.0355404308586937 0.718033621488015 0.999894896107297 0.0144981632828792 0.701381257507721 0.999368247739924 -0.0355401942768102 0.718030317344297 0.999894894871119 0.0144982485381668 0.701378161543503 0.00300000000000011 0.00100000000000033 0.0469999999999997 0.0500000000000007

 2517 17 500 2 0.7 0.00300000000000011 0.293 0.186000000000001 0.114999999999999 0.999975854278996 -0.00694916246687677 0.71502933323051 0.998416661813656 -0.0562509503286486 0.706065985399555 0.999975850714615 -0.00694967535803117 0.715026069941272 0.998416692606404 -0.0562504037753376 0.706063009634938 0.00199999999999978 0.000999999999999446 0.0449999999999999 0.0499999999999998

 2516 16 500 2 0.7 0.00300000000000011 0.290999999999999 0.183000000000001 0.114 0.999895902651514 -0.0144285779172315 0.697504470164548 0.999964545487991 0.00842067497263488 0.676292268300458 0.99989590071061 -0.0144287124206634 0.697501039918463 0.999964546373784 0.00842056978312053 0.6762890484744 0.00200000000000067 0 0.0439999999999996 0.0490000000000004

 2515 15 500 2 0.7 0.00199999999999978 0.294 0.186 0.115 0.99981370383844 -0.0193017516526554 0.67969566096192 0.999827366975168 -0.018580534101637 0.720760435493201 0.999813700410326 -0.0193019292251031 0.679692688997351 0.999827689990824 -0.0185631443353027 0.720925288680135 0.00300000000000011 0 0.0419999999999998 0.0629999999999997

 2518 18 500 2 0.7 0.00200000000000022 0.290999999999999 0.191000000000001 0.115 0.999304334535339 -0.0372940609063028 0.708705870164761 0.999952754492713 -0.00972053406124569 0.704605403762036 0.999304320987533 -0.0372944239216245 0.708703057904802 0.999952756136303 -0.00972036498346323 0.704601519033612 0.00200000000000067 0.00100000000000033 0.0430000000000001 0.0510000000000002

 2519 19 500 2 0.7 0.00199999999999978 0.292 0.184 0.12 0.999763657273471 -0.0217400458871108 0.710603956596837 0.999759603881084 0.0219256572886196 0.701197092485424 0.999763661317403 -0.0217398599172467 0.710600837402693 0.999759591825035 0.0219262070098539 0.701193776377053 0.00300000000000011 0.00100000000000033 0.0439999999999996 0.0460000000000003
