
 1518 73 10000 10 0.95 0.271000000000001 1.008 0 2.047 0.999999156021362 5.69115312073044e-05 0.000382209141883849 -0.000464366860297725 -0.000246880954631057 0.000121459837209123 0.000391297051348119 0.000569686695577304 -0.000877115517393503 -1.75096862066274e-05 0.949736303474921 0.999997473104535 -0.000922490158040556 -0.000415650112268586 0.000207700121968677 -0.000221504615335299 -0.000954205092250153 -0.000416205691503534 2.84043965212626e-05 -0.00105675500379983 0.00131778424556131 0.949948426777699 0.99999915564555 5.72513307847378e-05 0.000382279667375178 -0.000464240744671984 -0.000246827509127957 0.000122047121874612 0.000391700348990405 0.000569540246578847 -0.000877414603336448 -1.70967214846845e-05 0.949871911568849 0.99999747357969 -0.000922942929709027 -0.00041559017487723 0.00020781214929105 -0.000221282055663058 -0.000954336539119525 -0.000416246708263863 2.82818895491599e-05 -0.00105649089353178 0.00131725142958305 0.950065515506414 0.102999999999998 0.100000000000001 3.119 2.8

 1545 100 10000 10 0.95 28.731 1.315 0 3.908 0.999999622630871 2.57512478297202e-06 -0.000297029295653151 3.17460300241681e-05 -0.000124372405104138 -0.000690851379480185 0.000231684184163065 -0.000131746877764888 0.000232186847518037 0.000218649523924277 0.95017850566241 0.999999122148786 0.000201787277637059 0.000263328896889935 -0.000494616851426393 -0.000384452200801294 -9.94947122131474e-05 0.000900779869599224 0.000459574401936952 1.54338283884457e-05 -0.000469512209119326 0.949230831938039 0.999999622577125 2.10349543679735e-06 -0.00029684498770777 3.15273096722068e-05 -0.000124542105441405 -0.000690983496825237 0.000231571277672364 -0.000132033184200953 0.000231929693263976 0.000218887949904534 0.950273012793505 0.999999121856715 0.000202179644932941 0.000263152627160105 -0.000494448424916295 -0.000384530193381884 -9.93941029696076e-05 0.000900859994706236 0.000460332788997542 1.51593167677813e-05 -0.000469311378700603 0.949412673013258 0.614000000000004 0.681000000000004 69.6 155.348

 1534 89 10000 10 0.95 28.832 1.816 0 2.91800000000001 0.999997853139334 0.000464024344843453 -0.00141066234794832 -0.000298307437448318 -0.000536281671761042 -0.00111989981051323 -0.000261214738001967 0.000276707462898312 0.000146714024568989 0.000539762690195596 0.950846252112813 0.999997832047857 6.66657055874913e-05 0.00104739093843586 -0.001017219376326 0.000240409451038776 0.000283522490781649 -0.000736456616405589 3.63036574418608e-05 -0.00122818132149233 -9.69271002203372e-05 0.950530239964979 0.99999785309043 0.000464085105931995 -0.00141069986570516 -0.000298155580815151 -0.000536367919667446 -0.00111982984759031 -0.000261260824659631 0.000276620563319658 0.000146649484129904 0.000539886121733534 0.950873223214948 0.999997831685592 6.66021330223905e-05 0.00104746762273827 -0.00101733444735604 0.000240602954537983 0.000283657305440851 -0.000736518673685041 3.64160267954017e-05 -0.00122819296330431 -9.71359017916761e-05 0.950589679384273 1.455 3.26300000000001 125.218 101.361

 1544 99 10000 10 0.95 29.795 1.951 0 2.75700000000001 0.999999521300219 -0.000114840806617487 5.94611399731913e-05 1.99888058601915e-05 -0.000194359473708352 -0.000812976951211524 -0.000119267168403219 -0.000224400609936603 0.000113436127237209 0.000405117969257777 0.950172579485371 0.999998091598371 -0.00021370193367393 -0.000332608314319611 0.000283056467055928 0.000736403770377595 -0.000377811795565898 -0.00086969378953679 0.00083958201391178 -0.0011439986926392 0.000354049890017404 0.950181868548268 0.999999521380719 -0.00011469191923611 5.95617350540602e-05 1.9996859919574e-05 -0.000194770979794287 -0.000812896462462363 -0.000119313877631078 -0.000224170631787605 0.000113166458907585 0.000405099132821457 0.950267166580779 0.999998090858162 -0.000213899193756428 -0.000333091743112899 0.000283560912374033 0.000736377161719962 -0.000377738434992446 -0.000869644006616581 0.000839594664450668 -0.0011444001758148 0.000354091731821347 0.950275954368196 0.798999999999999 0.628 137.315 128.314

 1542 97 10000 10 0.95 31.947 1.278 0 2.804 0.999999386533058 0.000305497836751568 0.000414229105970555 -7.54538797933281e-05 0.000693853559887701 4.34824402453572e-05 0.000460699045957484 0.000164095520164944 6.66639130962867e-05 -0.000478943656216674 0.949756427131799 0.999998669309965 0.000173267199871347 -0.000177655936112696 -0.000356349294883133 0.000332462032589445 0.00104951301961895 0.000915376710727653 -0.000363907507667898 0.000401431641313696 -0.000359598643364609 0.950261449915495 0.999999386207783 0.000305052098850906 0.000413847980095697 -7.51915466062179e-05 0.000694072413603344 4.3927786333587e-05 0.00046136679423547 0.000164098488614605 6.6574674733453e-05 -0.000479288398726036 0.949891422215061 0.9999986690369 0.00017352797226524 -0.000177363337318181 -0.000356287055666454 0.000332584224795954 0.00104988864495612 0.000915234981737257 -0.000363879744194424 0.000401319469756174 -0.000359742911094062 0.950347322556035 1.272 1.731 136.858 125.231

 1523 78 10000 10 0.95 27.868 3.039 0 2.743 0.999998185221858 -0.00120428572015928 0.000355924186143693 -0.000450613972061433 -4.55273060307687e-06 -0.000396255920506727 0.000325053228503403 0.000875777876634449 -0.000465550329933956 -0.000776589231803374 0.950282438639412 0.999998670255867 0.000450460499310192 -0.000461384115146389 0.000425284238420191 0.000771573528089305 0.000482249622145382 0.000450789961340943 -0.000588130835172029 -0.000560919275690156 0.000609261471962794 0.94950722076868 0.999998185223586 -0.00120426748802694 0.000356066584653006 -0.000450473260648957 -5.19347998361601e-06 -0.00039613728249926 0.000325289786935072 0.00087590135156836 -0.000465564605216015 -0.000776441263898356 0.950366001333917 0.999998670863659 0.000450876658056731 -0.000461013260307195 0.000425639985208981 0.000770898160041508 0.000482396491469241 0.000450577529827801 -0.000588326294148154 -0.000560155688068895 0.000609397941034163 0.949664149233366 0.591000000000001 0.695999999999998 116.303 152.514

 1540 95 10000 10 0.95 27.79 3.329 0 3.379 0.999998641676826 0.000436642370790537 -0.000150376938108227 -0.000204617335295745 0.000584461407749093 -0.000535270098035966 -0.000987436124472291 -0.000467093921026192 0.000723308705140092 0.000342074461706549 0.95024575082196 0.999997949828938 0.000868557101701934 -0.000278696042726815 0.000334788113290552 -0.00103939691805088 4.50224254886052e-06 0.000609011138183127 4.12585919434844e-05 0.000547058760598173 0.00118488631036418 0.950197097103379 0.999998641598416 0.000436837379736847 -0.000150480406440297 -0.000204585845070397 0.000584458990219891 -0.000535378582162142 -0.000987485044442136 -0.000467081865075085 0.000723260090099913 0.00034184035529084 0.950333262948708 0.999997949698825 0.000868492750252485 -0.000278774780461268 0.000334652876666626 -0.00103920477524217 4.25428461329132e-06 0.000609038863759656 4.10494209977305e-05 0.000547489015532765 0.00118502670226781 0.950289639625624 2.105 3.225 137.781 128.781

 1522 77 10000 10 0.95 29.542 2.627 0 2.825 0.999999411025153 -0.000311999114832772 -0.000134678949908943 0.000748354507205488 7.9256304905982e-05 -0.000511607938857234 0.000188065664663141 -0.000387720878172624 0.00018386502281087 -0.000122091136515324 0.950217943764457 0.999999434673156 -2.0338796498221e-05 -0.000571956495285306 0.00012936007070695 -0.000426648095981394 -0.000163373109336694 0.000577287094069141 0.000248113508495114 -0.0001862537011086 -0.000384890798740147 0.949579302365214 0.999999410576186 -0.000311706982036966 -0.000134516827413475 0.000748642157084745 7.93272004131735e-05 -0.000512278825174618 0.000187981923444269 -0.000387746747663441 0.000184038093573683 -0.000121856551079644 0.950308268582578 0.999999434900414 -2.00810665696795e-05 -0.000572048969237057 0.00012951544517544 -0.000425929013591465 -0.000162619113381602 0.000577079635049318 0.000249152991032152 -0.000186514998035853 -0.000384752994622335 0.949730196187862 0.949999999999996 2.113 131.443 141.73

 1535 90 10000 10 0.95 30.359 1.265 0 2.772 0.999999001926717 0.00102633483649588 0.000503374001100085 9.26484700457518e-05 0.000291724968569015 -3.80584547665482e-05 0.000196407390019303 -0.000577590663000579 -0.000466561030110499 6.62971695936655e-05 0.949618618305901 0.999998157071982 0.000485299332092106 0.000127592088436294 -0.000484118034099243 0.000443306300459404 0.00127921943003868 8.23854679919975e-05 0.000393164408753281 -0.000881955722333155 -0.000653875253097986 0.949505406242809 0.999999003173675 0.00102578190864856 0.000503306076061056 9.28655257975052e-05 0.000291692296301441 -3.8360454336123e-05 0.000196059194332853 -0.000577188948940904 -0.000465739257799223 6.65345971101269e-05 0.949765361497461 0.999998157072576 0.000486191904793017 0.000128278264188416 -0.000483857610868079 0.000443393513174947 0.00127873264875593 8.21701574067903e-05 0.000393378208735566 -0.000881775170545043 -0.000654304658680044 0.949662914002094 1.507 3.025 133.678 136.883

 1527 82 10000 10 0.95 26.896 3.666 0 3.408 0.99999894401653 -0.000289742210222955 0.000731636417854264 -0.000841159270436302 1.14648682633152e-05 0.000322146976391063 6.75979488337429e-05 0.000232848558349713 -0.000757742036606061 0.000219780493785562 0.949568941351689 0.999999118484751 -0.000863260301944676 0.000282488802127556 0.000563705179936253 -0.000205251323845617 0.000107136367589728 0.000141753687989755 0.000386032036024129 -0.000630472508140418 -5.58448625509273e-06 0.950271896231941 0.999998944637942 -0.000289348342412527 0.000731007142321448 -0.000841043006027987 1.17380338801748e-05 0.000322186685599425 6.8005522726682e-05 0.000233481925563712 -0.000757534536362839 0.000219855822887489 0.949721361781184 0.999999117602283 -0.000863970322931866 0.00028275690642432 0.000563760589874224 -0.000205174926303703 0.000107011698072746 0.000141310803616058 0.000386271988484683 -0.000630730095552397 -5.38207214169648e-06 0.950357265447693 2.2 3.272 144.138 127.414

 1532 87 10000 10 0.95 25.93 4.782 0 2.847 0.999997992865755 -0.000726854825577159 -0.000132198499434836 0.00134666123756829 -0.00029481301034975 0.000185772285488122 0.000886481432840964 0.00047097323840319 -0.000591976498637644 -0.000418863034484252 0.951120711373393 0.999999261951663 -0.000179198949314923 4.89268659182912e-05 0.000482767121849433 -0.000622745619107947 0.000812577601913607 -0.000140426759375411 0.000152507869597095 0.000192392806349633 -0.000283616202487626 0.950594290067227 0.999997992847348 -0.000726865176881329 -0.00013219943294585 0.00134666561974048 -0.000294816521378297 0.000185765780724228 0.000886482640089233 0.000470976570760512 -0.00059197451157569 -0.000418871552534878 0.951118725775868 0.999999262074775 -0.000179344906070223 4.86706778170143e-05 0.000482532438529673 -0.000622791385397965 0.000812542597401255 -0.000140429968939137 0.000152736982911616 0.000192199277487807 -0.000283539441812591 0.950647160022882 0.887999999999998 2.252 131.487 147.608

 1539 94 10000 10 0.95 31.317 1.2 0 3.327 0.999999084607112 0.000639373897993289 0.000176568496990628 0.000571637437306276 -4.02147479239353e-05 -0.000517225210684599 -0.000660098461276799 -0.000103796161612003 -0.000590153519094313 -1.07805140033395e-05 0.950239272443047 0.999999488875232 0.000446611820525173 -5.14153148283313e-05 0.000174880436630325 0.000263175639204676 -0.000505952360703397 -0.000144543837017795 6.1637640086638e-05 0.000508033930417366 -0.000426052404567956 0.95004762743935 0.999999084397696 0.000639505475429263 0.000176558662762991 0.000571771273348422 -4.06892141426389e-05 -0.000517406645639339 -0.000659919011276243 -0.000103858643310189 -0.000590231523629777 -1.10880841130381e-05 0.950327693139335 0.999999488932005 0.000446841095300464 -5.12549927830678e-05 0.000174680823311311 0.000263357682509222 -0.000505540293100386 -0.00014468664621968 6.19487395818092e-05 0.00050801766268152 -0.000426082417293283 0.950154542009422 1.973 3.737 135.995 133.521

 1524 79 10000 10 0.95 27.608 3.561 0 3.333 0.999997441173993 -0.00107316834387842 0.00133739709235575 -0.000196523221445963 0.00111812881351272 -0.00015959453954001 0.000729824702021625 -7.83993447031705e-05 0.000371147990730202 -0.000431832106890474 0.949660412500468 0.99999864781185 -0.00020680341361899 0.000577703059439982 0.000685552495358124 0.00112036345049478 -4.44851184423963e-05 -5.95612675891956e-05 0.000350825142217837 7.33330913019638e-05 -0.000684607198581987 0.949978231381658 0.999997441341373 -0.00107324880668426 0.00133737116471108 -0.000196079495025468 0.00111768995293362 -0.000159278346006921 0.000730239070289509 -7.88956868657263e-05 0.000371529922712285 -0.000431660018243198 0.949804150414326 0.999998646676929 -0.000207079042803725 0.000578225119032754 0.000685087798204823 0.00112121626736002 -4.43876560108093e-05 -5.92174876876532e-05 0.000351595500077905 7.40774195946483e-05 -0.00068437069442623 0.950091844119017 2.854 3.90600000000001 142.533 127.895

 1538 93 10000 10 0.95 29.081 1.22000000000001 0 3.744 0.999998828696785 9.29914416828373e-05 -0.00105730498404999 0.000118364243514026 -0.000284321001038764 0.000370330618389684 -0.000938413540129639 0.000253308126281241 2.41949343488791e-05 -0.000196723546236617 0.949557423894878 0.999998301609318 -0.000828535311764997 0.000544947200125098 0.000288306161895875 0.000499857269990543 5.97734872956663e-05 -0.000363485404076963 -0.000103485199503653 0.000129438147290499 0.00138463157684264 0.949974349980743 0.999998829576014 9.36333224096599e-05 -0.00105629130065383 0.000118697348541315 -0.000283972042078708 0.000370923203581998 -0.000938310297827367 0.000253073880550228 2.38075360784231e-05 -0.000197422095993399 0.949710183582734 0.999998302726324 -0.00082892095191485 0.000543998277553163 0.000288607966441576 0.000499757279366681 6.01794570986497e-05 -0.000363340353829573 -0.000103349068271457 0.000129595387470773 0.00138395618819741 0.950088091741112 2.834 2.346 147.589 124.781

 1529 84 10000 10 0.95 31.707 1.3 0 7.501 0.999998880204698 4.1024124501664e-05 -1.8433959348354e-05 -0.000639757035355673 0.0002449536255564 0.000102398726402079 -0.000296890116764949 0.000250108565910803 -0.00103196752674251 0.000736297974180276 0.949851180100669 0.999999065992023 -0.000289634714477282 0.000542569689253087 -0.000216833476118093 0.000107486901160327 0.000827802914119754 -0.0007340702933306 0.000149714163894262 -0.00040848817086744 -0.000133345337456529 0.950170973468711 0.999998880910104 4.11964369144796e-05 -1.81128681937391e-05 -0.000639365100291146 0.000244687024349271 0.000102008076665165 -0.000297107549493528 0.000249873035470747 -0.00103172030226381 0.000736160298926449 0.949976884208504 0.999999065963959 -0.00028891721123208 0.000542817087732671 -0.000216588289843545 0.000107358533995445 0.000827882110273974 -0.000734034826229569 0.000150032217867927 -0.000408693439572368 -0.000133324463446787 0.950265669783476 4.138 3.941 131.223 121.689

 1521 76 10000 10 0.95 31.444 2.556 0 3.007 0.999999013972941 0.000117187540674909 -0.000903000243204311 0.000126121536033653 -0.000225241902271315 -0.000671646426269064 6.54461692194568e-05 -0.000225888247805375 -0.000656017516348213 -0.000373488454618331 0.950101966005594 0.999999295446026 0.000686672512593936 0.000213985504968511 6.90139463324139e-05 5.01215643535034e-05 -0.000239819983291265 0.000771029173983567 0.000225218655194709 -0.00041960738288988 7.56968346816861e-05 0.950705825784524 0.999999013533323 0.000117354831079484 -0.000903006816456166 0.00012602695679766 -0.000225233777423084 -0.000672076275604884 6.54092378493815e-05 -0.000226336047559748 -0.000656100458067261 -0.000373450345162542 0.950203755274452 0.999999295344767 0.00068669808984367 0.000214014696407257 6.89895082224245e-05 5.01379187399014e-05 -0.000239769024257796 0.000771054914822744 0.000225442596996888 -0.000419677830443456 7.5573393071454e-05 0.950747366811743 2.17299999999999 3.375 136.109 141.235

 1526 81 10000 10 0.95 32.125 1.617 0 4.119 0.999998666531092 0.000609469409054502 -0.000359659655388861 0.000154911523310672 0.00024483928378097 -0.000209122484215525 0.00101923134679786 0.000517656937426205 -0.000554325620067907 0.000651439794477268 0.949914982519268 0.999999310223988 -0.000392714586783756 -0.000305003945301778 -0.000514100091416011 1.19392418699707e-05 -9.0949864805981e-05 -0.000766516927466558 -0.000316476353210672 -0.000374211312324775 -0.000178455815158626 0.949886760724945 0.999998666796862 0.000609768933889911 -0.000359991550682447 0.000154895422551101 0.000244690575020531 -0.00020883192774479 0.00101890339080878 0.000517030708919683 -0.000554272862987665 0.000651776269194435 0.950034364937085 0.999999310008298 -0.000392622384312307 -0.00030513905863685 -0.000514188347907089 1.1353461667986e-05 -9.12218981466571e-05 -0.000766627730059978 -0.000316292653584691 -0.000374483434854831 -0.00017856032678769 0.950008936344553 2.947 3.86000000000001 134.743 138.827

 1543 98 10000 10 0.95 31.76 1.815 0 3.457 0.999999180833935 -0.00018737066705131 0.000515139140384726 -9.79848874659034e-05 -0.000436802464826898 0.000903042863066238 -0.00040766072263286 -0.000169014610355602 0.000162490137608997 -0.000317514196666412 0.949947289754729 0.999999587386301 -0.000384291493101686 -0.000458470439478073 -0.000224302130275301 0.000260393785876343 -6.89693072987244e-05 -0.000252536307649843 -0.000229696320508409 0.000398389177625409 -0.000263116083409735 0.949655212860199 0.999999180578325 -0.000187169312912673 0.000515202996894231 -9.84430805683233e-05 -0.000437076599798139 0.000903349499536326 -0.00040721082176019 -0.000169024701975715 0.000163111438246644 -0.000317196375803794 0.950063350034219 0.999999587132152 -0.000384481359983356 -0.000458717109181279 -0.000224905550697122 0.000260578634459982 -6.89730082807948e-05 -0.000252590393229866 -0.000229611004880108 0.00039827543350063 -0.000262870262888558 0.949798969557867 2.166 3.093 142.985 131.856

 1519 74 10000 10 0.95 28.087 3.793 0 2.946 0.999999591542962 -0.000211441135957898 0.000383174751607006 0.000110521121998128 0.00029121318623279 -0.000247676178919737 -0.000207311219190933 0.000185274279771763 -0.000298860934899893 -0.000548085557481884 0.949881886905572 0.9999986000048 0.000670594309787293 -0.00103557153804167 0.000819524515827496 0.000234939159843896 0.000333089922411574 0.000612937218292202 -0.000248874790885937 -9.14497265931069e-06 -4.90228381386283e-05 0.949506543745251 0.999999591386759 -0.000211430143371128 0.000383109884033003 0.00011079383089626 0.000290763972044065 -0.000247901668460987 -0.000207484050942922 0.000184934027375893 -0.000299183567071296 -0.000548375051257802 0.950004129238896 0.99999860119154 0.00067024156082766 -0.00103573610361869 0.000818360233710401 0.000235443219482107 0.00033367749043271 0.000612311142790355 -0.000248451758367066 -9.0554308565852e-06 -4.91841022357794e-05 0.949664114662527 0.696000000000005 1.50700000000001 146.87 140.334

 1531 86 10000 10 0.95 30.267 1.585 0 3.532 0.99999837592616 0.000767055483885874 0.00112037454906702 -0.000245878536636016 -0.000362831032946885 -0.000455314482825026 -0.000442324905023039 3.56941918828183e-05 -0.000878546585929414 -0.000190652575059554 0.949727470541585 0.999998793063878 -0.000191695540336956 0.000190266555865324 0.00102195219094076 -0.000572008743240668 -0.00013157799117819 0.000787427959744462 0.000136969219872831 0.000497578395235536 -0.000256206119382964 0.950358310460849 0.999998378037657 0.000766766978897453 0.00111977785820188 -0.000245491487518466 -0.000362718171842859 -0.000455039481276571 -0.000441430345060685 3.51250666447896e-05 -0.00087784513456353 -0.000191023378947195 0.949864851251895 0.999998792967761 -0.000191660715886686 0.000190248242935258 0.00102190122773246 -0.000572040177612238 -0.000132045751456825 0.000787467042719715 0.000136998103890049 0.000497450382639522 -0.000256626043197306 0.950435054079028 2.659 1.911 139.906 136.124

 1525 80 10000 10 0.95 29.759 2.943 0 3.692 0.999999397518028 0.000511810309758996 -0.000215392751577267 -0.000211963762024784 -0.000506367060992896 -0.000206453063059157 -0.000572093842708726 -5.12024950389243e-05 0.000433471105731765 -0.000186682580462245 0.950010833638073 0.999998460236502 -0.000224128862741169 0.000604585830559019 -2.40672960340208e-05 -0.000147687618053747 0.000949068392566692 0.000875237055377373 -0.000820883135029636 -8.08662411875724e-05 -0.000542417548444873 0.949948782544655 0.999999397326672 0.000511966498103995 -0.000215532825694168 -0.000212092292713264 -0.000505848995651873 -0.000206816261994316 -0.000572283460747125 -5.1376108556555e-05 0.000433615011342018 -0.000187010810250638 0.950121464411062 0.999998459973676 -0.000223988132527305 0.000604747625938193 -2.37649408268223e-05 -0.00014772409147217 0.000949289619473849 0.000875330549895876 -0.000820964863718512 -8.08412018121233e-05 -0.000542125227247027 0.950065012689511 2.773 4.345 139.34 132.247

 1530 85 10000 10 0.95 32.393 1.331 0 3.495 0.999998598228182 -0.000333845358108526 0.000174510857962554 0.000496612989335631 0.00015334384701867 -0.000914629634241176 0.000138084278415706 0.000478457230810024 -0.000911892741881004 -0.000689501110974042 0.949769375372772 0.999998848197637 -0.000521748399780611 -0.000394367600003554 0.000653762729910455 0.00075897086608392 0.000740910659086697 0.000148411730962132 0.00040410038104028 0.000357086559465532 -0.000103107439284829 0.949945991551688 0.999998599802048 -0.000333069225089207 0.000174309723441585 0.000495844441583503 0.000153481644235526 -0.000914541537768639 0.000138156099423639 0.000478552523192447 -0.000911579215720341 -0.000688617537975584 0.949902703667794 0.99999884819512 -0.000521339869350418 -0.00039428522554662 0.000654055003686494 0.000758764269353017 0.000740702410162354 0.000148523766345335 0.000404529079789356 0.000357522958366214 -0.000103321626975527 0.950062804631416 3.172 3.718 135.429 140

 1533 88 10000 10 0.95 31.427 1.543 0 7.002 0.999998938222122 0.000791561533862638 1.12899103333411e-05 -0.000248927058652233 0.000427937526853725 -0.000604659035469258 0.00077626077942208 0.000273147000113877 0.00017986681954833 0.000420247063909934 0.950099916522587 0.999997997732859 0.00047566901119085 0.0011844657520886 0.000528214258943636 -0.000287967905526083 0.000973745684117288 -0.000968406665107134 -0.00021455689505342 -8.40023040563371e-05 0.000272564038475095 0.949289089296541 0.999998938169805 0.0007918738160752 1.10422739107235e-05 -0.000249234751658061 0.000427441666176321 -0.000604570740533877 0.00077635641455666 0.000272769453954764 0.000179760965011246 0.00042035295678203 0.950202096389297 0.999997996406579 0.000475522676249061 0.0011849458021092 0.000529180267504239 -0.000288650583045234 0.00097377504036739 -0.000968610034486248 -0.000214071500042489 -8.42331676020212e-05 0.000272485744449627 0.94946565717624 3.56 5.429 139.216 122.933

 1528 83 10000 10 0.95 31.732 1.62 0 2.934 0.99999750568046 -5.51501324131194e-05 0.00029937811279714 0.000259165895899747 -3.20108354619069e-05 -0.000861831033018905 0.00108738974914014 0.00106706365126787 0.00126924265369043 0.000391154018081288 0.949656704048573 0.999998904678941 -0.000391465819642663 -0.000459567957921227 -0.000687699007114973 -0.000331604631439284 0.000222725951876599 -0.00104194153381418 -0.000310348812789399 -0.000108207701600498 5.18300460649018e-06 0.950596322594325 0.999997505147365 -5.53526020373086e-05 0.000300180964256332 0.000259846292361673 -3.1658764551698e-05 -0.000861807680356602 0.00108732391356998 0.0010663088331636 0.00126999031248806 0.000391316314850775 0.949800399323623 0.999998904927012 -0.000391620315448364 -0.000459633676890949 -0.000687385012220424 -0.00033154238306836 0.000222765648892967 -0.0010418171238574 -0.000310312703038186 -0.00010848087193765 5.21089268743786e-06 0.950648887779568 1.909 3.403 149.961 128.279

 1541 96 10000 10 0.95 28.496 1.20699999999999 0 3.93 0.999999334163895 -4.79821893432411e-05 -0.000776307891289232 -0.000370155906709574 -0.000356819840023237 -4.51932691583801e-05 0.000102750315101298 0.000628937596163288 -0.000232744028102248 -6.88474476184725e-06 0.950021395648372 0.999999349502993 0.000169989654723295 -1.87698641353627e-05 -0.000378873781978905 0.000450733254458614 -0.000278125257394845 -1.37416970650147e-05 0.00081743701770141 0.000180705655856581 -0.000382934309160607 0.949418910980159 0.999999334649851 -4.79673890582901e-05 -0.000776027843147122 -0.000370436154463565 -0.000356944596573006 -4.47839824969144e-05 0.000102440098828744 0.000628573319942664 -0.000232164034467964 -6.57615313066059e-06 0.950130793766746 0.999999349140537 0.000170072748341108 -1.88856946420537e-05 -0.000378652172290155 0.000450804142708778 -0.000277461718045866 -1.28144115099581e-05 0.000817786743044092 0.000180687609153178 -0.000383748443196567 0.949584480811679 2.979 3.926 142.565 126.605

 1520 75 10000 10 0.95 31.961 1.436 0 6.405 0.999998856507716 -0.000380259327416382 -0.000815750718646125 0.000135863358693738 1.90844118800607e-05 -0.000150912058034609 -0.000165535080894422 -0.00102107392492894 -0.000604423456207425 -4.2207568603438e-06 0.950319748389393 0.99999762327763 0.000555065494327829 -0.00139724565954918 -0.000188409908588144 -0.000115737774191694 0.00091922686723722 -0.00106369741229534 0.000311906056938973 -0.000530719239171822 0.00029794951300658 0.950194702123947 0.999998857030028 -0.00038041389791248 -0.000815269286786254 0.000136122722056008 1.92048164243001e-05 -0.00015085446195799 -0.000165797517114888 -0.0010208831170836 -0.000604312229563807 -4.49212798303336e-06 0.950400172901763 0.999997623201705 0.000554851928551241 -0.00139733560281217 -0.00018835967807843 -0.000115984507801291 0.000919480830040329 -0.00106351984549254 0.000311753056256879 -0.000530873097966682 0.000297852385943753 0.950287396317229 3.883 5.596 141.254 122.258

 1536 91 10000 10 0.95 27.372 1.23999999999999 0 9.433 0.999999069269917 0.000563548687620549 -0.000228615933676329 -0.000656946848335852 0.000107223974667369 0.000440670789723058 0.000388173123203773 0.000585221449335207 0.000599980293594348 -3.46579411873308e-05 0.949680858149045 0.999998786974587 -0.000258913138371405 0.000128310079297835 0.00051341905332232 0.000782154939134768 0.000391678750206162 -0.00102107510348792 0.000474626521214153 -6.17711720082948e-05 0.000205162785910137 0.950565476222239 0.999999069726997 0.000563068164392564 -0.000228489231895725 -0.000657091332877034 0.000107156982685661 0.000440821361422068 0.000387810467131821 0.000584641331679855 0.000600254189763527 -3.47764837882879e-05 0.949822766381056 0.999998786865116 -0.000258813227596626 0.000128480036346383 0.000513465774918391 0.000782286729526478 0.000391651913055863 -0.00102102867150728 0.000474819897132488 -6.19053901268534e-05 0.000204890895463623 0.95062134922759 4.556 6.169 141.173 114.291

 1537 92 10000 10 0.95 23.474 1.291 0 14.177 0.999997852251518 0.000813842449665465 0.000593751297593174 0.00118418337374119 -0.000746156484704329 -0.000364262346109597 0.000530409565755071 0.000493624025732447 -0.00023608602596846 -0.000779839597847667 0.949134430947956 0.999999262843219 -0.00105931678590013 -0.000215615132053738 -0.000140989719793916 -0.0001186070428082 -0.000122699242763262 -9.54048163055944e-05 0.000402828680362481 -0.000287823738978741 4.95450747263784e-05 0.950264248001901 0.999997851791569 0.000813570166216445 0.000593605894357998 0.00118472465853904 -0.000747078861475754 -0.000363273903636871 0.000530482514505539 0.000493575362828788 -0.000235527380711657 -0.000779730157373954 0.949326102739061 0.999999262472022 -0.00105954448977926 -0.00021610457200395 -0.000141084661357229 -0.000119061966420197 -0.000122361142064824 -9.56670771470581e-05 0.000402875721045142 -0.000287759099581941 4.89947113412263e-05 0.950350109282308 5.96299999999999 5.238 141.394 110.558
