
 1089 89 5000 3 0.6 0.0739999999999998 0.995 2.452 0.785 0.999940233762078 -0.000866282132359659 -0.0108985530740149 0.598714633244668 0.999912499895429 -0.0115818286253783 0.0063916976278749 0.595206683587856 0.99994023939509 -0.000868372801942535 -0.0108978698453533 0.598592640194299 0.999912515045628 -0.0115822806476418 0.00638850766028729 0.59509976841412 0.433 0.688000000000001 43.776 54.952

 1090 90 5000 3 0.6 0.215 0.896 2.476 0.786 0.999920343254658 0.0121701705699935 -0.00334575757997199 0.592825573270454 0.99986206515468 -0.00545614235999295 -0.0156869746976934 0.594948032316684 0.999920318511619 0.0121720485952291 -0.00334632045956849 0.592728518421564 0.999862052417579 -0.00545708280781567 -0.0156874594034722 0.594843353223596 0.259 0.805 43.449 57.39

 1081 81 5000 3 0.6 0.254 1.045 2.492 0.793000000000001 0.999889467709611 0.0137580172931071 -0.00563642826210628 0.601337863701618 0.999935551020541 0.0113476728819877 0.000352314364382088 0.598928604828475 0.999889427569805 0.0137601900978505 -0.00563824463813819 0.601204704424733 0.999935533047477 0.0113492480975639 0.000352585703959639 0.598805969649633 0.469000000000001 0.572999999999999 45.816 57.34

 1088 88 5000 3 0.6 0.25 1.052 2.46 0.779999999999999 0.99995069532041 0.00956800744224603 0.00265709650073096 0.603512071038002 0.999972195908879 0.00624362589829023 0.00407732078911091 0.592403170804019 0.999950704628044 0.00956692102087372 0.00265750560848929 0.603365478364724 0.999972193302229 0.00624376234269599 0.00407775111285652 0.592308408080695 0.763 0.623000000000001 46.707 56.485

 1086 86 5000 3 0.6 0.222 1.051 2.5 0.798 0.999899802021121 0.0110605261935793 -0.00883462950239692 0.597037398749723 0.999990994118407 0.00260401149347385 -0.00335123950531269 0.592429277175059 0.999899817711709 0.0110605217329373 -0.00883285905503282 0.596923710160445 0.999990993645579 0.00260287540144768 -0.00335226302260635 0.592335087131332 0.605 0.723999999999998 45.743 57.138

 1087 87 5000 3 0.6 0.186999999999999 1.097 2.578 0.784000000000001 0.999824284001048 0.0154695370739839 0.0105874711102023 0.610576128587826 0.999901970071119 -0.0120007017392651 -0.00721341844479043 0.602096846653029 0.999824283712588 0.0154707996607458 0.0105856533320729 0.610385576014206 0.999902005630271 -0.0119999401836046 -0.00720975534614178 0.601954810272719 0.601999999999999 0.696 46.341 58.709

 1091 91 5000 3 0.6 0.226 0.873 2.509 0.774999999999999 0.999827656244492 0.0153737096970546 0.0104070581240292 0.605618727747367 0.99988696397566 0.0114126945978021 -0.00978824159662581 0.601263473178502 0.999827700796904 0.015371042434122 0.0104067177181191 0.605459601133945 0.999886987629543 0.0114118143055152 -0.00978685155574312 0.601128003840076 0.69 0.484 46.804 58.87

 1085 85 5000 3 0.6 0.161 1.059 2.565 0.777999999999999 0.999871153052735 0.0154696588346955 0.00428566780467943 0.602095150393482 0.999877088252533 0.0155862747401667 0.0016960033492612 0.595068424259433 0.999871112311269 0.0154723245436686 0.00428554998124294 0.601954852021452 0.999877087432518 0.0155861504288317 0.00169762842642541 0.59496154769515 0.547000000000001 0.495999999999999 46.614 58.571

 1098 98 5000 3 0.6 0.149999999999999 0.526 2.497 0.984 0.999937535397386 0.0111636871269522 -0.000545337632943284 0.600334053516132 0.999952241354871 -0.00895974893565001 -0.00390357635759929 0.595944837448009 0.999937516294201 0.0111653763646651 -0.000545782026352045 0.60020321759489 0.999952271061878 -0.00895738338688594 -0.00390139475742917 0.595834838955568 0.675999999999998 0.758000000000001 48.331 59.073

 1082 82 5000 3 0.6 0.159 0.987 2.518 0.783000000000001 0.999671967715779 0.0204685673902631 0.0153946325793292 0.606429078052596 0.999748941372905 0.022331067457264 0.00183783839740096 0.595609849184862 0.999672037702334 0.020464139959713 0.0153959738818841 0.606265573530512 0.999748948655916 0.0223308183246677 0.00183690346561507 0.595501629624719 0.662999999999998 0.726000000000001 48.627 58.337

 1094 94 5000 3 0.6 0.12 0.526999999999999 2.446 0.770000000000001 0.999992771908835 0.000154308649131451 -0.00379898919775662 0.596964581246263 0.999978070642927 0.000604547567333098 0.00659490375117052 0.599047506217021 0.999992767966807 0.000153969922489671 -0.00380004043998598 0.596850959352207 0.999978073673462 0.000604639258329053 0.00659443581210251 0.598924053100479 0.65 0.584 49.899 58.757

 1096 96 5000 3 0.6 0.0869999999999997 0.726 2.482 0.784000000000001 0.999966814792517 0.00766330532230193 -0.00276460942007104 0.602258774599349 0.99987750829061 -0.0155118510596363 -0.00208587901507877 0.595720882625314 0.999966807686142 0.00766507237456472 -0.00276228012313728 0.602117818639389 0.999877471462962 -0.0155141157538061 -0.00208668953383408 0.595612763846116 0.809000000000001 0.744 49.334 58.171

 1095 95 5000 3 0.6 0.109 0.619000000000001 2.543 0.779 0.999967946711254 0.0079602507998164 0.000860207697000939 0.6084590550515 0.999918570494687 -0.0121749734368427 0.00382392490430124 0.59752379555591 0.999967918439119 0.00796353448411127 0.000862676680998801 0.608280492898321 0.999918524793296 -0.012178781348365 0.00382374947768257 0.59740616612343 0.782 0.654 49.307 59.915

 1099 99 5000 3 0.6 0.0339999999999998 0.95 2.444 0.782 0.999898010315783 0.0138719375533148 -0.00339680954073889 0.601351049521726 0.999927002705805 0.000119610173757787 0.0120820094848571 0.601856350055078 0.999898003001558 0.01387226417323 -0.00339762861487934 0.60121698258349 0.999927013213575 0.000118318172211092 0.012081152535666 0.601718897573531 0.536 0.732000000000001 45.637 61.072

 1093 93 5000 3 0.6 0.144 0.891999999999999 2.508 0.781000000000001 0.999686848277908 0.0245909592977003 0.00463574168847328 0.609581431992958 0.999951364808243 -0.00942932649432276 -0.00289064352625756 0.600094232179215 0.999686854702258 0.0245905295054004 0.0046366360811882 0.609398410310681 0.999951370599897 -0.00942867578536426 -0.00289076258473601 0.599966146938873 0.58 0.718 49.168 59.291

 1084 84 5000 3 0.6 0.181 0.906 2.461 0.770000000000001 0.999849523219044 0.0173471857024949 -7.78900111959055e-05 0.606784802123983 0.999988932820783 -0.00218120255611564 0.00416852388270107 0.603313270947968 0.999849486283307 0.0173493097337011 -7.8935227838811e-05 0.606617623582037 0.999988940703772 -0.0021785320004734 0.00416802932709067 0.603167161703666 0.811 0.834999999999999 47.453 59.852

 1083 83 5000 3 0.6 0.239 0.948 2.412 0.775 0.999987839323545 0.00437781144042533 0.00227067655567508 0.60464381545866 0.999965833351397 -0.00507561463127055 -0.00652458933277858 0.604884790996441 0.999987837354996 0.00438021478539783 0.00226690549263962 0.604490558954309 0.999965850781111 -0.00507474585708095 -0.00652259350988059 0.604730523203308 0.411 0.596 47.706 59.812

 1097 97 5000 3 0.6 0.105 0.516 2.5 0.81 0.999797012503029 0.0150075641358039 0.0134427232631159 0.598852381031637 0.999940925616512 -0.0071343278620465 0.00820040506015942 0.605423659492826 0.999796994007277 0.0150088862594186 0.0134426227821785 0.598730185436392 0.999940959481202 -0.00713142794156296 0.00819879791960815 0.605264414615793 0.711 0.881 48.456 59.879

 1100 100 5000 3 0.6 0.0990000000000002 0.52 2.479 0.879999999999999 0.999879305385773 0.0116007967645776 0.0103342235166114 0.59610792755341 0.999979667835549 0.00339955771131459 -0.00539508321281783 0.604073350257567 0.999879266094886 0.0116032743446219 0.0103352434918648 0.595997757204137 0.999979661976071 0.00339796096021107 -0.00539717477350204 0.603923975413572 0.687000000000001 0.757 48.697 55.437

 1092 92 5000 3 0.6 0.172 1.026 2.479 0.778 0.999896164748118 0.0118091322717572 -0.00825857838816013 0.598362370605058 0.999957180997206 0.00323398832342305 -0.00867049546709028 0.601142221768281 0.999896167949184 0.0118086520940484 -0.00825887742122237 0.598241811036706 0.999957195572798 0.00323448116361827 -0.00866863044476534 0.601006419638538 0.613 0.823 51.778 55.051

 1106 6 10000 3 0.6 0.346 0.748 6.757 8.317 0.999994957412995 0.00186195181520699 0.00257260257713303 0.606275526593806 0.999985317617645 -0.00495450246548131 -0.00219487003174487 0.600499105592668 0.999994950499636 0.00186569775461191 0.00257257596952205 0.606113055658295 0.99998532146928 -0.00495352982259093 -0.00219531051943237 0.600368922669985 1.41 1.291 136.484 139.021

 1102 2 10000 3 0.6 0.215999999999999 0.747 15.094 7.727 0.999976476081269 0.00142798345339226 0.00670881117215483 0.603524324807685 0.99999088159315 -0.00425743660774565 -0.000333112722514945 0.598492409230963 0.999976478230139 0.00142696300737024 0.00670870799966024 0.603379111042274 0.999990885180141 -0.00425667566133813 -0.000332067691204728 0.598371392716173 1.531 1.713 127.285 140.165

 1109 9 10000 3 0.6 0.212000000000001 0.745 7.279 20.37 0.999991113582635 -0.00246166386495455 0.00342242118650048 0.605525396371292 0.999977464885216 -0.00243069333125171 0.00625791112645724 0.591988498160476 0.999991116004193 -0.00246056741168602 0.00342250211131811 0.605367465453001 0.999977468690085 -0.00243090290743046 0.0062572216858382 0.591896220196589 1.377 1.969 122.678 138.264

 1105 5 10000 3 0.6 0.307 0.75 7.094 11.258 0.99996901079659 -0.00447226946898562 0.00647890826339424 0.60437359939034 0.999992480631394 0.00277746439000853 0.0027063577428932 0.603900780340492 0.999969007038745 -0.00447332947421278 0.00647875646718845 0.604221742472934 0.999992468705503 0.00277987822812509 0.00270828530810271 0.603751608462775 1.184 1.54499999999999 131.159 143.038

 1103 3 10000 3 0.6 0.173 0.756 7.226 14.65 0.999960397977051 -0.00774109049168654 0.00439067142667064 0.606586619171466 0.999986986310354 -0.00122780810962054 0.00495173678429246 0.601470058443913 0.999960403462047 -0.00774024674156128 0.00439090974626328 0.606421617448319 0.999986978620816 -0.00122897908802548 0.00495299901208978 0.601335302471748 1.441 1.71 127.183 142.328

 1110 10 10000 3 0.6 0.177 0.747000000000001 8.336 12.487 0.999946832786375 0.00086571415907629 0.0102753170020069 0.597150628260464 0.999964039887151 -0.00829536475393233 0.00176234394115938 0.605136807167335 0.999946820313024 0.000865102226622611 0.0102765823118201 0.597036818392674 0.999964041957828 -0.00829531242444368 0.00176141509697685 0.604980359923338 1.536 1.692 126.967 145.729

 1107 7 10000 3 0.6 0.343999999999999 0.753 7.073 12.774 0.9999994035242 -0.000179283087053412 -0.00107740838059756 0.602250335598322 0.999936542638636 0.0111510286640664 -0.00160164154088758 0.600039486259132 0.999999405194453 -0.000181326271352633 -0.00107551453906876 0.602111669078158 0.999936531076349 0.0111518710339348 -0.0016029945227899 0.599910578035743 1.634 1.684 128.671 144.123

 1104 4 10000 3 0.6 0.233 0.750999999999999 7.471 15.966 0.999954654995957 -0.00566094441680607 0.00765778428964312 0.601185997138813 0.999999176916536 -0.000252709010682427 0.00125789681895785 0.601148478841773 0.999954653113057 -0.00566070068148114 0.00765821032231398 0.601051234194716 0.999999177590673 -0.000255229738468478 0.00125685152599238 0.601014278387677 1.664 1.86 127.004 147.671

 1111 11 10000 3 0.6 0.329 0.745 13.192 9.614 0.999990002206766 0.000656990459295013 0.00442310411920504 0.602365796843283 0.999992389235603 -0.00364647327989135 0.00138733683316137 0.603094422190071 0.999989998972375 0.000657733491957255 0.00442372488771382 0.602226742547706 0.999992387897267 -0.00364651476137817 0.00138819221171342 0.602949859260839 1.687 1.732 124.289 147.642

 1108 8 10000 3 0.6 0.252 0.74 8.723 15.598 0.999942977475594 -0.0104054979865075 0.00240154302411506 0.602792569138627 0.999953055837023 0.0015590650826252 0.00956323367214613 0.60297928651345 0.999942986480067 -0.0104041632960356 0.00240357555193183 0.602649687574566 0.999953048363806 0.00156077358488085 0.00956373639061124 0.602836082398552 1.58 1.726 127.907 150.107

 1101 1 10000 3 0.6 0.176 0.749000000000001 7.903 13.425 0.999975070667968 -0.00481113938603066 0.00516826667281009 0.60760954287594 0.999985756490767 -0.00304521150446732 -0.00438332094215433 0.603964770768805 0.9999750723995 -0.00481089350847802 0.00516816053009943 0.607439499652282 0.999985755868275 -0.00304531822451773 -0.00438338881064426 0.603816638726347 1.587 1.901 121.764 152.927

 1112 12 10000 3 0.6 0.342000000000001 0.746 14.951 15.534 0.999983905157061 -0.00471245723571225 0.00315945780711912 0.607367200026063 0.999928154783256 0.00887191381904339 0.00806067099812752 0.595488914857123 0.999983897495366 -0.00471213327237842 0.00316236462175429 0.607197558188644 0.999928161988155 0.00887273398069045 0.00805887428230403 0.595381135580203 1.963 2.054 122.08 151.133

 1080 80 5000 3 0.6 0.141999999999999 1.252 4.999 2.784 0.999839912094148 0.0114120492906763 -0.0137809765457272 0.601766370202055 0.999923006719133 0.00843584553166206 -0.00910039251540651 0.598913399510937 0.999839933947106 0.0114125443301757 -0.0137789809695463 0.601629066037852 0.999923022025384 0.00843498521141493 -0.0090995081244849 0.598792227846769 0.964000000000002 1.082 24.803 14.443

 1113 13 10000 3 0.6 0.609999999999999 2.774 25.395 9.886 0.999935511869674 -0.0077507442710996 0.00830048583979358 0.603048941171469 0.999975535580236 0.00648211653768838 -0.00262876514968991 0.604142927982735 0.999935522137641 -0.00775145670831434 0.00829858338646476 0.602904931398129 0.999975547778279 0.0064806686200534 -0.00262769476302491 0.603994726743885 0.983000000000004 0.900999999999996 164.166 144.955

 1129 29 10000 3 0.6 0.733000000000001 4.434 32.301 3.584 0.999951732578432 0.00345431876870414 0.00919783644327162 0.603637724603899 0.999983209430886 -0.00257124583237799 0.00519322165652147 0.594423445832937 0.999951725874579 0.00345232397346001 0.00919931408494876 0.603491517961391 0.999983205367604 -0.00257092586393671 0.00519416239005603 0.594321359953416 1.19199999999999 1.173 160.662 147.371

 1131 31 10000 3 0.6 0.488 6.818 17.279 9.982 0.999958418446741 -0.00162505552524475 0.0089733255837903 0.602353574673956 0.999985139184766 0.00341682903428489 -0.00424813947219333 0.597452789088565 0.999958437143955 -0.00162452037947617 0.0089713387048229 0.602213410218487 0.999985141727458 0.00341632705990058 -0.00424794464847672 0.59733749984044 1.204 1.07299999999999 162.103 148.148

 1115 15 10000 3 0.6 0.616 3.156 30.706 9.674 0.999999465721341 0.000440127106272848 0.00093533157940523 0.598471024820312 0.999988133384116 -0.00333061440983519 0.00355529163418904 0.599205857322472 0.999999465141528 0.000440212482928631 0.000935911121349239 0.598350912504575 0.999988130525989 -0.00333205644792463 0.00355474428962935 0.599081991130183 1.136 1.015 158.18 150.045

 1114 14 10000 3 0.6 0.649000000000001 3.381 29.767 11.432 0.999872761443037 -0.01056346405799 0.0119529975893732 0.608926743663766 0.999999937314026 -0.000216974490719892 0.000279810674331478 0.607552589249282 0.999872766188077 -0.0105618459727379 0.0119540304939655 0.608746694179337 0.999999936468839 -0.000219107280561247 0.000281165995094426 0.607382583629866 1.101 1.11099999999999 167.459 150.792

 1127 27 10000 3 0.6 0.727999999999998 5.33 32.978 9.812 0.999954953354144 0.00345787444715687 0.0088393646162588 0.598306091028647 0.999974399296078 0.00193071699135611 0.00689007143263522 0.595408788377549 0.999954940665351 0.00345889710959503 0.00884039986311134 0.59818704516916 0.999974404864602 0.00193146796719552 0.00688905270534415 0.595302497488533 1.38600000000001 1.294 159.721 149.145

 1117 17 10000 3 0.6 0.587999999999997 3.667 26.609 14.868 0.99998717043595 0.000323034441163175 0.00505515699582534 0.603979252378362 0.999987347529932 -0.00412187469512621 -0.00288356186819912 0.603178086050996 0.999987165449206 0.000324792985056533 0.0050560306941114 0.603830123332429 0.999987351506439 -0.00412206826848827 -0.00288190567623173 0.603033422768133 0.975999999999999 1.08799999999999 163.396 154.614

 1124 24 10000 3 0.6 0.580000000000002 3.818 30.249 8.66800000000001 0.999976896122459 0.00143136473249388 0.00664517992947951 0.602392699981875 0.999986842076103 0.00241214305318626 -0.00452738782907833 0.598376700146278 0.999976901554193 0.00143010107130417 0.00664463460262999 0.602252040574634 0.999986848648392 0.00241132728814116 -0.00452637061748027 0.598256721237509 1.13499999999999 1.54000000000001 162.449 156.724

 1121 21 10000 3 0.6 0.548000000000002 5.577 25.355 12.176 0.999870393785657 0.000985013447501463 0.0160693926277056 0.600860095292406 0.999999383794395 -0.000852407750331784 -0.000711204512359124 0.595290347263084 0.999870367532631 0.000987558538634214 0.0160708698673552 0.600728015512062 0.999999381545219 -0.000854749933220348 -0.000711555851782974 0.595182970398082 1.32799999999999 1.452 163.702 154.031

 1123 23 10000 3 0.6 0.408000000000001 4.001 32.855 11.057 0.999913780704698 -0.00930209101735764 0.00926834718499083 0.596179223946983 0.999966079051305 0.00297780677025819 -0.00767941492550926 0.596662127661547 0.999913787637244 -0.00930173517172213 0.0092679563947608 0.596070410595569 0.999966076828309 0.00297874780568831 -0.00767933943197997 0.596549713871228 1.256 1.473 159.59 156.158

 1119 19 10000 3 0.6 0.567 3.445 41.888 7.446 0.999991803343467 -0.00261174654789289 0.00309386907440763 0.599953273129989 0.99999713404197 0.00173419522310011 0.00165059830833747 0.599124417316072 0.999991807571654 -0.00261101124016808 0.00309312299801954 0.59982653514468 0.999997128419162 0.00173591836490135 0.00165219274337104 0.598999946150609 1.65299999999999 1.429 159.216 158.158

 1120 20 10000 3 0.6 0.433 5.602 36.025 5.80000000000001 0.999946440256621 0.00641630089346788 0.00812081898314848 0.602523023136293 0.999898792146274 0.00312877012043641 -0.0138786260831393 0.603032356662449 0.999946444236882 0.00641597056788035 0.00812058986087578 0.60238307408484 0.999898798103712 0.00312784982823427 -0.0138784043104372 0.602888655864626 1.45400000000001 1.46299999999999 159.785 159.212

 1116 16 10000 3 0.6 0.573999999999998 2.355 37.812 15.044 0.999959630195167 -0.00881478605209139 0.00174285019439963 0.606180207760023 0.999996334034398 0.00156613166566506 -0.00220887966405554 0.600030731158579 0.999959638704041 -0.00881400596238169 0.00174191325267237 0.606017608758244 0.999996333286925 0.00156603905607924 -0.00220928368008933 0.599902791324946 1.542 1.629 158.902 157.565

 1118 18 10000 3 0.6 0.722000000000001 3.391 31.397 11.557 0.999931207331858 -0.00341797168864253 0.0112204310696578 0.602776158935688 0.999959611253147 -0.00889364467807987 0.00129574179312321 0.597368660538289 0.999931214247909 -0.00341743413149792 0.0112199784607426 0.602632903624178 0.999959621517223 -0.00889243068868553 0.00129615260648688 0.597254286849587 1.46900000000001 1.473 166.966 153.404

 1125 25 10000 3 0.6 0.52 6.66 27.009 9.851 0.999942319964017 -0.00513060062582573 0.00943576611611874 0.607259091735433 0.999998894311379 0.0008915985266211 -0.00119013784375494 0.60900517386715 0.999942336870042 -0.00512971086223923 0.00943445819051822 0.607090632530851 0.99999889127245 0.000894233902067029 -0.00119071390350465 0.608825390883547 1.52199999999999 1.41499999999999 161.081 161.475

 1128 28 10000 3 0.6 0.535 3.719 35.342 18.245 0.999992725631967 -0.00107399239989099 0.00365994856174646 0.597177774918706 0.999978322587688 -0.00479519525912034 0.00451225632478998 0.597522673622753 0.999992724904133 -0.00107318557161016 0.00366038406940552 0.597064003661576 0.999978313411766 -0.00479559148384496 0.00451386846067499 0.597406366118143 1.724 1.7 153.211 156.094

 1130 30 10000 3 0.6 0.414000000000001 6.962 34.509 13.973 0.999986532272077 0.0040496320861739 0.00324588268935722 0.606111493828621 0.999958049060922 -0.00201083326502743 0.00893625580739071 0.593068001376268 0.999986539121883 0.00404864403236964 0.00324500485961405 0.605950416587095 0.999958047769746 -0.00201136308448475 0.0089362810530856 0.592970688918428 1.724 1.502 158.227 155.501

 1126 26 10000 3 0.6 0.574000000000002 6.99 35.069 14.255 0.999916574461862 0.000435194999980411 0.0129094818551462 0.605456973909595 0.9998526175603 0.0150231302532098 -0.0083095556566816 0.589684121070692 0.999916598479056 0.000434964656086467 0.0129076292100175 0.605299010301126 0.999852610336679 0.0150235234603877 -0.00830971393999615 0.589599717734433 1.77499999999999 1.54600000000001 157.142 155.189

 1132 32 10000 3 0.6 0.497999999999998 4.427 36.638 11.131 0.999996053625708 -0.00194283459306691 0.00202931681965735 0.607943796433023 0.999938184477601 -0.011081836862326 -0.000905602227933837 0.592283839203793 0.999996058866688 -0.00194214341667694 0.00202739489039949 0.607769552839496 0.999938173965211 -0.0110827878892736 -0.000905571488421938 0.592189968939431 1.899 1.72600000000001 162.144 153.751

 1122 22 10000 3 0.6 0.564 5.31 36.827 19.625 0.999920718970088 0.00251923293483519 0.0123373108805295 0.600183370547467 0.999999164838541 0.00129167816124158 -4.34712406678228e-05 0.601967939218339 0.999920722846442 0.00251824579603763 0.0123371982378301 0.600056188836159 0.999999163301448 0.00129285374464137 -4.38816540410778e-05 0.601829587293128 1.878 1.637 148.305 157.979

 1139 39 10000 3 0.6 0.73 4.963 32.926 12.577 0.999974577391048 -0.000778089808107993 0.00708795794609067 0.598022833634389 0.999995145518971 -0.00116831724547256 -0.00288859365550248 0.599684843401225 0.999974566945795 -0.000779339290001803 0.0070892941707913 0.597905395021977 0.99999514359185 -0.00116797900926253 -0.00288939747182203 0.599557601901253 1.389 1.47199999999999 149.228 123.425

 1135 35 10000 3 0.6 0.851999999999997 6.359 30.924 14.105 0.999970721634456 0.00221879330312268 0.00732344387178854 0.603156291581655 0.999979710949145 -0.00172876019999509 0.00613099325033134 0.595680454098584 0.999970716311633 0.00222004636296116 0.00732379091354034 0.603012364287038 0.999979718385263 -0.00172822919102167 0.00612993001543733 0.595571991954695 1.49199999999999 1.666 147.763 127.685

 1133 33 10000 3 0.6 0.869999999999997 4.081 35.673 15.599 0.999973339855833 -0.00676510025366116 0.0027482714799624 0.60603852079435 0.999964332680261 0.00337231581297274 -0.0077434393765882 0.607785918792711 0.999973358669923 -0.00676218843247396 0.00274859200259168 0.605877368462858 0.999964353811484 0.00337498197949354 -0.00773954798547595 0.607613762859057 1.31400000000001 1.462 148.655 135.204

 1137 37 10000 3 0.6 0.787000000000003 5.541 40.596 8.49300000000001 0.999997078703627 0.00132174734605109 0.00202375101379358 0.604969627209693 0.999991266846789 0.00274002268932799 -0.00315571003360003 0.603297094010571 0.999997081569818 0.0013216090889929 0.00202242459989854 0.604814942621325 0.999991261928646 0.0027410499815236 -0.0031563763010364 0.603150655205471 1.374 1.51299999999999 145.061 135.578

 1134 34 10000 3 0.6 0.844999999999999 5.976 45.592 18.144 0.99994869479804 -0.00468733182476366 0.00897979354222775 0.600520400276065 0.999973686235079 0.00711072013831309 0.00143683560033335 0.598400174184402 0.999948682366326 -0.00468862576938506 0.0089805023380319 0.600389953262032 0.999973685413017 0.00711092271004403 0.00143640513776627 0.598281236002235 1.55600000000001 1.60000000000001 137.249 136.761

 1143 43 10000 3 0.6 0.852 6.381 40.689 10.244 0.999969344076284 -0.00105096875213742 0.00775927653379451 0.606402229337303 0.99995595010582 -0.00391237304414461 0.00853177502811023 0.601043654061285 0.99996934747685 -0.00104971791538267 0.00775900760549599 0.606238146652645 0.999955942134038 -0.00391266425755767 0.00853257576796682 0.600910519013579 1.658 1.81 137.59 141.214

 1136 36 10000 3 0.6 0.799999999999997 8.824 41.302 15.673 0.999933728502662 0.00443657973151821 0.0106233404845144 0.607499484394574 0.999990079036969 0.00105396752656532 -0.00432793023152386 0.600727225690768 0.999933726848469 0.00443732617927885 0.0106231844241465 0.607330167591357 0.999990082260923 0.00105389526751531 -0.00432720285609645 0.600596962825726 1.849 1.55800000000001 135.55 139.986

 1144 44 10000 3 0.6 0.814 3.007 32.944 22.731 0.999994701453676 -0.00316295469656175 0.000769923476708228 0.606399420932161 0.999999669567524 -0.000131967114597645 0.000802153054721103 0.602698315539599 0.999994712473018 -0.00315957845970938 0.000769473822366647 0.606236190419344 0.999999668486334 -0.000131218940931906 0.000803622307175376 0.602557376069295 1.53 1.679 137.632 143.254

 1141 41 10000 3 0.6 0.946999999999999 10.352 41.109 24.195 0.999880377971534 0.00119540477991612 0.0154207896981755 0.603531094627807 0.999993320084638 -0.00177943659921617 0.00319270911487117 0.601253404580867 0.999880394541728 0.0011961129348346 0.0154196603375551 0.603384533001539 0.999993317620679 -0.00177954410270506 0.00319342085770474 0.601118039319636 2.099 1.744 126.572 145.627

 1140 40 10000 3 0.6 0.807000000000002 8.444 44.537 13.02 0.99997487773974 0.00244379638215944 0.00665370187454044 0.601792028953457 0.999848335992904 -0.0165397118140748 -0.0054537093182076 0.597718718634373 0.999974879729971 0.00244130633988508 0.00665431682326728 0.601655607103086 0.999848348907888 -0.0165391074471198 -0.00545317439878053 0.59760112497704 1.53100000000001 1.73399999999999 133.148 145.84

 1138 38 10000 3 0.6 0.880000000000003 8.041 43.862 16.346 0.999942508970614 -0.00912980741329441 0.00562364384982525 0.605328140562278 0.99998650816556 -0.000346000849921848 0.0051830271329797 0.604498333743103 0.999942536799518 -0.00912623673172271 0.00562449127124723 0.605171843257803 0.999986503462584 -0.000344652003189255 0.00518402427388183 0.60434690392011 1.86799999999999 1.937 133.619 149.936

 1142 42 10000 3 0.6 0.768999999999998 4.602 41.371 24.87 0.999919153279103 -0.00240479950959115 0.0124861461196083 0.607219491804071 0.999906503854034 0.0135103590459658 -0.00211039068713823 0.605459821254455 0.999919136443125 -0.00240381228264827 0.0124876843867896 0.607049202905773 0.999906514973094 0.0135098487506221 -0.00210838826992126 0.605302577984832 1.81700000000001 1.867 129.711 150.163

 1148 48 10000 3 0.6 0.718 2.343 23.938 9.971 0.999992093981546 -0.00397612802517544 4.8788637281107e-05 0.603329197143524 0.99998178867313 0.00231765741228223 -0.00557232323251365 0.594521071964868 0.999992094160826 -0.00397606374049566 5.03286878191384e-05 0.603184772744264 0.999981780707837 0.00231832395246281 -0.00557347525652013 0.594418333939552 1.084 0.958000000000013 156.427 141.463

 1149 49 10000 3 0.6 0.471 3.172 18.892 4.133 0.999882198255964 -0.00940139983664485 0.0121327363744926 0.602302819073799 0.999877548095619 0.00905639777880618 -0.0127620716799819 0.60516738025008 0.99988221513951 -0.0094006892450447 0.0121318955412564 0.602164259369576 0.999877522439944 0.00905713079281932 -0.0127635614607059 0.605011252170702 0.958000000000006 0.930999999999997 153.149 149.621

 1145 45 10000 3 0.6 0.884999999999998 9.262 27.157 8.58199999999999 0.999938505177811 0.00468399147143829 0.0100521682566166 0.602029868201674 0.999983231443334 0.0037102243083941 0.00444646688147158 0.59764896945393 0.99993851348143 0.0046865644657655 0.0100501427878662 0.601892049031107 0.999983227124029 0.00371118264553251 0.00444663850394644 0.597531009990249 0.971000000000004 1.002 158.141 148.118

 1150 50 10000 3 0.6 0.559000000000001 2.951 24.541 6.63399999999999 0.999987721795248 -0.00237565426331146 0.00434885336280848 0.604340671385334 0.999973236945237 -0.00678437220064037 -0.00273819048068283 0.595281424787115 0.999987720828505 -0.00237468629142558 0.00434960426127954 0.604188770108305 0.999973248402633 -0.00678315130258082 -0.00273703078039115 0.595175119258144 1.23 1.277 160.778 150.513

 1147 47 10000 3 0.6 0.645 2.988 27.914 4.767 0.999995522913291 0.00213056970795269 0.00210114875561944 0.607234991024072 0.999999454853648 0.000676717397510249 -0.000795201842474233 0.60234917745505 0.999995524534923 0.00213030118507713 0.00210064918173485 0.607066434364862 0.999999455706281 0.000676534079521163 -0.000794285075709021 0.602209321002921 0.881 1.008 165.713 154.925

 1152 52 10000 3 0.6 0.625999999999998 2.824 31.209 4.919 0.9999141814206 -0.0125424863491476 0.00378362658754438 0.603769266098796 0.999978274704821 0.00624915085761629 -0.00209719620629034 0.603338504780504 0.99991419914458 -0.0125413867718964 0.0037825873276812 0.60362290692799 0.999978278363435 0.00624892874485285 -0.0020961132703419 0.603192105585287 1.16600000000001 1.357 157.666 153.133

 1161 61 10000 3 0.6 0.494 5.442 29.378 8.03899999999999 0.999972563773528 0.00573943577754514 0.00468300941208302 0.598325998498136 0.999979724883859 -0.0056951694230599 0.00284866046504507 0.600118018735192 0.999972559245621 0.00574064121915114 0.00468249870864606 0.598207702425129 0.999979724491564 -0.00569494052090417 0.00284925573413003 0.599990151829366 1.31400000000001 1.339 153.35 150.166

 1158 58 10000 3 0.6 0.453999999999997 3.919 32.236 4.483 0.999955956968989 -0.00936832717147933 -0.000564418499148256 0.602273299029732 0.999953270390825 -0.0082401388711955 0.00505540760745637 0.606337696124215 0.999955968782493 -0.0093671308199959 -0.000563344003543674 0.602134519393147 0.999953274526794 -0.00824048774141482 0.00505402066932739 0.606175063596133 1.20699999999999 1.286 156.573 157.618

 1156 56 10000 3 0.6 0.592000000000002 5.067 18.86 11.639 0.999998901418195 -0.0014063942291203 -0.000468206873042338 0.605258364685088 0.999946921068896 -0.00929009905435683 -0.00445523337151342 0.594237192578837 0.999998900665732 -0.00140672305773694 -0.000468825731443503 0.605101478873495 0.999946926071691 -0.00928922387069093 -0.00445593532912299 0.594136179499008 1.38200000000001 1.34699999999999 159.858 156.119

 1146 46 10000 3 0.6 0.592000000000002 4.159 30.43 16.426 0.999986603279969 -0.00513639058781015 0.000640899617174956 0.600237769890621 0.999947915902768 -0.000421317349785934 -0.0101974493576062 0.608299675302836 0.999986611623655 -0.00513462978817826 0.000641989392340642 0.600109418579802 0.999947913187108 -0.000423226799746354 -0.0101976365802782 0.608125433721226 1.14999999999999 1.381 157.687 158.375

 1159 59 10000 3 0.6 0.542999999999999 4.713 22.578 13.724 0.999987969447747 0.000480953398295567 0.00488156159449043 0.605783913975055 0.999956544767646 -0.00853150621656455 -0.00375792203579094 0.603687642143134 0.999987960948939 0.000483442443802624 0.004883056480045 0.605624781510062 0.999956552387744 -0.00853084166217893 -0.00375740300632755 0.603540445329922 1.197 1.45 156.383 159.715

 1163 63 10000 3 0.6 0.561 5.53 25.159 11.195 0.999943704212179 -0.0101372124832171 0.00313453816313965 0.606657597436491 0.99998712784521 -0.00390887501371577 -0.00323494049616962 0.596614531144804 0.999943709854264 -0.0101373125516726 0.0031324139446342 0.606492540447186 0.99998712279043 -0.00390990648806914 -0.00323525649232855 0.596503121274064 1.53800000000001 1.401 157.73 156.631

 1160 60 10000 3 0.6 0.552 3.591 33.347 14.291 0.99996026073607 -0.000812834415360961 0.00887785159056978 0.596469157131412 0.99992490692087 -0.0109545272232931 0.00549352824733763 0.600564242184095 0.999960254087816 -0.000812106777333151 0.00887866697271701 0.596359033081676 0.99992492928874 -0.0109534420447815 0.00549162036924323 0.600433233528617 1.696 1.825 152.206 157.416

 1155 55 10000 3 0.6 0.506 5.353 40.321 8.30200000000001 0.999931163362867 -0.00449101216006523 0.0108397115072894 0.601122928083259 0.999995997682233 0.00275995543494877 -0.000622306606054984 0.598271843426219 0.999931185919975 -0.00449027401518245 0.010837936332166 0.600989297813781 0.999996000810167 0.00275902332349701 -0.000621412883603477 0.598152740891949 1.852 1.58800000000001 155.312 153.961

 1151 51 10000 3 0.6 0.664000000000001 3.553 27.729 20.554 0.999926994512331 -0.00966792739425665 0.0072482291241883 0.604174397335717 0.999960909847824 0.00359104432258835 -0.00807980055348804 0.599416353909941 0.999927001472514 -0.00966861801733455 0.00724634748140414 0.604023945603349 0.999960910283574 0.00359155402174264 -0.00807952006962264 0.599290882275384 1.351 1.77200000000001 155.279 160.348

 1157 57 10000 3 0.6 0.5 3.383 33.976 16.021 0.999878608457739 -0.00694008767661115 0.013950036976899 0.605035032180775 0.999960187227307 0.00811943518413958 -0.00370117989567826 0.592571379712498 0.99987860520878 -0.00693825385468639 0.0139511819998111 0.604880589989579 0.999960184844447 0.00812036767658074 -0.00369977764958569 0.592476617297407 1.792 1.872 156.451 152.728

 1154 54 10000 3 0.6 0.634 4.058 40.665 14.429 0.99997939452589 -0.00158905993884152 0.00621975981415985 0.60056719289143 0.999970645160071 -0.00758251515508437 0.00110194467858787 0.603718217086283 0.99997940932611 -0.00158829797824274 0.00621757455418853 0.600435601722151 0.999970635077431 -0.007583654324251 0.00110325424494313 0.603571089984241 1.604 1.90000000000001 154.687 161.332

 1162 62 10000 3 0.6 0.419999999999998 5.785 49.693 12.503 0.999955094459558 -0.00852364428608053 0.00414204689260851 0.599963715067966 0.999945007308996 0.00443984626629169 -0.00950105904321246 0.596038129416351 0.999955112369524 -0.0085216593545046 0.0041418073226685 0.599836526179399 0.999944999661773 0.00443948172269857 -0.00950203417437755 0.595928769864155 1.88199999999999 1.85300000000001 139.667 157.342

 1153 53 10000 3 0.6 0.525000000000002 5.215 41.946 19.208 0.99974555406737 0.00371913222303601 0.0222484870954323 0.601813720259433 0.999998748260583 0.000838462075642099 -0.00134181169168195 0.598715745174326 0.999745572991693 0.00371971222895381 0.0222475397391582 0.601677211857921 0.999998747042678 0.000838213672966868 -0.00134287412398998 0.598593026345721 1.774 1.779 147.019 155.16

 1164 64 10000 3 0.6 0.571000000000002 4.815 50.589 27.825 0.999960193414612 -0.00892234480618 -5.78737486435809e-05 0.598828127842089 0.999925151723381 -0.00540198783659808 0.0109776809202738 0.600268084730586 0.999960194322981 -0.00892224149171161 -5.81060206628585e-05 0.598707794222674 0.999925159560811 -0.00540059445201973 0.0109776526112013 0.600139323921725 2.10899999999999 1.803 135.884 148.57

 1167 67 10000 3 0.6 0.863000000000003 2.78400000000001 36.755 9.45699999999999 0.999859107044854 -0.0117329395085946 0.0120043404631659 0.60468219073721 0.999857346176682 -0.0166621370144359 0.00276775841350461 0.59237028733589 0.999859106966096 -0.0117340319525508 0.0120032791809766 0.604530080574432 0.999857354903002 -0.0166618034817423 0.00276661365358579 0.592277466499071 1.273 1.342 156.853 115.236

 1165 65 10000 3 0.6 0.780000000000001 6.064 35.882 15.728 0.999964788766374 -0.00169448660754067 0.00821887720787176 0.603353960088381 0.999957332404375 -0.00195245007272064 -0.00902891518626657 0.600603498547191 0.999964793589032 -0.00169380191257823 0.00821843157331919 0.603207953165399 0.999957342342298 -0.00195245880919026 -0.0090278125992039 0.600471612441975 1.399 1.58999999999999 156.191 122.369

 1166 66 10000 3 0.6 0.970999999999997 5.40799999999999 39.463 17.979 0.999944027442808 0.00321077737169848 0.0100813139086817 0.606274781436856 0.999979114625874 -0.00644988492244506 0.000411456608330201 0.60155993979805 0.999944019994449 0.00321014668677925 0.0100822534976643 0.60611232812455 0.999979115649017 -0.00644961764471742 0.000413156201845985 0.601423360794829 1.489 1.417 155.492 125.826

 1169 69 10000 3 0.6 0.907 4.964 46.308 14.278 0.99999498860168 -0.00010672937839491 0.00316407654247019 0.604885032004328 0.999998692539597 -0.000508871599810546 -0.00153491654196827 0.597652146607406 0.999994991135747 -0.00010765926317546 0.00316324404704291 0.604731407693966 0.999998693617757 -0.00050973124273873 -0.00153392856420772 0.597536407187399 1.51000000000001 1.58499999999999 147.527 133.116

 1172 72 10000 3 0.6 0.895999999999997 5.15 37.084 20.433 0.999869532995117 0.0122188251436398 0.0105649089080807 0.601036165759262 0.999995117581814 0.00241083303126651 -0.00198813898630162 0.596223441727611 0.999869547120079 0.0122173501256412 0.0105652779326785 0.600903444102002 0.999995115378272 0.00241143923898678 -0.0019885121055884 0.596112440823491 1.533 1.663 143.747 136.669

 1168 68 10000 3 0.6 0.904000000000003 4.774 44.289 10.426 0.999999605371581 0.000370519137315371 0.000807447986197755 0.604695910604021 0.999947656628556 0.00729354041232046 -0.00717553282440942 0.59670612915446 0.999999606028631 0.000371327026285674 0.000806262253478263 0.604542216189433 0.999947670787694 0.00729274746103733 -0.0071743655283896 0.596593208683616 1.43299999999999 1.544 149.936 139.401

 1171 71 10000 3 0.6 0.779 7.261 46.785 13.465 0.999963626267645 -0.000197043646294031 0.00852685847560368 0.598606968701074 0.999989316627404 -0.00455519179632822 0.000785403562981551 0.60314758564378 0.999963611056389 -0.000197209762232251 0.00852863830728576 0.598485482427558 0.999989319556232 -0.00455463237503835 0.000784918717339181 0.60300147953815 1.57900000000001 1.87700000000001 145.74 144.423

 1174 74 10000 3 0.6 0.841999999999999 5.648 45.392 16.152 0.999962970885985 -0.00844917932283895 0.00163347042981283 0.608934361436054 0.999915106074731 -0.00916056736717575 -0.00926631798892674 0.600157645531123 0.99996296551644 -0.00844985750003397 0.00163324945924696 0.608754533602876 0.999915121919755 -0.00916005462541689 -0.0092651149729224 0.600029353689363 1.736 1.78 136.722 144.793

 1170 70 10000 3 0.6 0.665000000000003 5.689 51.812 14.534 0.999910867778882 -0.00879215585219575 0.0100476113157839 0.607637557990434 0.99996062037126 0.00796639941001543 0.00391077833248234 0.60835225447355 0.99991091233755 -0.00878849726384853 0.0100463776622028 0.607466128857563 0.999960603943682 0.00796767539988124 0.00391237898332085 0.60817684389443 1.71000000000001 2.102 142.749 149.609

 1175 75 10000 3 0.6 0.798999999999999 7.883 48.338 16.238 0.999945191829386 -0.0104402827137152 0.000783475685358939 0.602134880007223 0.999996778735154 0.00208723901385558 -0.00144428273358452 0.596262431482149 0.999945202243007 -0.0104392874997475 0.000783446035409319 0.601996390355171 0.999996781980956 0.00208726636888077 -0.00144199404938031 0.596152885367065 1.949 1.66799999999999 130.048 146.079

 1176 76 10000 3 0.6 0.884 10.547 51.458 12.407 0.999964667301211 0.00700203141683084 0.00465141969900654 0.600104621959722 0.999978625420061 0.00268568125124001 0.00596119276844496 0.599691715112406 0.999964657480052 0.00700343604876352 0.00465141637703612 0.599976599856017 0.999978619032492 0.00268644639320685 0.00596191945996632 0.599565190918292 1.85300000000001 1.93100000000001 124.534 147.744

 1173 73 10000 3 0.6 0.887 5.391 47.625 26.473 0.99998983463249 0.00412508043173563 0.00182053374528327 0.602387890493219 0.99997048633411 -0.00159223847641316 -0.00751606528426328 0.609870731701183 0.999989836383472 0.00412574520764598 0.00181806387108058 0.602248033367042 0.999970490758514 -0.00159112572731573 -0.00751571228136159 0.609684303063979 1.67200000000001 2.011 134.44 151.256

 1177 77 10000 3 0.6 0.872 5.435 17.183 6.14 0.99990550831005 0.00279460351603887 0.0134597415431428 0.601500308166021 0.999750860015219 0.000709581365822967 -0.0223095135113901 0.599970850615752 0.999905509331827 0.00279511138062224 0.0134595601796653 0.60136562796856 0.999750851474672 0.000709893844256007 -0.0223098862927953 0.599843352608721 0.749000000000009 0.88900000000001 141.063 124.512

 1178 78 10000 3 0.6 0.937000000000001 7.287 21.166 8.947 0.99992797937883 0.00049494550691151 0.0119912920202602 0.600954551009385 0.999993445354271 -0.00281775404073056 0.00227365579215519 0.595385316884374 0.999927989038263 0.000496578934251953 0.0119904189775737 0.600822236895392 0.999993444929521 -0.00281843035513176 0.00227300425043537 0.595277356693132 0.966999999999999 0.953000000000003 144.181 126.301

 1181 81 10000 3 0.6 0.747999999999998 2.778 20.323 4.277 0.999986898470084 0.00330255395370561 0.0039110133680363 0.601136986425796 0.999944396133314 0.00863876506845713 0.00604784091015698 0.599254798228309 0.999986890137067 0.00330355457142937 0.00391229870937893 0.601004167580109 0.999944382303297 0.00863976313633537 0.00604870176371952 0.599130513918609 0.984000000000002 1.00800000000001 148.621 126.73

 1179 79 10000 3 0.6 0.925999999999995 3.982 26.443 8.279 0.999947458507912 -0.00609195492886229 0.00824428946068491 0.603474002274382 0.999998626866509 0.000595056745097668 0.00154666498212978 0.607289706635026 0.999947460550799 -0.00609155037130156 0.00824434060931676 0.603328580934562 0.999998629506204 0.000597017108184212 0.00154420085697281 0.607120531668755 0.969999999999999 0.799000000000007 152.925 128.869

 1180 80 10000 3 0.6 0.745000000000001 4.422 24.18 12.13 0.999993885808148 0.00323216571435591 -0.00133471012421163 0.604733939358051 0.999986606787458 0.00505271414967845 0.00112085923663532 0.598115672723974 0.999993885547657 0.00323250275424353 -0.00133408891892432 0.604580223868049 0.999986606105634 0.00505266612159219 0.00112168373388613 0.597997791063386 1.218 1.206 155.436 125.115

 1184 84 10000 3 0.6 0.558999999999997 5.204 32.45 10.912 0.999925844976856 -0.00502831396934905 0.0110914654552964 0.606177159485687 0.999973753234157 0.00314655590856429 0.00652625686802625 0.601985786936537 0.999925832187533 -0.00502897056970768 0.0110923207256098 0.606016543574264 0.999973751620028 0.00314761775780907 0.00652599214049361 0.60184746584051 1.28700000000001 1.17699999999999 152.253 123.385

 1183 83 10000 3 0.6 0.742000000000001 5.482 25.98 13.027 0.999966812440026 0.00596184260067006 0.00555251756761415 0.602060969700991 0.999956347940288 -0.00908780057300708 -0.00217119659809166 0.603439921354502 0.9999668125167 0.00596200136783291 0.00555233328254963 0.601923029073971 0.999956365511959 -0.00908605527119316 -0.00217040819230696 0.60329307642542 1.21299999999999 1.107 151.863 123.799

 1182 82 10000 3 0.6 0.695 3.261 29.497 15.779 0.999923856302846 0.0040851829595069 0.0116444354363876 0.605402370671376 0.999977645605813 0.00403531454928436 -0.00533146557175781 0.599047903214468 0.999923848016763 0.00408486899736957 0.0116452570870502 0.605244594033711 0.999977646397831 0.00403448061991695 -0.00533194812260254 0.598924014603794 1.172 1.23099999999999 159.457 124.057

 1186 86 10000 3 0.6 0.619 4.596 30.908 10.456 0.999912090636198 -0.0130019062295781 0.00260027574420753 0.601234314391233 0.999987086103445 0.00458269194267683 0.00219694353576232 0.593688165350083 0.999912080395038 -0.0130022361044502 0.00260256341912905 0.601099782550451 0.999987086862106 0.0045827101161521 0.00219656027234012 0.593589347513867 1.316 1.50399999999999 156.764 122.035

 1187 87 10000 3 0.6 0.495000000000001 2.411 35.625 14.147 0.999998364698387 0.00134562690707986 0.00120825857268678 0.60192022479935 0.999981378738938 -0.00205113635597694 -0.00574760950500001 0.600303827095592 0.999998367223038 0.00134506398212154 0.00120679498738491 0.601783283510369 0.999981386129931 -0.00205038074076568 -0.00574659311936689 0.600172973182425 1.32199999999999 1.339 150.537 126.866

 1185 85 10000 3 0.6 0.579000000000001 3.216 32.487 15.587 0.999890179790229 -0.000492605838348499 0.0148116744006628 0.60341151871242 0.999961658463545 0.00875663450125555 5.43603598134955e-05 0.597087857786914 0.9998901916611 -0.000493029625984714 0.0148108589122136 0.60326513315741 0.999961653862568 0.00875715204317685 5.56105283993809e-05 0.596972833712195 1.38800000000001 1.556 150.25 123.211

 1191 91 10000 3 0.6 0.491 3.939 26.918 17.246 0.999932210745388 -0.00249383626000785 0.0113734205298745 0.605911786702456 0.999931202275505 0.00116487058540744 -0.01167192325125 0.602667713499486 0.999932220266674 -0.0024913478610825 0.0113731287865514 0.605751802989889 0.999931195553046 0.00116536338189486 -0.0116724499589922 0.602524450517372 1.316 1.443 150.483 123.791

 1193 93 10000 3 0.6 0.437999999999999 4.741 35.551 14.603 0.99987984008657 -0.00571652624058313 0.0144092580029814 0.605995054871884 0.999994675889084 -0.00324370489812478 -0.000355769616603321 0.598360829690047 0.999879869823096 -0.00571683797446904 0.0144070706988922 0.605834083839881 0.999994673337093 -0.00324452786979347 -0.000355438239184822 0.598240933129647 1.66900000000001 1.73400000000001 146.77 120.118

 1190 90 10000 3 0.6 0.542999999999999 3.596 34.438 13.803 0.999905457806183 -0.00242088461728201 0.0135356849504338 0.603447305596632 0.99986743908759 0.00440059039288397 -0.0156760663630283 0.598797383478166 0.999905483829325 -0.00242007740855526 0.0135339068040331 0.60330210235644 0.999867445783898 0.00439744619316329 -0.0156765215708491 0.598675614268954 1.369 1.801 149.041 122.146

 1194 94 10000 3 0.6 0.675000000000001 2.522 31.953 10.737 0.999981232650859 -0.00443173782489612 0.004230135449409 0.6048705061458 0.999997323397818 0.00223300431847747 0.000605713556656185 0.598615595945663 0.999981244528499 -0.00442900059397987 0.00423019443667538 0.604716670556812 0.999997323303211 0.0022334271904522 0.000604309026340229 0.598493795025016 1.807 1.815 147.292 119.128

 1188 88 10000 3 0.6 0.536000000000001 2.968 36.409 14.821 0.999977934813096 -0.000388652832009969 0.00663165408565471 0.602633828508776 0.999814315905026 0.0189338203714513 0.00358387464989305 0.598201960516191 0.99997793713889 -0.000388908700184212 0.00663128837199625 0.602493423609263 0.999814331877378 0.018932698261023 0.00358534644760277 0.598082144613752 1.919 1.834 144.271 117.201

 1195 95 10000 3 0.6 0.609999999999999 4.728 31.608 8.46900000000001 0.999954880046794 -0.00189608008147202 0.00930820879258079 0.607836244482353 0.999969758278337 -0.00735977511563596 -0.00251321288620425 0.596373082325699 0.999954888155422 -0.00189685128294245 0.00930718052299013 0.607665119499927 0.999969741499689 -0.0073622308646005 -0.00251269611000544 0.596261591900373 1.562 1.44699999999999 151.993 118.02

 1189 89 10000 3 0.6 0.613 4.33 36.472 12.415 0.999933353969178 -0.00690335052380425 0.00925372203476981 0.604750969825413 0.999854433029709 -0.00451255948708603 0.0164544692322385 0.600659599889969 0.999933339244483 -0.00690344828695057 0.00925524009018822 0.604597617888699 0.999854483713718 -0.00451460826616115 0.0164508270241068 0.600527388509197 1.70299999999999 1.605 151.001 115.81

 1196 96 10000 3 0.6 0.496000000000002 4.21 45.409 23.125 0.999926150794578 -0.0121209265611978 -0.000880963357534168 0.607031412368156 0.999962791883044 -0.0086011993056056 0.000658953695912778 0.598189998876067 0.999926180212165 -0.0121185526690898 -0.00088023151235675 0.606863939076729 0.999962778126554 -0.00860282728921151 0.000658577296617523 0.598071754613678 1.774 2.099 133.577 99.395

 1192 92 10000 3 0.6 0.475000000000001 5.604 46.468 21.667 0.999946792274498 -0.00571737244580968 0.0085862839609907 0.6022926418173 0.999982555290691 0.00240490931310847 -0.00539495370646362 0.603317562907332 0.999946802430538 -0.00571738736402522 0.0085850911859654 0.602153260944585 0.999982562752964 0.00240593626405189 -0.00539311233959254 0.603171535354652 2.00200000000001 1.797 140.401 100.098

 1198 98 10000 3 0.6 1.095 8.83600000000001 24.843 16.145 0.999959659703197 -0.000329759154492342 0.00897609186490498 0.599153163471824 0.999988354919553 -0.00194994684302761 0.00441449120455977 0.596718969724408 0.999959655374661 -0.000329153559197049 0.00897659628832444 0.599029667229126 0.999988358197043 -0.00194739001065131 0.00441487740820765 0.596605692436521 1.292 1.18499999999999 122.867 23.317

 1197 97 10000 3 0.6 1.12 11.761 37.314 13.454 0.999928022619269 0.00578420935281966 0.010511541413235 0.600798951110641 0.999999093096842 -0.000988024341764195 0.00091521221248774 0.603404867419155 0.999928021152824 0.00578544008458708 0.0105110035879241 0.600666979439838 0.999999093279944 -0.000987421324338293 0.000915662830140607 0.603256910493519 1.261 1.39700000000001 114.893 19.155

 1199 99 10000 3 0.6 0.850000000000001 6.495 39.245 6.959 0.999999749745354 -0.000513170085403803 0.00048699660557936 0.603445276747679 0.999958598558293 -0.00528927608356665 0.00740437221146528 0.604399847733637 0.999999749395339 -0.000513142281486213 0.000487744050233964 0.603299993904041 0.999958595827287 -0.00528914443560235 0.00740483505961298 0.604247758002594 1.67999999999999 1.35799999999999 108.235 18.513
