
 3602 2 100 5 0.7 0.00200000000000022 0.274 0.42 0.0129999999999999 0.993500750156539 0.0113092753271591 -0.0109565766791656 -0.0855830815333882 -0.0733747184845836 0.666381579147155 0.997326237712636 -0.037782066342078 -0.0570191137534573 -0.0252855233776836 -0.00472800245009235 0.730804550911902 0.993500127677746 0.0112727563644595 -0.010952019689882 -0.085569061506344 -0.0734057916372168 0.666042074642783 0.997326678732147 -0.0377805373991907 -0.0570127211837091 -0.0252856266386546 -0.00472372645818953 0.730573983104522 0.00199999999999978 0.00100000000000033 0.0179999999999998 0.0190000000000001

 3603 3 100 5 0.7 0.00200000000000022 0.274 0.425 0.0140000000000002 0.995955549847886 0.00568264015326971 -0.0215834616944085 -0.0559775345136559 0.0666402291348292 0.710712382557533 0.99769851522897 0.0142816969079064 -0.0467530713170224 0.00627628739974214 0.0465667733715772 0.719579166510689 0.995955549499457 0.00568225982804025 -0.021583239321917 -0.0559774023837237 0.0666404497825844 0.710741650969017 0.997697591264218 0.0142744616291336 -0.0467491315644814 0.00624591917009498 0.0465968166558913 0.719908403622736 0.00300000000000011 0.00100000000000033 0.0170000000000003 0.0190000000000001

 3604 4 100 5 0.7 0.00199999999999978 0.269 0.442000000000001 0.0140000000000002 0.996902076307574 0.0617526550873866 -0.0275586663309015 -0.00238515066364714 0.0400960198732943 0.70915651687189 0.997541413181253 0.0317692363864585 0.0511433749600097 0.0160735215832746 -0.0320599705143603 0.714446525763935 0.996902053380002 0.0617531278731756 -0.0275593012336015 -0.00238539005404979 0.0400954111391909 0.709155803907658 0.997541818329531 0.0317708278473932 0.0511376616027426 0.0160657441598494 -0.0320587992928347 0.714594648611147 0.00199999999999978 0.000999999999999446 0.016 0.016

 3606 6 100 5 0.7 0.00200000000000022 0.269 0.44 0.0140000000000002 0.997700045697149 -0.0223521568727439 -0.0258113298756153 -0.0502461901541622 0.0300681812567235 0.679352230300084 0.996213832239143 0.00890488485819645 -0.0350704395076052 0.0276907944004632 -0.0740404461039836 0.674498508499461 0.997700402781877 -0.0223726093970565 -0.0257647920285487 -0.0502507321897526 0.0300734441620314 0.679630290871521 0.996214746659098 0.00890292379029614 -0.0350673065513664 0.0276879323063779 -0.0740309320673705 0.674838174395812 0.00199999999999978 0.00100000000000033 0.0190000000000001 0.0180000000000007

 3601 1 100 5 0.7 0.00100000000000033 0.273 0.446 0.0140000000000002 0.99935788729567 0.013819440150187 -0.0164892989738557 -0.00473266807530245 -0.0282584685733324 0.72372243749348 0.996015242972437 -0.01352197607807 0.0162094330852739 0.0822063502187198 -0.027389088927391 0.667654198162369 0.999358067097956 0.0138028036819917 -0.0164755973453307 -0.00473413855498212 -0.0282679847355751 0.723343558632168 0.996014146153638 -0.0135119394374053 0.0161970986974662 0.0822208306722161 -0.0273977581534512 0.667285394307993 0.00199999999999978 0.00100000000000033 0.0189999999999992 0.016

 3605 5 100 5 0.7 0.00200000000000022 0.268 0.432 0.0140000000000002 0.997991487620823 0.00755295083115337 -0.0616977356444141 -0.00592751839870417 -0.0106863236009011 0.693905832057927 0.999120614143554 -0.0184204910682358 0.0352848109203365 0.0121684642613136 0.00505910051778684 0.691321539237592 0.997991333187614 0.00755248090620803 -0.0616998722693542 -0.00593237247550583 -0.0106860485365949 0.693958404990467 0.999120035178708 -0.0184253877626931 0.0352993811457573 0.012166305319752 0.00505915960269514 0.691429627916652 0.00200000000000067 0.000999999999999446 0.0179999999999998 0.0170000000000003

 3607 7 100 5 0.7 0.00199999999999978 0.263 0.416 0.0139999999999993 0.997287677839226 -0.00526519208969205 0.0352170386822599 -0.0296867949493835 -0.0571665966661339 0.677075739779496 0.999064495087106 -0.00726474027922974 -0.0389593734018311 -0.0169010405997123 0.00372562153282316 0.680550347360766 0.997287214191433 -0.00524402368269301 0.0352394879831154 -0.029705526983644 -0.0571530644779349 0.677400630432999 0.999064213854851 -0.00726928767092885 -0.0389736326625147 -0.0168765252825725 0.00375405152056055 0.680809160244844 0.00300000000000011 0.000999999999999446 0.0190000000000001 0.0170000000000003

 3609 9 100 5 0.7 0.00199999999999978 0.266 0.343 0.0139999999999993 0.994012762913804 -0.0184233042183779 -0.0412748199249959 -0.0421480026897709 -0.0901062935402707 0.702935068796822 0.99795623702902 -0.0330712146638139 0.0120952623034834 -0.03734284204647 -0.0380639003944827 0.692322692904496 0.994012746147947 -0.018423413820213 -0.04127496449685 -0.0421482803511209 -0.0901062599815014 0.702934171658806 0.997956461956008 -0.0330774630728965 0.0120960241862373 -0.0373366479005601 -0.0380584077352556 0.692400153145971 0.00199999999999978 0.00100000000000033 0.016 0.0149999999999997

 3610 10 100 5 0.7 0.00199999999999978 0.263 0.41 0.0150000000000006 0.996622196682802 0.0329657821045617 -0.0211604634272107 -0.0721054942441191 0.00323832931259055 0.674815921546999 0.996946179459055 -0.00361015380883128 0.0729632119538612 -0.00317955340516272 -0.0274142698788523 0.690678193354967 0.996623915906473 0.032969135632713 -0.0211089475313933 -0.0720956215547134 0.00323110285139628 0.675143929703228 0.996945834299741 -0.00361302433768966 0.0729631905649759 -0.00318138517864826 -0.0274262855387575 0.690792249028733 0.00199999999999978 0.00100000000000033 0.0180000000000007 0.016

 3608 8 100 5 0.7 0.00200000000000022 0.268 0.433 0.0149999999999997 0.998741632161976 0.00535296118212833 -0.00974329016418426 -0.0459709680363976 -0.0166804192869044 0.716564710918165 0.999583374429718 -0.0158977894729536 -0.000337177691694974 -0.00168206739957889 0.0240290410553515 0.729424538933865 0.998741789605126 0.00535712987049693 -0.0097203059107419 -0.0459672655515175 -0.0166932623120594 0.716800637734942 0.999583558029793 -0.0158993983627565 -0.000356622640669882 -0.00166105823536929 0.0240215185621498 0.729192944478839 0.00200000000000067 0.000999999999999446 0.0190000000000001 0.0170000000000003

 3615 15 100 5 0.7 0.00200000000000022 0.255 0.307 0.0150000000000006 0.999854618132383 0.000469636515492287 -0.000553174287209109 0.0167732616221125 -0.00297888127556162 0.726954708985766 0.996507304779466 -0.0311707712133941 0.0281463261972647 0.0046426933985461 0.0720264136461773 0.755624796572265 0.999854697873579 0.000476034452044455 -0.000550694765201902 0.0167671711545247 -0.00298583959468802 0.726653325204183 0.996507185312969 -0.0311712870031243 0.0281469210952197 0.00464307770017586 0.0720275860245372 0.755602645794315 0.00199999999999978 0.00100000000000033 0.0190000000000001 0.0140000000000002

 3612 12 100 5 0.7 0.00199999999999978 0.259 0.412 0.0149999999999997 0.996935450292914 0.0522149125020773 -0.0322732529379807 -0.0386717633584706 -0.0292616254711381 0.664105429245228 0.99747627268455 -0.0445950699415802 0.0530869672889069 -0.0150446665028852 0.00279232557684986 0.682414438454146 0.996933842364682 0.052214898503557 -0.0322922470426323 -0.03867584884588 -0.0292900634898973 0.663787524263875 0.997475476118234 -0.0446041113653328 0.0530974659763165 -0.0150340099956006 0.00279024055532782 0.682651280203841 0.000999999999999446 0.00100000000000033 0.016 0.016

 3611 11 100 5 0.7 0.00300000000000011 0.258 0.402 0.016 0.998085852603156 0.0318202682112734 -0.0214725842995653 -0.0482894945633707 -0.00437655146279055 0.732243684689922 0.995170974411072 0.0562004718138621 -0.0711108310700706 -0.0316680739631308 -0.0204113070038587 0.728554437492928 0.998086850644818 0.0318094103990338 -0.0214840071593198 -0.0482723117330817 -0.00436134569796688 0.732062807642012 0.995171858239023 0.0562060672934503 -0.071095905699505 -0.0316705952019296 -0.0204008862752561 0.728306569122933 0.00199999999999978 0.000999999999999446 0.0190000000000001 0.016

 3619 19 100 5 0.7 0.00199999999999978 0.257 0.377 0.0140000000000002 0.995882542841335 0.00539209175556151 -0.0686831265934364 -0.0567254758774776 0.0159290526460165 0.677413003435925 0.993191900265416 0.0517276503783801 0.0801906228302185 0.0664170563263306 -0.00723450568805747 0.715820104847419 0.995883427560226 0.00538725001127729 -0.068646993564323 -0.0567505761112225 0.0159417261874728 0.677718807954535 0.993193315099576 0.0517238031990285 0.0801922987322842 0.0663969657806882 -0.00723361481508775 0.716018804142605 0.00199999999999978 0 0.0190000000000001 0.016

 3627 27 100 5 0.7 0.00199999999999978 0.254 0.36 0.0140000000000002 0.99461158490981 -0.0166996554616401 -0.0689400699801668 -0.0561410372865718 -0.05063958287916 0.688110760650712 0.999626864145446 -0.00782129492935861 -0.00481415159852831 0.0160404645724281 0.0201118687609192 0.702529629821426 0.994612986900866 -0.0167045793070007 -0.068930819626121 -0.0561228029303855 -0.0506432267457647 0.688267634481326 0.999626848031387 -0.00782152366177682 -0.00481451343822052 0.0160403462315057 0.0201125884850627 0.702528755445232 0.00199999999999978 0.000999999999999446 0.0179999999999998 0.0129999999999999

 3613 13 100 5 0.7 0.00199999999999978 0.257 0.415 0.0150000000000006 0.999816636437706 -0.0161976049785537 -0.00583909669439173 0.000181664525677528 0.00837872562774639 0.705480748933175 0.996039026731175 0.0800084465141169 0.00555966297324026 0.0383858163388951 -0.000724545673416593 0.714717450058567 0.999816626270018 -0.0161980133661612 -0.00583929753303905 0.0001814355979552 0.00837901440948135 0.705480004527928 0.996038811306114 0.0800045744272492 0.00554397178275667 0.0384019268145315 -0.000714728215815775 0.714889409040618 0.00199999999999978 0.00100000000000033 0.0150000000000006 0.0169999999999995

 3629 29 100 5 0.7 0.00199999999999978 0.253 0.361 0.0140000000000002 0.996777872709563 -0.00450142513475728 -0.0371602237114087 -0.0545231332926572 0.0453867310788361 0.69340758227721 0.998998130252556 0.0328264346853694 -0.0210771492775181 -0.0203726135888138 0.00811611555110217 0.65504591622057 0.996777322994213 -0.00450286941516089 -0.0371598798580247 -0.0545277192312887 0.0453934322990774 0.693468352676257 0.99899825566939 0.032834007249943 -0.0210686949598468 -0.0203604819134569 0.00812243844956463 0.654792337549506 0.00200000000000067 0.00100000000000033 0.0170000000000003 0.0140000000000002

 3617 17 100 5 0.7 0.00199999999999978 0.26 0.465 0.016 0.998857628790959 -0.00148726013206069 0.0282577454366919 0.0167872612928516 0.0346541937508794 0.698717359959164 0.999428853163763 0.0212195063508761 -0.0253413323694622 0.00431918140204392 -0.00555531814988073 0.686725431549868 0.998857636600896 -0.00148696358146816 0.0282570003221456 0.0167871953729261 0.0346546208706076 0.698716515593872 0.999429379816434 0.021206056705127 -0.0253274230222125 0.0043308039831485 -0.0055663002676976 0.686905393042804 0.00199999999999978 0.000999999999999446 0.016 0.0170000000000003

 3618 18 100 5 0.7 0.00200000000000022 0.257 0.402 0.0169999999999995 0.996628493739539 0.0657756959991269 -0.0226745495933951 -0.0413082447618725 0.0135903273587467 0.727104744920944 0.994106765829513 0.07868518338212 0.0200974820358537 -0.00802301521800625 0.0713589692382045 0.689689432730677 0.99662736146164 0.0657894707822119 -0.0227067240897186 -0.0412976443969904 0.0135851819487323 0.726816522534587 0.994104783073343 0.0786910751841299 0.0200987932589755 -0.00802964674761751 0.0713789761744178 0.689814646173176 0.00300000000000011 0.00100000000000033 0.0190000000000001 0.016

 3624 24 100 5 0.7 0.00299999999999967 0.257 0.419 0.0150000000000006 0.996841326255035 0.00311688454039089 0.0227517909087541 -0.0760110844961058 -0.00152523605899056 0.68707632135288 0.995753164536856 0.0075700505722893 -0.00729703868946725 0.0516840524952493 0.0754575482851329 0.65458460819798 0.996841855181081 0.00312023861751406 0.0227630397718936 -0.0760007887613043 -0.00151789265545103 0.687242580433597 0.995751812700802 0.00758647223500661 -0.00726572832649838 0.0516908610177427 0.0754720943211695 0.65433376387727 0.00200000000000067 0.000999999999999446 0.0169999999999995 0.016

 3625 25 100 5 0.7 0.00199999999999978 0.257 0.433000000000001 0.0150000000000006 0.990603563785656 0.00591161993765403 -0.125098145705436 0.0426858950196691 0.0346121434225384 0.689314351686597 0.997290131199143 0.0376524532303981 -0.00218234157343024 -0.040595793089496 0.0483932427847165 0.645535663573348 0.990601598523568 0.00591344044125055 -0.125108899921405 0.0426905844535631 0.0346234224791483 0.689444752453931 0.997288642679366 0.0376855393833814 -0.002176759313468 -0.0405829242273675 0.0484092066055455 0.645334863956869 0.00199999999999978 0.000999999999999446 0.0170000000000003 0.0169999999999995

 3614 14 100 5 0.7 0.00199999999999978 0.261 0.396999999999999 0.0150000000000006 0.99691721347662 -0.0371917454042931 -0.0202725990733617 -0.0651387965751254 -0.0108996539096043 0.689156127716407 0.998789845819841 -0.00514551773080386 -0.0101145802739724 -0.0378255186547077 0.0293136988257191 0.682638034077336 0.996917680537745 -0.0371855612956338 -0.0202730270387465 -0.0651356013694253 -0.0108963329290756 0.689284363633047 0.998789919295754 -0.00512224071577324 -0.0101184818945361 -0.0378243951393114 0.0293153751421561 0.682865569462294 0.00199999999999978 0.000999999999999446 0.0170000000000003 0.0149999999999997

 3623 23 100 5 0.7 0.00200000000000022 0.254 0.455 0.0150000000000006 0.997265275456733 0.00754467967021727 -0.0451613958322134 0.0158167791305172 0.0558151054939745 0.701717919603801 0.997789551467087 0.00458811989711015 -0.0304281610171767 -0.0475263335024298 -0.034789866051014 0.692491884065072 0.997265222703236 0.00754504222994952 -0.0451620984899719 0.015816614635517 0.0558154771176154 0.701716935922348 0.997789816742957 0.00458902008130873 -0.0304292046624939 -0.0475222839553005 -0.0347867579695029 0.692576185919475 0.00300000000000011 0 0.0150000000000006 0.0170000000000003

 3616 16 100 5 0.7 0.00300000000000011 0.256 0.455 0.0149999999999997 0.997505497160198 0.047852958146058 -0.0376686543970161 -0.0173066666760103 -0.0312158500819992 0.716294793435639 0.999038426780714 0.04121804611631 -0.00246026590502743 0.00871226579801271 -0.0118885661966039 0.6775005931537 0.99750544085985 0.0478482342099048 -0.0376531883226633 -0.0173068878129399 -0.0312434150079308 0.716528556470147 0.999037600532079 0.0412416792395916 -0.00243017288890519 0.00870119418781286 -0.0118903362459137 0.677795729841806 0.00199999999999978 0.00100000000000033 0.0199999999999996 0.016

 3630 30 100 5 0.7 0.00199999999999978 0.255 0.467 0.0150000000000006 0.995271859267586 -0.00303522671601188 -0.0503192125919645 -0.0748924903222676 0.0358302286662777 0.720159171233055 0.998547083999905 0.0430388893178296 0.0247339762939771 -0.0184881543710586 -0.00988906498185305 0.704461791449219 0.99527170960037 -0.00301845077663701 -0.0503153350086027 -0.0748960241953941 0.0358338617338505 0.720488420329158 0.998547071034176 0.0430389466472358 0.0247342360735935 -0.0184883318714391 -0.00988914308882298 0.704460861118006 0.00300000000000011 0 0.0179999999999998 0.0129999999999999

 3626 26 100 5 0.7 0.00200000000000022 0.254 0.468 0.016 0.999164177952102 0.0169287291187905 -0.00821734338464587 -0.034979513655985 0.00965776991921766 0.696727619298067 0.996399929810792 -0.0243838939236089 -0.070778299655475 -0.0142856042515656 -0.0371343425849802 0.693920379171871 0.999164179768222 0.0169285529004144 -0.00821731935559358 -0.0349795625267038 0.00965773435349747 0.696728148538871 0.99640030536519 -0.0243838614008111 -0.0707745533313612 -0.0142833771287259 -0.037132283930393 0.693972594594614 0.00300000000000011 0.00100000000000033 0.0140000000000002 0.0129999999999999

 3621 21 100 5 0.7 0.00199999999999978 0.254 0.474 0.0150000000000006 0.997462997537441 0.0204070143230802 0.012752932606615 -0.0519215435687987 -0.0423395599103779 0.687107342772838 0.996866118558711 0.00309052859724689 0.0425343325165945 -0.0041747441001292 0.0664965590970406 0.668475163310649 0.997463754497454 0.0204025960093321 0.0127619348046546 -0.0518974405590379 -0.0423506933046678 0.68729843761805 0.996865100396547 0.00306362708698726 0.0425560947557961 -0.00417858073186846 0.0664989027176976 0.668087063104136 0.00199999999999978 0.000999999999999446 0.0200000000000005 0.016

 3632 32 100 5 0.7 0.00200000000000022 0.257 0.46 0.0150000000000006 0.998355090335123 0.0224401430555038 -0.040926853700424 0.0172625422778684 -0.0284701749535466 0.733043684563772 0.99591804328192 0.0872566361511058 -0.0188457560671528 0.0114358235850696 0.00689854552013038 0.724995874945237 0.998355886980333 0.0224342778168013 -0.0409117186188462 0.0172699599998816 -0.0284641155106929 0.732886760625821 0.995917970427617 0.0872561164030931 -0.0188483462163614 0.011427093779456 0.006922983623341 0.724627745118017 0.00300000000000011 0.00100000000000033 0.0179999999999998 0.0170000000000003

 3620 20 100 5 0.7 0.00199999999999978 0.255 0.512 0.0150000000000006 0.998467937375583 0.0116040563018424 -0.0280870159121093 0.045748004929784 0.00673524256357585 0.66897901450066 0.999322442998949 0.0208599437500135 -0.0194338583343856 -0.0229877574922391 0.00366139605558332 0.741235587135736 0.998467574131597 0.0115822576076446 -0.0280473559231494 0.0457840504337755 0.00674694509184025 0.66859541653647 0.999322614642885 0.0208599347081167 -0.0194309000661582 -0.0229833189648891 0.00365816337218748 0.741190950973383 0.00199999999999978 0.000999999999999446 0.0190000000000001 0.0140000000000002

 3628 28 100 5 0.7 0.00200000000000022 0.253 0.489 0.0149999999999997 0.995852628126974 0.0504030470861307 -0.0594574509045493 -0.0468167733593288 -0.0031744544706994 0.711937863999786 0.995509170583045 -0.0174412013294856 -0.0259597974713147 -0.0857075681944641 0.0252506920832289 0.705880594725635 0.995852815838751 0.0504029813906461 -0.0594550065967076 -0.046815836974249 -0.00317620086764872 0.71200059024555 0.99550921114966 -0.017441273258984 -0.0259592363802087 -0.0857073290585684 0.025250431590186 0.70587969258139 0.00199999999999978 0.00100000000000033 0.0179999999999998 0.0120000000000005

 3631 31 100 5 0.7 0.00199999999999978 0.254 0.488 0.0149999999999997 0.996490755741831 -0.0111972647986881 -0.0772257187126179 -0.0163287678697778 0.0255020526875082 0.693804409307281 0.999081670652132 -0.00640018068651942 0.0110425581595525 -0.00944609602140005 -0.0397955554474577 0.701384543184321 0.996490596856567 -0.0111984094169966 -0.0772262291451307 -0.0163302890872179 0.0255052385467007 0.693860499227603 0.999081684668131 -0.00640045447977554 0.0110424556020254 -0.0094452817667529 -0.0397953812617203 0.701383749244977 0.00199999999999978 0.00100000000000033 0.016 0.0120000000000005

 3622 22 100 5 0.7 0.00200000000000022 0.256 0.535 0.0139999999999993 0.998544889883455 0.0265556136389379 -0.0157597997606248 0.0184241379872298 0.0401880843389004 0.692419908521744 0.999405869703277 0.00362848942788931 0.00382545749991903 -0.034038732962517 -0.00121334262747817 0.721216032998848 0.998544987896949 0.0265593076573395 -0.0157577789931811 0.0184235535510197 0.0401842680460964 0.692485799584845 0.99940562727652 0.00361804047843583 0.00379781434999528 -0.0340501094165672 -0.0012118605545892 0.721570704860627 0.00200000000000067 0 0.0159999999999991 0.016

 3633 33 100 5 0.7 0.00200000000000022 0.266 0.376 0.0129999999999999 0.998699269715881 0.00667474469159861 -0.00181999971223518 -0.0495718036330035 0.00972318558330145 0.717300220927091 0.997178080132787 -0.00971453536374551 -0.0488781749497442 0.0486234312002212 -0.0280747263077606 0.701076374120441 0.998698665488219 0.00669160660828094 -0.00182717412329352 -0.0495769777790593 0.00974590488713461 0.71754867905503 0.997178093901878 -0.0097142933007719 -0.048878495609846 0.0486228265687365 -0.028074809906192 0.701075549851203 0.00199999999999978 0 0.0190000000000001 0.0130000000000008

 3638 38 100 5 0.7 0.00199999999999978 0.268 0.39 0.0140000000000002 0.998607757568082 -0.0350747441987736 -0.000220247408150114 -0.0280226184222661 0.0276946419380657 0.713398664846785 0.999861609639852 -0.00885336604744919 0.000742184634189288 -0.013055305794033 0.0052333192742555 0.718276338839662 0.998607871866326 -0.0350718607441846 -0.000208579782440427 -0.0280176618470489 0.0276992770599825 0.713517876156243 0.999861784415733 -0.00884277489564175 0.000750851635396664 -0.0130455928237975 0.00524081356552052 0.718547769766357 0.00199999999999978 0.00100000000000033 0.0179999999999998 0.0170000000000003

 3634 34 100 5 0.7 0.00099999999999989 0.268 0.467 0.0139999999999993 0.997060448299195 -0.035131763887594 -0.0348546329195656 0.051455480161878 -0.0278156382077975 0.685467072455301 0.998361666012117 -0.0357882950550743 -0.0239466030858625 0.0296799506063698 -0.023212981437399 0.741206217859516 0.997060709126517 -0.0351386073180315 -0.0348520555223128 0.0514446876153549 -0.0278208363264607 0.685641888051556 0.998361613940608 -0.0357894410475877 -0.0239452907578737 0.0296797173460722 -0.023215106034299 0.741154371356176 0.00199999999999978 0.00100000000000033 0.0170000000000003 0.0180000000000007

 3636 36 100 5 0.7 0.00200000000000022 0.265 0.447 0.0140000000000002 0.998356470591029 0.00505827975683042 0.0175378606801976 0.0487924322868645 -0.0238850042750563 0.707966229119929 0.985760727614692 0.1317423079733 -0.0837296910786305 0.0595457208493692 0.0190630045592804 0.660833610354885 0.998356461403341 0.00505788098236295 0.0175374157119201 0.0487926839127895 -0.0238852854473427 0.707965278305926 0.985760657938106 0.131754653369161 -0.083732487862496 0.0595243256183453 0.01903580082486 0.660558482962471 0.00199999999999978 0.000999999999999446 0.0170000000000003 0.0149999999999997

 3639 39 100 5 0.7 0.00100000000000033 0.268 0.405 0.0140000000000002 0.999245411622308 0.0134118059003575 0.00416563793504582 0.0183544924559471 -0.0312168365074676 0.707174361017778 0.995884251562653 0.0419942168894228 -0.0381022804160383 0.066663324727207 -0.0235639682725766 0.729844325591855 0.99924540258343 0.0134122883665473 0.00416509388662287 0.0183547374859291 -0.0312168470763805 0.707173626636033 0.995883813549531 0.0419960716778706 -0.038116290672542 0.0666575307667607 -0.0235729050207165 0.729604839630625 0.00199999999999978 0.00100000000000033 0.016 0.0170000000000003

 3637 37 100 5 0.7 0.00200000000000022 0.265 0.469 0.0140000000000002 0.999536540665145 0.0148898869612144 -0.00856193026640936 -0.0189359912014569 -0.0165262436375748 0.754918937867977 0.998060096258468 -0.0233160166919124 -0.0426323934834213 -0.0276772653615584 -0.0273652266597815 0.698298845897475 0.999536531117388 0.0148877519839964 -0.00856178662838861 -0.0189367491530478 -0.0165279503849354 0.754900554771243 0.998060110611061 -0.0233162070183463 -0.0426322550532098 -0.0276768232641979 -0.0273652038251961 0.698297731797479 0.00199999999999978 0.000999999999999446 0.0180000000000007 0.0149999999999997

 3635 35 100 5 0.7 0.00099999999999989 0.268 0.476 0.0149999999999997 0.998445500589681 -0.0199975728546301 -0.0159782730880872 0.0184778561824522 -0.0459341164295952 0.72402619562834 0.997280971255974 0.0362482817106087 -0.0348930874301914 0.00538422422841523 0.0535743317533367 0.667671646918751 0.99844503858683 -0.0200045804634808 -0.0160037724726303 0.0184907787482799 -0.0459270296203698 0.723658647433702 0.997279757084566 0.0362362966414415 -0.0348815880442718 0.0053807040566549 0.0536128692985898 0.667317757990307 0.00199999999999978 0.000999999999999446 0.0190000000000001 0.016

 3641 41 100 5 0.7 0.00199999999999978 0.264 0.398 0.0140000000000002 0.989981898733199 0.0383397806382857 -0.122727938697999 -0.0284021546759919 0.0509614763710831 0.678709246039587 0.996343242518987 0.0677221670590273 0.0506099407855997 -0.0073734415862397 0.00990542419248374 0.693164277796145 0.989980120209853 0.0383677126881846 -0.122729975658055 -0.0284150755866284 0.0509628959807175 0.678986105180779 0.996343355695383 0.0677201530836665 0.050610319461507 -0.00737348698735612 0.00990584078411341 0.693220022314192 0.00199999999999978 0.00100000000000033 0.0169999999999995 0.016

 3640 40 100 5 0.7 0.00099999999999989 0.266 0.52 0.0140000000000002 0.998659444999725 -0.00975620789514753 -0.0387469008984411 -0.0224988921070966 -0.0240126392774384 0.671175363857927 0.997692878105099 -0.0226123854669641 -0.0554856100624647 -0.0194267172968574 -0.0253288517884363 0.701259225810355 0.998660086927804 -0.00972828030292119 -0.0387436045517249 -0.0224837803256855 -0.0240167455810348 0.671529229534616 0.997692879844852 -0.0226130592479821 -0.0554854723272465 -0.0194261479766628 -0.0253289201061617 0.70125831684596 0.00300000000000011 0.00100000000000033 0.0179999999999998 0.0140000000000002

 3644 44 100 5 0.7 0.00099999999999989 0.261 0.413 0.0140000000000002 0.997605470558251 0.0315993302511536 -0.0609609516061292 -0.00674185577654578 -0.00480803493056232 0.695171580721129 0.998804921711777 0.042300849918394 -0.0162246252718855 0.0177457950337673 0.00460594766783364 0.722257303108286 0.997605567667156 0.0315991323451388 -0.0609596058253004 -0.00674119936861639 -0.00480716998068078 0.695200904331644 0.998805651671603 0.0423022948857026 -0.0161795485905112 0.017748785741754 0.00458135879052395 0.722656493156249 0.00199999999999978 0.00100000000000033 0.0170000000000003 0.0179999999999998

 3643 43 100 5 0.7 0.00200000000000022 0.261 0.407 0.0149999999999997 0.996533456536949 -0.0187167732335505 -0.0551469136186458 -0.0130185309409511 0.0579662675417392 0.712277166149004 0.998571593045112 -0.0400893610341494 0.0286531739670915 -0.0127159746256303 0.0162762497570424 0.720894158397352 0.996533359619385 -0.0187166697097011 -0.0551490092886267 -0.0130196940547809 0.0579657121226192 0.712349347770697 0.998569414779698 -0.0401158002607654 0.0286734315473548 -0.0127500557430949 0.0162824088456524 0.721205331090512 0.00199999999999978 0.00100000000000033 0.0190000000000001 0.0169999999999995

 3642 42 100 5 0.7 0.00099999999999989 0.263 0.466 0.0140000000000002 0.999196652797945 0.00433564503640264 -0.0294406019432095 0.0219008974213972 -0.0155194351978595 0.694446432774583 0.994990306175254 -0.00130346777949683 0.0807251064279691 0.0589456596225498 -0.00120747375842292 0.688713981726636 0.999196611068503 0.00433388422788063 -0.0294410502775614 0.0219004890632935 -0.0155223391942154 0.69448283460849 0.994990255121438 -0.00128873372619423 0.0807268593011421 0.0589443502699321 -0.00121207977746282 0.688867890309802 0.00300000000000011 0.000999999999999446 0.016 0.0170000000000003

 3651 51 100 5 0.7 0.00199999999999978 0.267 0.353 0.0140000000000002 0.999177335933629 0.0260574398958948 -0.0160064852742076 0.00424715669181757 -0.0262947765126444 0.676007184949771 0.99884469992319 0.00217593334423262 0.0346364458462043 -0.0317945805956551 -0.0096928846750008 0.72394992741653 0.999177334140772 0.0260622833060877 -0.0159962246903621 0.00425701496428252 -0.0262946942834914 0.676300811911538 0.998845880474057 0.00218471815496806 0.0346473860685612 -0.0317484723910396 -0.00968128121896599 0.723544624765687 0.00300000000000011 0 0.0170000000000003 0.0179999999999998

 3645 45 100 5 0.7 0.00100000000000033 0.259 0.424 0.0149999999999997 0.999012831303592 -0.0299396078332998 -3.24004430286709e-05 -0.028641917386564 0.0160194348277964 0.720995849920487 0.996484866568416 -0.0564261661613571 -0.0591475543567019 -0.000615288572156423 -0.0183081049279088 0.679258283373254 0.999012733144056 -0.029955759955507 1.68714320718955e-05 -0.0286264924134743 0.0160229556882317 0.721330175218008 0.996485143395537 -0.056415458005878 -0.059149654381421 -0.000622811509845311 -0.0183189951237868 0.679537571791652 0.00199999999999978 0.00100000000000033 0.0199999999999996 0.016

 3646 46 100 5 0.7 0.00200000000000022 0.263 0.405 0.0149999999999997 0.994490607994562 0.0553937965386137 -0.0725625682835272 0.0410894616859908 0.0310851691019899 0.681232454556686 0.998507923216472 -0.00285067749256503 -0.0319323721534927 -0.0301255473757266 0.0323508255802584 0.65605749340273 0.994491137958549 0.055393577203485 -0.0725596199851751 0.0410694774064766 0.031101892220207 0.681504800683501 0.998508457822996 -0.00283064266713092 -0.0319323228169117 -0.0301058337134201 0.0323544842946075 0.655811468864469 0.00199999999999978 0.000999999999999446 0.0190000000000001 0.0150000000000006

 3648 48 100 5 0.7 0.00100000000000033 0.265 0.4 0.0150000000000006 0.998979649555094 -0.0318586020503874 -0.0121302852391085 -0.0295460886368736 -0.00213870906291921 0.694976425879379 0.998513195244579 0.000986996659718563 0.0147232126420638 0.0160558347569849 -0.0499586022603466 0.699657971278026 0.998979705881537 -0.0318577070057574 -0.0121313118944487 -0.0295447290089475 -0.00213869134783716 0.695004635661834 0.998513192007754 0.000987247311893026 0.0147228733659081 0.0160558607939466 -0.0499587536198473 0.699657012224626 0.00200000000000067 0.000999999999999446 0.016 0.0129999999999999

 3650 50 100 5 0.7 0.00200000000000022 0.26 0.37 0.0150000000000006 0.996920859784955 0.0295411164165411 -0.0304509309962581 -0.050667286952947 0.0422100533141087 0.743122432830069 0.999813586678914 0.00800646663815137 0.0133102129880235 -0.00529785653629782 0.0101714959840283 0.728090478214414 0.996920932231777 0.0295386293348115 -0.0304535456141074 -0.0506684510832009 0.0422067989724834 0.743091218960781 0.999813758255214 0.00801102697248234 0.0133042819834806 -0.00529628409744238 0.0101596115129383 0.727833098665908 0.00199999999999978 0 0.0189999999999992 0.0150000000000006

 3647 47 100 5 0.7 0.00200000000000022 0.259 0.479 0.016 0.998719951169219 -0.0102363091417068 0.00267484057732417 -0.0318175682706149 -0.0378703668973487 0.721944215031492 0.997636631803904 -0.0137042546464989 0.042831781494431 0.0442993408471599 0.0271357915319691 0.660533098725622 0.998721310852081 -0.0102135918360085 0.00268453366306673 -0.0318207564994528 -0.0378372637293388 0.722354055333646 0.99763811837536 -0.0136683617342295 0.0428247583847813 0.0443005583923609 0.0271083243189833 0.660209729738447 0.00199999999999978 0.00100000000000033 0.0199999999999996 0.0169999999999995

 3649 49 100 5 0.7 0.00199999999999978 0.26 0.462 0.0149999999999997 0.995068403185049 0.0281638508293905 -0.0582548966974338 -0.0198078624811826 0.0725236932589199 0.681492835255491 0.998985735923213 0.0131894410250522 -0.0330019359665082 0.00772149922497021 -0.0265478575328364 0.747379107953317 0.99507062698249 0.0281682114319587 -0.0582189911353296 -0.0198040028277348 0.0725213742601522 0.681731256228625 0.998985737869173 0.0131896523057982 -0.0330015609790728 0.00772185564438462 -0.0265480418183246 0.747375035144531 0.00200000000000067 0 0.0179999999999998 0.0129999999999999

 3657 57 100 5 0.7 0.00200000000000022 0.256 0.377 0.0150000000000006 0.999643524658085 0.0135851394764488 0.000150375172128271 -0.0225782724476916 0.00429727764417565 0.719074789377711 0.998804574346103 -0.0445699110544047 -0.0120699112962324 0.00491804547772857 -0.0152668059489074 0.692932233975447 0.999643438839028 0.0136041886603868 0.000145230709830253 -0.0225700836460485 0.00430017083690421 0.71934670424314 0.99880482792607 -0.0445659133520335 -0.012066848086589 0.00491588203764649 -0.0152650044127192 0.693003273166354 0.00199999999999978 0 0.016 0.0140000000000002

 3654 54 100 5 0.7 0.00200000000000022 0.26 0.446 0.0149999999999997 0.998264924922321 0.02238502602668 -0.0237848694835441 -0.047443846065867 -0.0122234092521862 0.667440302690099 0.999095868960798 0.0309615043998529 0.0107886810260453 0.00673746656835882 -0.0262114626971652 0.715334776242977 0.998265737806807 0.0223606479862861 -0.0237536463538951 -0.0474527427083092 -0.0122278222516459 0.667078928631448 0.999095281424971 0.0309865739515453 0.0107801631426929 0.00672817194222197 -0.0262101250290049 0.715539947631417 0.00300000000000011 0.000999999999999446 0.0180000000000007 0.0179999999999998

 3659 59 100 5 0.7 0.00200000000000022 0.259 0.416 0.016 0.995803773870745 0.0108360385925049 -0.0354211153654624 -0.0486236896140687 -0.0681065753579284 0.699786485498515 0.997208715274149 0.00265230729136679 -0.0343190504824249 -0.0379844653875474 -0.0542874443174567 0.69222177131063 0.995803732253651 0.0108359483500725 -0.0354214500386944 -0.0486234287619044 -0.0681072103792662 0.69978512535696 0.997208926766878 0.00265660092623634 -0.0343216533068639 -0.0379861267805394 -0.0542805410295944 0.692298303570594 0.00200000000000067 0 0.016 0.0140000000000002

 3655 55 100 5 0.7 0.00199999999999978 0.262 0.417 0.0170000000000003 0.997062726441722 0.0108679261750358 -0.0108704174104243 0.0203045703109417 -0.0722313378739846 0.680063505564339 0.996925072628859 0.00983312518320712 -0.0248630364984091 0.0404903029567331 0.0615310815411727 0.669307110811044 0.997062783931555 0.0108767964911911 -0.0108711614070909 0.0202959432380321 -0.0722315217511437 0.680344836119838 0.99692520815657 0.00981801000518136 -0.0248507136334753 0.0404704897214343 0.0615493096235187 0.668946007932584 0.00199999999999978 0.000999999999999446 0.0190000000000001 0.0149999999999997

 3661 61 100 5 0.7 0.00199999999999978 0.255 0.411 0.016 0.998593446558661 -0.00953491155841472 -0.0414651274314684 0.0307724572356853 -0.00734254958707292 0.726528158882042 0.998967376674571 -0.0187418984132208 0.0225077457615758 0.0191368393077929 -0.0289845535731538 0.68329568085187 0.998592508890236 -0.00954540070617527 -0.0414842683623428 0.0307734513092231 -0.00734416003523105 0.726212622017457 0.998966989101046 -0.0187460179058773 0.0224912379710339 0.0191393020729195 -0.0290064273869528 0.683540468310883 0.00199999999999978 0.00100000000000033 0.0180000000000007 0.0169999999999995

 3656 56 100 5 0.7 0.00199999999999978 0.259 0.416 0.016 0.997161424754808 -0.0154354613964259 -0.0699665741162959 0.0144216649518071 -0.0180978893489558 0.715211346490201 0.999342613733592 0.00962596533352334 0.00778737338627157 -0.00715386555220928 0.0333145642461967 0.70710067067853 0.997163464608259 -0.0154445100021551 -0.069937507262738 0.014414127250476 -0.0180961314851898 0.715402352067433 0.999342574456109 0.0096258718975297 0.00778786791055198 -0.00715388637808367 0.0333156493670229 0.707099631166393 0.00199999999999978 0.000999999999999446 0.0190000000000001 0.0139999999999993

 3664 64 100 5 0.7 0.00199999999999978 0.257 0.387 0.0170000000000003 0.998829920401354 0.039488812500302 -0.0158407615081275 -0.00801094324104359 0.0215480593458361 0.705084865329002 0.997768843122129 0.0233845117816067 -0.0595256405800019 -0.00124600640365767 0.0191218692874462 0.655770842577568 0.998829942568746 0.039488137183706 -0.0158413289079287 -0.00801038493585117 0.0215480598079517 0.705083527648684 0.997769127146913 0.0233925718237315 -0.0595171200185631 -0.00125780286852708 0.019122940479947 0.655515962174748 0.00200000000000067 0.00100000000000033 0.0150000000000006 0.0139999999999993

 3653 53 100 5 0.7 0.00100000000000033 0.265 0.45 0.016 0.998907145288326 0.0179389019242511 -0.0057879246838424 0.0425814065744213 0.00400432661960435 0.705644243659873 0.994349641367467 0.0274180840675349 -0.0926865413258526 0.0422175548744345 -0.0119967702291421 0.691957547646102 0.998907135256571 0.0179384813774238 -0.00578829222533481 0.0425817769089498 0.00400424372042099 0.70564321615463 0.994349540072248 0.0274169572477619 -0.0926887391168049 0.0422141118752116 -0.0120028751933556 0.692044196951801 0.00199999999999978 0.000999999999999446 0.0149999999999997 0.0150000000000006

 3662 62 100 5 0.7 0.00200000000000022 0.256 0.442 0.0150000000000006 0.998563938551903 -0.0224652664427844 -0.0248902393618975 0.0353273179699495 -0.0223120823080993 0.722390382358711 0.996734866845116 0.00311524457810099 0.0332004225195312 -0.0423615053406197 0.0601093609703854 0.707896061167107 0.998564160789567 -0.0224599485861964 -0.0248837580473834 0.0353309618591272 -0.0223089492285542 0.722798761438172 0.996734825849972 0.00311457008854666 0.0332011761821535 -0.0423612195646875 0.0601098608225265 0.707895273792786 0.00300000000000011 0.00100000000000033 0.0190000000000001 0.0129999999999999

 3658 58 100 5 0.7 0.00200000000000022 0.253 0.46 0.0150000000000006 0.999284076343752 -0.0129812354228281 -0.012692028334345 -0.017165421820219 0.0284092063107382 0.681318384964052 0.998394351729248 -0.0346237528596042 0.0153838744949852 -0.0405597051215081 -0.0113208170655123 0.705759371075396 0.999283255996432 -0.0129859651853788 -0.0126967349137573 -0.017153837992189 0.0284407763262759 0.681592189470572 0.998394374398316 -0.034623208889786 0.0153839446594526 -0.0405595564915173 -0.0113209186859902 0.70575808537135 0.00199999999999978 0.000999999999999446 0.0190000000000001 0.0129999999999999

 3652 52 100 5 0.7 0.00199999999999978 0.258 0.548999999999999 0.0149999999999997 0.999299671162128 0.00979175739812182 -0.0229937170702805 -0.00954248020000511 0.0261633092181447 0.720583748155527 0.996200580040288 0.0854223582755339 0.0007700775949637 0.0108204909332195 -0.0130287754797765 0.67636580065326 0.999299268159675 0.0098189862547309 -0.0229817784326123 -0.00956006058708296 0.0261725670524042 0.720935992313449 0.996200341866041 0.0854282379629643 0.00077389898114954 0.0108311565172084 -0.0129993135738906 0.676686360274332 0.00199999999999978 0.00100000000000033 0.0179999999999998 0.0150000000000006

 3663 63 100 5 0.7 0.00100000000000033 0.262 0.446 0.0139999999999993 0.995386920109875 0.0493839549894678 -0.0354219937219282 -0.0676638748107148 -0.0305448304978079 0.723368002752981 0.999871141563971 0.00317487408373411 -0.0049427873141886 -0.0147892597232063 -0.00211354974399746 0.678184955560732 0.995384800638976 0.0494037283433691 -0.0354585031605429 -0.0676457266034164 -0.0305797401655116 0.722952038112427 0.999870720661144 0.0031699687231382 -0.00492918818189742 -0.0148188059741442 -0.00214461097335754 0.678490064574643 0.00200000000000067 0 0.0189999999999992 0.0170000000000003

 3660 60 100 5 0.7 0.00199999999999978 0.26 0.558 0.0140000000000002 0.999015986018557 -0.00280167972327465 0.0114036814782112 -0.0125596112531729 -0.0408830341830423 0.685202761225211 0.995373013856519 0.079924912719832 -0.0209957579611038 -0.0473733153153873 0.0126300734987977 0.74150209094965 0.999015724684475 -0.0028051140302643 0.0114224760774237 -0.0125421743346106 -0.0408892904273391 0.68540822770624 0.995373181307391 0.0799243920991152 -0.0209951825531549 -0.0473705105920286 0.0126316474539733 0.741461518520574 0.00199999999999978 0 0.0169999999999995 0.0139999999999993

 3665 65 100 5 0.7 0.00200000000000022 0.259 0.368 0.0140000000000002 0.998619373141708 -0.038049328300834 0.014187018017512 -0.0144413724564823 -0.0300295102068217 0.735203403855086 0.999684758753415 -0.0210510800148219 0.00874978707444947 -0.00947489789404277 -0.00457194514245172 0.687103069668752 0.998619542936702 -0.0380542220234822 0.0141878588125421 -0.0144361479630966 -0.03001977590495 0.735074953863658 0.99968465333596 -0.0210572948106116 0.00875800308236152 -0.00947552499438782 -0.00454928872587935 0.687270974411858 0.00199999999999978 0.00100000000000033 0.0190000000000001 0.0170000000000003

 3667 67 100 5 0.7 0.00200000000000022 0.261 0.405 0.0139999999999993 0.9984036991106 0.0355497373907135 -0.0349144435866148 0.0056017466093205 -0.0259975352232346 0.710793173455446 0.99696007577326 0.0367184677949613 -0.0553659320112615 -0.00836241890881098 -0.0398377328607409 0.726193546845069 0.998403600648578 0.0355520143833382 -0.0349149743470001 0.00560112622236163 -0.0259976236727561 0.710833967019489 0.996961130156968 0.0366860876897486 -0.0553679809007606 -0.00836316082127829 -0.039838174634522 0.725864543052599 0.00199999999999978 0.00100000000000033 0.0170000000000003 0.0180000000000007

 3666 66 100 5 0.7 0.00099999999999989 0.26 0.432999999999999 0.0140000000000002 0.997911893074056 0.00780817375835171 -0.0364212861652334 -0.0484028838640787 -0.0210127778178781 0.74117693403048 0.99368788051107 -0.0567497775518998 -0.0864228229979884 -0.0201433178213511 0.0385901708396577 0.670049601407678 0.997911938749227 0.00780660410523522 -0.0364203814932305 -0.0484019412721613 -0.0210149310509622 0.741127354248246 0.993686816159076 -0.0567797424390252 -0.0864160128698754 -0.0201447569980469 0.0385879997584715 0.670437883849201 0.00199999999999978 0.000999999999999446 0.0180000000000007 0.0190000000000001

 3668 68 100 5 0.7 0.00200000000000022 0.267 0.42 0.0140000000000002 0.992705192659978 0.0269767553378192 -0.0555374278793856 -0.0862437773025771 -0.0573259114056153 0.700157676668802 0.999111286058673 0.0296003987740159 0.0267500514825867 0.00619890624851706 -0.0121021803656924 0.681665418517846 0.992705184679656 0.0269764623427618 -0.0555370649106576 -0.0862439858809293 -0.0573262253255729 0.70015657664727 0.999112326218493 0.0295739485492963 0.0267356650094116 0.00621300380254265 -0.0121055345081769 0.681933874523051 0.00199999999999978 0.00100000000000033 0.0169999999999995 0.0179999999999998

 3671 71 100 5 0.7 0.00200000000000022 0.261 0.411 0.0140000000000002 0.998062086172075 -0.00908104434926397 -0.0227425017354486 0.00237455183624875 0.0571554625365166 0.708875397842114 0.99747307416483 0.013364354692432 0.0599173799058372 0.00288845653145934 -0.0356430181649042 0.712829594562287 0.998062044088508 -0.00908138637757004 -0.0227425699444014 0.00237463226043905 0.0571561125802089 0.708874294127354 0.997472427096187 0.0133662598592849 0.0599259281923496 0.00289754910082569 -0.0356453029122908 0.712950446905837 0.00200000000000067 0.00100000000000033 0.0169999999999995 0.0199999999999996

 3670 70 100 5 0.7 0.00199999999999978 0.271 0.438 0.0140000000000002 0.99958861624761 0.0107919947987972 -0.00143497443265358 0.0263904255753597 0.00275996427150563 0.656653180148335 0.995826657040808 -0.00812392445747287 0.0614849316230071 -0.0314530725813804 -0.0591065003772212 0.674465043660515 0.999588282812932 0.0107958400097791 -0.00144300630660752 0.0264044587471798 0.00272708500864456 0.656383453743599 0.995823341167664 -0.00813608704998318 0.0615193844161266 -0.0314645417676818 -0.0591187383626967 0.674818803264761 0.00199999999999978 0.000999999999999446 0.0180000000000007 0.0179999999999998

 3669 69 100 5 0.7 0.00200000000000022 0.266 0.467000000000001 0.0150000000000006 0.997009470846789 -0.00672837449792891 -0.0223119930069742 -0.0666806967967672 0.0313481045866542 0.69467916442247 0.995229189312315 -0.0354771540706621 0.000433873198262438 -0.0743899904163189 0.0522127700826797 0.685070354198202 0.99700936940783 -0.00672611056375201 -0.0223121537096672 -0.0666805253156838 0.0313520667603779 0.694718378931459 0.99522764759285 -0.0354977448041091 0.000448814861226388 -0.0743994339446556 0.0522145800956078 0.685257079002718 0.00199999999999978 0.00100000000000033 0.016 0.0149999999999997

 3672 72 100 5 0.7 0.00200000000000022 0.265 0.45 0.0140000000000002 0.994037269691863 -0.00708839063352528 -0.0503493021033304 -0.0959424976220088 -0.00998228979401168 0.702280577165177 0.994987762405793 0.0522683053832337 -0.082822969069552 0.00459246829828979 -0.0196632129753006 0.684324091036635 0.994037248502546 -0.00708784385032681 -0.0503493946683635 -0.0959427549601355 -0.00998184783642889 0.702279486431874 0.994985647512121 0.0523009422396516 -0.0828277067696456 0.0045826739065133 -0.0196657767931379 0.684534691157839 0.00199999999999978 0.000999999999999446 0.016 0.016

 3674 74 100 5 0.7 0.00200000000000022 0.264 0.399 0.0149999999999997 0.999946857514457 0.000451322493686336 -0.00866063048405536 -0.00463887772211352 -0.00309075202292732 0.714429584998274 0.997908045440548 0.000528833340997387 0.0594681759024452 0.00412491930330878 -0.0250154807249301 0.660144948280935 0.999946870959402 0.000465861761454151 -0.00864960316545237 -0.00465408788757003 -0.00309225845234551 0.7145846929307 0.997908507859971 0.000535473473025983 0.0594559164815563 0.00412913644057609 -0.0250253358906345 0.659863513238644 0.00200000000000067 0.000999999999999446 0.0190000000000001 0.0149999999999997

 3675 75 100 5 0.7 0.00199999999999978 0.267 0.411 0.0140000000000002 0.997539180254184 0.0484238703273086 -0.0313461998583393 -0.0324787643592746 0.0230923853352322 0.69823426863408 0.997808074627899 0.0293446757176085 -0.0300380526921031 -0.0116717115500316 0.0497938023688991 0.6839493833574 0.997539204280141 0.0484237090971666 -0.0313460522841631 -0.0324784310912462 0.0230923546106708 0.698233435167789 0.997807592600407 0.0293691010205805 -0.0300420306479995 -0.0116651649791375 0.0497881951347619 0.684142124118051 0.00199999999999978 0 0.0150000000000006 0.0149999999999997

 3677 77 100 5 0.7 0.00199999999999978 0.267 0.402 0.0140000000000002 0.999924272290994 0.00631672377822045 -0.00354438186703424 -0.00148255010233022 -0.00983809363700985 0.697630079794315 0.996569986811145 -0.0205271859376345 -0.0529581675949035 -0.0600037896060936 0.00467693731125647 0.688379396966423 0.999924276418705 0.00631675953699451 -0.00354491250924881 -0.00148223617742223 -0.00983750724002898 0.697629042499576 0.996569612215524 -0.0205285008621167 -0.0529719167176911 -0.0599975210158964 0.00467570017814226 0.688534320567106 0.00199999999999978 0.00100000000000033 0.0170000000000003 0.0170000000000003

 3673 73 100 5 0.7 0.00199999999999978 0.265 0.48 0.0140000000000002 0.998782703973544 0.0304202516999481 -0.00892576153524652 -0.0296324583274285 -0.0234513693480016 0.68731493902925 0.997200497957363 -0.0255852559523844 0.0176586691284355 0.0175575219630096 -0.0656998202323924 0.713421668949575 0.998783302139672 0.0303980399469442 -0.00893131689126891 -0.029628388979709 -0.0234577211044067 0.687475701570414 0.997200865381475 -0.0255774472461054 0.0176577518220587 0.0175547911334607 -0.0656982601265976 0.713544332991821 0.00199999999999978 0.00100000000000033 0.0190000000000001 0.0149999999999997

 3678 78 100 5 0.7 0.00199999999999978 0.267 0.423 0.0149999999999997 0.998059320701498 -0.0212574831338663 -0.00320129429268322 0.0578849872096424 -0.00804933179016205 0.687330168387972 0.996305522415436 0.0381970166049002 -0.00687584915086712 0.0529031029721671 -0.0554100922338199 0.685668048543699 0.99805924957617 -0.0212414189345232 -0.00318949866844286 0.057892892564398 -0.00804838778085458 0.687495721098532 0.99630401152224 0.0382020230633358 -0.00688927763677279 0.0528992116183968 -0.0554358487114321 0.685857404439215 0.00199999999999978 0.00100000000000033 0.0189999999999992 0.0170000000000003

 3679 79 100 5 0.7 0.00199999999999978 0.265 0.399999999999999 0.0139999999999993 0.996190549562185 -0.00550047705581386 -0.0692589283802412 -0.020183340100321 -0.04868231031048 0.716725770571744 0.991700502615177 0.0467980547045734 0.0983667571512372 -0.0647446479817957 0.0217294002203611 0.68464652219201 0.996191250852475 -0.00548454537338473 -0.0692603968676831 -0.0201683651670205 -0.0486738734769391 0.71696981880309 0.991699868231925 0.0467989615639834 0.098364917062814 -0.0647532231911568 0.0217391748439805 0.684844114830917 0.00200000000000067 0.00100000000000033 0.0200000000000005 0.016

 3676 76 100 5 0.7 0.00199999999999978 0.269 0.418 0.0139999999999993 0.998243048775038 -0.0143197036229594 0.0301502276929084 -0.0402104462900109 -0.0279257128770393 0.727746707027467 0.995458410729467 -0.0432619491322432 0.0616282882823561 0.0552834893296353 -0.018347919668709 0.635876966719586 0.998244457799528 -0.0143104037979247 0.0301274227258362 -0.0402082910475525 -0.0279078223191953 0.727451483798045 0.995458933248574 -0.0432575696025318 0.0616174606733998 0.0552921325503549 -0.0183402155355149 0.635728320514718 0.00200000000000067 0 0.0209999999999999 0.0149999999999997

 3681 81 100 5 0.7 0.00200000000000022 0.26 0.366 0.0140000000000002 0.999508538247534 -0.0155135413641011 0.0108904221008934 -0.0235388795490327 -0.00832657556634429 0.726118427774527 0.995035017938537 -0.0350563714909834 0.0359903225058907 0.0852590546732929 -0.0105808400459945 0.715936057786475 0.999509110055196 -0.0155061603368877 0.0108784857957346 -0.0235247647130726 -0.00832717840944097 0.725812152092349 0.995035103503733 -0.0350513270163303 0.0359727235354922 0.0852664792185391 -0.0105895208967415 0.716142199923928 0.00199999999999978 0.000999999999999446 0.0179999999999998 0.016

 3680 80 100 5 0.7 0.00099999999999989 0.262 0.429 0.0140000000000002 0.998334238885383 0.0247510874286846 -0.0176613388066881 0.0459836279273229 -0.0170209933446272 0.701322248239459 0.992959420944795 0.0568195811169507 -0.015914451459623 0.102692751597475 0.00201309779928269 0.699576423387375 0.998334243957949 0.0247504678471886 -0.0176615423809886 0.0459836404640218 -0.0170213516694523 0.701321450090308 0.992959415086277 0.0568196802176955 -0.0159143500062414 0.102692766891009 0.00201321226528886 0.699575596548558 0.00200000000000067 0.000999999999999446 0.0149999999999997 0.0129999999999999

 3682 82 100 5 0.7 0.00099999999999989 0.265 0.401 0.016 0.993955968990039 0.0736173145281086 -0.0348128199585932 -0.0624200489270239 0.0390362366170142 0.676398251277764 0.998686455354787 -0.017180052083329 0.0113379789579842 0.0359700918480317 0.0301299257698528 0.730033619975702 0.993952215668005 0.0736425219549247 -0.0348392333849522 -0.0624294209689777 0.039045705825479 0.676719418348083 0.998685571642037 -0.0171825026316388 0.0113263442917001 0.0359687781046569 0.0301637451914489 0.729791974796167 0.00199999999999978 0 0.0179999999999998 0.0180000000000007

 3684 84 100 5 0.7 0.00199999999999978 0.261 0.383 0.0140000000000002 0.998900166716424 0.00928334799953606 -0.0203291636377268 0.0101183021268458 0.0399577458283273 0.681072858200066 0.996245682115051 -0.0344338650010394 0.0261384429022394 0.0704649581565118 0.0256967173556072 0.723912265296812 0.998900371674022 0.00928065283917549 -0.0203318476023826 0.0101174271614803 0.0399521037379048 0.681281508239079 0.996246891308327 -0.0344010595419547 0.0261669895951342 0.070464218804085 0.0256667330360535 0.723554645872343 0.00200000000000067 0.000999999999999446 0.0169999999999995 0.0149999999999997

 3686 86 100 5 0.7 0.00099999999999989 0.258 0.437 0.0150000000000006 0.999550080667804 -0.0194662756691116 -0.0111728335769793 0.0109695770364672 -0.0165992926976329 0.711953859173789 0.997109097893469 -0.0198187188088122 0.0214978722312988 -0.0657404502225644 -0.0244274431103689 0.757149315648342 0.999550161633798 -0.0194636723984605 -0.0111655777056421 0.0109761881607315 -0.0165979818825123 0.712034894599128 0.997109236273358 -0.0198201909363923 0.021498965242005 -0.0657379225168439 -0.0244264407210392 0.75711223013244 0.00199999999999978 0.00100000000000033 0.0179999999999998 0.0149999999999997

 3683 83 100 5 0.7 0.00200000000000022 0.262 0.507000000000001 0.0140000000000002 0.996536412716953 -0.0119504826907653 -0.079312690304138 0.0208813558887471 -0.00676980248241174 0.728403389705628 0.998589805900235 0.015169692499299 -0.0375679047977027 -0.0333901749056167 0.00787583205071878 0.693846662396602 0.996536726574132 -0.011967147396585 -0.0793071985020724 0.0208794539260079 -0.0067643655731768 0.728117770841713 0.998589734955265 0.0151701327248188 -0.0375691827223685 -0.0333912433670284 0.00787335322863354 0.693900434565387 0.00299999999999923 0.00100000000000033 0.0200000000000005 0.0149999999999997

 3691 91 100 5 0.7 0.00200000000000022 0.259 0.344 0.0140000000000002 0.99867201710868 -0.00451033597195886 -0.0248514949334949 -0.0333882451332919 -0.0300247797658783 0.708254059012709 0.997911556706827 0.0204823505667289 0.0325359462810175 -0.0273560234952398 -0.0441141528803009 0.723468741905179 0.998671979853806 -0.00451073741104776 -0.0248521955665785 -0.033388272042794 -0.0300253487640928 0.708253120866482 0.997913346583795 0.02046383370007 0.0325202512226656 -0.0273613399192214 -0.0440905268562945 0.723078930221155 0.00199999999999978 0 0.0149999999999997 0.016

 3688 88 100 5 0.7 0.00199999999999978 0.259 0.383 0.0149999999999997 0.99786861847099 -0.024122882656145 -0.0387017532195759 -0.030115616068501 0.0356585301113302 0.711321757896192 0.99802732552196 0.0101313677418512 -0.0397209693147749 0.0198407484650283 -0.0432134492514234 0.733855042104489 0.997868365067737 -0.0241231005013815 -0.0387013299751719 -0.0301150895936346 0.0356663771101368 0.711368070976436 0.998026926344813 0.0101305808085864 -0.0397307503889739 0.019848163978568 -0.0432104557186697 0.733708071344115 0.00199999999999978 0.00100000000000033 0.0149999999999997 0.0149999999999997

 3692 92 100 5 0.7 0.00100000000000033 0.255 0.435 0.016 0.998573185758206 0.0174099525296908 -0.0168980518370857 0.0390528944635473 0.0271627229075328 0.69462579702886 0.997882969624458 -0.0378337638004064 0.0305327130557808 0.0280353361592617 0.0328627237163674 0.705018938867906 0.99857307841804 0.0174103729103105 -0.0168967507526588 0.039052834209117 0.0271672951925619 0.694666378287164 0.997882995258577 -0.0378334272701863 0.0305329601462128 0.0280344355122376 0.0328628715267317 0.705018054937024 0.00300000000000011 0.000999999999999446 0.016 0.0129999999999999

 3690 90 100 5 0.7 0.00199999999999978 0.256 0.432 0.016 0.994680394610584 0.0455067860446648 -0.0903968675507603 0.000327757404266571 -0.01919228786031 0.724852696733991 0.998646353290372 -0.00408978923076754 0.00652849712668109 -0.0357372046625758 0.0369995352952053 0.699137368789339 0.994682556648069 0.0454592983248221 -0.090389813450004 0.000316106876750744 -0.0192261643806501 0.724499410441012 0.998646379809785 -0.00408919266343108 0.00652829267627872 -0.0357363185878959 0.0369997773599875 0.699136509884958 0.00199999999999978 0.000999999999999446 0.0179999999999998 0.0139999999999993

 3685 85 100 5 0.7 0.00199999999999978 0.263 0.463 0.0149999999999997 0.998594665764208 -0.0165593758224986 -0.0411049948207487 -0.0284021162529045 0.006178978296011 0.733163552600286 0.997588431419662 -0.0370947963690425 0.0359062462681995 -0.00168106074320327 0.0463596062720741 0.67526524150537 0.9985934509094 -0.0165570257950166 -0.0411290461754332 -0.0284117148444609 0.00617743619755367 0.73300063872462 0.99758875927274 -0.0370906684931627 0.0359123499459322 -0.00167106145196681 0.0463514871216589 0.675611263746237 0.00200000000000067 0.00100000000000033 0.0180000000000007 0.016

 3687 87 100 5 0.7 0.00200000000000022 0.257 0.446 0.0149999999999997 0.999139877741715 -0.0358982801557523 0.00917657881071021 -0.0179756802169584 0.0048459787657617 0.676550925977627 0.999639048576042 0.00601066767349858 -0.0219623080609581 -0.0140175034917151 -0.00260980010711902 0.685680873269186 0.999141582984511 -0.0358619886744031 0.00918251892933357 -0.0179494175363466 0.00484919330834051 0.676878477670491 0.999638860568772 0.00602478151725063 -0.0219631308301012 -0.014021475501274 -0.00262098404087341 0.685864333259197 0.00199999999999978 0 0.0189999999999992 0.0149999999999997

 3689 89 100 5 0.7 0.00200000000000022 0.257 0.462 0.0149999999999997 0.995759274585459 -0.0384253206333688 -0.0573720122098128 0.0436264200527427 -0.0423337867387536 0.706350903952671 0.997058235397579 -0.00854940207328629 0.044986532750826 -0.0496145715268694 0.0362820770259728 0.67855521504362 0.995759299476992 -0.0384251508932924 -0.0573718515298539 0.0436261875254232 -0.0423338127027486 0.706349810164001 0.997058356901452 -0.00854113611673565 0.0449751095046391 -0.0496245878953715 0.036281148384146 0.678835052440046 0.00199999999999978 0.000999999999999446 0.0149999999999997 0.0149999999999997

 3694 94 100 5 0.7 0.00200000000000022 0.255 0.463 0.0149999999999997 0.997265519077414 0.0431189444761495 -0.0376747955719789 -0.045797758451497 0.0092420877483221 0.689234363614346 0.998232492488997 0.0169853064960307 -0.0334459625176719 -0.0444587613382651 -0.0121727742924489 0.669942119253908 0.997265528273155 0.0431238914505473 -0.0376668834206258 -0.0458024780756442 0.00922686294107526 0.689346262370461 0.998231649954899 0.0169511504862211 -0.0334701014203445 -0.0444831909066792 -0.0121338189859952 0.670291664888601 0.00199999999999978 0.000999999999999446 0.0149999999999997 0.0169999999999995

 3696 96 100 5 0.7 0.00099999999999989 0.26 0.396 0.016 0.99667602119721 0.0137589963867578 -0.0693551000878631 -0.0392276518266586 0.00993278475036697 0.698005810524863 0.999169913430006 0.0285877372759471 0.0193571512171902 -0.00665509137310092 -0.0205726962084757 0.686936189437296 0.996675982766537 0.0137592048618233 -0.0693555983965105 -0.0392276133424379 0.00993302473799552 0.69800488965061 0.999170593197919 0.0285750671168305 0.0193489911063702 -0.00666192691218232 -0.0205627454579871 0.687125645117249 0.00199999999999978 0.00100000000000033 0.0149999999999997 0.0169999999999995

 3693 93 100 5 0.7 0.00100000000000033 0.257 0.443000000000001 0.0150000000000006 0.994549293325443 0.0125424092912267 -0.0567242610055928 -0.00870872092322963 0.0861446893794668 0.738686141149706 0.999071026056771 0.0408727220419141 -0.00767053428442451 -0.0109259744039582 -0.00287949194666591 0.727392545190751 0.994549272252085 0.0125465700349877 -0.0567296503434623 -0.00870732641461311 0.0861409187426194 0.73860832536824 0.999071257602063 0.0408725793829408 -0.00763987073651724 -0.0109286026260078 -0.00287271784022084 0.727116358949214 0.000999999999999446 0.00100000000000033 0.0169999999999995 0.016

 3695 95 100 5 0.7 0.00099999999999989 0.257 0.497 0.0150000000000006 0.999359303426982 -7.44589187287845e-05 -0.0299329493779296 -0.0146841666954151 -0.0130142575587645 0.70066816320062 0.99899031617597 0.0242724431713588 -0.0210542154176594 -0.001758507611526 0.0313500295575064 0.762379846128808 0.999359282097952 -7.42099294008453e-05 -0.0299335076941292 -0.0146841732578661 -0.0130146052729627 0.700667055550534 0.998989847039452 0.0242799009834065 -0.0210515618271119 -0.00176479671819459 0.0313606306937646 0.762267919540566 0.00199999999999978 0.000999999999999446 0.0139999999999993 0.0150000000000006

 3697 97 100 5 0.7 0.00100000000000033 0.255 0.475 0.0140000000000002 0.997051505509611 0.0556449484530285 -0.0506459845970419 -0.00255080719048426 -0.0148463025548653 0.709551808196238 0.99864313066179 -0.043419507354756 0.00971420305290533 0.0238964550312498 -0.0126979391664955 0.679141819240073 0.997051504933933 0.0556447775267781 -0.0506461926377839 -0.0025508823905499 -0.0148462592359147 0.709550681867795 0.998643697081109 -0.04341903645133 0.00971227968594358 0.0238765578513987 -0.0126939025631292 0.679421808490432 0.00200000000000067 0.000999999999999446 0.0149999999999997 0.0150000000000006

 3700 100 100 5 0.7 0.00100000000000033 0.26 0.347 0.0140000000000002 0.999442302444391 -0.000735624722438105 0.0016563095221182 -0.0328877745730109 0.00549489429592778 0.733738753694209 0.998231144566667 0.00411111804208165 -0.00482944167036175 -0.0284303847236122 0.0518273136790516 0.676914880527436 0.999442183194148 -0.00072869923214932 0.0016493352397013 -0.0328941243932818 0.00548158035694684 0.733587887855395 0.99823088947645 0.00409495272705309 -0.00484170446554974 -0.0284410068368415 0.0518265345667026 0.67721526760441 0.000999999999999446 0 0.016 0.0149999999999997

 3699 99 100 5 0.7 0.00200000000000022 0.255 0.397 0.0129999999999999 0.997846630935944 0.0359448662617329 -0.0354075343863748 -0.0412225263365771 0.00755496858500032 0.689551840201417 0.998270699009859 -0.00309344658568794 -0.044109045078885 0.0274164820056617 0.0273636756166029 0.700035182218383 0.997846493365375 0.0359480717543813 -0.0354082628210351 -0.0412223116755505 0.00755564422712853 0.689674702602725 0.998270696732296 -0.00309376613040531 -0.0441084652392153 0.0274167263320099 0.0273644124406702 0.700034304167527 0.00100000000000033 0 0.0150000000000006 0.0139999999999993

 3698 98 100 5 0.7 0.00200000000000022 0.257 0.44 0.0130000000000008 0.997724140677728 0.00322382268245175 -0.0517122350176755 -0.0417933027581758 0.0107382805999195 0.732469302952365 0.994797242427916 -0.0452821150787702 -0.0642251460485541 -0.0646263236044465 -0.00515222517204006 0.718989983821898 0.997723850040714 0.00321967313392796 -0.0517223230582619 -0.0417861885517371 0.0107456274186779 0.732284094855804 0.994797297882838 -0.0452774880002113 -0.0642209120031381 -0.0646341845099786 -0.00513632744382393 0.719285363298137 0.00199999999999978 0.000999999999999446 0.0179999999999998 0.016

 3703 3 500 5 0.7 0.00199999999999978 0.295 1.954 0.0609999999999999 0.999638870339488 0.00801486188747294 0.0060529500885806 0.0189747695737272 -0.016162017515349 0.723468501516892 0.999685776799108 0.0119404965414641 -0.00711203748081759 -0.0181845264260449 -0.0102232152202878 0.694113638137367 0.999639199156723 0.00801300550705508 0.00605444424524599 0.0189668655741971 -0.0161513147211294 0.723096844238497 0.99968578279353 0.0119411546055403 -0.00710958406701866 -0.0181856749694231 -0.0102215237354663 0.694163744342894 0.00199999999999978 0 0.0330000000000004 0.0289999999999999

 3702 2 500 5 0.7 0.00200000000000022 0.28 2.046 0.0609999999999999 0.999609211249269 0.0117178813690746 0.0251104337806322 -0.00356897159232155 -0.000919020650322486 0.689194026410053 0.999415063099335 -0.0016462811382026 -0.0275801238403271 -0.018341994419488 -0.00835041425525883 0.711417009169736 0.999609293441127 0.0117117454051906 0.0251099336101447 -0.0035698024354118 -0.000918275754103166 0.689326914424455 0.999415047830314 -0.00164552647277721 -0.0275806272046236 -0.0183424834477266 -0.0083496537011354 0.711478390914003 0.00100000000000033 0.00100000000000033 0.0309999999999997 0.0289999999999999

 3709 9 500 5 0.7 0.00300000000000011 0.278 1.997 0.0629999999999997 0.999881880312574 -0.00709994963098034 0.0131955953820472 -0.00305528303530264 -0.00153546276965008 0.716628259579035 0.999685791196186 0.000410874972825265 -0.0223821712207092 -0.000439750561467984 -0.0112692099591529 0.705232972607263 0.999881796668268 -0.00710586485319862 0.0131991914752931 -0.00305224377277665 -0.00153770233603241 0.716846326612123 0.99968579113209 0.000410934632920202 -0.0223821335536485 -0.000439794623049682 -0.0112692865617411 0.705232351238617 0.00200000000000067 0.000999999999999446 0.0329999999999995 0.0270000000000001

 3704 4 500 5 0.7 0.00200000000000022 0.283 2.085 0.0620000000000003 0.99936956804353 0.00453030983600707 0.0348158885083825 0.00429863272925572 -0.00305260958998053 0.697958977709587 0.999490196119285 -0.0039582452470628 0.0258523586590462 0.0180159685530829 -0.00328033304027943 0.708093123054776 0.99936957012653 0.00453033398065407 0.0348158425545361 0.00429854073673589 -0.00305254547715161 0.697958510409135 0.999490198454528 -0.00395826577176981 0.0258522861669945 0.0180159466622111 -0.00328028828183552 0.708092571320213 0.00100000000000033 0.00100000000000033 0.0279999999999996 0.0270000000000001

 3701 1 500 5 0.7 0.00200000000000022 0.282 2.201 0.0640000000000001 0.99945149933565 -0.000937477585114949 0.0238275338097322 0.0177422792177304 0.014604169685563 0.701616117838562 0.999468355294606 -0.0110029245717234 0.0144142290573075 0.0233685119985764 0.0137144107865044 0.694368862841075 0.999451499122992 -0.000937487021045698 0.0238274757791049 0.0177423262928313 0.01460422112282 0.701615604645919 0.999468328117121 -0.0110029936464656 0.0144133035882034 0.0233696594045929 0.0137153534613804 0.694414302668807 0.00199999999999978 0.000999999999999446 0.0270000000000001 0.0289999999999999

 3713 13 500 5 0.7 0.00300000000000011 0.275 1.989 0.0619999999999994 0.999436267378409 -0.0300910404631471 0.00445020533288113 -0.00208720081092975 -0.0140540384881955 0.706752781222583 0.999751317654261 0.00404823159551129 0.00106368181349905 0.00842112261301717 0.0202204832893213 0.704185441674037 0.999436271276501 -0.0300909336931812 0.00445025261724915 -0.00208710029458897 -0.0140539898392173 0.706752195364751 0.999751318020372 0.0040482236655765 0.00106370963651666 0.00842111760868128 0.0202204673960178 0.704184831742723 0.00200000000000067 0.00100000000000033 0.0279999999999996 0.0270000000000001

 3706 6 500 5 0.7 0.00200000000000022 0.279 2.091 0.0629999999999997 0.999284385426542 -0.0356806037604757 -0.00361674720979543 -0.00124503033626012 0.0119574494382283 0.72009553585325 0.999801977477692 -0.00121767972696596 -0.00788625621157925 0.00593100795444612 -0.0172381320156418 0.708257608586792 0.999284267361919 -0.0356855799310097 -0.00361606146897458 -0.00124351581981513 0.0119528304513232 0.720415243765396 0.999801978305235 -0.0012176175426248 -0.00788619444997424 0.00593097364546863 -0.0172381284707148 0.708257078053795 0.00200000000000067 0.000999999999999446 0.0330000000000004 0.0270000000000001

 3711 11 500 5 0.7 0.00200000000000022 0.275 2.004 0.0619999999999994 0.999913600710859 0.000254046874561214 -0.0014233623761886 0.00391458709013957 -0.0124650158880763 0.710802860654772 0.999841482802676 -0.001043428637495 -0.0173794714518974 -0.00225063300148922 -0.00296802068210743 0.695060259158477 0.999913596041808 0.000253326197067952 -0.00142272437905335 0.00391474313320555 -0.0124654289184127 0.710841261652612 0.999841496318446 -0.00104435388844783 -0.017378680571635 -0.00225098557639538 -0.00296750571542713 0.695093675328538 0.000999999999999446 0 0.0309999999999997 0.0289999999999999

 3705 5 500 5 0.7 0.00200000000000022 0.281 2.126 0.0619999999999994 0.999744767986557 -0.013791345407264 0.0143513598556382 0.0104811232330751 -0.00209337082942179 0.715475835388816 0.999864072112486 0.00110448319927778 -0.00816118131961416 -0.00499794020723831 0.013380326178853 0.693195455262322 0.999744760937695 -0.0138020219215478 0.0143408815961389 0.0104842489325391 -0.00208250039007477 0.715669129325211 0.999864107643524 0.00110301673159028 -0.00815723325839206 -0.00499533664434794 0.0133811717606021 0.693259453071741 0.00200000000000067 0.000999999999999446 0.0349999999999993 0.0280000000000005

 3707 7 500 5 0.7 0.00199999999999978 0.278 2.171 0.0629999999999997 0.999835523623252 0.00630900425090856 -0.00838545604715698 0.00940794976130481 -0.0114147612568305 0.705692102708653 0.999930502954268 -0.00605559160898422 -0.00853008695858961 0.000727718848015925 -0.00538768165797505 0.679416004432346 0.999835525881905 0.00630885819697205 -0.00838538048478902 0.00940796519289763 -0.0114146869321978 0.705691484455165 0.999930509204208 -0.00604879957379402 -0.00853328988655464 0.000735756601577066 -0.00538798777520063 0.679693838486522 0.000999999999999446 0.000999999999999446 0.0279999999999996 0.0310000000000006

 3717 17 500 5 0.7 0.00200000000000022 0.277 1.926 0.0629999999999997 0.999280773515142 0.0151095109501669 0.0330076749255982 -0.00999753275482499 -0.00449233754828197 0.707898834301349 0.999394249429476 0.0274802543644221 0.0176131482976788 -0.00417010381156105 0.0113294778610908 0.686218270261592 0.99928077380603 0.0151095085299964 0.03300766393132 -0.00999756769552905 -0.00449228400413149 0.707898322285023 0.999394300624634 0.0274751775709639 0.0176202176677322 -0.00416730636626779 0.0113273113947935 0.686398955148981 0.00199999999999978 0.00100000000000033 0.0290000000000008 0.0309999999999997

 3708 8 500 5 0.7 0.00199999999999978 0.28 2.182 0.0630000000000006 0.999827176818645 0.000764375248680856 0.0100933072591887 -0.00827248788022739 0.0132182948287958 0.706678414856543 0.999375296052416 -0.0074206862072405 -0.0171670616585788 -0.0180803002910395 0.0239237495337829 0.710113500362037 0.99982717382628 0.000764340726770522 0.0100934229512149 -0.00827262961650977 0.0132183461205422 0.706677849471725 0.999375278094733 -0.00742027210589886 -0.0171675294674147 -0.0180807054423835 0.0239239862406245 0.710126149814521 0.00300000000000011 0.00100000000000033 0.0280000000000005 0.0270000000000001

 3714 14 500 5 0.7 0.00200000000000022 0.278 2.071 0.0640000000000001 0.999833591013504 0.00548904887997192 -0.00561566888472094 -0.00651047374290955 0.0151241071820658 0.711074819413134 0.999190779092906 -0.00404403238517154 0.0178591117399246 -0.0344196105148746 0.00988814025202812 0.696899609695155 0.999833597927723 0.00548845334321162 -0.00561519997218887 -0.00650999669085193 0.0151242456724618 0.711113275591964 0.99919077442043 -0.00404411366820746 0.0178592626828481 -0.0344196415236795 0.00988819859970171 0.696899074837746 0.00200000000000067 0 0.0300000000000002 0.0259999999999998

 3715 15 500 5 0.7 0.00300000000000011 0.278 2.027 0.0620000000000003 0.99997283453775 0.00528829562364007 0.00204374033576148 -0.00274205417779681 -0.00382993214833108 0.70758868519374 0.999493077201182 0.00922355172118119 -0.0216599078142196 -0.00375898807499354 0.0211005479239461 0.714467436694954 0.999972834608515 0.00528833407729411 0.00204373481051359 -0.00274206668559219 -0.00382985456832596 0.707588124067479 0.999492984027727 0.00922751915279956 -0.0216600483367593 -0.00376452096835446 0.0211020960466563 0.71462760626301 0.00199999999999978 0 0.0289999999999999 0.0300000000000002

 3712 12 500 5 0.7 0.00200000000000022 0.277 2.15 0.0640000000000001 0.999310933866501 0.00972490811658248 -0.0215704469622259 0.0200874284805095 -0.0203542293363309 0.706381206185063 0.998954607709151 -0.0301111417370313 0.0304234589282106 -0.0147068555009417 -0.00641345679547023 0.690379072606051 0.999310937179158 0.009724927060395 -0.021570351869019 0.0200874328141233 -0.0203541541452047 0.706380638265019 0.998954441937222 -0.0301143306471193 0.0304264394197693 -0.0147061731820506 -0.00641172973110367 0.690491788690161 0.00100000000000033 0.00100000000000033 0.0270000000000001 0.0280000000000005

 3719 19 500 5 0.7 0.00199999999999978 0.274 2.082 0.0629999999999997 0.999257451348413 0.0126733635986736 -0.0117312015403735 -0.0299800993409005 -0.016955952751135 0.71166350983134 0.999344102532114 -0.00205726680528175 0.0215071121078243 0.0283895920086204 -0.00621349997514403 0.682778428004614 0.999257442933143 0.0126741772551006 -0.011731953076661 -0.02998049175866 -0.0169546266410918 0.711730092415217 0.999344257548498 -0.00206449802362137 0.02151222041617 0.0283815825420714 -0.00620507034014813 0.683016497268147 0.00199999999999978 0.000999999999999446 0.0300000000000002 0.0300000000000002

 3716 16 500 5 0.7 0.00199999999999978 0.274 2.097 0.0620000000000003 0.999686652284776 -0.0120926363406023 -0.00577131257091568 0.0211130121943534 -0.0011393231677562 0.702691156824769 0.99975450621821 -0.00393927376989394 0.00440558102331637 -0.0134290796581853 0.0166030146036412 0.693966690148632 0.999686654356851 -0.0120924847236067 -0.00577117038027041 0.0211130334010678 -0.00113944155758047 0.702690626021625 0.99975453302212 -0.00394058173128038 0.00440449030615533 -0.0134288143965509 0.0166015940917565 0.694009577045814 0.00199999999999978 0.00100000000000033 0.0270000000000001 0.0270000000000001

 3710 10 500 5 0.7 0.00200000000000022 0.278 2.263 0.0629999999999997 0.999572072201243 -0.0161718879980352 0.0103469436750487 -0.00178406752483352 0.0219977356458616 0.717614083500996 0.999146761349338 -0.0077779095828902 0.0386067164713892 0.00447086184623395 0.0116097478568645 0.690859213667435 0.999571604657504 -0.0161814015382596 0.0103503773812048 -0.00178317452255461 0.022010438054889 0.717863676040829 0.999146695843747 -0.00777879058401939 0.0386088700212059 0.00446967507031623 0.011608090369426 0.690964337974473 0.000999999999999446 0 0.032 0.0269999999999992

 3718 18 500 5 0.7 0.00199999999999978 0.278 2.096 0.0620000000000003 0.999935031500335 -0.000102383541266143 -0.00225326446144701 -0.0110714185797165 -0.00150624896157832 0.714384526061928 0.99969725188373 0.0152387209325571 0.0109795832240738 0.01361775523286 0.00819703941068629 0.703226484582599 0.999935013119357 -0.000105330244300114 -0.00225536013269661 -0.0110734347618267 -0.00150027890035191 0.714542080906374 0.999697250817636 0.0152387731395306 0.0109796319910642 0.013617756883465 0.00819700431050509 0.703225825497269 0.00199999999999978 0 0.032 0.0250000000000004
