
 10823 23 100 5 0.95 0.00700000000000056 0.276 529.266 0.0190000000000055 0.999941919996116 -0.000646461531137826 -0.00386180368949946 -0.00881154309163385 -0.00481475882858915 0.944066772327449 0.999926128170466 0.00564347585046142 -0.00681457023823743 -0.00654633012295275 -0.00515718690130196 0.953499637379539 0.999941800714672 -0.000646718448690724 -0.00386557788934447 -0.00881681915387277 -0.00482679462347445 0.943865019618963 0.999926066670156 0.00564436220054962 -0.00681857938692863 -0.00654841002374752 -0.0051602005973417 0.953409526400647 0.00299999999992906 0.000999999999976353 0.0240000000000009 0.0230000000000246

 10820 20 100 5 0.95 0.00800000000000001 0.274 557.824 0.0190000000000055 0.999971350460463 0.00474783242087753 -0.00415154105387389 -0.00406492269525721 0.000998727159806069 0.949866870359599 0.999976711577393 0.00174696608493332 -0.00554442997239532 -0.00355337605056111 -0.000396518961322976 0.958896942263977 0.99997134912079 0.00474567455293662 -0.0041516952497516 -0.00406752615849634 0.000999083623846619 0.949915718828771 0.999976780572443 0.00174783926459552 -0.0055363524997244 -0.00354407342376854 -0.00041438924062219 0.958638300659708 0.00199999999995271 0.000999999999976353 0.0240000000000009 0.0230000000000246

 10815 15 100 5 0.95 0.00800000000000001 0.276000000000001 593.174 0.0200000000000955 0.999963432089062 -0.00371239978493069 0.0046898770449664 -0.00610313506099725 -0.00033070868139544 0.950950857699248 0.999908388450608 -0.00478400424115965 0.00325213969822503 -0.00414190028050214 0.0115150448969391 0.959529858777337 0.999963433109863 -0.00371179689835989 0.00469089298409131 -0.00610256733435811 -0.000330457050740928 0.950903285028086 0.999908235743455 -0.0047851799828652 0.00325973101328135 -0.00413543370950586 0.0115279871052504 0.959245367687076 0.00300000000004275 0.00100000000009004 0.0240000000000009 0.0240000000000009

 10807 7 100 5 0.95 0.0089999999999999 0.28 594.75 0.0190000000000055 0.999972604583514 0.00588573398854328 0.00396326790675049 -0.00200525848952166 -0.000647814609318289 0.949547156762245 0.999975497617767 -0.00321006999668863 -0.00621971692361818 -0.000119640834480385 -2.05469382627747e-05 0.951291968331756 0.999972614154181 0.00588284134259392 0.0039668069090662 -0.00200130147664373 -0.000649888249163894 0.949633687677392 0.9999754965414 -0.00320964011636612 -0.00622000999867576 -0.000124830568073305 -2.04951181410753e-05 0.951236953523473 0.00199999999995271 0.000999999999976353 0.0229999999999109 0.0240000000000009

 10827 27 100 5 0.95 0.00699999999999967 0.274 597.87 0.0180000000000291 0.999969850272366 -0.00588772641370572 0.00401940398035611 -0.00201526038837529 -0.0023273034071098 0.951808075317978 0.999977788087186 -0.000759300030502016 -0.00401248827372239 0.00255081262893791 0.00460869705089516 0.950581483347241 0.999969866330675 -0.00588510034079701 0.00401789221528619 -0.00201181414248392 -0.00233263168822225 0.95174846041559 0.99997775004107 -0.000759902642384328 -0.00401578435023326 0.00255025741266873 0.0046142858552823 0.950538293351741 0.00199999999995271 0.000999999999976353 0.0240000000000009 0.0220000000000482

 10813 13 100 5 0.95 0.00699999999999967 0.282 611.644 0.0190000000000055 0.999821529615491 -0.00337120488793678 0.0129862884330122 0.0104389680014059 -0.00824185384145275 0.947828755651828 0.999880335127892 0.0125212557640099 -0.00265858920336443 0.00868708703356325 9.7214858311913e-07 0.952033251203852 0.99982128834173 -0.00339106341890729 0.0130042912504242 0.0104313484140904 -0.00824423719396631 0.948112649982483 0.999880321417857 0.012525290605629 -0.00265400802779994 0.00868424864239336 -1.86371071586212e-06 0.95196929533762 0.00299999999992906 0 0.0240000000000009 0.0230000000000246

 10821 21 100 5 0.95 0.00800000000000001 0.274 623.284 0.0190000000000055 0.999841044271301 -0.00117691021636003 -0.00525197591578655 -0.0163265746412982 -0.00472871888357218 0.945623340229807 0.999978036000697 0.000187784648918741 0.000911932619329079 0.00119768935222044 0.00645183479552273 0.948079175773754 0.999840978126131 -0.00118499791317192 -0.00526470899240696 -0.016321468604968 -0.00474412705670137 0.945313914065071 0.999978126950809 0.000189325147432905 0.000904612260474669 0.00121400546394818 0.00643565407182469 0.948360287451901 0.00200000000006639 0.00100000000009004 0.0249999999999773 0.0240000000000009

 10830 30 100 5 0.95 0.00599999999999934 0.276 634.579 0.0180000000000291 0.999844558616925 -0.000236099598404903 -0.00581670459461833 -0.011868109875445 -0.0116669094771638 0.949425321170825 0.999966118881555 0.00256261088412331 0.00254752065213487 -0.00705516626919238 -0.00222010852368697 0.949019158093507 0.999844798845364 -0.00023788062088564 -0.00580627261325005 -0.0118521410239131 -0.0116677155507478 0.949531753317951 0.999966221903117 0.00255183604396503 0.00254586526465 -0.00704515780875569 -0.00221979889073247 0.949178049738034 0.00300000000004275 0 0.0240000000000009 0.0219999999999345

 10817 17 100 5 0.95 0.00699999999999967 0.277 635.422 0.0190000000000055 0.999972361148751 0.0025887508229107 -0.0055197918035603 0.00256410856177428 -0.00339596135109326 0.942748676565719 0.999950067396092 0.00150732831033282 0.00204415760585284 0.00879623431975133 -0.00400479180359273 0.951490965276001 0.999972416701628 0.00258930072521254 -0.00551247734524775 0.00255963920715717 -0.00339443637551426 0.942622595770926 0.999950067309404 0.00150904844153191 0.00204078953728295 0.00879668579137054 -0.00400489174299366 0.951433813873985 0.00300000000004275 0.00100000000009004 0.0240000000000009 0.0229999999999109

 10803 3 100 5 0.95 0.00800000000000001 0.281 644.628 0.0190000000000055 0.999869509454886 -0.00266388593789694 -0.0150718281271809 -0.00214295744400509 -0.00470271245711137 0.951930803027589 0.9999687816101 0.00325264837397343 -0.00115705164760933 0.00383529128977552 0.00598396657537897 0.955863198432702 0.999869420359916 -0.00266033414892841 -0.0150778273306234 -0.00214570517863502 -0.00470318228613081 0.951870438887666 0.999968747335076 0.00326463344161397 -0.0011520549312356 0.00384487010509947 0.00597798167618414 0.95570192787344 0.00200000000006639 0.000999999999976353 0.0240000000000009 0.0260000000000673

 10829 29 100 5 0.95 0.00700000000000056 0.275 644.48 0.0180000000000291 0.999937073702288 0.00538036659239039 0.000145910413206122 -0.00205432541851673 -0.0096259414221812 0.950857431612203 0.999953702364881 0.00560995468586401 -0.00622923429098882 -0.0046281479341546 -0.000947851273926678 0.940988923001363 0.999937093767952 0.00538277625971252 0.000146573393391187 -0.00205385648037897 -0.00962259925582776 0.950810469505157 0.999953700123143 0.00561427507218728 -0.00622757674945729 -0.00462527617500883 -0.000949543882438901 0.940935139575705 0.00199999999995271 0.000999999999976353 0.0249999999999773 0.0210000000000719

 10832 32 100 5 0.95 0.00800000000000001 0.273000000000001 645.542 0.0199999999999818 0.999938867467232 0.00952594775848748 -0.00115572039920915 0.00193327593470953 0.005142412096662 0.953755636092504 0.999891873326648 0.0143316175192272 -0.00197731868461257 -3.47428229965845e-05 0.00263351445114555 0.954543843128221 0.999938855880563 0.00952979851839235 -0.00115655176686079 0.00193149215103308 0.00513801192595122 0.95365388574952 0.999891800233612 0.0143356232498865 -0.00198364241051088 -3.63064784221287e-05 0.00263468712592797 0.954425299678917 0.00300000000004275 0.000999999999976353 0.02699999999993 0.0240000000000009

 10816 16 100 5 0.95 0.00800000000000001 0.284000000000001 646.714 0.0199999999999818 0.999937208280672 -0.000163540453500625 -0.0105706126328769 -0.0029954471342532 -0.00220049889994383 0.948780938609492 0.999979981362828 0.00241197589701189 -0.00450183001853296 0.00259049929616588 -0.00269111236305914 0.941610111353514 0.999937111308658 -0.0001766710034701 -0.0105742774368587 -0.00303541345826462 -0.00217097601997312 0.948984127667615 0.999979957763429 0.0024108845168951 -0.00450840804205156 0.00258823612260061 -0.00269202488795385 0.941534924744856 0.00300000000004275 0.000999999999976353 0.02800000000002 0.0220000000000482

 10808 8 100 5 0.95 0.00700000000000012 0.293 650.054 0.0190000000000055 0.99999162442928 0.000255232478485529 -0.00373857792781962 -0.00113185956534827 -0.00119492956837875 0.951372922906546 0.999976054595117 0.00200258833970633 0.00334208012014588 0.00134024168076906 0.00556004757462645 0.954909069666621 0.999991624523801 0.000257757860980069 -0.00373886241939524 -0.00113408138529294 -0.00119130615452801 0.951320541492791 0.999976076603495 0.00199982804220245 0.00333377359406959 0.00135313568367012 0.00555894647632727 0.954791001570739 0.00199999999995271 0.000999999999976353 0.0240000000000009 0.0240000000000009

 10818 18 100 5 0.95 0.00699999999999967 0.277 663.099 0.0189999999998918 0.999846897207065 0.00775131911533666 0.00224365204681101 0.0147642206431978 0.00480447829306312 0.948463392442755 0.999771920568474 0.0109331232969304 -7.78222812436087e-05 -0.00301625749512493 0.0180961264422475 0.950548878727753 0.999846904716428 0.00775937574578666 0.00222341666202567 0.0147659280985753 0.0047940591099259 0.948704844186855 0.999772015876353 0.0109309247685729 -7.81384690167816e-05 -0.00301499260395075 0.0180923980780745 0.950508224878646 0.00300000000004275 0.000999999999976353 0.0259999999999536 0.0209999999999582

 10802 2 100 5 0.95 0.00700000000000056 0.278 665.742 0.0199999999999818 0.99987638784514 0.0124820160562423 0.0035071425028032 -0.00178910658608243 -0.00871248265515211 0.953020320280936 0.999897403370361 -0.00811712354713632 -0.0106633821769855 -0.00496873420661465 -0.000948155821231304 0.951823187570511 0.999876383213848 0.0124841607960206 0.00350604442730277 -0.00178883776004139 -0.00871043812650591 0.952941221078965 0.999897403813985 -0.00811644071767434 -0.010664217623304 -0.00496820106082018 -0.000946930214934876 0.95176046093166 0.00199999999995271 0.000999999999976353 0.0240000000000009 0.0249999999999773

 10809 9 100 5 0.95 0.00700000000000012 0.281000000000001 670.873 0.0180000000000291 0.999984089360736 0.000923714273892986 0.00407994888669227 -0.00378107800258409 0.000158882158016483 0.94817204132551 0.999943235332935 -0.0034116571936158 0.00655493437650183 -0.00599915438162442 -0.00478849549658549 0.940915515559268 0.999984087883576 0.000904807690314837 0.00409756839893152 -0.00376698983369202 0.000158188193364027 0.948430208096941 0.999943227180036 -0.00340685698860351 0.00655428183103989 -0.00600163364458044 -0.00479140120532288 0.940865794902142 0.00200000000006639 0.000999999999976353 0.0240000000000009 0.0210000000000719

 10824 24 100 5 0.95 0.00700000000000056 0.28 671.864 0.0199999999999818 0.999980966296254 0.00207874094089331 0.0053106474943843 0.00109665241639715 0.002083328581584 0.950591431635548 0.999818840233223 -0.00297115021837401 -0.00899208038724405 0.00769965567449196 0.014605367981534 0.94108451245775 0.999980972409598 0.00207822608477502 0.00530968258996673 0.00109461059769634 0.00208444081934072 0.950550661869756 0.999818827500846 -0.00296827659326376 -0.00898782072785212 0.00770081488505729 0.0146088342303702 0.941028925243349 0.00200000000006639 0.000999999999976353 0.0230000000000246 0.0220000000000482

 10806 6 100 5 0.95 0.0110000000000001 0.279 673.444 0.0190000000000055 0.999946390724809 -0.00215049742365817 0.00373578822101785 0.00929466136751166 0.00149806331265583 0.962323636332861 0.999932799863497 -0.000692018889419966 -0.00343826229425395 -0.00527176740075595 -0.00971100859196689 0.944272262389976 0.999946870597223 -0.00214209452529305 0.00371710031165959 0.00925527927837651 0.00147999480294575 0.962025289232602 0.999932736533879 -0.000688480131677429 -0.00343627159253542 -0.00527558098129821 -0.00971641321823432 0.944058720252041 0.00200000000006639 0.000999999999976353 0.0299999999999727 0.0230000000000246

 10811 11 100 5 0.95 0.00700000000000012 0.289 674.222 0.0189999999998918 0.999888512675061 -0.00605310020068919 0.00491015653031154 0.00728236071319835 -0.0104489130394664 0.953864714700492 0.999835568099139 0.0110009613223089 -0.0100516310705658 -0.00806794315807647 -0.00645667250804492 0.953024490284759 0.999888634574304 -0.0060521437762749 0.00490384113260162 0.0072780290502006 -0.010443784761042 0.953765318298133 0.999835610265704 0.011002353043784 -0.0100490939980419 -0.00806618318554998 -0.00645391902207365 0.952946692565574 0.00199999999995271 0.000999999999976353 0.0259999999999536 0.0219999999999345

 10814 14 100 5 0.95 0.00800000000000001 0.28 674.467 0.0179999999999154 0.999938420582852 0.00330080757204626 0.00167026728734813 0.00585937905510854 -0.00866819450179314 0.954067957144223 0.999965190385164 0.00415083095372181 -0.00279789980008172 -0.00577649260829326 0.00334552091786685 0.947881953778216 0.999938333048847 0.00329747796527924 0.00165927153684432 0.00586154877542893 -0.00868019599333665 0.953966839125512 0.999965100865007 0.00416026121607767 -0.00281306158308026 -0.00578183010363472 0.0033386230444479 0.948173966653425 0.00199999999995271 0.000999999999976353 0.0250000000000909 0.0230000000000246

 10810 10 100 5 0.95 0.00800000000000001 0.306999999999999 679.68 0.0190000000000055 0.99992053484843 -0.0100592175479468 5.87437404255528e-05 -0.00694303363521902 -0.00308657801871128 0.949026937246164 0.999898525052008 -0.00338407562124234 0.00834434871079825 0.00202650714550246 -0.0108513936612418 0.949198233176297 0.999920388545168 -0.0100726167433725 7.09451919516181e-05 -0.00694686940169254 -0.00308138538927051 0.949187849678188 0.999898385300183 -0.00338246627957126 0.00834496534167779 0.00203113080398796 -0.0108634275004656 0.949339656360225 0.00199999999995271 0.000999999999976353 0.0240000000000009 0.0230000000000246

 10822 22 100 5 0.95 0.00699999999999967 0.275 680.228 0.0190000000000055 0.999991995000703 -0.00176664450927577 -0.000658395195676577 -0.0033380846811613 -0.00114569110999724 0.951385076211896 0.99996358801391 -0.00280875187675989 -0.0010939997540376 -0.00755296956479295 -0.00258638251879121 0.951217010325412 0.999991997660104 -0.00176353967707691 -0.000658509465866346 -0.00333999577058645 -0.00114251349971686 0.951331997798488 0.999963605069099 -0.00280749698970265 -0.00109144395747078 -0.00755181822512456 -0.00258559266841822 0.951166989966632 0.00199999999995271 0.000999999999976353 0.0249999999999773 0.0230000000000246

 10805 5 100 5 0.95 0.00999999999999979 0.282 687.181 0.0199999999999818 0.99994236265651 0.00532788055141977 -0.00791372977608776 -0.00414819336886466 -0.00265526393263872 0.950129693605762 0.999986209005459 -0.000777212755605518 0.00517461208685393 -0.000102649936324649 -0.000436568394815494 0.949140002915859 0.999942365451529 0.0053274254191144 -0.00791375276631918 -0.00414811981974719 -0.00265517093981147 0.950138847821409 0.999986177815429 -0.000772803837603778 0.00518098980679627 -0.000107812626189184 -0.000438945755588022 0.94929150993843 0.00199999999995271 0.00100000000009004 0.0210000000000719 0.0230000000000246

 10825 25 100 5 0.95 0.00800000000000001 0.275 700.878 0.0190000000000055 0.999979178133866 0.000123607018373357 0.00354947887150908 -0.00422796448158333 -0.00333969101959114 0.957331375587332 0.999979272200827 0.00135250492939247 -0.00327943934344181 -0.00352201015621399 0.00405790847274412 0.945283668191688 0.999979120715517 0.000129960516025245 0.00354054022903287 -0.00424212933974626 -0.00334815722994445 0.957097883856317 0.999979222636858 0.00137955817222109 -0.00326693277562475 -0.00350614151534992 0.00408475651027748 0.944985626282674 0.00200000000006639 0.000999999999976353 0.0270000000000437 0.0249999999999773

 10812 12 100 5 0.95 0.00700000000000012 0.29 704.841 0.0199999999999818 0.999948876129294 0.000850247505101955 -0.00706932563197322 0.00588626712916485 0.00411080300375439 0.950154617535162 0.999914716760835 -0.00381356864473785 0.0108518921340015 -0.00584555431229148 -0.00202035422264493 0.945429035814259 0.999948876601393 0.000850186063270074 -0.00706933535628513 0.00588615611598518 0.00411084310926888 0.950159282858175 0.999914847206793 -0.00379888065523955 0.0108446144318993 -0.00585207516486651 -0.00200359558570557 0.945119073314712 0.00200000000006639 0.00100000000009004 0.0190000000000055 0.0229999999999109

 10804 4 100 5 0.95 0.00800000000000001 0.277 706.655 0.0199999999999818 0.999885094119827 0.00881615849191665 0.00575067927356784 0.00711862998776324 -0.00826611767514942 0.949775933827788 0.999975780745962 0.00220690695230718 0.0062622200571477 -0.00122783350217179 -0.00168656694333907 0.956051019770108 0.999885148541286 0.00881645120069467 0.00575521529923656 0.00711560900657832 -0.00825866333747436 0.949837110520514 0.999975762788047 0.00220608954140316 0.00626551308398148 -0.00122268904591694 -0.00168978776522056 0.955898424111371 0.00200000000006639 0.00100000000009004 0.0240000000000009 0.0229999999999109

 10831 31 100 5 0.95 0.00699999999999967 0.272 706.671 0.0190000000000055 0.999947345547739 0.00809099853442057 0.00260315641570878 0.00450254647274351 -0.0035766641836026 0.955221998997022 0.999975768225823 0.00461101204245759 0.00222700661323846 -0.00164022801018413 -0.0044217216939881 0.949204802529306 0.999947465980265 0.00808385422847935 0.00259426739151598 0.00449818561307661 -0.00357108993872999 0.955088800248 0.999975792593598 0.00460757445537111 0.00222462628635217 -0.00164339660152047 -0.00441981560019604 0.949337698757584 0.00200000000006639 0.00100000000009004 0.0259999999999536 0.0220000000000482

 10828 28 100 5 0.95 0.00600000000000023 0.276 710.291 0.0179999999999154 0.99991657943384 0.00295260656381509 -0.00645663484409433 0.0107901854627242 7.20956912399267e-06 0.936416415277479 0.999871437853684 -0.000216396273084323 -0.0075268986358069 -0.0130489865051825 0.00548914248073691 0.951739630353879 0.999916289722437 0.0029480880372957 -0.00646000105516033 0.010816220219843 9.54790164291899e-06 0.93682284501402 0.999871440496108 -0.000216920873749894 -0.00752535259973439 -0.0130499325680494 0.00548851107235297 0.951683024100753 0.00300000000004275 0.00100000000009004 0.0309999999999491 0.0210000000000719

 10819 19 100 5 0.95 0.00800000000000001 0.275 711.998 0.0190000000000055 0.99998041839709 0.004940543062429 -0.00267709216592256 -0.00190805034096401 0.00198654928485733 0.950585680130675 0.999823992438711 0.00652400654818124 0.015205983270957 0.00871452180352067 0.00150222001562857 0.945616503508273 0.999980404488233 0.00494181208777237 -0.00268300700014736 -0.00190659792567715 0.00198380710382158 0.950542766399088 0.999823873152285 0.00652503397396302 0.0151996740019712 0.00873808562055606 0.00150411978338689 0.945308353966012 0.00199999999995271 0.000999999999976353 0.0230000000000246 0.0230000000000246

 10801 1 100 5 0.95 0.00800000000000001 0.277 714.409 0.0190000000000055 0.99984584623729 -0.0019105920825442 0.00465867977659083 0.00487197932077484 -0.016099500618622 0.952199055941674 0.999949168851375 -0.00402447603752352 0.00177962046512503 0.00707048631302539 -0.00568370305039635 0.945428612622308 0.999845879648775 -0.0019087543914224 0.00465442008379577 0.00486911940990946 -0.0160997408642414 0.952131712701129 0.999949003093961 -0.00404008328488991 0.00176517979293983 0.00708435412371811 -0.00568902499501281 0.945114892735496 0.00199999999995271 0.000999999999976353 0.0249999999999773 0.0240000000000009

 10826 26 100 5 0.95 0.0100000000000007 0.271 719.75 0.0190000000000055 0.999978385183683 -0.00058141246469672 0.00209854326915441 -0.00518119775966368 -0.00341210065830833 0.951820803034888 0.999880752632092 -0.00244091395162123 -0.0150802651400375 0.000126465053963454 -0.00225656040417429 0.948492992006925 0.999978381213958 -0.000580511727348772 0.00210203854224321 -0.00518159500931953 -0.00341066239505004 0.95176084549671 0.999881258509655 -0.00244207365260519 -0.0150463399476535 0.000138351408531041 -0.00225691614636038 0.94872365961392 0.00300000000004275 0.000999999999976353 0.0249999999999773 0.0240000000000009

 10837 37 100 5 0.95 0.00800000000000001 0.286 519.208 0.0190000000000055 0.999934066259176 -0.00253732155307265 0.00768717670698214 0.0017496331301078 0.0079543215870949 0.948750713110092 0.999945822271478 -0.00653239201919075 -0.00383102989673509 -0.00658250916720083 -0.00277022730482211 0.946987256769929 0.999934098045445 -0.00253188988220699 0.00769631508436814 0.00173790138107584 0.00794578709621263 0.948940041730437 0.99994573494182 -0.0064964049473879 -0.00385947212250777 -0.00660480887613638 -0.00279371957589856 0.947399568733857 0.00399999999990541 0.000999999999976353 0.0240000000000009 0.0299999999999727

 10833 33 100 5 0.95 0.0089999999999999 0.3 609.277 0.0180000000000291 0.999939252042141 -0.00100260840256246 0.0062329392099206 0.00562257886062994 -0.0070727701473441 0.946500513188576 0.99993034024486 -0.00314831262471263 -0.00603429757662418 0.00963162821200492 -0.000470931160479903 0.949317337541596 0.999939126084029 -0.00101273184632661 0.00624036410316187 0.00561858254092376 -0.00708575236698553 0.946136223260306 0.999930326909214 -0.00314835658800353 -0.00603643451405099 0.00963189732575824 -0.000466036791720138 0.949430595664948 0.00199999999995271 0 0.0229999999999109 0.0200000000000955

 10847 47 100 5 0.95 0.00700000000000012 0.29 529.81 0.0190000000000055 0.999944466633818 0.00414899111713889 0.00584511931092914 0.00050716354256549 -0.00770888360932359 0.950742430103727 0.999872897618152 -0.00501443833755259 0.0067542888283891 0.010561334361359 0.00847831444152434 0.939614265979937 0.999944488364171 0.00414960871203421 0.00584271469837577 0.000507099855166836 -0.00770755942841418 0.950696455819849 0.999872891523446 -0.00501446889182048 0.00675559706302423 0.010562594395863 0.00847640290612555 0.93959218407258 0.0040000000000191 0.000999999999976353 0.0240000000000009 0.0229999999999109

 10857 57 100 5 0.95 0.00700000000000012 0.284000000000001 504.716 0.0190000000000055 0.999944031906829 -0.00647669626891113 -0.00295561714756673 -0.00692679116054089 0.00364271201851922 0.947715589364441 0.999995612483019 -0.000366089911593573 -0.000686317359031844 -0.00157671071393089 -0.00238410249257964 0.951783905497753 0.99994414178397 -0.00648079358100531 -0.00295458245220824 -0.0068979167481962 0.00366084874686984 0.948029736503392 0.999995604086105 -0.000369720350828574 -0.000687914052502837 -0.00157577915562686 -0.00238721797028149 0.951724312129603 0.00300000000004275 0 0.0249999999999773 0.0229999999999677

 10842 42 100 5 0.95 0.00800000000000001 0.289000000000001 583.794 0.0190000000000055 0.999977272390515 -0.0025833861323842 0.00535118062109935 -0.00170406099912404 -0.00269107052829179 0.947795978329432 0.99988711002551 0.00260796071110196 0.0112893365298439 0.00928765757433033 -0.00229260621589879 0.946310894716728 0.999977441798889 -0.00254667478260526 0.00532908872371907 -0.0017133082892041 -0.00270106071406395 0.948095825921068 0.999887345981494 0.00257502494150958 0.0112794718102476 0.00928338588718695 -0.00229278319629678 0.945910074919162 0.00200000000006639 0.000999999999976353 0.0259999999999536 0.0249999999999773

 10834 34 100 5 0.95 0.00699999999999967 0.285 670.715 0.0190000000000055 0.999941599968761 0.00971456374335496 0.00185079575715583 -0.00293564378577919 0.00322187116736476 0.952332361446012 0.999959428407806 -0.00414848296689988 -0.00672846386752764 0.00203188135665606 -0.00381193645583124 0.955827205168284 0.999941553522197 0.00971763237872619 0.00184798615434124 -0.00293917538503855 0.00322542335151287 0.952264075061065 0.999959465209865 -0.00414277841573752 -0.00672481430519467 0.00203366709852887 -0.00381397363547103 0.955670189740644 0.00299999999992906 0.00100000000009004 0.0249999999999773 0.0250000000000909

 10861 61 100 5 0.95 0.00600000000000023 0.287 552.994 0.0199999999999818 0.99997113756509 -0.0032455701032718 -0.00279584270738036 -0.00204143334752808 -0.00593347494543144 0.945435876801168 0.999909527787832 -0.00360113594841032 0.00143003741017055 0.00912268824865325 -0.00909393265423066 0.943779829475161 0.999971276944481 -0.00324802626142521 -0.00278275238235094 -0.00202222663024622 -0.0059213596465626 0.945138030612699 0.999909607499628 -0.00359830520888387 0.00142603323191822 0.00912967993948065 -0.00907989003165743 0.943583879758252 0.00300000000004275 0.00100000000009004 0.0250000000000909 0.0240000000000009

 10835 35 100 5 0.95 0.00800000000000001 0.289 679.661 0.0190000000000055 0.999935033016251 0.000969560018456166 -0.00989938273665384 0.00336232242270228 -0.00443697075926979 0.953512589315171 0.999948888035866 0.00751426088715834 -0.00136568516923044 0.00252337841438838 0.00612573787807288 0.941371284944675 0.999934988369558 0.000967678839232845 -0.00990450429214011 0.00335991329893215 -0.00443783836874858 0.953421923279977 0.999948861336115 0.00751370365730738 -0.0013663377917367 0.00252186436287189 0.00613125526560984 0.941308651407847 0.00199999999995271 0.000999999999976353 0.0240000000000009 0.0199999999999818

 10840 40 100 5 0.95 0.00700000000000012 0.292 648.465 0.0190000000000055 0.999921611812629 0.0048158239064408 -0.00685238092992378 -0.00197690352552908 0.00909476762641663 0.947944413148427 0.999919783320956 -0.00116566980260712 -0.0107139919135103 -0.00455342273515323 -0.00485230419029903 0.954838387587596 0.999921594686798 0.00480102588918863 -0.00685937282622562 -0.00198023827723301 0.00909847735710236 0.948243578774967 0.999919875971839 -0.00116907029224833 -0.0107123788113057 -0.00454157864495955 -0.00484705216897664 0.954718987545802 0.00300000000004275 0.000999999999976353 0.0260000000000673 0.0240000000000009

 10856 56 100 5 0.95 0.00599999999999978 0.284 596.968 0.0180000000000291 0.99995762553244 -0.000826443612095011 0.00350314507629745 -0.00274329884919595 0.00801663373730319 0.957641798729233 0.999988027556884 0.00222656938671595 -0.000993060904147754 -0.00398421716453482 0.00145841533389982 0.95306609961288 0.999957498748745 -0.000820408531619411 0.00350950371723045 -0.00273597882431652 0.00803277221926194 0.95741586107965 0.99998803114754 0.00222579171061372 -0.000985881102708817 -0.00398247034064864 0.00146675879577591 0.952984591162986 0.00300000000004275 0.000999999999976353 0.02699999999993 0.0230000000000246

 10839 39 100 5 0.95 0.0110000000000001 0.287 662.11 0.0190000000000055 0.999960065712687 0.00338114736473259 0.00195759084117394 0.000307545067276361 -0.00803169200774163 0.952663696191779 0.999856134261359 0.00798747517387195 -0.00744738204170505 0.0126047497743804 -0.00309318672706687 0.955813334707063 0.999960051821696 0.00338224790469607 0.00195621844929546 0.000306951637459346 -0.00803331500275691 0.952593572179101 0.999856034034558 0.00799202951781031 -0.00745676105256047 0.0126024139115979 -0.00310073331272034 0.95565973266161 0.00200000000006639 0.000999999999976353 0.0230000000000246 0.0250000000000909

 10841 41 100 5 0.95 0.00599999999999978 0.293 657.391 0.0190000000000055 0.99996692769153 0.00388481865544502 -0.00582012468263802 -0.0004742694641127 -0.00411739290467707 0.950442853164126 0.999819465230817 0.0153463908710092 0.0111277227319945 -0.000371479294691958 0.00124940895251614 0.946047549129418 0.999966916220658 0.00388382023672851 -0.00582203743728268 -0.000473692189587676 -0.00411848276741511 0.950407215445015 0.999820091187832 0.0153284011066924 0.0110952345408875 -0.000378694085797325 0.00125608038786283 0.945677275247397 0.00299999999992906 0 0.0220000000000482 0.0240000000000009

 10848 48 100 5 0.95 0.00699999999999967 0.289 635.814 0.0199999999999818 0.999909806227705 0.00911946007776025 0.00193801307156515 -0.00899913967786934 -0.00353191845263905 0.950198589260609 0.999945527156163 0.00217671312382358 0.00337847475638775 0.00684147821715499 -0.00678120376369176 0.949663538277957 0.999909806507763 0.00911951184460432 0.00193798162243117 -0.00899906935537387 -0.00353190193687128 0.950198069795416 0.999945532814569 0.00217294055019689 0.00338056491300227 0.0068414302841613 -0.00678058596946905 0.949740721757452 0.00199999999995271 0.00100000000009004 0.0210000000000719 0.0230000000000246

 10846 46 100 5 0.95 0.00599999999999978 0.282999999999999 665.686 0.0190000000000055 0.999969358806308 -0.000205684890035737 -0.000836189847120097 0.00481732846418711 -0.00611009617233106 0.948589487838306 0.999963343763116 -0.00448735637584964 -0.00409741942748385 -0.00600513841617182 0.000569411522797178 0.939883205346077 0.999969297103814 -0.000206522644806832 -0.000824076867013785 0.00482338933070678 -0.00611702630234141 0.948804838738946 0.999963347563363 -0.00448630650247828 -0.0040981102024123 -0.00600477200484851 0.000569903305259128 0.939859416127893 0.00199999999995271 0.000999999999976353 0.0249999999999773 0.0210000000000719

 10864 64 100 5 0.95 0.00499999999999989 0.282999999999999 597.216 0.0190000000000055 0.99990395949965 -0.00305352760177347 0.00648090824208226 -0.00980022519739104 -0.00668589265141246 0.947983452484412 0.999924795802626 -0.000631478731974069 -0.0107325010613719 0.00589097483355751 -0.000337357622310692 0.940450556429156 0.999903706272756 -0.00307486859431051 0.00649158100568582 -0.00980205359396232 -0.00670093176519445 0.948262115935799 0.999924823757371 -0.000630666468050964 -0.0107310534804664 0.00588904324487133 -0.000335789303725883 0.940412409320218 0.00199999999995271 0.000999999999976353 0.0249999999999773 0.0210000000000719

 10854 54 100 5 0.95 0.00699999999999967 0.286 639.562 0.0180000000000291 0.99989251518444 -0.00287404938629759 -0.0120809673598547 0.00675298510031784 0.00389170118908056 0.945907280920257 0.999981552845311 0.00483914736360054 0.000427111613807546 0.00122046895029535 -0.00343579002320072 0.95363601747877 0.999892261284327 -0.00285265328469208 -0.0120897761052734 0.00679285046208727 0.00387591141244375 0.945580598361784 0.99998157239707 0.00483563886810302 0.000426842905870578 0.001220803693327 -0.00343495363826283 0.953538829190846 0.00300000000004275 0.000999999999976353 0.0249999999999773 0.0240000000000009

 10836 36 100 5 0.95 0.00699999999999967 0.285 736.202 0.0179999999999154 0.999956876650245 -0.000920108971043388 0.00442127522310621 2.17925636906404e-05 -0.00811480682788799 0.951632964212113 0.99975643508487 0.0167913022195265 -0.0127325239377005 0.00644626083462447 0.00120467074010507 0.939024625992099 0.999956898706161 -0.000920809613775572 0.00442310400318614 1.84789381934664e-05 -0.00811102022669925 0.951574346316699 0.999756427819967 0.0167920473595365 -0.0127324533474888 0.00644573082579964 0.00120389534844612 0.939013717261625 0.00300000000004275 0.00100000000009004 0.0249999999999773 0.0209999999999582

 10862 62 100 5 0.95 0.00599999999999978 0.288 629.764 0.0179999999999154 0.999987363522988 0.000536919495822535 -0.00382085145443688 0.000250476117939672 -0.00321292198398095 0.936837349634737 0.999889520384874 0.0029908077887038 0.00330621678899229 -0.0097207453243215 0.0103236686386809 0.949585567969251 0.999987305522551 0.00054086167556225 -0.0038187866496049 0.000258477243549711 -0.00323207679898276 0.936550579636845 0.999889582539279 0.00299360942265542 0.00329579842187351 -0.00972217721369131 0.0103188184904316 0.949666611878819 0.00200000000006639 0.000999999999976353 0.283999999999992 0.0229999999999109

 10843 43 100 5 0.95 0.00500000000000034 0.284 700.29 0.0190000000000055 0.99980649962585 0.00603922360154412 -0.00297511565230345 -0.0110778318752025 -0.014795993106082 0.95062754266372 0.999985374987767 -0.0038305968932311 0.00150937187803132 -0.00348963764745743 -0.000347222752694738 0.952622736853881 0.999806459091653 0.00604080243216618 -0.00297474492875428 -0.0110822041494905 -0.0147948879138976 0.950583087080728 0.99998538544125 -0.00383076856448484 0.00150852553725555 -0.00348690115095828 -0.000346391667180032 0.952558837867466 0.00199999999995271 0.00100000000009004 0.0240000000000009 0.0209999999999582

 10852 52 100 5 0.95 0.00699999999999967 0.284 674.138 0.0179999999999154 0.999949756389335 0.00313167957256969 -0.00919111819740539 0.00057322890325567 -0.00242322819179909 0.949933739746813 0.999894947444108 0.0131604382626064 -0.00189167754695095 0.00511804788778201 -0.0026690976673363 0.945848327632575 0.999949784162114 0.00313133381515217 -0.00918889756571751 0.00057586263424704 -0.00242000959363771 0.949971568962867 0.99989466095171 0.0131763485590396 -0.00190655490997428 0.0051081197923658 -0.00270610411436779 0.945503322661932 0.00199999999995271 0.000999999999976353 0.0220000000000482 0.0240000000000009

 10849 49 100 5 0.95 0.00600000000000023 0.286 681.462 0.0180000000000291 0.999840928624176 -0.000331590914554894 0.012343292233837 -0.0105527582363951 0.00736816977585156 0.949608257435151 0.999954048045799 0.0033658387892726 -0.00577430429190667 0.00374149088331171 -0.00576468403118468 0.956712986549093 0.999840839289511 -0.00033152494047114 0.0123493337879987 -0.0105563671351472 0.00736500155882047 0.949689599592458 0.999954058183479 0.00337049332982235 -0.00577188450127945 0.00374691297235471 -0.00575910492920797 0.95653637229144 0.00199999999995271 0.000999999999976353 0.0240000000000009 0.0240000000000009

 10838 38 100 5 0.95 0.00700000000000012 0.284 744.042 0.0190000000000055 0.999936471126622 0.00262854519712126 0.00194814917148675 -0.00796240528829713 0.00727662544152374 0.943705149815294 0.999983229093147 -0.00230435056795135 1.91041637019637e-05 -0.00375558035029145 0.00375855719193611 0.950447415969388 0.999936540963996 0.0026184379402585 0.0019443323328328 -0.00795708885801366 0.00727750894170843 0.943523411224907 0.999983222745819 -0.00230672595325385 1.88725900424161e-05 -0.00375667946513788 0.00375769150994053 0.950411414643827 0.00299999999992906 0.000999999999976353 0.0249999999999773 0.0209999999999582

 10858 58 100 5 0.95 0.00800000000000001 0.281 652.127 0.0190000000000055 0.999851083051563 0.0124261277272665 -0.00571661104918663 -0.00721895436188034 -0.00765572507056814 0.946841864576397 0.999937157105609 -0.0104407927711288 0.00150486273049157 -0.00361824881717483 -0.00114688688312216 0.951288237700214 0.999850913468407 0.0124197465300738 -0.00574480724713182 -0.00723651480328414 -0.00765054087736896 0.946412343586854 0.999937156920349 -0.0104415205107392 0.00150805986727469 -0.00361527003852201 -0.00114561662769245 0.95123594857784 0.00199999999995271 0.000999999999976353 0.0259999999999536 0.0230000000000246

 10845 45 100 5 0.95 0.00700000000000012 0.284 710.9 0.0199999999999818 0.999970148683954 -0.00457803523111196 0.00324741244972491 -0.00366688934547812 0.00384077717702839 0.957720075877944 0.999989661336833 -0.00163316703953545 -0.00184733977817916 0.000502188612089596 -0.00378749616627304 0.954013346624149 0.999970282465965 -0.00457226586654829 0.00323544531145586 -0.00364559684281209 0.00384318709921596 0.957505834956157 0.99998962128189 -0.00164276677289256 -0.00185477171700429 0.000506813916841598 -0.00378967114192157 0.953916748429485 0.00300000000004275 0.000999999999976353 0.0249999999999773 0.0219999999999345

 10853 53 100 5 0.95 0.00599999999999978 0.282 691.26 0.0190000000000055 0.999917603812099 0.00882420519761513 -0.00508249013392019 -0.00492753060252533 -0.00606685466288161 0.953615309268429 0.999854271483426 0.00456590865595546 -0.0151648231662385 0.00608641745080965 -0.00188995646608521 0.952146586150158 0.999917675958192 0.00882615142274304 -0.00507724311960336 -0.00491994222100858 -0.00606268325719479 0.953521604210753 0.999854244796451 0.00456392369009122 -0.0151660993258813 0.00609018439233608 -0.00188649102174569 0.952082516296627 0.00199999999995271 0.000999999999976353 0.0250000000000909 0.0220000000000482

 10859 59 100 5 0.95 0.00800000000000001 0.284 659.698 0.0190000000000055 0.99986948282263 0.00909267536272828 -0.00647014504859376 -0.0063324332055051 -0.00981723420843703 0.941266117305285 0.9999443791547 -0.0052747369875929 -0.00211411263175281 -0.00471167055008234 -0.00753302296827698 0.943933197448516 0.999869436248092 0.00909161299866598 -0.00647425187333957 -0.00633696411347142 -0.00981733051858533 0.941199445470716 0.999944301725398 -0.00528284440797111 -0.00211134299600187 -0.00470404926705186 -0.00754315273034787 0.943748695751351 0.00299999999992906 0.000999999999976353 0.0230000000000246 0.0229999999999109

 10855 55 100 5 0.95 0.00700000000000012 0.285 702.445 0.0190000000000055 0.999977040440269 -0.00181504881400384 0.00131147204654821 -0.00546796797994864 -0.00331746248874738 0.943511613820746 0.999944350813404 -0.00537334003299525 -0.0039972788353062 0.00577635098855934 0.00575134979111251 0.945032311158668 0.999977035611001 -0.00180821031552775 0.00129863980451935 -0.00547857116962984 -0.00331019919155555 0.943354402275061 0.999944134049085 -0.0053788363070941 -0.00399961305356446 0.00577926736876374 0.0057792789264775 0.944772235029869 0.00300000000004275 0.000999999999976353 0.0240000000000009 0.0220000000000482

 10844 44 100 5 0.95 0.00599999999999978 0.293 741.761 0.0199999999999818 0.999752923830377 0.000643064999465124 0.000949715363007594 0.00588589787123898 -0.0214040184777696 0.948272709928391 0.999962830458652 0.00435009840384132 -0.004133765612148 0.00588183464062657 0.00193141091487016 0.950982258116928 0.999752892338211 0.000638152948493764 0.000938426394368227 0.00588453680766259 -0.0214065084649138 0.948509342077067 0.999962821586722 0.00434874563003118 -0.00413702838088582 0.00588156174488582 0.00193289507847041 0.950935248768158 0.00200000000006639 0.000999999999976353 0.0230000000000246 0.0220000000000482

 10863 63 100 5 0.95 0.00600000000000023 0.284 675.377 0.0190000000000055 0.999952042660622 0.00370747683805356 0.00501257805633981 0.0073648640357837 -0.00167327024369106 0.956276930924732 0.999988906364821 -0.00126211684578342 -7.26227503685022e-05 -0.00334930050971286 -0.00306122857514136 0.945692645240662 0.999952044702997 0.00371145667038517 0.00500804759168343 0.00736485262595807 -0.00167683893014369 0.956111428027181 0.999989106326437 -0.00126806495404142 -6.84626215617533e-05 -0.00330836342203799 -0.00303797367729904 0.945363548956296 0.00199999999995271 0.00100000000009004 0.0259999999999536 0.0240000000000009

 10860 60 100 5 0.95 0.00699999999999967 0.285 689.793 0.0190000000000055 0.999856646292076 0.0117937517796195 -0.0116141607033837 -0.00289409921944581 0.00208080402431524 0.943472060209615 0.99988277522838 0.0124145128558355 -0.00763444186926203 -0.00469293953923768 8.53696139964392e-05 0.956179148764624 0.999856711686094 0.0117873534453304 -0.0116072449107213 -0.00291462421781231 0.00209552529869619 0.943312715573045 0.999882898750232 0.0124108258860806 -0.00762578837595179 -0.00469042419442553 8.63723391206973e-05 0.956030114188195 0.00199999999995271 0.00100000000009004 0.0240000000000009 0.0219999999999345

 10850 50 100 5 0.95 0.00700000000000012 0.284000000000001 740.843 0.0190000000000055 0.99994498550593 0.00226195261101306 -0.0092521805926501 -0.00382076621134907 0.0021698921099669 0.94969776054038 0.999987448937998 0.00308386235036334 -0.00134944051124083 0.00358550343336007 0.000956522302416208 0.954680342401194 0.999945008949864 0.00226086789060875 -0.0092499844155206 -0.00382427200302374 0.00216339654179542 0.949767146841421 0.999987459727318 0.00308881996917425 -0.00134846018570541 0.0035802834329966 0.000950160496826416 0.954572131635443 0.00200000000006639 0.000999999999976353 0.0230000000000246 0.0220000000000482

 10851 51 100 5 0.95 0.00800000000000001 0.284000000000001 792.334 0.0190000000000055 0.999958437474268 0.00160567609470444 -0.00428383707881692 0.00256510123527114 0.00745748776963208 0.951513374314627 0.99995444151438 -0.00335616191804125 0.00712107315537909 -0.00480074481927923 -0.0024686512797363 0.957474545185187 0.999958454890354 0.00160934307401385 -0.00428077513949185 0.00256168909695099 0.00745729316460678 0.951458980971215 0.99995448124037 -0.00334721303546875 0.00713054370412392 -0.00478641017740084 -0.0024652051224936 0.95726150149501 0.0040000000000191 0 0.0240000000000009 0.0249999999999773

 10865 65 100 5 0.95 0.00700000000000012 0.296 600.134 0.0190000000000055 0.999879842813766 -0.00589117911810028 -0.00669758956565405 0.00452039514564722 0.0118449257091494 0.955006586874629 0.999977520638075 -0.00580753855361368 -0.00181719259921564 -0.0015968955841916 -0.0023191485562839 0.946977534876164 0.999879784551248 -0.00589666208542632 -0.00670725814273989 0.0045180209329702 0.0118425502766926 0.954890362793141 0.999977648021516 -0.00580846185304715 -0.00180927120603865 -0.00160202706355942 -0.00226390707601003 0.947363558197277 0.00299999999992906 0.000999999999976353 0.0240000000000009 0.0260000000000673

 10867 67 100 5 0.95 0.0110000000000001 0.292 581.05 0.0180000000000291 0.999933949965027 0.00556765351762738 -6.70331663808613e-05 -0.00683657616377988 0.00737249445974088 0.949491271296941 0.99996151922767 0.00660143338851642 -0.00507755333912678 -0.0026713506219978 -0.000680792956428252 0.953944480535549 0.999933970384921 0.0055644835090129 -6.49830764156724e-05 -0.00683515964180099 0.00737344989795996 0.949587516725469 0.999961556856433 0.00659449264951854 -0.0050790585677223 -0.00267249091376576 -0.000677076315043513 0.953842381755136 0.00300000000004275 0.000999999999976353 0.0230000000000246 0.0240000000000009

 10866 66 100 5 0.95 0.00599999999999978 0.286 643.095 0.0199999999999818 0.999847525556737 0.00637488025111648 -0.00170410296319142 0.0161392177843415 -0.000953006953637072 0.956088861709537 0.999878956646214 -0.00634297897016927 -0.0133377833808212 3.43999686671452e-05 0.00489295667169998 0.951641676900972 0.999847460238221 0.00637585839962713 -0.0017142125272254 0.0161412408822038 -0.000962550279786222 0.955941902691588 0.999878916181125 -0.00634534938975371 -0.0133392157149587 3.36792909286507e-05 0.00489425248584893 0.951586564747169 0.00199999999995271 0.00100000000009004 0.0229999999999109 0.0219999999999345

 10870 70 100 5 0.95 0.00599999999999978 0.283 578.252 0.0179999999999154 0.999975285870575 0.00509082615950147 0.00428448991300931 -0.00225446094985468 -0.000267748176504309 0.95676615449993 0.999858345138573 0.000607836534273903 0.0142157657699248 -0.00680149336791545 -0.00587978596917207 0.944942722561997 0.999975301615616 0.00509001556034291 0.00428944196816501 -0.00223997838338616 -0.000266617323855376 0.956595962353727 0.99985850987771 0.000616130716342881 0.0141990250670627 -0.00680810201196246 -0.00588370990149259 0.944668051723377 0.00300000000004275 0.000999999999976353 0.0240000000000009 0.0240000000000009

 10872 72 100 5 0.95 0.00700000000000012 0.285 546.036 0.0180000000000291 0.999910098795199 -0.00193212248224699 0.00514183594876758 0.00613825187290642 0.0105803883250841 0.95558559999342 0.999842184225709 0.00966736986882087 -0.0148395853942707 0.00118132298215491 -0.000734699884818586 0.945944848956807 0.999910308669238 -0.00192314750136484 0.00513907574052545 0.00612980769520937 0.0105684189370872 0.955443324142711 0.999842571152349 0.00963304964721582 -0.0148351298624759 0.00119504618995121 -0.000726672224491432 0.945598571593445 0.00300000000004275 0.000999999999976353 0.0249999999999773 0.0240000000000009

 10878 78 100 5 0.95 0.00499999999999989 0.29 533.797 0.0190000000000055 0.999941489867938 -0.000765113570258247 0.00287597408414901 0.00579892974624771 0.00863322817826055 0.956191870510426 0.999919653576204 0.00478702261244033 0.00203127415260661 0.00479469485517108 -0.0105192981284506 0.948825617811259 0.999941599632216 -0.000744769559071493 0.00288842436383034 0.00578785344329973 0.00862556667600459 0.956032973617754 0.999919509416381 0.00478982423758556 0.00203171754134123 0.00479729880862196 -0.0105304472958157 0.949014467752398 0.0040000000000191 0.000999999999976353 0.0260000000000673 0.0230000000000246

 10868 68 100 5 0.95 0.00800000000000001 0.284 665.08 0.0190000000000055 0.999846642417914 0.00686855459381526 -0.00654751151951115 -0.01081196173439 -0.009987300925304 0.951721149658102 0.999978335184883 0.00488361690275933 -0.000664561796454716 0.00268856702243314 -0.00343648247500045 0.944568044976824 0.999846705947117 0.00686724736230764 -0.00654669915939458 -0.0108079594760207 -0.0099867042834258 0.951661647239277 0.999978283795689 0.00489702574081055 -0.00066125587220856 0.00268397060251002 -0.00343658528179185 0.944315985487086 0.00199999999995271 0.000999999999976353 0.0249999999999773 0.0240000000000009

 10873 73 100 5 0.95 0.00800000000000001 0.286 588.858 0.0190000000000055 0.999867630789038 -0.0015735208078996 0.0158592755867287 0.00326122212579875 -0.000304533566026789 0.944576368122929 0.999953443421681 -0.00202101349770163 0.0034498625222901 0.00314117335610836 -0.00820109578592937 0.95238924471238 0.999867753781033 -0.00156103595161307 0.0158553923929896 0.00324901429823279 -0.000297579876208618 0.944341016910113 0.999953416771574 -0.00202607997706148 0.00344858641573857 0.00314367492690561 -0.00820267312941569 0.952324774791043 0.00300000000004275 0.00100000000009004 0.0249999999999773 0.0209999999999582

 10895 95 100 5 0.95 0.00700000000000012 0.286 473.943 0.0200000000000387 0.999938592611371 0.00619283215103601 -0.0090813627165661 0.000972443898586206 0.00102129350076826 0.953662793809517 0.999948205983559 0.00284728701878615 -0.00463631193703498 -0.000408723338568134 0.00859161589859514 0.957442174402156 0.999938665034652 0.00619193023434116 -0.00907446027301905 0.000972821669407987 0.00101683697953499 0.953563939111916 0.999948048768813 0.00285511123208828 -0.00463329831712473 -0.000422746119615915 0.00860824812129528 0.957238940339446 0.0029999999999859 0.0010000000000332 0.0260000000000105 0.0240000000000009

 10883 83 100 5 0.95 0.00800000000000001 0.284 550.856 0.0190000000000055 0.999940938268526 0.00512239049609095 0.00315295040016874 -0.00787304829783505 0.00446711366984484 0.95161491430868 0.999950866089704 0.00494125127353177 -0.00726875569395039 -0.0020389281928028 0.00410577700193441 0.943719050253877 0.999940994832891 0.00512137435144916 0.00315091185486959 -0.00786853405731237 0.00446500880538346 0.951555150290661 0.999950809547959 0.00494422262165959 -0.00727337802548448 -0.00203152716146947 0.00411144944501298 0.943542587364312 0.00200000000006639 0.000999999999976353 0.0250000000000909 0.0220000000000482

 10890 90 100 5 0.95 0.00800000000000001 0.286 530.823 0.0190000000000055 0.999998269591375 0.000118096126471039 0.00104956313613509 -0.00152900527349612 -8.61838576734838e-05 0.954307120392714 0.99996288048515 0.00182541263160159 0.00105664357563216 -0.00596379997817741 0.00584996707172212 0.94796625942193 0.999998275886508 0.000117572386526861 0.0010412564679837 -0.00153062689465887 -8.58313630859741e-05 0.954197080686778 0.999962623261504 0.00182691942457148 0.00107483463383956 -0.00599566689935132 0.00585757239213307 0.948238699920824 0.00299999999992906 0.000999999999976353 0.0259999999999536 0.0219999999999345

 10884 84 100 5 0.95 0.00700000000000012 0.29 552.285 0.0189999999998918 0.99993740556796 0.00674970873566518 0.0041916455737697 -0.00756215614135163 0.00220687106083259 0.949694357954046 0.999893690771752 -0.00584373334856148 -0.000626623766119317 0.0121821235414153 0.00544620455659821 0.952787626230133 0.999937371776523 0.00674983178003217 0.00419088739510086 -0.00756734101837195 0.00220547236527696 0.949762308497179 0.999893750481741 -0.00583888248320248 -0.000624208887118877 0.0121822048651456 0.00544053736267992 0.952717118398007 0.00300000000004275 0.000999999999976353 0.0230000000000246 0.0210000000000719

 10885 85 100 5 0.95 0.00800000000000001 0.281 551.107 0.0199999999999818 0.999993415497027 0.00278483442598941 -0.00224235091945823 0.000144136004172181 0.000603942859317269 0.942958971713811 0.999950340661661 -0.00577805758673995 0.00750458721993616 -0.00182678236833099 0.00250485488389089 0.94909196178274 0.999993446527956 0.00277242364360749 -0.00224263478810342 0.000139839729164415 0.000609591944283608 0.942826820224783 0.999950388394106 -0.0057718348168636 0.00750423867617156 -0.00182636523949008 0.00250149259984255 0.949241742224143 0.00300000000004275 0.000999999999976353 0.0240000000000009 0.0219999999999345

 10880 80 100 5 0.95 0.00599999999999978 0.287 592.496 0.0190000000000055 0.999903085304544 0.00583364528145334 0.0105372550231405 -0.00574109457073333 0.00397425098497058 0.949929225792271 0.999782889286362 0.00925583274901237 -0.00267150889849908 0.0184111151348614 -0.00154846053626054 0.946637228145619 0.999903080672458 0.00583335379613311 0.0105396292120987 -0.00573935075690707 0.00397206673875817 0.949967788985364 0.999782729475254 0.00926385275244975 -0.00266124043509344 0.0184174008442244 -0.00154661588067865 0.946233241917625 0.00299999999992906 0.00100000000009004 0.0229999999999109 0.0219999999999345

 10869 69 100 5 0.95 0.00699999999999967 0.290999999999999 691.015 0.0190000000000055 0.999952740107869 0.00533158787925588 0.00774041629155858 -0.000325932112754851 0.00246403030432052 0.948253908483946 0.999872554887258 -0.00586755993728645 0.000105130860019984 -0.0126374158559574 0.00779297065282103 0.946274328971803 0.999952500774851 0.00532968796981733 0.00777058918355947 -0.000317811877774412 0.00247134773281576 0.948524577166413 0.999872968175433 -0.00584838954527292 8.90959703109734e-05 -0.012613335890641 0.00779356602546523 0.945927934223387 0.00199999999995271 0.000999999999976353 0.0259999999999536 0.0220000000000482

 10882 82 100 5 0.95 0.00800000000000001 0.287999999999999 612.08 0.0199999999999818 0.999935375284627 -0.00469094001642075 0.00843333730195444 0.00109275744698624 -0.00590974104914932 0.954299849502496 0.999964947061266 -0.00179820467890339 -0.000695890753393949 0.00809875246760185 -0.000892778371132426 0.956399676001409 0.999935297970182 -0.00469044609167715 0.00844092275644972 0.00108654588259143 -0.00591352938690297 0.954180255572832 0.999965002473558 -0.00178439913820558 -0.000697282508576421 0.0080964528269867 -0.000878064061881022 0.956225479632616 0.00199999999995271 0.00100000000009004 0.02800000000002 0.0249999999999773

 10879 79 100 5 0.95 0.00800000000000001 0.287 645.256 0.0190000000000055 0.999961202577686 0.00145911292030738 0.00743600358433063 1.14063489758062e-05 -0.00449110782135292 0.957989586875871 0.999872789774629 0.00723355036284568 0.0112935658545754 -0.00808223371845167 0.00303527360518601 0.942209207146182 0.999961194090241 0.00145187180750154 0.00743982093740828 3.11512263484342e-06 -0.00448903515115908 0.957765822684983 0.999872791780572 0.00723244144539473 0.0112948567137236 -0.00808387617455191 0.00302806959535234 0.942107469239864 0.00199999999995271 0.000999999999976353 0.0249999999999773 0.0219999999999345

 10874 74 100 5 0.95 0.00499999999999989 0.286 678.743 0.0199999999999818 0.999966839884792 0.00158621739887437 0.0022491126772952 -0.00354201699593034 -0.00679695909597505 0.954438716906509 0.999963781582882 0.00101588901984627 0.00769466997924624 -0.00174676362819012 -0.00302396473189975 0.947525921121049 0.999966828988759 0.00158716119986327 0.00224315952229888 -0.0035496755585365 -0.00679631372716771 0.954319144432592 0.999963880746052 0.00102187089652409 0.00768236277834157 -0.00176214152422931 -0.00301150171120743 0.947842237680727 0.00199999999995271 0.000999999999976353 0.02699999999993 0.0230000000000246

 10894 94 100 5 0.95 0.00800000000000001 0.285 575.886 0.0190000000000055 0.999978550621387 -0.00234718625957264 0.000194657776307613 -0.00610723662390863 0.000229745474079758 0.947658465800615 0.999939556934593 0.000437342359194332 -0.00738458271340636 -0.00811387091980307 0.000569425987906576 0.94386803263608 0.999978737313499 -0.00233389723010482 0.000195891764740203 -0.00608185422425483 0.000224767058713562 0.947979444391832 0.999939668766696 0.000446787959596518 -0.00737126001595099 -0.00811273077484031 0.000554375705228644 0.943700237408558 0.00299999999992906 0.000999999999976353 0.0259999999999536 0.0209999999999582

 10887 87 100 5 0.95 0.00599999999999978 0.284999999999999 645.983 0.0190000000000055 0.999929886406517 0.00175989393352963 0.00841154126045627 0.00271734226040502 -0.00768030396897073 0.94710130835349 0.999993161531404 0.0010189268336183 -0.00235267134153479 -0.00156451748980987 -0.00215775372057285 0.945277420073035 0.999929795501189 0.00176711079222237 0.00842228635959029 0.00273124271990967 -0.0076737731319794 0.947490077418445 0.999993194111359 0.000997218807763841 -0.00235855089238962 -0.0015661724823684 -0.00214514033460691 0.945003674399586 0.00299999999992906 0.000999999999976353 0.0259999999999536 0.0219999999999345

 10886 86 100 5 0.95 0.00700000000000012 0.288 648.642 0.0190000000000055 0.999957972224781 0.00751473400635842 0.00362680218994966 -0.00207302444055057 0.00318299111869392 0.947539022508 0.999954790294878 0.00193287867602271 0.00172232470613349 -0.00875047033360472 -0.00267286604567407 0.961395820356777 0.99995803092057 0.00751446749039924 0.00362714878461393 -0.00206169439206864 0.00317212605664185 0.947881802455138 0.999954928087301 0.00191751613378692 0.00174253437619062 -0.00873762223809299 -0.0026612886670402 0.96104690918748 0.00199999999995271 0.000999999999976353 0.0249999999999773 0.0270000000000437

 10893 93 100 5 0.95 0.0089999999999999 0.283 622.416 0.0189999999998918 0.999932045189077 0.0109798894154303 0.00284943675024944 0.00237879653275512 0.00125262511420417 0.947248345600336 0.999981233118943 0.00466042796332953 0.00308360663975111 -0.00224621243376373 -0.00112237289315684 0.952822064583879 0.999932225692069 0.0109660239893227 0.00283446749497713 0.00239285762949118 0.00123707993131711 0.947609631014117 0.999981202709565 0.00466171022325992 0.0030927361446714 -0.00224621487168369 -0.00111901171386876 0.952748222658556 0.00300000000004275 0.00100000000009004 0.0249999999999773 0.0240000000000009

 10876 76 100 5 0.95 0.00700000000000012 0.289 719.296 0.0190000000000055 0.999907783969432 0.00369756196495143 0.00956506213630338 -0.0055998302729453 -0.00692120510441282 0.940943051710994 0.999974856991324 -0.00138918670394432 0.00170282046069355 0.00673420438949425 -0.000326250212577929 0.942839970741666 0.999907819454357 0.00369250289763151 0.00956332769471967 -0.00560257443316129 -0.00691895508788314 0.940890121030339 0.999974813465321 -0.00139442648168758 0.00170434028797476 0.00673912884042187 -0.000327683441679719 0.942695326616673 0.00299999999992906 0.000999999999976353 0.0240000000000009 0.0249999999999773

 10877 77 100 5 0.95 0.00700000000000012 0.286 721.384 0.0190000000000055 0.99995705694667 0.00102165645172238 -0.00130379918959769 0.00244662331647761 0.00878377041302645 0.953807820829463 0.999926750643386 -0.00289399102252244 -0.0095827198907919 -0.00664770915856137 -0.00144831148538023 0.946157211612213 0.999957021530697 0.00102487777095149 -0.00129789214333592 0.0024504519714105 0.00878723381571314 0.953714630754458 0.999926723388706 -0.00288797279779386 -0.00957726139480572 -0.00666249546496531 -0.0014473025253518 0.945780770090134 0.00200000000006639 0.000999999999976353 0.0249999999999773 0.0240000000000009

 10871 71 100 5 0.95 0.00800000000000001 0.295999999999999 763.642 0.0190000000000055 0.999951812871657 0.00158953175158267 -0.00917788500991194 0.00196399338732002 -0.00239884976953991 0.95202396668505 0.999970162948675 0.00232780413717183 0.00382343361054402 -0.000338872992988961 -0.00628657783057095 0.956822803374098 0.999951817180826 0.00158684637224051 -0.00917713422377155 0.00196607880311882 -0.00239999519446137 0.95196327464909 0.999970200042504 0.00232963296260863 0.00381670302164569 -0.000355858488038181 -0.00628315048319834 0.95662832747489 0.00300000000004275 0.000999999999976353 0.0240000000000009 0.0249999999999773

 10892 92 100 5 0.95 0.00800000000000001 0.285 644.766 0.0190000000000055 0.999967071066709 0.00299864152466996 -0.00738209749482587 -0.00117930987695721 0.000989341227220735 0.954060444950997 0.999916791257326 -0.0031758920731121 0.00625098840556535 0.00750561573891302 0.00780481566252612 0.949133923929649 0.99996707668537 0.00300007467725282 -0.00738166806106289 -0.00118113579816111 0.000980302050058007 0.953960503765255 0.999916811445111 -0.003170380691323 0.00624516900874118 0.00751519969992272 0.00779990469406873 0.949273571785878 0.00200000000006639 0.000999999999976353 0.0240000000000009 0.0209999999999582

 10881 81 100 5 0.95 0.00700000000000012 0.295 702.855 0.0179999999999154 0.99989497175216 -0.0109827278964296 -0.00067003550771762 0.00159362411671187 0.00929712683002117 0.953964563399657 0.999869038382451 -0.00395018781479589 0.00727089621652144 0.0128959448370307 -0.00520872108575649 0.949889743419652 0.999895014603607 -0.0109824212682348 -0.000671942802258746 0.00159109915153042 0.0092931743931122 0.953871627982577 0.999869060916879 -0.00395016601416512 0.00726699820782771 0.0128967531205132 -0.00520785038708212 0.949932933277545 0.00300000000004275 0.000999999999976353 0.0219999999999345 0.0209999999999582

 10888 88 100 5 0.95 0.00599999999999978 0.286 676.863 0.0180000000000291 0.999859623292082 -0.0016293500332708 -0.00254070031045015 -0.0145096705701807 0.00781621587228362 0.953814198400583 0.999948268944502 0.000288852076992442 -0.00115299864116601 -0.000304036058150324 -0.0100972350462618 0.956987164681552 0.999859659425715 -0.0016259794124701 -0.00253915178945025 -0.0145079602348608 0.00781597351943469 0.95371574399116 0.999948270759532 0.00028090024646905 -0.00117543655750979 -0.000295461216807874 -0.0100949468369757 0.956793866273369 0.00200000000006639 0.000999999999976353 0.0240000000000009 0.0230000000000246

 10891 91 100 5 0.95 0.00700000000000012 0.284000000000001 652.652 0.0190000000000055 0.999944768439952 -0.00663099383105669 0.00718654089539834 -0.00100668556587846 -0.00371889829301967 0.951220842286181 0.999915301562135 0.00394804906463838 0.00523639738226905 -0.00934159769695065 -0.00625438289612784 0.946223915390531 0.99994483524191 -0.00662515645636413 0.00718343841257714 -0.00100373219826255 -0.00371813248891799 0.951170650035735 0.999915230051379 0.00393323106450316 0.00525178466674413 -0.00934466475972338 -0.00625766753941415 0.945838657824451 0.00200000000006639 0.000999999999976353 0.0240000000000009 0.0220000000000482

 10875 75 100 5 0.95 0.00600000000000023 0.287999999999999 757.107 0.0180000000000291 0.999979873844606 0.00325211661868102 -0.00139519908258711 -0.000920517680905368 0.00518475746231445 0.950323849115139 0.99992871113326 0.00975039471801758 -0.00231778406356632 -0.00434914295311809 0.00481822444760197 0.945846678205049 0.999979871321874 0.0032518430234945 -0.00139581712962197 -0.000919212199503532 0.00518548083715383 0.950304735795979 0.999929107433152 0.00970295578554549 -0.00232024490533968 -0.00435562821747618 0.00482469930404867 0.945539000928381 0.00300000000004275 0 0.0219999999999345 0.0220000000000482

 10889 89 100 5 0.95 0.00700000000000012 0.281 699.873 0.0170000000000528 0.999912126105628 0.0119877609938137 0.00512640935386735 -0.00149601518819977 0.00187497172537195 0.942354287738893 0.999944171629454 -0.00231366909651103 0.00331863715874581 -0.00619327966770114 0.00754522988134044 0.950512814577706 0.999912088737306 0.0119948202816152 0.00511810387468452 -0.00149937236438752 0.00186975363359883 0.942249412954146 0.999944176920063 -0.00231395834219227 0.00332050011981099 -0.00619180839744225 0.00754482790870508 0.950471919420358 0.00299999999992906 0.000999999999976353 0.0219999999999345 0.0190000000000055

 10896 96 100 5 0.95 0.00800000000000001 0.289 626.466 0.0180000000000291 0.99990063715938 0.00196327294007883 -0.0105731514917201 0.00846923070564108 0.00336778360588751 0.951643617629013 0.99998958548826 0.00298381370398828 0.000541922945922781 -0.00225142182147383 -0.00256187238160073 0.953271332259241 0.999900680159422 0.00196374363240818 -0.0105715627569918 0.00846690033790184 0.00336558868758813 0.951588267278623 0.999989575190699 0.00298863895197685 0.000541989394160576 -0.00224972165821691 -0.00256174688384158 0.953184609207744 0.00200000000006639 0.000999999999976353 0.0219999999999345 0.0220000000000482

 10897 97 100 5 0.95 0.00700000000000012 0.293 586.414 0.0170000000000528 0.99993694770936 0.00879983714276673 -0.00596858256938069 0.00314679521863905 -0.00177120690882082 0.951062633828713 0.999959298901917 -0.00881054211530192 -0.000736604638627024 0.000793889833631852 -0.00161308392800342 0.948878625582021 0.999936940270029 0.00880090994184017 -0.0059676284298413 0.00314664188103018 -0.00177356234858385 0.951013620289889 0.999959322419746 -0.00880715688189164 -0.000745814609401627 0.000782280007086986 -0.00161842270685708 0.949062028161719 0.00300000000004275 0 0.0220000000000482 0.0209999999999582

 10898 98 100 5 0.95 0.00800000000000001 0.286 618.606 0.0179999999999154 0.999985461951759 -0.000900654203720144 -0.0032697553240439 -0.00223882683422808 -0.00354415880858075 0.944104186006586 0.99986241634779 -0.00883129438555263 -0.0112808407509042 -0.00775739770710383 -0.00311801658136591 0.950615304520521 0.999985497618275 -0.000898416053986322 -0.0032744131394219 -0.00222942556773361 -0.0035362808082985 0.943901821609873 0.999862389315337 -0.00883237438160157 -0.0112816483523566 -0.00775742987200339 -0.00312062295743452 0.950573654459098 0.00300000000004275 0 0.0219999999999345 0.0190000000000055

 10900 100 100 5 0.95 0.00700000000000012 0.286 587.878 0.0169999999999391 0.999852886146986 -0.0024782688566981 -0.00208543768087461 -0.000263616484678001 -0.0168417844376612 0.950716675715289 0.999955723810785 0.00283588972883359 0.00340743775601733 -0.00290200294867532 0.00777662486686622 0.945308920918602 0.999852878134289 -0.00247771278433199 -0.00208850251740468 -0.000261170964671542 -0.016842000264179 0.950672419789593 0.999955636178227 0.00284878303415163 0.00342441395454408 -0.00288925997351768 0.00778046762698149 0.945034972751976 0.00199999999995271 0.00100000000009004 0.0220000000000482 0.0199999999999818

 10899 99 100 5 0.95 0.00600000000000023 0.289 635.55 0.0170000000000528 0.999925275508516 0.00772195712894059 -0.00176112956175414 3.99913064926155e-05 0.00931190639335189 0.953721181726638 0.999961289229039 0.000430558209138706 -0.00846933627627772 0.00123512276054671 0.00199486286029166 0.948089960133974 0.999925313633465 0.00773067055878373 -0.00175912955925098 4.36247981003047e-05 0.00930093800636266 0.953623444483587 0.99996121314461 0.00045319050178295 -0.00848667101540858 0.00123205109004077 0.00195583483897912 0.948356666599334 0.00199999999995271 0.000999999999976353 0.0240000000000009 0.0219999999999345

 10901 1 500 5 0.95 0.0129999999999999 0.308 2917.269 0.0770000000002256 0.99999027326936 0.00067671772903519 -0.000435520105567539 -0.00196055404180416 -0.0038680705619228 0.950526801730021 0.999985677471363 -0.000921338955943022 0.00328987702088376 0.00332570936109106 0.00243153307613676 0.948174918602799 0.999990268179634 0.000676609194625437 -0.000434288648215965 -0.00196076378733745 -0.00386943726675782 0.950486656409196 0.99998568175742 -0.000917628978792426 0.0032861237159038 0.00333107788693581 0.0024288985653643 0.948439613859548 0.00199999999995271 0.000999999999748979 0.0360000000000582 0.0399999999999636

 10907 7 500 5 0.95 0.012 0.312 2847.059 0.0779999999999745 0.999982086918598 -0.00013591700610012 -0.00406166805410433 0.00241331004329365 0.00367235016665553 0.949872664778722 0.999996974028829 -0.000573453204883913 -0.00104711538676455 0.00213281641433204 -0.000278797627279085 0.946538191246855 0.99998209174755 -0.000134440065830017 -0.00406123742245779 0.00241204343867031 0.00367239800549178 0.949917974761904 0.999997005082765 -0.00057815397516865 -0.00103994273295085 0.00212130140913647 -0.000272328706398092 0.946143935494349 0.00299999999970169 0.000999999999748979 0.0370000000002619 0.0379999999995562

 10905 5 500 5 0.95 0.0139999999999998 0.313 2925.699 0.0770000000002256 0.999991978376952 -0.000524806263017747 -0.00366069757929251 -0.00105442529864525 0.00112037523144593 0.94776646971017 0.999994930711873 -0.00102711118705456 -7.98047384341305e-05 0.00146876335762462 0.00263058141274232 0.950418556269995 0.999991954505218 -0.000530634305605267 -0.00366173984666837 -0.00106280981413108 0.00112758532383811 0.948073155027925 0.999994932516774 -0.00102691662146608 -8.1597399789237e-05 0.00146798195507825 0.00263035242295276 0.950387094572197 0.00299999999970169 0.00100000000020373 0.0399999999999636 0.0340000000001055

 10910 10 500 5 0.95 0.012 0.319 2917.544 0.0769999999997708 0.999973918599267 -0.00576212247999787 0.004346642628491 -2.59530564651821e-05 0.000257079855452972 0.952389850703108 0.999985194666379 -0.00204231647554561 0.00502833353673568 0.000230199984377844 -0.00031978315911735 0.947621602759175 0.999973894087905 -0.00576496512100671 0.00434843249111169 -2.77835451625692e-05 0.000258230073173327 0.952320903455721 0.999985182103668 -0.00204018159184585 0.00503111751483008 0.00023621237524707 -0.000324487952394302 0.947942138307011 0.00300000000015643 0.000999999999748979 0.0399999999999636 0.0389999999997599

 10904 4 500 5 0.95 0.012 0.313 2976.508 0.0769999999997708 0.999984794594438 0.00149024879528672 -0.000699144790080813 0.001184156136065 0.00512822671639458 0.952556777783917 0.999984062864098 0.000258032846429184 0.00501794641510624 0.00254358720112661 0.000397259094323382 0.952039768167345 0.999984784306126 0.00149125517272757 -0.000697589133662934 0.00118193404987529 0.00513066423998033 0.952487875081724 0.999984070954158 0.000258436523183056 0.00501686660614269 0.00254237728961401 0.000398014681188234 0.951978159641348 0.00199999999995271 0.000999999999748979 0.0380000000000109 0.0369999999998072

 10906 6 500 5 0.95 0.0130000000000003 0.308000000000001 2961.756 0.0790000000001783 0.999986804421689 -0.00113832488333426 0.000950273818160935 -0.00420099607377011 -0.00255808729672236 0.949490630350087 0.999996964614571 -0.000348658770539899 -0.000923916004901711 0.00100091463240874 -0.00202330121828177 0.952028806045739 0.999986785575779 -0.00113916560217677 0.000950840527242045 -0.00420317261860074 -0.00256129220953704 0.949587135587553 0.999996967336667 -0.000347444638547547 -0.000923543494353536 0.000998705021162945 -0.00202342664481989 0.951968033926262 0.00300000000015643 0.00100000000020373 0.0369999999998072 0.0360000000000582

 10908 8 500 5 0.95 0.0129999999999999 0.309 2988.641 0.0770000000002256 0.999980681253821 -0.00484952143063228 -0.00333544344793069 5.70131968808162e-06 -0.00199851083041159 0.952423529733447 0.999987001361364 0.000178997194826141 -0.00137316851971587 -0.00288142753320036 0.003972008547265 0.950050042317286 0.999980677843517 -0.00485097014238098 -0.00333481537856081 5.90444729970413e-06 -0.00199774868954612 0.952358597116776 0.999987004771952 0.000179387666228563 -0.00137251178627818 -0.00288151914240545 0.00397129275081343 0.950070044637003 0.00299999999970169 0.000999999999748979 0.0380000000000109 0.0340000000001055

 10919 19 500 5 0.95 0.0139999999999998 0.311 2877.48 0.0779999999999745 0.999975252179186 0.00184911587457663 0.00196690730884143 0.00617210393865252 0.00202785804826356 0.953215343180721 0.999981226655799 -0.00264549091681373 0.00318007149733964 0.00423010097374418 -0.00159408431303232 0.945908482954719 0.999975252824383 0.00185158375354409 0.00196626495882751 0.00617112303148999 0.00202889601920265 0.953136556494512 0.999981146700341 -0.00264340495691798 0.00318973084909335 0.00423867404439089 -0.00160558822878396 0.94556392634674 0.00300000000015643 0.000999999999748979 0.0380000000000109 0.0380000000000109

 10914 14 500 5 0.95 0.012 0.309 2936.198 0.0779999999999745 0.999964098697019 0.00159925224445786 -0.00676129593174247 -0.00341754027348575 0.00344223838809941 0.950441499626711 0.999988049334883 0.00172495253422849 0.000463810989502662 -0.00418805316989308 0.00178067857359727 0.951343929262008 0.999964093418919 0.00159900809176733 -0.00676167696323229 -0.00341814509132754 0.00344253609730723 0.950406177383882 0.999988047665717 0.00172346069881071 0.000466705754328426 -0.00418846626402081 0.00178133237276022 0.951292454570677 0.00300000000015643 0.00100000000020373 0.0360000000000582 0.0370000000002619

 10911 11 500 5 0.95 0.012 0.314 3010.562 0.0769999999997708 0.999997134034031 -0.000334018335306084 0.00228168339776518 -0.000110445502158334 0.000634096316992666 0.948660610773556 0.99998805933521 -0.00179312880698791 -0.00415639196311484 -0.00161027881565604 -0.000892907647853378 0.949916597600973 0.999997133408753 -0.000332784116279607 0.00228303930496207 -0.000110895710888643 0.000630763570860634 0.948865025172442 0.999988060929321 -0.00179340079494128 -0.0041556329464738 -0.00161046626471566 -0.000893770456902548 0.949957433441587 0.00199999999995271 0.00100000000020373 0.0380000000000109 0.0360000000000582

 10913 13 500 5 0.95 0.012 0.308999999999999 2974.515 0.0770000000002256 0.999997525606548 0.00158736252471771 -0.00079686674280031 -0.000918137367409252 -0.000975237492106447 0.949345390625087 0.999993828961697 0.00143384548028219 -0.00110835204532959 0.00145399015510383 0.00263507002467735 0.950740323415651 0.999997525983028 0.0015844522389212 -0.000797435410000218 -0.000922297960252567 -0.000975193398944851 0.949458671510824 0.999993828894959 0.00143371574401964 -0.00110759466089518 0.00145431016044954 0.0026353077977152 0.950696903019196 0.00199999999995271 0.000999999999748979 0.0360000000000582 0.0360000000000582

 10909 9 500 5 0.95 0.0129999999999999 0.309 3038.896 0.0770000000002256 0.999964557840985 -0.00518764114069748 0.00360765549546735 -0.00555772823615971 -0.000260614576259111 0.953353994963062 0.999993693691347 0.000887094969979422 -0.00190884856525787 0.00128238984525855 -0.00255683661772283 0.950466309311958 0.999964549770665 -0.00518917713371487 0.00360668536418611 -0.00555847243917984 -0.000258548741666633 0.953271519015129 0.99999369160732 0.000888330269337426 -0.00190855986717196 0.00128097705993987 -0.0025581461845716 0.950428179496993 0.00199999999995271 0.000999999999748979 0.0370000000002619 0.0339999999996508

 10903 3 500 5 0.95 0.0129999999999999 0.306 3083.029 0.0769999999997708 0.999989395672511 -0.00145488526746707 0.00376357832437254 -0.00207303877371353 -0.000793624484876954 0.952884834310146 0.99999290749327 0.00118584765353844 -0.00206635756564891 -0.00288439404791283 -0.000434932047090119 0.947835585554626 0.999989398631588 -0.00145694895411042 0.0037624004293637 -0.00207170862100311 -0.000795167013229241 0.952808174672818 0.999992879111827 0.00118802042643444 -0.00206652410014464 -0.00289377662806596 -0.000431124200073422 0.948146938616324 0.00300000000015643 0.00100000000020373 0.0380000000000109 0.0389999999997599

 10915 15 500 5 0.95 0.0139999999999998 0.312 2998.979 0.0749999999998181 0.999988622522864 -0.0015714645646496 -0.0021115773815705 -0.000293417663688292 0.00396742624180727 0.950897415620431 0.999992052313712 0.00136831104258246 -0.00212231107940009 -0.00129622603203249 0.00279975499929661 0.953665849067986 0.999988622570445 -0.00157117039189757 -0.0021118498428617 -0.000293570720643556 0.00396737441346408 0.950852361239356 0.99999205980869 0.00136819722133416 -0.00212187298187323 -0.00129427832875736 0.00279836641505208 0.953572332876395 0.00199999999995271 0.00100000000020373 0.0370000000002619 0.0380000000000109

 10916 16 500 5 0.95 0.012 0.309 3065.749 0.0769999999997708 0.99999237303607 0.000433860776596275 0.00188501124304291 -0.00333426365119619 -0.000628532444462852 0.952503602744695 0.999986307980168 -0.00341623093214845 0.00230071924288774 -0.00227833690707825 0.00228672042777972 0.947560849745965 0.999992371677253 0.00043247450207699 0.00188509064519126 -0.0033345881283489 -0.000629689115560915 0.95243296999624 0.999986315015823 -0.00340868225023029 0.00231381555258594 -0.00227097137460248 0.00228902009507088 0.94789093040252 0.00300000000015643 0.000999999999748979 0.0380000000000109 0.0380000000000109

 10912 12 500 5 0.95 0.012 0.313000000000001 3117.783 0.0759999999995671 0.999964599621524 0.00158136667785039 -0.00163164779259599 -0.00436722699121021 0.0068237700051607 0.952811092015246 0.999966457811726 -0.004310032236504 0.0060090796478252 -0.00349071256651022 -0.000461260397281926 0.945416200565397 0.999964610291335 0.00158329906783061 -0.00162868376943141 -0.00436580021017837 0.00682337941672635 0.95273742113196 0.999966465295325 -0.00431150105139734 0.00600634597045945 -0.00349062678478941 -0.000467521326136328 0.945120639622724 0.00199999999995271 0.00100000000020373 0.0380000000000109 0.0370000000002619

 10917 17 500 5 0.95 0.012 0.31 3129.782 0.0769999999997708 0.999995157238788 -0.000903071455648553 -0.000480423598011675 -0.00159288778392773 -0.00247019484895896 0.951696173096238 0.999991519094574 0.00227940887601385 0.00217147330703655 0.000448492713280984 0.00261717253244854 0.950084720064174 0.999995158345771 -0.000903871324777975 -0.000480519212444364 -0.00159171516365447 -0.00247019144359314 0.951640067097775 0.999991518729045 0.00227914467297487 0.00217195477054306 0.000448552656663355 0.0026171325007648 0.950100629661432 0.00199999999995271 0.00100000000020373 0.0360000000000582 0.0329999999999018

 10902 2 500 5 0.95 0.0150000000000001 0.313000000000001 3328.312 0.0760000000000218 0.999986179536484 0.00102938329807194 -0.00337754929859363 0.00344398142432559 0.00181996119093253 0.947514937017681 0.999984647005369 -0.0011997291558059 -0.00301098050617091 -0.00399363444302964 -0.00206186416310591 0.951678024573686 0.999986262120987 0.00102013173324477 -0.00337002441124806 0.0034353773228969 0.00180997753016101 0.947837432682437 0.999984643508852 -0.00120056679562803 -0.00301138739190851 -0.00399377933868038 -0.00206219747219439 0.951620453437975 0.00300000000015643 0.000999999999748979 0.0369999999998072 0.0360000000000582

 10918 18 500 5 0.95 0.012 0.308 3236.199 0.0749999999998181 0.999989281630072 0.000552263034837666 -0.00198128341895534 0.00194213657779697 0.00366527652992722 0.950157017071651 0.999988478996469 0.00145503340361315 0.00303783999011756 0.00151256010216519 0.00306731841442647 0.949907182868248 0.999989281878199 0.000552465080635297 -0.00198138627944004 0.00194201423311429 0.0036651876062443 0.950162428831787 0.999988481656541 0.00145446076051949 0.00303763431884736 0.00151307095365803 0.003066674448825 0.949946842556682 0.00299999999970169 0.000999999999748979 0.0320000000001528 0.0330000000003565
