
 9840 40 1000 2 0.95 0.0209999999999999 0.475000000000001 5.232 0.584 0.999999477300785 0.00102244714180242 0.950743634754748 0.999999088441266 -0.00135022836476901 0.948455919824005 0.999999477640041 0.00102211527930059 0.950630208629036 0.999999094105673 -0.00134602668411417 0.948768984055214 0.00399999999999956 0.00199999999999889 0.288 0.185

 9856 56 1000 2 0.95 0.0180000000000002 0.452 3.523 0.334999999999999 0.999999941921197 -0.000340819017328936 0.948458956110671 0.99999969299528 -0.000783587485037904 0.947087206622008 0.999999941716733 -0.000341418409088229 0.948764282771739 0.999999693157987 -0.000783379813137722 0.947717637264872 0.00300000000000011 0.00199999999999889 0.157 0.169

 9846 46 1000 2 0.95 0.0230000000000001 0.442 3.726 0.34 0.99999374629027 0.00353657749107198 0.948860117596687 0.999998972011516 0.00143386746641843 0.94871747736577 0.999993762085331 0.00353210849586566 0.949068928426706 0.999998957329549 0.00144407057096302 0.948967927913242 0.00200000000000067 0.00199999999999889 0.153 0.152000000000001

 9865 65 1000 2 0.95 0.02 0.422 3.584 0.337 0.999999987159792 -0.000160251102924442 0.948716070869088 0.999994629755253 -0.0032772642028671 0.951879559208399 0.99999998689835 -0.00016187433280691 0.948960930608893 0.999994626563007 -0.00327823811107568 0.951722797385542 0.00200000000000067 0.00200000000000067 0.157 0.16

 9860 60 1000 2 0.95 0.02 0.462000000000001 3.768 0.335000000000001 0.999997916259746 -0.00204143972881926 0.952158187996053 0.999999275435974 -0.0012037971286234 0.944210508223191 0.99999791804383 -0.00204056560900823 0.951986707504787 0.99999927951189 -0.00120040647288234 0.943738638733247 0.00199999999999889 0.00200000000000067 0.174999999999999 0.158999999999999

 9844 44 1000 2 0.95 0.0190000000000001 0.423 3.702 0.331 0.999999207952787 0.00125860788154883 0.952470393387978 0.999999692655804 -0.000784020597440698 0.95333599503106 0.9999992106944 0.00125642770458069 0.952293331375098 0.999999697638086 -0.000777639849720593 0.953119547996179 0.00300000000000011 0.00100000000000122 0.169 0.161999999999999

 9843 43 1000 2 0.95 0.0209999999999999 0.420000000000001 3.418 0.334 0.999999881385552 -0.000487061477341105 0.951659657808747 0.999996770080188 -0.00254161940346524 0.952037365096638 0.999999881997806 -0.000485802814749983 0.95151641874135 0.999996760022705 -0.00254557343100615 0.951878600755803 0.00300000000000011 0.000999999999999446 0.162999999999998 0.159000000000001

 9852 52 1000 2 0.95 0.0180000000000002 0.445 3.868 0.334999999999999 0.999999903257772 0.000439868670172089 0.952112742613726 0.999999930414511 -0.000373056260006743 0.951323470767542 0.999999901745603 0.000443293113866317 0.951945271139274 0.999999929240874 -0.000376189109194283 0.951190613070744 0.00300000000000011 0.00199999999999889 0.170999999999999 0.159000000000001

 9863 63 1000 2 0.95 0.0220000000000002 0.422 3.777 0.331999999999999 0.999999960092759 0.000282514567718281 0.949837785450508 0.999998263044224 0.00186384241177518 0.949575550771996 0.999999960271912 0.000281879716311289 0.949781931882648 0.999998262955575 0.0018638899733351 0.949592875357166 0.00299999999999834 0.00199999999999889 0.140000000000001 0.125999999999999

 9868 68 1000 2 0.95 0.0209999999999999 0.434 3.669 0.327999999999999 0.999996976340805 0.0024591277412 0.948359641059932 0.999990253921086 0.00441498163554491 0.952703474808726 0.999996984929023 0.00245563288462858 0.948696665413918 0.99999020314112 0.00442646831917333 0.952514578923764 0.00300000000000011 0.000999999999999446 0.157 0.16

 9847 47 1000 2 0.95 0.0209999999999999 0.42 3.617 0.331 0.999998994687025 0.00141796506972603 0.953542012800798 0.999999668597968 -0.000814127726251731 0.947709756792279 0.999998992502123 0.00141950510327309 0.953312497207597 0.999999672325814 -0.000809535833255266 0.948224453092354 0.00300000000000011 0.00200000000000067 0.169 0.161000000000001

 9849 49 1000 2 0.95 0.0200000000000005 0.417000000000001 3.444 0.335000000000001 0.999999848669756 0.000550145857951244 0.948769472627405 0.999999316129002 -0.00116950482225866 0.952105503026591 0.999999844681337 0.000557348456167602 0.949004353475073 0.999999312960074 -0.00117221132019697 0.951945525374955 0.00399999999999956 0.00100000000000122 0.151 0.152999999999999

 9855 55 1000 2 0.95 0.0229999999999997 0.438000000000001 3.685 0.339 0.999999987133111 -0.000160417512805832 0.948907091416651 0.99999848123774 0.00174284887860723 0.94841933416557 0.999999986963035 -0.000161474237378248 0.949099086411072 0.999998491673615 0.00173685074043371 0.948742255992273 0.00300000000000011 0.00200000000000067 0.146000000000001 0.148

 9861 61 1000 2 0.95 0.0210000000000008 0.416 3.772 0.336 0.999996210822003 0.00275287879056337 0.944998562743587 0.99998205375885 0.00599100661267838 0.947809951669429 0.999996197192319 0.00275782539323782 0.944433275018061 0.999982002783506 0.00599950907057532 0.948274582011654 0.00300000000000011 0.00199999999999889 0.156000000000001 0.15

 9867 67 1000 2 0.95 0.0179999999999998 0.420999999999999 3.724 0.334999999999999 0.999982057217978 -0.00599042920839797 0.950854972187164 0.999999530961403 0.000968543738805396 0.951582590824639 0.999982040333657 -0.00599324704456066 0.950735810819153 0.999999530657256 0.000968857712434292 0.95144093885671 0.00300000000000011 0.00100000000000122 0.169 0.159000000000001

 9841 41 1000 2 0.95 0.0300000000000002 0.418 3.791 0.340999999999999 0.999998604944088 0.00167036219935232 0.95230159092919 0.999998076673991 0.00196128741383252 0.949071600626536 0.999998602993113 0.00167152978485051 0.952127638713682 0.999998070608359 0.0019643776518596 0.949229513910345 0.00300000000000011 0.00100000000000122 0.171000000000001 0.148000000000001

 9853 53 1000 2 0.95 0.0199999999999996 0.415 3.699 0.329000000000001 0.999997752784997 -0.00212000588602048 0.950055600621156 0.999997024252489 0.00243956679908075 0.953791275059846 0.999997755171495 -0.00211887988587595 0.949959237594485 0.999997014524275 0.00244355121433281 0.953558198915073 0.00200000000000067 0.00100000000000122 0.157 0.159000000000001

 9866 66 1000 2 0.95 0.0199999999999996 0.422000000000001 3.695 0.334 0.999999801875558 -0.000629482997311498 0.952948855405389 0.999999579387464 0.0009171831309128 0.951295465188921 0.999999802632541 -0.000628279299995312 0.952747889038377 0.999999578584317 0.000918058380128802 0.951161357151122 0.00300000000000011 0.00199999999999889 0.175000000000001 0.16

 9851 51 1000 2 0.95 0.0190000000000001 0.415 3.572 0.334 0.999998405781679 0.00178561868835212 0.949071012777947 0.999994564334294 0.00329716573235631 0.945271630107168 0.999998412831226 0.00178166636265622 0.949221363652667 0.99999455328498 0.00330051516783135 0.944649577238299 0.00300000000000011 0.00100000000000122 0.144 0.151

 9848 48 1000 2 0.95 0.0199999999999996 0.423999999999999 3.783 0.332000000000001 0.999998108328184 0.0019450809888403 0.950458884342519 0.999990732403981 0.00430524170628821 0.950735556610393 0.999998112643834 0.00194286097567541 0.950351568251084 0.999990751882477 0.00430071500089541 0.950623158362692 0.00300000000000011 0.000999999999999446 0.16 0.151

 9854 54 1000 2 0.95 0.0190000000000001 0.431 3.753 0.349 0.999992846562276 -0.00378243628855517 0.946061303160296 0.999998598710725 0.0016740897783734 0.951388284529596 0.999992822699512 -0.00378873982502255 0.945305918663372 0.999998602722992 0.00167169137790027 0.951251055738525 0.00300000000000011 0.00199999999999889 0.161 0.158999999999999

 9845 45 1000 2 0.95 0.0180000000000007 0.453 3.881 0.337 0.999998424942225 -0.00177485578853262 0.950855756414506 0.999994502356332 -0.00331590969585477 0.950887582032199 0.999998417769555 -0.00177889246048793 0.950738332691701 0.999994501130318 -0.00331627941013042 0.950766555001077 0.00300000000000011 0.00200000000000067 0.164000000000001 0.178000000000001

 9871 71 1000 2 0.95 0.0170000000000003 0.425 3.777 0.333 0.999995929782236 0.00285314194562041 0.949667216065347 0.99999320893569 -0.00368538770029798 0.948100890984599 0.999995930025705 0.00285305661107682 0.949659045806334 0.999993240255899 -0.00367687945234059 0.948499609325534 0.00200000000000067 0.00199999999999889 0.131 0.171999999999999

 9859 59 1000 2 0.95 0.0199999999999996 0.435 3.808 0.332999999999998 0.999996078215003 -0.00280063468040455 0.948107410885165 0.99999918131617 -0.00127959641649015 0.950143743313284 0.999996097684877 -0.00279367410722553 0.948506508187212 0.999999175302576 -0.00128428741667278 0.950048329728398 0.00200000000000067 0.00200000000000067 0.159000000000001 0.173

 9857 57 1000 2 0.95 0.0219999999999994 0.434 3.645 0.334 0.999996890849418 -0.00249365023553784 0.949537534272575 0.999998633656716 -0.00165308339224297 0.94934846600186 0.999996888972813 -0.00249440267299574 0.949565633052013 0.999998629790805 -0.00165542034307347 0.949428620107342 0.00199999999999889 0.00200000000000067 0.133999999999999 0.138999999999999

 9870 70 1000 2 0.95 0.024 0.431 3.786 0.346 0.999999991631222 -0.000129373703254204 0.94915423901466 0.999997797030342 -0.00209903179161032 0.952213181883717 0.999999991419421 -0.000131000601898607 0.949286564060326 0.999997796348624 -0.00209935654346616 0.95204544373472 0.00300000000000011 0.00199999999999889 0.148999999999999 0.157999999999999

 9862 62 1000 2 0.95 0.0209999999999999 0.408 3.905 0.347999999999999 0.999987272385631 -0.00504530145236955 0.953101473011325 0.999999419432705 0.0010775593965864 0.950699959986407 0.999987328094368 -0.00503424777767566 0.952894722998414 0.999999419152937 0.00107781899610044 0.950587670398477 0.00199999999999889 0.000999999999999446 0.164000000000001 0.164999999999999

 9842 42 1000 2 0.95 0.0210000000000008 0.427 3.772 0.341000000000001 0.99999999670831 8.11380315608428e-05 0.950970466898487 0.999997987395251 -0.00200629146615301 0.949830954203974 0.999999996711982 8.10927681157577e-05 0.950851687351728 0.999997987485117 -0.00200624667350817 0.949778330355276 0.00300000000000011 0.00200000000000067 0.156000000000001 0.125999999999999

 9850 50 1000 2 0.95 0.0229999999999997 0.428 3.876 0.366000000000001 0.99999369585971 -0.00355080847656168 0.950615648716618 0.999999704138787 -0.000769234904259932 0.948045574274815 0.999993705703979 -0.00354803500891812 0.950508156190162 0.999999702103831 -0.000771875799203868 0.948455172648763 0.00300000000000011 0.00100000000000122 0.157999999999999 0.149000000000001

 9858 58 1000 2 0.95 0.0199999999999996 0.418 3.694 0.359 0.99999941328786 -0.0010832469410649 0.950790737314825 0.99999411948604 -0.00342943046880603 0.947883179144412 0.999999411866854 -0.00108455794952436 0.950672144829179 0.999994118617483 -0.0034296837234541 0.948350569214342 0.00300000000000011 0.00200000000000067 0.161000000000001 0.176

 9869 69 1000 2 0.95 0.0209999999999999 0.443000000000001 3.73 0.339 0.999999999969558 -7.80276468491615e-06 0.951229278609569 0.999997971512199 -0.00201419251487774 0.952334649498351 0.999999999962426 -8.66874479035258e-06 0.951093354146109 0.999997978539204 -0.00201070074974542 0.952156161951869 0.00199999999999889 0.00200000000000067 0.169 0.181999999999999

 9872 72 1000 2 0.95 0.0209999999999999 0.44 3.824 0.347 0.999998449744825 -0.00176082592737669 0.950419072181623 0.999990140853329 -0.00444051755305533 0.951479864177451 0.999998451646604 -0.00175974554847003 0.950315337049831 0.999990136819648 -0.00444142583217427 0.951340912341218 0.00300000000000011 0.000999999999999446 0.16 0.154

 9864 64 1000 2 0.95 0.0199999999999996 0.425000000000001 3.826 0.357999999999999 0.999999993463813 -0.000114334484483664 0.948208051664971 0.999999350955744 0.00113933668845957 0.951840477682308 0.999999993355311 -0.000115279568722753 0.94858378880996 0.99999935140299 0.00113894407183973 0.951685834594748 0.00300000000000011 0.00200000000000067 0.155999999999999 0.170999999999999

 9873 73 1000 2 0.95 0.0219999999999998 0.41 3.713 0.331 0.999999860133612 -0.000528897679846745 0.95088429562039 0.999999080578653 0.00135603902883896 0.951274061577998 0.999999862376197 -0.000524640436355176 0.950764295293923 0.999999077229703 0.00135850643830412 0.951141806332686 0.00199999999999889 0.00199999999999889 0.18 0.157

 9882 82 1000 2 0.95 0.0179999999999998 0.394 3.458 0.325000000000001 0.999996250155917 0.00273855328665071 0.948480639025493 0.999991742352177 0.0040638931404717 0.946485617483548 0.999996268153712 0.00273197339821791 0.948789157703866 0.999991762414375 0.00405895348494652 0.945659948930004 0.00300000000000011 0.00199999999999889 0.176 0.152999999999999

 9876 76 1000 2 0.95 0.0190000000000001 0.396 3.601 0.327 0.999999976990504 0.000214520377115381 0.949156627687753 0.999999766828001 0.000682893801934102 0.951416920058074 0.999999978545891 0.000207142990616177 0.949285679683193 0.999999764012788 0.00068700390702764 0.951277102038994 0.00300000000000011 0.00200000000000067 0.151 0.158999999999999

 9892 92 1000 2 0.95 0.0209999999999999 0.399 3.641 0.324999999999999 0.999998043241143 -0.00197826031789033 0.952296873035498 0.999997145073618 -0.00238952811527864 0.948633563587461 0.99999804357316 -0.0019780924782036 0.952121145678817 0.999997154606554 -0.00238553532673646 0.948900506156296 0.00300000000000011 0.00100000000000122 0.164 0.143000000000001

 9878 78 1000 2 0.95 0.0270000000000001 0.414000000000001 3.623 0.333 0.999999120758707 0.00132607760438255 0.949244951823688 0.999997999239631 0.00200037914787999 0.948151540463111 0.999999122475427 0.00132478238817522 0.949350447862674 0.999998014063962 0.00199295462344226 0.948545039857165 0.00300000000000011 0.00199999999999889 0.15 0.157

 9875 75 1000 2 0.95 0.0190000000000001 0.441 3.703 0.327 0.999999924443609 -0.000388732267175288 0.95176837062769 0.999999874842898 0.000500314089225647 0.95204600982499 0.999999925819625 -0.000385176250466863 0.951618966257924 0.999999872762255 0.000504455620867095 0.951882128070311 0.00200000000000067 0.00199999999999889 0.183 0.159000000000001

 9889 89 1000 2 0.95 0.0190000000000001 0.397 3.423 0.327 0.999999977567947 -0.000211811486537845 0.951629314310556 0.999998225990874 0.00188361755803197 0.950284477762023 0.999999977846123 -0.000210494068451416 0.951484459884317 0.999998226372984 0.00188341468779442 0.95017847735403 0.00199999999999889 0.000999999999999446 0.171000000000001 0.157

 9874 74 1000 2 0.95 0.02 0.422 3.76 0.346 0.999999585788999 0.000910176812517946 0.950321918981723 0.99999940974103 -0.00108651626437316 0.953647839379071 0.999999583757155 0.000912406443105994 0.950219444351086 0.999999398796144 -0.00109654336436902 0.953416706161693 0.00300000000000011 0.00200000000000067 0.161999999999999 0.164999999999999

 9881 81 1000 2 0.95 0.02 0.417000000000001 3.586 0.333 0.999999999931098 1.17389883705905e-05 0.94748629986191 0.999999388106388 0.00110624900015218 0.949047383020881 0.99999999989786 1.42926286706359e-05 0.94804862707422 0.999999385911031 0.00110823172748351 0.949205043638907 0.00200000000000067 0.000999999999999446 0.173 0.145999999999999

 9880 80 1000 2 0.95 0.0209999999999999 0.412 3.646 0.332000000000001 0.99999819299054 -0.00190105645724755 0.949030846486679 0.999994178282851 -0.00341224272375561 0.951612127481729 0.999998193826862 -0.00190061648269298 0.949205304923823 0.999994199463799 -0.00340602976432352 0.951465803666512 0.00200000000000067 0.000999999999999446 0.156000000000001 0.16

 9894 94 1000 2 0.95 0.0169999999999999 0.405 3.709 0.329000000000001 0.999999040203491 -0.00138549344901021 0.949405101353168 0.999999101735267 0.0013403464700315 0.949841857881034 0.99999903854624 -0.00138668907697228 0.94946916118426 0.999999101738542 0.001340344026564 0.949785744192715 0.00300000000000011 0.00200000000000067 0.145 0.130000000000001

 9883 83 1000 2 0.95 0.0189999999999997 0.417 3.697 0.335000000000001 0.999998532766203 -0.00171302814940899 0.950126357891942 0.999999675937592 0.000805061930070237 0.955505720263357 0.999998532021559 -0.00171346278816953 0.95002644571538 0.999999676756129 0.00080404454904624 0.955158338170482 0.00200000000000067 0.000999999999999446 0.163 0.164999999999999

 9877 77 1000 2 0.95 0.0179999999999998 0.422 3.686 0.334999999999999 0.999999694936188 0.000781106606550299 0.948762506176347 0.999999908173533 -0.000428547459673157 0.951329285901329 0.999999690186632 0.000787163667348526 0.94900502090298 0.999999907967563 -0.00042902781530788 0.951192810421832 0.00300000000000011 0.000999999999999446 0.155000000000001 0.157

 9886 86 1000 2 0.95 0.0180000000000002 0.406 3.668 0.329000000000001 0.999994447980324 -0.00333226777545698 0.95253130197881 0.999999330837654 -0.00115685964749724 0.949564351043283 0.999994448140526 -0.00333221969923814 0.952346577125003 0.99999933095534 -0.00115675791439347 0.949585539303022 0.00300000000000011 0.000999999999999446 0.163 0.127000000000001

 9890 90 1000 2 0.95 0.0169999999999999 0.406 3.623 0.335000000000001 0.999992917791866 -0.00376355764016828 0.946169919258646 0.999999961348602 -0.000278033801128791 0.944209133232723 0.99999301825877 -0.00373676781672061 0.945369494219095 0.999999965230254 -0.000263703414145417 0.943726594986717 0.00300000000000011 0.000999999999999446 0.166 0.163

 9879 79 1000 2 0.95 0.0179999999999998 0.419 3.825 0.331000000000001 0.999999881808721 0.000486191880411552 0.949558689443793 0.99998716641052 0.00506626235589 0.947881080223957 0.9999998818587 0.000486089072867916 0.94958090111852 0.999987206326371 0.00505837756407098 0.948330917302994 0.00300000000000011 0.000999999999999446 0.127999999999998 0.149000000000001

 9885 85 1000 2 0.95 0.0190000000000001 0.414 3.767 0.344999999999999 0.999998927209217 -0.00146477998866487 0.950186234636049 0.999983472955414 0.00574924482256558 0.949404788174806 0.999998932854765 -0.00146092071323279 0.95008882547091 0.999983466684941 0.00575033536138627 0.94946808363993 0.00200000000000067 0.00200000000000067 0.161 0.132999999999999

 9896 96 1000 2 0.95 0.0179999999999998 0.415 3.63 0.327 0.999999564350506 -0.000933433874848487 0.95140758903799 0.999999992210314 0.000124817351958856 0.951534241207932 0.999999565234301 -0.00093248657320502 0.951265469309056 0.999999992423751 0.000123095484978437 0.951392063046706 0.00200000000000067 0.000999999999999446 0.161 0.151999999999999

 9888 88 1000 2 0.95 0.0200000000000005 0.406000000000001 3.675 0.33 0.99997914043776 -0.00645900064697505 0.94902347196462 0.999999932424071 -0.000367630050471293 0.950627500355052 0.999979126129394 -0.00646121548110417 0.949192025879697 0.999999931164149 -0.000371041367506522 0.950512053331397 0.00300000000000011 0.00100000000000122 0.145 0.156000000000001

 9884 84 1000 2 0.95 0.0190000000000001 0.404 3.728 0.339 0.99998665110458 0.00516697325791342 0.951084861347834 0.999998429202599 -0.00177245376094054 0.950338339859846 0.999986657924141 0.00516565327013056 0.950959855921247 0.999998427701612 -0.00177330039849442 0.950236918058891 0.00199999999999889 0.000999999999999446 0.163 0.151

 9887 87 1000 2 0.95 0.0190000000000001 0.409999999999999 3.745 0.337000000000002 0.99999977143113 0.000676119581166038 0.950831558442454 0.999991772287392 -0.00405652037092956 0.948060848935417 0.999999772217298 0.000674955815667699 0.950713769394284 0.999991691134142 -0.00407647674811413 0.948481436538463 0.00199999999999889 0.00199999999999889 0.163 0.154

 9897 97 1000 2 0.95 0.0180000000000002 0.443000000000001 3.663 0.336 0.999999933136132 0.000365688025866116 0.947426806777124 0.999999689891957 0.000787537928620261 0.951492528936421 0.999999933298814 0.000365242887250137 0.94798878651049 0.999999687434709 0.000790651936410907 0.951351427355333 0.00300000000000011 0.00199999999999889 0.166 0.157999999999999

 9891 91 1000 2 0.95 0.0190000000000001 0.408 3.655 0.340999999999999 0.999999967699296 -0.000254168066503403 0.951069155809413 0.999999874205418 -0.000501586630898159 0.951664095634552 0.999999966644253 -0.000258285681820417 0.950940937352589 0.999999875138152 -0.000499723603127238 0.951515063633467 0.00300000000000011 0.00100000000000122 0.162000000000001 0.155999999999999

 9893 93 1000 2 0.95 0.0179999999999998 0.419 3.728 0.343999999999999 0.99999918245655 -0.0012787049038922 0.952504723029649 0.999996863472476 0.00250460480135915 0.947197252543598 0.999999179469238 -0.00128103897285241 0.952322536462063 0.999996886190186 0.00249551796858902 0.947805095087683 0.00300000000000011 0.00100000000000122 0.168000000000001 0.159000000000001

 9899 99 1000 2 0.95 0.0180000000000002 0.409999999999999 3.791 0.339 0.999997397400144 -0.00228148919337102 0.949581483613873 0.999982979769988 -0.00583439545581114 0.949689138474234 0.999997397879278 -0.00228127917492032 0.949597171979988 0.999982980961826 -0.00583419117788556 0.949675421387197 0.00300000000000011 0.00199999999999889 0.129 0.122

 9895 95 1000 2 0.95 0.0200000000000005 0.433 3.747 0.345000000000001 0.999999579164661 0.000917426019419744 0.95032107863367 0.999999807524531 0.000620444116092218 0.949592236030616 0.999999578486794 0.00091816460072869 0.950217258217028 0.999999807601897 0.000620319409391479 0.949598136771886 0.00300000000000011 0.00100000000000122 0.157 0.0990000000000002

 9898 98 1000 2 0.95 0.0169999999999999 0.424 3.939 0.337 0.999998900804886 0.00148269653668213 0.949876647110534 0.999999519352905 -0.0009804559954483 0.947609182604586 0.999998901762648 0.00148205043680384 0.949809321407682 0.999999505550781 -0.00099443360408622 0.948145781973025 0.00200000000000067 0.00200000000000067 0.132999999999999 0.157

 9900 100 1000 2 0.95 0.0179999999999998 0.435 3.798 0.347 0.999998875461404 -0.00149969194407256 0.954059572239854 0.999996646618066 0.00258973987549397 0.95097880990666 0.999998863301962 -0.00150777809490877 0.953801885269087 0.999996648384404 0.00258905773549277 0.950851298904949 0.00299999999999834 0.000999999999999446 0.163 0.159000000000001

 9902 2 2000 2 0.95 0.032 0.448 7.073 0.627000000000001 0.999996844235072 0.00251227385013586 0.95183794046518 0.99999995904941 0.000286183817967475 0.95249991158441 0.999996839768066 0.00251405128840948 0.951682385806835 0.999999958277203 0.000288869507232935 0.952315551047143 0.00300000000000011 0.00200000000000067 0.266 0.287000000000001

 9903 3 2000 2 0.95 0.0329999999999999 0.459000000000001 7.407 0.647 0.99999904165251 0.0013844472043865 0.950043622679709 0.999999148025458 -0.00130535372886958 0.953542073368149 0.999999038911555 0.00138642560761273 0.949948030780972 0.999999141661795 -0.00131021970392229 0.953314563932721 0.00300000000000011 0.00199999999999889 0.274999999999999 0.276

 9904 4 2000 2 0.95 0.0309999999999997 0.459 7.465 0.638999999999999 0.999999846615938 -0.00055386650007824 0.94908501588524 0.999998303835162 0.00184182702765152 0.948404951035158 0.999999847460309 -0.000552339893798338 0.949233621573478 0.999998304154019 0.00184165389961374 0.9487272135486 0.00399999999999956 0.000999999999999446 0.247 0.276

 9901 1 2000 2 0.95 0.0350000000000001 0.467 7.518 0.66 0.999999307599376 -0.00117677558084626 0.95074864775479 0.999999969995039 -0.000244969223098332 0.951116925952392 0.99999931355614 -0.00117170271357825 0.9506343027144 0.999999969832628 -0.000245631315968344 0.950988303997848 0.00399999999999956 0.00199999999999889 0.295 0.271000000000001

 9907 7 2000 2 0.95 0.036 0.477 7.364 0.626999999999999 0.999998481178924 -0.00174288262503282 0.947995558491692 0.999999999833352 1.82564229337754e-05 0.949542468636625 0.999998480537331 -0.00174325070775866 0.948424132371965 0.999999999832584 1.82984292486414e-05 0.949569064834631 0.00300000000000011 0.00200000000000067 0.261000000000001 0.216000000000001

 9910 10 2000 2 0.95 0.0379999999999998 0.472 7.126 0.628 0.999999283085658 0.00119742564271911 0.948691650509092 0.999999725555574 -0.000740870283033467 0.950043157434401 0.999999282926034 0.00119755894153829 0.948946465219398 0.999999728249634 -0.000737224970867059 0.949948577061772 0.00399999999999956 0.00199999999999889 0.248999999999999 0.25

 9906 6 2000 2 0.95 0.0340000000000003 0.500999999999999 7.507 0.638 0.999999763234104 0.000688136422443537 0.94997958572812 0.999998997638854 -0.00141588180530656 0.947765979489579 0.999999764463471 0.000686347581426879 0.949885304679871 0.999999000078725 -0.00141415754091141 0.94825313329036 0.00400000000000134 0.00200000000000067 0.254999999999999 0.287000000000001

 9911 11 2000 2 0.95 0.0350000000000001 0.499000000000001 7.317 0.681000000000001 0.999995607224809 0.00296403965665549 0.948814406480172 0.999999317198858 -0.00116858966990969 0.949327951611706 0.999995607803746 0.00296384433068243 0.949034108215519 0.99999931759039 -0.00116825457581942 0.949413259801606 0.00399999999999956 0.00200000000000067 0.25 0.244

 9916 16 2000 2 0.95 0.0390000000000001 0.514 7.222 0.626999999999999 0.999998861279885 -0.0015091185949354 0.948130291333262 0.999996353181018 -0.00270067115059744 0.948870763332217 0.999998863281053 -0.00150779196242008 0.948528271209026 0.999996342718611 -0.00270454236466648 0.9490773282739 0.00399999999999956 0.00200000000000067 0.259 0.241999999999999

 9905 5 2000 2 0.95 0.0379999999999998 0.473 7.836 0.654 0.999999987611185 -0.000157409119347456 0.947479895595273 0.999998757285694 0.00157652372869438 0.954396960195242 0.999999987320052 -0.000159247908164365 0.948030561710405 0.999998753710724 0.00157878972588095 0.954116473479998 0.00400000000000134 0.00200000000000067 0.273 0.307

 9914 14 2000 2 0.95 0.0360000000000005 0.483 7.135 0.632 0.99999755464892 0.00221149184518945 0.947844360380114 0.999988002836573 0.0048983857466343 0.949505560937053 0.999997570015659 0.00220453232604799 0.94831420744428 0.999988008313992 0.00489726742337734 0.949542743235358 0.00400000000000134 0.00200000000000067 0.265000000000001 0.228

 9909 9 2000 2 0.95 0.0389999999999997 0.498 7.409 0.645999999999999 0.999999893748219 -0.000460981074021456 0.950849327310799 0.999999979728097 0.000201354926531058 0.950421764440183 0.999999893383195 -0.000461772237753162 0.950728333199844 0.999999979178591 0.000204065719739999 0.950319369881455 0.00399999999999956 0.000999999999999446 0.276 0.279999999999999

 9913 13 2000 2 0.95 0.036 0.527 7.397 0.65 0.999999671405197 -0.000810672250566054 0.95056796460306 0.999999334130165 0.00115401006319014 0.95071435998513 0.999999671473716 -0.00081058772476336 0.950457670120048 0.999999336283346 0.00115214272850125 0.950601070617195 0.00399999999999956 0.00199999999999889 0.266 0.283000000000001

 9908 8 2000 2 0.95 0.0390000000000001 0.514 7.423 0.654999999999999 0.999998072583661 0.00196337183511352 0.951911921226699 0.99999700586192 0.00244709362193074 0.949768405511695 0.999998081094584 0.00195903219703098 0.951753202295056 0.999997004534286 0.00244763609554886 0.949732760193652 0.00399999999999956 0.000999999999999446 0.284000000000001 0.218999999999999

 9918 18 2000 2 0.95 0.0409999999999999 0.495 7.109 0.674000000000001 0.99999680386654 -0.00252829126189009 0.949759331748584 0.999993822404983 -0.00351498959759174 0.950805891418612 0.999996803437086 -0.00252846111496976 0.949725836885782 0.999993819839536 -0.0035157193763324 0.950687645423758 0.00399999999999956 0.00199999999999889 0.226000000000001 0.259

 9922 22 2000 2 0.95 0.0349999999999997 0.461 7.343 0.653 0.999996292883846 -0.00272290627196497 0.949569540171158 0.99999936442789 0.00112745013948582 0.951644461111032 0.99999629241037 -0.00272308015205362 0.94958878270107 0.999999360464788 0.00113095977595949 0.95149839914527 0.00400000000000134 0.000999999999999446 0.222000000000001 0.26

 9915 15 2000 2 0.95 0.0369999999999999 0.49 7.253 0.648 0.999999999982982 -5.83407847065842e-06 0.950766910575985 0.999999908182709 0.00042852604673513 0.947906657814333 0.999999999977426 -6.7191909227798e-06 0.950646682326832 0.999999904240255 0.000437629386302108 0.948353991347164 0.00300000000000011 0.00200000000000067 0.271999999999998 0.274000000000001

 9924 24 2000 2 0.95 0.048 0.472 7.327 0.654 0.999999940845825 0.000343959802937646 0.949711813921098 0.999999584739109 -0.000911329583062431 0.949308912722407 0.999999940851152 0.000343944317278241 0.949691433791156 0.999999585149068 -0.00091087962489158 0.949398392124939 0.00300000000000011 0.000999999999999446 0.226000000000001 0.231999999999999

 9912 12 2000 2 0.95 0.0340000000000003 0.505 7.705 0.666 0.999998759731167 0.00157497178594812 0.949878386540293 0.999999979912548 0.000200436779587409 0.94812507544968 0.999998762195714 0.00157340619011262 0.949811405868595 0.999999980767268 0.000196126143821336 0.948516866632954 0.00399999999999956 0.00200000000000067 0.24 0.27

 9925 25 2000 2 0.95 0.0350000000000001 0.461 7.305 0.669 0.999997353658831 0.00230058152093198 0.951900828484948 0.999999304232152 0.00117963350782099 0.949369587011899 0.999997355758154 0.00229966882393451 0.951743002582931 0.999999304279031 0.00117959376610024 0.949444547048918 0.00399999999999956 0.000999999999999446 0.270000000000001 0.251000000000001

 9919 19 2000 2 0.95 0.0379999999999998 0.491 7.564 0.666 0.999999815679692 0.000607157790729852 0.94977192603488 0.999998455804662 0.00175738108886529 0.949758730621001 0.999999814937235 0.000608379401515415 0.949736297737332 0.999998456384793 0.00175705094751404 0.949725070679858 0.00399999999999956 0.00100000000000122 0.222 0.222999999999999

 9927 27 2000 2 0.95 0.0350000000000001 0.465 7.36 0.648 0.999999848874949 0.000549772751660747 0.949799056204135 0.999994511734747 0.00331308019601921 0.949972676001865 0.999999848941782 0.000549651174681343 0.949755306133496 0.999994519458522 0.00331074809064991 0.949881175759381 0.00399999999999956 0.000999999999999446 0.222 0.234

 9921 21 2000 2 0.95 0.04 0.492999999999999 7.708 0.657999999999999 0.999999815421347 -0.000607583139514934 0.94901523101329 0.999999954839315 -0.000300535137480917 0.952650629405854 0.999999818441448 -0.000602591960565845 0.949182892470144 0.999999955609343 -0.000297961930430457 0.952469146913166 0.00399999999999956 0.00199999999999889 0.248000000000001 0.260000000000002

 9917 17 2000 2 0.95 0.0340000000000007 0.484 7.359 0.661 0.999997825598143 0.00208537742027722 0.949708603144809 0.999997778511582 -0.00210783583347673 0.950541661585522 0.999997825920282 0.00208522294023521 0.949689567408025 0.999997775427217 -0.00210929860798874 0.950430830562273 0.00300000000000011 0.00200000000000067 0.218999999999999 0.26

 9930 30 2000 2 0.95 0.0379999999999998 0.462000000000001 7.453 0.680999999999999 0.999997381096291 0.00228862416301918 0.948668721176808 0.999999999461308 3.28235195925898e-05 0.949583798897947 0.999997364532549 0.00229585015988295 0.948929401131266 0.999999999471829 3.2501407179491e-05 0.949599180572144 0.00300000000000011 0.000999999999999446 0.244999999999999 0.234999999999999

 9920 20 2000 2 0.95 0.0369999999999999 0.492 7.714 0.653 0.999998217964709 0.00188787377938309 0.950616230042891 0.999994228936402 -0.00339736572803808 0.950629109315101 0.999998219000293 0.00188732515549787 0.950504482511307 0.999994236307579 -0.00339519537328515 0.9505137809005 0.00300000000000011 0.00100000000000122 0.298999999999999 0.274000000000001

 9926 26 2000 2 0.95 0.0380000000000003 0.465 7.315 0.648000000000001 0.999999034565535 -0.00138955676316226 0.950356820132137 0.999993259795114 -0.00367156156713862 0.950346473651062 0.999999032061389 -0.00139135771252331 0.950249845700307 0.999993267429402 -0.00366948168925738 0.950242048379989 0.00300000000000011 0.00100000000000122 0.288 0.252000000000001

 9923 23 2000 2 0.95 0.032 0.494 7.442 0.688000000000001 0.999992847899423 0.00378208275962038 0.949513041912126 0.99999996137173 -0.000277950605052928 0.948008884641759 0.999992849018866 0.00378178676434623 0.949547968574177 0.999999961331168 -0.000278096499374805 0.948434156923339 0.00300000000000011 0.000999999999999446 0.234999999999999 0.259

 9929 29 2000 2 0.95 0.0410000000000004 0.479 7.254 0.659000000000001 0.99999985308102 0.000542068203781468 0.951873953464647 0.999999833377435 -0.000577273852770526 0.949719472323105 0.999999849351926 0.000548904477754321 0.951717393178583 0.999999832937823 -0.000578034882760876 0.949697348630234 0.00300000000000011 0.00100000000000122 0.268000000000001 0.212000000000002

 9932 32 2000 2 0.95 0.0339999999999998 0.474 7.608 0.679 0.999999938398827 0.000351001913416032 0.950032590807223 0.999999999141725 4.14312773502504e-05 0.948981433643347 0.99999993828488 0.000351326394582156 0.949936823736592 0.999999998913096 4.66241086785446e-05 0.949158651872077 0.00399999999999956 0.00199999999999889 0.252000000000001 0.242000000000001

 9931 31 2000 2 0.95 0.0330000000000004 0.487 7.585 0.673999999999999 0.999996783063968 -0.00253650580828413 0.949732946590986 0.999999692892296 -0.000783718899008772 0.950801399617315 0.99999678360614 -0.00253629205252151 0.949706225713963 0.999999691759201 -0.000785163360074053 0.950681429901656 0.00300000000000011 0.000999999999999446 0.241 0.261999999999999

 9928 28 2000 2 0.95 0.0330000000000004 0.496 7.499 0.67 0.999999986100096 0.000166732742939774 0.951633557145248 0.999999143500529 -0.00130881557481846 0.949961206579678 0.999999986371708 0.000165095682112793 0.951488386016559 0.999999145122298 -0.00130757587639262 0.949871307802065 0.00399999999999956 0.00200000000000067 0.273999999999999 0.226000000000001

 9933 33 2000 2 0.95 0.0329999999999999 0.436 7.273 0.625 0.999998748695979 0.00158196285533397 0.950610193442663 0.999999616848907 0.000875386794394814 0.952630679795554 0.999998748180094 0.0015822889259945 0.950497841880398 0.999999617249699 0.000874928829333559 0.952446813069095 0.00300000000000011 0.00199999999999889 0.258000000000001 0.256

 9935 35 2000 2 0.95 0.036 0.451 7.344 0.664000000000001 0.999999860175726 -0.000528818048406876 0.950494484667483 0.999999994645957 0.000103479879074292 0.948029967149176 0.99999986126813 -0.000526748251675692 0.950384995615683 0.999999995257869 9.73871806549574e-05 0.94845239964344 0.00300000000000011 0.00100000000000122 0.266 0.253

 9934 34 2000 2 0.95 0.032 0.457 7.591 0.689 0.999999254895237 0.00122074115647268 0.950171501278654 0.99999980205597 -0.000629196329051066 0.94977300022048 0.99999925653006 0.00121940121679388 0.950072292059074 0.999999801979403 -0.00062931800797091 0.949735277247359 0.00300000000000011 0.000999999999999446 0.264000000000001 0.229999999999999

 9936 36 2000 2 0.95 0.036 0.427 7.304 0.664999999999999 0.999999669069416 -0.000813548436366213 0.949240757067601 0.999999791219531 0.000646189518833557 0.951251715889576 0.999999670975103 -0.000811202616880163 0.949348677404181 0.999999792999598 0.000643428909281588 0.951119830049397 0.00300000000000011 0.00100000000000122 0.231 0.25

 9944 44 2000 2 0.95 0.0329999999999999 0.445 7.047 0.624000000000001 0.999996546634662 0.00262806368854877 0.949711311524533 0.999999908709985 0.000427293835757747 0.950063931544548 0.999996546598111 0.00262807759628933 0.949691312830764 0.999999908697883 0.000427322157704743 0.949968865917487 0.00300000000000011 0.00100000000000122 0.214 0.248000000000001

 9939 39 2000 2 0.95 0.0309999999999997 0.444 7.383 0.629 0.999999172209539 -0.00128669352897014 0.949751883245894 0.999997922648519 -0.00203830778994847 0.949411577363693 0.999999170887989 -0.00128772020851697 0.949720151971517 0.999997920351408 -0.00203943444571841 0.949473494219279 0.00300000000000011 0.000999999999999446 0.225999999999999 0.248000000000001

 9941 41 2000 2 0.95 0.036 0.442 7.229 0.66 0.999999141284917 0.00131050731704949 0.951664201581579 0.999997764274837 0.00211457923200337 0.950429004790533 0.99999914331095 0.00130896041431618 0.951517959418475 0.999997768192965 0.00211272551202804 0.950320547729541 0.00399999999999956 0.000999999999999446 0.263999999999999 0.257000000000001

 9937 37 2000 2 0.95 0.036 0.465 7.606 0.635 0.999998678355743 -0.00162581879889786 0.948020522173504 0.99999944000276 0.00105829776877346 0.946402898942587 0.99999869296134 -0.00161681032010301 0.948444493169132 0.999999431697563 0.00106611657518742 0.945571422829259 0.00300000000000011 0.00100000000000122 0.262 0.254999999999999

 9940 40 2000 2 0.95 0.0349999999999997 0.443000000000001 7.266 0.666 0.999999012054075 0.00140566385554755 0.950496289151092 0.999999854701419 -0.000539070626310775 0.949406827727679 0.999999007361015 0.00140899857528119 0.950388493335886 0.999999854595262 -0.000539267517278322 0.949469978620319 0.00300000000000011 0.00100000000000122 0.262 0.223000000000001

 9946 46 2000 2 0.95 0.0409999999999999 0.443 7.332 0.635 0.99999835840074 0.00181195911230405 0.947633922265248 0.999997258436444 0.00234160620003563 0.949651523182492 0.999998355846887 0.00181336800552285 0.94815406676003 0.999997258624153 0.00234152603640454 0.94964796895803 0.00400000000000134 0.000999999999999446 0.265000000000001 0.205

 9949 49 2000 2 0.95 0.0350000000000001 0.441 7.063 0.667999999999999 0.999998732028821 0.0015924637360283 0.949514621085743 0.99999795228107 -0.00202371778315409 0.951426993559739 0.99999873141181 0.00159285114546292 0.94954905580457 0.999997948784266 -0.00202544495393594 0.951290582433033 0.00300000000000011 0.00200000000000067 0.224 0.254000000000001

 9938 38 2000 2 0.95 0.032 0.478000000000001 7.595 0.672000000000001 0.999997909520828 0.00204473811870054 0.950411868477445 0.999998148236504 -0.0019244540950082 0.949531929662744 0.9999979046488 0.0020471194418291 0.95030709859114 0.99999814867515 -0.00192422614887477 0.949561790175517 0.00399999999999956 0.000999999999999446 0.262 0.24

 9947 47 2000 2 0.95 0.0349999999999997 0.455 7.216 0.669 0.999999661034152 0.000823366006322209 0.950622199643547 0.999999104831756 0.00133803426218123 0.947896501153758 0.999999661422646 0.00082289403492837 0.950509762043389 0.999999110217184 0.00133400331364379 0.948362098116481 0.00300000000000011 0.000999999999999446 0.265000000000001 0.253

 9943 43 2000 2 0.95 0.0379999999999998 0.453 7.344 0.632 0.999999994152117 -0.000108146960005742 0.948712121923432 0.999997855838787 -0.00207082539796524 0.951832886355252 0.999999994086947 -0.000108747897056532 0.948966624360051 0.999997855390329 -0.0020710419459081 0.951679274263651 0.00299999999999834 0.000999999999999446 0.254 0.254999999999999

 9955 55 2000 2 0.95 0.0409999999999999 0.443 7.112 0.631 0.999992897510545 0.00376894261893334 0.949917197329616 0.999998409842583 0.00178334301402662 0.949099136444076 0.9999928992084 0.00376849210931547 0.949837124604118 0.999998411403402 0.0017824675794702 0.949245520154465 0.00300000000000011 0.00200000000000067 0.237 0.229000000000001

 9951 51 2000 2 0.95 0.0329999999999999 0.443000000000001 7.255 0.634 0.999999719682844 -0.000748755122502548 0.945625744383781 0.999999300804605 0.0011825355388241 0.946402252626609 0.999999721198118 -0.000746728656536684 0.944935824127675 0.999999302308805 0.00118126284225052 0.945580687673549 0.00300000000000011 0.00100000000000122 0.257 0.245999999999999

 9950 50 2000 2 0.95 0.0409999999999999 0.448 7.52 0.629 0.999999843245285 -0.000559919105528604 0.948701681020366 0.9999998477977 0.000551728716867802 0.948867826629703 0.999999843649997 -0.00055919583490906 0.94895598439424 0.999999848432442 0.00055057705500398 0.94907210195919 0.00300000000000011 0.000999999999999446 0.247 0.231

 9953 53 2000 2 0.95 0.0339999999999998 0.447 7.357 0.696 0.999999993099838 0.000117474777324979 0.949506090883771 0.999999697672749 0.000777595274028435 0.951880828923231 0.999999993024657 0.000118113019389367 0.949542733431942 0.999999698625552 0.000776368988235848 0.951730970739893 0.00299999999999834 0.000999999999999446 0.221 0.254

 9945 45 2000 2 0.95 0.0419999999999998 0.456 7.524 0.648000000000001 0.999999660572836 0.000823926096144656 0.948670412001128 0.999999374306983 -0.00111865349552574 0.951669498191855 0.999999663685646 0.000820139375011571 0.948930600843005 0.999999372766847 -0.0011200294247017 0.951523289927439 0.00399999999999956 0.00200000000000067 0.246 0.259

 9957 57 2000 2 0.95 0.0390000000000001 0.45 7.146 0.640000000000001 0.999999557162343 0.0009411031386439 0.948885008007333 0.99999959806029 0.000896593140234084 0.949374186728265 0.999999558562519 0.000939614159216961 0.949086895558094 0.999999598806852 0.000895760087990026 0.949447267890765 0.00400000000000134 0.00199999999999889 0.241999999999999 0.229000000000001

 9956 56 2000 2 0.95 0.0319999999999996 0.44 7.145 0.664000000000001 0.999999999177078 4.05689882476671e-05 0.950386611899995 0.999999989757165 -0.000143128156845587 0.948484509308186 0.999999999300434 3.7404965328701e-05 0.950279095508172 0.999999990455843 -0.000138160463402753 0.948788453100742 0.00399999999999956 0.000999999999999446 0.259 0.234999999999999

 9948 48 2000 2 0.95 0.0349999999999997 0.466 7.422 0.642000000000001 0.999999314523019 0.00117087723136337 0.949836771599262 0.999991719807756 0.00406943680701758 0.950707012250572 0.99999931082449 0.00117403174769161 0.949781504814511 0.999991719665227 0.0040694718308181 0.950593744676918 0.00300000000000011 0.000999999999999446 0.227 0.247

 9952 52 2000 2 0.95 0.0369999999999999 0.451 7.476 0.646999999999998 0.999999554820767 0.000943587975849484 0.95206784175419 0.999998630935516 -0.00165472870697662 0.948500990111789 0.999999555854697 0.000942491596067792 0.95190483275091 0.999998639887958 -0.00164930962328239 0.948802148797795 0.00300000000000011 0.00200000000000067 0.260999999999999 0.248999999999999

 9954 54 2000 2 0.95 0.036 0.454 7.285 0.68 0.99999801762881 -0.00199116509875779 0.950821588116455 0.99999866339082 -0.00163499742342652 0.949265445235316 0.999998016892129 -0.00199153503863056 0.950705591906628 0.999998666819412 -0.00163289907791878 0.949367669992116 0.00300000000000011 0.00200000000000067 0.256 0.24

 9959 59 2000 2 0.95 0.032 0.444 7.336 0.677 0.999997298987752 0.00232422399973642 0.94805367918115 0.99999992193485 -0.000395133262223284 0.948967028919505 0.999997263345212 0.00233950894154495 0.948473726455556 0.999999923863377 -0.000390222038189684 0.949146530058693 0.00300000000000011 0.000999999999999446 0.251999999999999 0.226000000000001

 9942 42 2000 2 0.95 0.036 0.47 7.748 0.647 0.999999542808446 -0.000956233705623288 0.952114482796164 0.999998987579836 -0.00142296848261609 0.950593841303673 0.999999542403669 -0.000956656914543118 0.951952587872773 0.999998983931658 -0.00142552995465672 0.950485583437955 0.00399999999999956 0.00200000000000067 0.258000000000001 0.242000000000001

 9958 58 2000 2 0.95 0.0349999999999997 0.462000000000001 7.746 0.676 0.999997776417927 0.00210882886960964 0.951370668100683 0.999999633657509 -0.000855970120913733 0.950173125804343 0.999997778362361 0.00210790662538884 0.951234939975628 0.999999635085045 -0.000854300753186016 0.950073828810608 0.00300000000000011 0.000999999999999446 0.246 0.241
