
 7690 90 5000 2 0.9 1.671 3.636 5.918 1.123 0.999999072009869 0.00136234334924314 0.900341738453728 0.999998314215368 -0.00183618256785659 0.897170821201548 0.999999077075805 0.00135861971774762 0.900155499172716 0.999998314066542 -0.00183626361759241 0.897054477623076 0.347999999999999 0.709 111.658 133.012

 7697 97 5000 2 0.9 2.212 1.185 5.938 1.373 0.99999983256263 -0.000578683602077897 0.897615433268599 0.999995209909214 0.00309518313318014 0.899008860683403 0.999999832364696 -0.000579025544164812 0.897492406335565 0.999995206588975 0.00309625565378341 0.898855126480244 0.882999999999999 0.906000000000002 107.594 136.113

 7698 98 5000 2 0.9 1.888 1.138 6.173 1.267 0.999997923639276 0.00203782166483104 0.899921187875893 0.99999425329554 -0.00339018817994911 0.897062180718762 0.999997928982192 0.00203519810491738 0.899745858760879 0.999994247902519 -0.00339177857114672 0.896949028013206 0.704000000000001 1.079 114.058 131.004

 7689 89 5000 2 0.9 1.835 2.063 6.099 1.133 0.999999042714049 -0.00138368023244379 0.899051788387423 0.999999448839913 -0.00104991422013778 0.901825732880556 0.999999046500832 -0.00138094077618188 0.898896596007699 0.999999451092706 -0.00104776633258476 0.901594691971055 0.413 0.648 109.779 139.114

 7691 91 5000 2 0.9 1.823 1.805 5.86 1.129 0.999999667175827 0.000815872683550306 0.901607554347238 0.999999774815237 0.000671095728019963 0.899626552112315 0.999999668535072 0.000814204978526103 0.901388232476409 0.999999776781263 0.0006681597299211 0.899454967840258 0.32 0.729999999999997 112.077 137.504

 7692 92 5000 2 0.9 1.756 2.523 5.965 1.122 0.99999858398677 0.00168286198333617 0.899113651912662 0.999999193038079 -0.0012704027669981 0.900096841326419 0.999998580219887 0.00168509887265816 0.898955435548564 0.99999919583176 -0.0012682018107675 0.899915610083795 0.722000000000001 0.983000000000001 115.283 132.623

 7687 87 5000 2 0.9 1.954 3.15 6.03 1.408 0.9999965510931 0.00262636667392371 0.901509441923439 0.999982488086311 -0.00591806731206873 0.902560240486978 0.999996549114738 0.00262711983287997 0.901293157912582 0.999982493683245 -0.00591712151635422 0.902309028701919 0.736999999999998 1.086 112.307 135.97

 7683 83 5000 2 0.9 1.659 3.173 5.996 1.161 0.99999944115021 -0.00105721297163751 0.901238171774411 0.999997069132083 0.00242110042014731 0.901152099072056 0.999999443912914 -0.00105459653986968 0.901027716948176 0.999997070452692 0.00242055490181627 0.900941502067168 0.278000000000002 0.866 113.754 135.753

 7695 95 5000 2 0.9 1.97 2.442 6.085 1.548 0.999987451972609 0.00500958055408918 0.89827731738271 0.999994984449194 -0.00316718746774419 0.899670826672568 0.999987448896863 0.00501019448160477 0.898140254182081 0.999994985496453 -0.00316685679306346 0.899500188452864 1.011 1.27 110.618 134.553

 7700 100 5000 2 0.9 2.526 0.530000000000001 5.939 1.277 0.999999228913058 -0.00124184269917691 0.900527624684936 0.999989556544905 0.00457020799570666 0.900105360276024 0.999999230084903 -0.00124089870749039 0.90033823911467 0.999989552247828 0.00457114812584105 0.89992425342182 0.869999999999997 0.925000000000001 115.216 133.648

 7681 81 5000 2 0.9 1.656 3.199 6.002 1.174 0.999996784926701 0.00253577133463087 0.903037962104511 0.999996517782139 0.00263901943842427 0.900713254809638 0.999996787278054 0.00253484389465239 0.902769437214597 0.999996526410571 0.00263574786202679 0.900518455951883 0.629999999999999 0.994999999999997 116.427 135.06

 7688 88 5000 2 0.9 1.807 2.377 6.093 1.282 0.999996965672765 -0.00246346204829521 0.899134755060896 0.999999757806291 0.000695979423792704 0.900789825199827 0.999996962172714 -0.00246488241988263 0.898977963429614 0.999999762519505 0.000689174095532352 0.900588312643277 0.665999999999997 0.886000000000003 113.367 137.148

 7686 86 5000 2 0.9 1.839 3.086 6.188 1.462 0.999983084172509 0.00581647391790488 0.901581043610896 0.999995186107908 -0.0031028633566246 0.90180677380376 0.99998304114234 0.00582386707584756 0.901360041687711 0.999995192973675 -0.00310064985816928 0.901575726006491 0.613 0.875 112.715 137.512

 7682 82 5000 2 0.9 1.768 3.359 5.86 1.559 0.999999851400051 -0.000545160413676503 0.902797142426469 0.999999475540703 0.00102416713432516 0.90077130659372 0.999999850669592 -0.000546498667898932 0.902534185746226 0.999999473190809 0.00102645901305981 0.900576280216889 0.805999999999997 1.182 115.636 134.883

 7685 85 5000 2 0.9 1.72 3.019 6.122 2.038 0.999999917679612 -0.000405759495479511 0.901985971111386 0.999997123416615 0.00239857426321756 0.902638321589793 0.999999918730408 -0.000403161476883968 0.901753352338814 0.999997134774154 0.00239383447278023 0.902386673950563 1.101 1.132 113.985 136.29

 7694 94 5000 2 0.9 2.019 2.113 6.014 1.643 0.999999893657235 -0.000461178401932389 0.900352659192631 0.999999539383882 0.000959808326676915 0.901727960363357 0.999999895591188 -0.000456965658729031 0.900167620827 0.999999536504882 0.000962803210242102 0.901503800117653 1.035 1.112 111.843 135.053

 7684 84 5000 2 0.9 1.67 3.052 6.076 1.349 0.999986269972509 -0.00524021626164286 0.900681458210278 0.999998675167427 -0.00162777866792791 0.900669864161696 0.999986264359189 -0.00524128733753143 0.900485407748174 0.999998671624808 -0.00162995356381045 0.900474574466927 0.93 0.943000000000001 116.097 134.562

 7699 99 5000 2 0.9 2.266 1.499 5.919 2.172 0.999998173978788 0.00191103089700356 0.901658265136716 0.999998732048655 -0.00159245128098544 0.898463413005441 0.999998177362983 0.0019092592049152 0.90143383701244 0.999998732100668 -0.00159241861836037 0.898320770183982 0.946000000000002 1.278 116.345 131.772

 7693 93 5000 2 0.9 2.184 1.606 5.954 1.888 0.999998696828751 0.0016144165507708 0.903504742762629 0.999999781891366 0.000660467425385723 0.900393664364243 0.999998696283388 0.00161475432345027 0.903219212336753 0.999999780488279 0.000662588404454711 0.900206147217687 0.924999999999997 1.046 119.631 129.726

 7696 96 5000 2 0.9 1.954 1.877 5.913 2.322 0.999992136828554 0.00396563753537514 0.900198710563698 0.999998525549539 -0.00171723578674227 0.900873735030221 0.999992132522914 0.003966723115531 0.90001575706839 0.999998518096485 -0.00172157045558802 0.900671754983597 0.962 1.037 118.895 132.575

 7680 80 5000 2 0.9 1.548 1.563 16.505 4.106 0.999998023455636 0.00198823661101545 0.901189283922612 0.999997298762223 -0.00232432103146857 0.901003216796555 0.999998023392199 0.00198826851662102 0.900977851974978 0.999997300333476 -0.00232364492996747 0.900798196787686 1.006 1.091 67.403 53.78

 7706 6 10000 2 0.9 3.726 0.772 31.785 11.268 0.999999836743421 0.000571413275375412 0.899153262536238 0.999998738721376 -0.00158825553877755 0.897510397624005 0.999999838130736 0.000568980229024696 0.898995256927652 0.999998738848195 -0.00158817568904891 0.897386715724575 1.605 1.896 303.152 386.18

 7707 7 10000 2 0.9 3.925 0.723000000000001 25.937 15.92 0.999999592531833 0.000902738150779198 0.90080676602476 0.99999900611955 0.00140987939614478 0.900850795797126 0.999999592798119 0.000902443126120875 0.900609892249514 0.999999010523224 0.00140675249158233 0.900651751053487 1.562 1.627 305.888 390.483

 7704 4 10000 2 0.9 3.925 0.83 28.731 12.444 0.99999999503647 9.96346296668348e-05 0.898873643146989 0.999999937159253 -0.000354515852085273 0.898567551953518 0.999999994990939 0.000100090569555518 0.898722476169632 0.999999937464226 -0.000353654555085446 0.898424513956067 1.382 1.798 304.29 389.458

 7703 3 10000 2 0.9 3.911 0.696 25.099 12.68 0.999999900279186 -0.000446588868178665 0.901434054853394 0.999999652997411 0.000833069659815585 0.90099441011238 0.999999898719975 -0.000450066705874601 0.90121905342241 0.999999653612016 0.0008323315738823 0.900788810734809 1.545 1.63 308.103 396.48

 7708 8 10000 2 0.9 3.154 0.689 28.818 8.925 0.9999993182107 0.00116772348446378 0.90202042771762 0.999995008986963 0.00315943051256129 0.901652427461271 0.999999315650648 0.00116991377256407 0.901787586156611 0.999995011690761 0.00315857461450175 0.90143124906372 1.364 1.542 310.315 397.973

 7710 10 10000 2 0.9 3.907 0.692 38.839 15.672 0.999999892405014 0.000463885719098744 0.897395166104636 0.99999948119317 -0.0010186330989037 0.899771995762604 0.999999892260952 0.000464196169623197 0.897273576188536 0.99999948321942 -0.00101664196851833 0.899601700861907 1.79600000000001 2.03200000000001 295.057 403.808

 7711 11 10000 2 0.9 3.728 0.717000000000001 44.192 16.367 0.99999981736651 0.000604373185231253 0.900640046517477 0.999995232674914 -0.00308781920521685 0.89949530809278 0.999999817535178 0.000604094040770072 0.900445615021395 0.999995234708921 -0.00308716041860929 0.899329657966983 2.17200000000001 2.077 293.952 405.08

 7712 12 10000 2 0.9 3.756 0.831999999999999 40.863 18.782 0.999999884688902 -0.000480231384617469 0.902445866976864 0.999999247714766 0.00122660910731642 0.899913237889379 0.999999886582183 -0.000476272633067819 0.902200489914603 0.999999243988664 0.00122964307863472 0.899739855377929 2.218 1.94800000000001 292.081 407.464

 7701 1 10000 2 0.9 2.941 0.686999999999999 45.061 15.55 0.999999154915074 0.00130006505152928 0.89969735803323 0.999999982052362 0.000189460487087189 0.900922028579332 0.999999153640453 0.00130104511001252 0.899526756395483 0.999999981864768 0.000190448060258641 0.900721530634256 1.86699999999999 1.893 293.255 410.534

 7702 2 10000 2 0.9 3.487 0.683 36.216 23.799 0.999998083100966 0.00195800776129634 0.900142081762868 0.999998830751276 0.00152921420378965 0.904297819935007 0.999998084848662 0.00195711497050761 0.899961166385846 0.999998834682777 0.00152664111330984 0.903984005121911 2.09400000000001 1.852 293.827 416.942

 7705 5 10000 2 0.9 4.051 0.808999999999999 33.908 13.825 0.999997660696328 0.00216300759839785 0.90005473947919 0.999999996122763 8.8059485988936e-05 0.904195962650662 0.99999766284834 0.00216201245570715 0.899871398049538 0.999999995914871 9.03894803306115e-05 0.903881817290942 1.789 1.541 305.583 421.278

 7709 9 10000 2 0.9 3.603 0.717000000000001 50.011 23.599 0.99999733671103 0.00230793649097584 0.900258539973437 0.999999734893767 -0.000728156848104573 0.900594964945402 0.999997335391295 0.00230850824334774 0.900074345440413 0.999999735357328 -0.000727519947578102 0.900403319751105 2.06999999999999 2.233 282.914 410.89

 7724 24 10000 2 0.9 5.573 5.17 66.921 5.812 0.99999927222897 -0.00120645825918492 0.901802022331958 0.999999199212774 -0.00126553301409232 0.896894847831476 0.999999273846937 -0.00120511642541292 0.901574120419896 0.999999199418057 -0.0012653707932032 0.896783862536141 0.841999999999999 1.19799999999999 411.189 346.134

 7723 23 10000 2 0.9 4.745 4.575 66.816 8.45 0.999999847894014 -0.000551554121499853 0.89981799651915 0.999999136522289 -0.00131413647579032 0.899449884385166 0.999999846612014 -0.000553873585695838 0.899646865262935 0.999999136519872 -0.00131413831467001 0.899284891590095 1.208 1.267 408.3 362.238

 7720 20 10000 2 0.9 4.471 6.949 64.984 9.56099999999999 0.999998453391332 0.00175875380407323 0.900670721522778 0.999998090862659 -0.001954039671563 0.901537481331222 0.999998454148648 0.00175832315410628 0.900475279452888 0.999998091998072 -0.00195345852649567 0.901318352388215 1.07000000000001 0.853999999999999 412.742 365.557

 7714 14 10000 2 0.9 3.74 5.962 76.141 10.232 0.999999866696915 0.000516339183293793 0.902646354296417 0.999996502092397 0.00264495802809695 0.899540183489845 0.999999866024839 0.000517639164133522 0.902395021219281 0.999996497639097 0.00264664118063231 0.899374149920108 1.729 1.869 412.255 362.746

 7713 13 10000 2 0.9 5.704 6.008 70.43 20.896 0.999999995572128 9.4104965218288e-05 0.898959090232919 0.999997883565653 0.00205739257697937 0.898688432095253 0.999999995598608 9.38231574597716e-05 0.898806876401664 0.999997886646999 0.00205589433961172 0.898541897289031 1.95099999999999 2.06200000000001 401.862 359.546

 7722 22 10000 2 0.9 5.068 4.397 57.174 12.455 0.999997271414494 -0.00233605726948049 0.902325680506373 0.999999191320512 0.00127175403334608 0.900707567103405 0.999997267447771 -0.00233775469012423 0.902082577785439 0.999999189127625 0.00127347716617966 0.900510824324827 0.939000000000007 1.05799999999999 414.013 371.716

 7717 17 10000 2 0.9 5.058 5.866 65.604 9.008 0.999999465585408 0.00103384181446619 0.900695473148151 0.999999267021695 -0.00121076672929196 0.90008590879428 0.999999465994422 0.00103344611378698 0.900499248363972 0.999999264949246 -0.00121247720267497 0.899905009252443 1.035 1.10899999999999 414.113 369.008

 7716 16 10000 2 0.9 4.812 5.039 69.775 12.791 0.999999587373062 -0.000908434756321375 0.901610427581557 0.999996495827372 -0.00264732562711902 0.899423604385711 0.999999589332441 -0.000906275316428176 0.901388391554447 0.99999649353086 -0.00264819296584532 0.899260561098203 1.801 1.59700000000001 417.539 364.995

 7715 15 10000 2 0.9 5.104 3.453 68.816 12.414 0.999999462830306 -0.00103650330397562 0.901444991230206 0.999999889892881 0.00046926988558944 0.899786252266864 0.999999458742273 -0.00104043988801979 0.901229635907977 0.999999890804237 0.000467323778131572 0.899612890936545 1.30200000000001 1.55200000000001 414.534 369.22

 7731 31 10000 2 0.9 5.063 2.732 74.47 9.85600000000001 0.999998802540279 -0.00154755226368537 0.900768661078783 0.999997370095816 -0.00229342570231444 0.899440259025263 0.999998801132446 -0.00154846171127104 0.900571161242254 0.999997372093475 -0.00229255450201575 0.899276931921981 1.721 1.80300000000001 411.127 364.082

 7721 21 10000 2 0.9 4.71 4.702 69.051 15.349 0.999999565126375 0.000932602305478475 0.901619757435869 0.999999723135254 0.000744129972089208 0.89994949180041 0.999999567750775 0.000929783987251124 0.901397453262708 0.999999723763991 0.000743284562791105 0.899772542844876 1.53100000000001 1.658 413.794 368.077

 7718 18 10000 2 0.9 4.962 3.82 74.37 6.577 0.999996789869406 0.00253382139938378 0.901602941126717 0.999998952518373 -0.00144739841003084 0.901005288329243 0.999996788049805 0.00253453942049624 0.901383209171924 0.999998957430202 -0.00144400086898397 0.900797970447249 1.587 1.87400000000001 412.006 371.326

 7726 26 10000 2 0.9 5.258 5.984 73.021 12.038 0.999998567368669 0.0016927080697206 0.901345275936109 0.99999828917618 -0.00184976882678831 0.900652863305915 0.999998571349736 0.00169035454445628 0.901131548094293 0.999998288990563 -0.0018498691699639 0.900456583389831 1.75 1.78099999999999 410.904 369.942

 7730 30 10000 2 0.9 5.456 3.335 62.212 12.515 0.999998101518168 0.00194857898487654 0.901577970173677 0.999999999954849 -9.5027199214826e-06 0.899886866381132 0.999998103119998 0.00194775676225426 0.901355146048356 0.999999999965471 -8.31011253248372e-06 0.899710278224325 1.253 1.589 418.653 370.794

 7725 25 10000 2 0.9 4.774 3.595 71.116 7.24299999999999 0.999999681717327 0.000797850389619814 0.902376529744329 0.999998360280248 -0.00181092153734593 0.899919920954028 0.999999682736822 0.000796571562833715 0.90212986461285 0.999998357161615 -0.00181264284183176 0.899742277948984 1.517 1.83099999999999 418.538 367.547

 7719 19 10000 2 0.9 5.178 3.582 69.006 8.55399999999999 0.999999912929445 0.000417302171584878 0.902505949906341 0.999999834156624 0.000575922499457191 0.90162081395919 0.999999913231921 0.00041657670415749 0.902256072438791 0.999999834253462 0.000575754329434037 0.901396670394663 1.22000000000001 1.04400000000001 423.973 373.992

 7727 27 10000 2 0.9 4.825 6.489 70.284 14.492 0.999998032806501 -0.001983527949897 0.902345722524301 0.999994690092546 0.00325880142276767 0.897937486354608 0.999998026216525 -0.00198684751667625 0.902099321543362 0.999994694762063 0.00325736822110235 0.897808782939965 2.22999999999999 2.00800000000001 412.293 358.088

 7729 29 10000 2 0.9 4.189 5.68 74.091 21.513 0.999999550408586 0.000948252405953389 0.899978880113283 0.999999999206657 -3.98332376374682e-05 0.901199194188776 0.999999552061257 0.000946507942481972 0.899800514877396 0.999999999128271 -4.175474868922e-05 0.900991376923759 1.785 2.08999999999997 407.094 359.786

 7728 28 10000 2 0.9 5.248 2.364 70.383 16.398 0.999999918913932 0.000402706008272233 0.900882564794561 0.999999661633018 0.000822638347147224 0.900429320800413 0.999999918592206 0.000403504128319549 0.900681672741198 0.999999660451896 0.000824072868510241 0.900240270555804 1.76299999999999 2.02600000000001 409.776 371.61

 7732 32 10000 2 0.9 4 5.227 82.167 28.626 0.999999955167223 0.000299442068142281 0.899676168967735 0.999994723461163 -0.00324854580269979 0.899735629629266 0.999999955224473 0.000299250816415774 0.899506439343378 0.9999947209046 -0.00324933269003852 0.899564699733886 2.255 2.22400000000002 395.008 359.638

 7734 34 10000 2 0.9 6.919 4.34 71.631 17.428 0.999998886367386 0.00149240208669668 0.900528465159561 0.999999842164118 -0.000561846722404937 0.898907051165167 0.999998883662328 0.00149421353817207 0.9003370871594 0.999999842080722 -0.000561995134815594 0.898755492595401 1.69800000000001 1.423 345.267 372.656

 7739 39 10000 2 0.9 4.914 6.041 65.448 9.70700000000001 0.9999980439654 -0.00197789417662956 0.901442723805207 0.99999982177825 0.000597028867242948 0.899377283822447 0.99999804600706 -0.0019768616699337 0.901229349056561 0.999999820434848 0.000599274788497701 0.899215132871641 1.318 1.63200000000001 339.282 372.853

 7737 37 10000 2 0.9 5.941 3.757 87.384 15.101 0.999998287552961 0.00185064614263192 0.901569720608062 0.999999928284158 0.000378723750771686 0.896935258036501 0.999998287365967 0.00185074718215079 0.901350096634474 0.999999927992355 0.000379493459005072 0.896821444420774 1.50999999999999 1.76399999999998 338.988 374.26

 7735 35 10000 2 0.9 5.862 4.907 88.212 22.457 0.999996778947001 0.00253812837010899 0.899784854614543 0.999997022855972 0.00244013917502452 0.898054363264499 0.999996780960458 0.00253733496430249 0.899612222114631 0.999997017852241 0.00244218890022364 0.897921151055218 1.77699999999999 1.66 330.099 377.154

 7741 41 10000 2 0.9 6.632 4.59 72.399 9.81700000000001 0.999999920313066 -0.000399216558538508 0.899082480222276 0.999995696987636 0.002933599531637 0.900031256901881 0.999999919813425 -0.000400466158253611 0.89892581565589 0.999995697042596 0.00293358079703407 0.899853490129758 1.54900000000001 1.688 332.711 378.136

 7736 36 10000 2 0.9 5.708 3.3 90.419 14.271 0.999998698689851 0.00161326334022221 0.900013520159647 0.999999911779948 0.000420047731114446 0.900609699463008 0.999998696723187 0.00161448193752276 0.899835211352591 0.999999911713213 0.000420206574486926 0.900417636183068 1.72200000000001 1.71800000000002 334.104 381.584

 7740 40 10000 2 0.9 5.214 4.75 85.33 13.569 0.999999985802933 0.000168505590512435 0.900755102071262 0.999998774021493 -0.00156587212457008 0.900865804651628 0.999999986130266 0.000166551699364016 0.900558885330112 0.999998771925464 -0.00156721012121881 0.900665812143907 1.89000000000001 1.93700000000001 324.78 395.059

 7738 38 10000 2 0.9 4.799 5.484 92.666 16.148 0.99999996487726 -0.000265038638287536 0.900875230221481 0.99999710930473 -0.00240445049507822 0.901631928638375 0.999999964923969 -0.000264862341088081 0.900673058286197 0.999997112017446 -0.00240332202754589 0.901408278823989 1.84700000000001 1.83000000000001 329.682 399.257

 7733 33 10000 2 0.9 7.231 5.168 111.478 26.829 0.999999940299613 -0.000345544165641909 0.90192975876316 0.999999918127062 -0.000404655246974805 0.900099665287971 0.999999939618268 -0.000347510374476187 0.901698837932175 0.999999918469523 -0.000403808058372846 0.899919236130991 1.80699999999999 1.982 321.668 394.922

 7744 44 10000 2 0.9 6.041 7.371 93.378 12.018 0.9999998098968 -0.000616608760436396 0.900802215531647 0.999996644536585 0.00259054348968788 0.901054618311227 0.999999810028647 -0.000616394897375614 0.900604202180633 0.999996642897872 0.00259117598530123 0.900849665363692 1.982 1.82900000000001 319.112 405.961

 7742 42 10000 2 0.9 5.974 4.278 97.569 14.7 0.999999697777265 0.000777460853759813 0.899569261832654 0.999999949381796 0.000318176687699378 0.900512637528112 0.999999695463125 0.000780431711977817 0.899400678145924 0.999999949308942 0.000318405580295298 0.900321839092213 1.84399999999999 2.08999999999997 315.717 398.787

 7743 43 10000 2 0.9 5.802 2.218 94.052 20.174 0.999999687673026 0.000790350460906715 0.900971041462741 0.99999999920494 -3.98763069946973e-05 0.899647570896333 0.999999686641581 0.000791654431860628 0.90076656371881 0.999999999163482 -4.09027633891414e-05 0.899480110828966 2.48599999999999 2.00399999999999 318.295 399.585

 7745 45 10000 2 0.9 4.902 2.764 51.654 5.99499999999999 0.999999999947394 1.02573172945599e-05 0.899566390645529 0.999997640932294 -0.00217212565184979 0.899144520670094 0.999999999962887 8.61549687014319e-06 0.89939935896237 0.999997639390379 -0.00217283539846978 0.898987437767738 1.005 0.968999999999994 377.222 351.699

 7760 60 10000 2 0.9 3.978 2.227 45.471 5.586 0.999999838404313 0.000568499206555022 0.90096335908181 0.999999991100601 -0.000133412132612848 0.898809445932537 0.999999837989969 0.000569227577795624 0.90076014426388 0.999999991016267 -0.000134042774301387 0.898660522683878 1.008 1.13 398.213 351.78

 7746 46 10000 2 0.9 5.158 3.331 60.116 9.176 0.999999998978107 -4.52082632783264e-05 0.899667346825843 0.999999156748363 0.00129865413533038 0.901954224929159 0.999999998999817 -4.47254488606814e-05 0.899496780981403 0.999999153882964 0.00130085869953576 0.901722850434977 1.17 1.21899999999999 396.842 369.062

 7754 54 10000 2 0.9 4.998 5.402 60.205 10.825 0.999999991229745 0.000132440591222029 0.899842318718045 0.999997933900383 -0.00203278010736551 0.900100525684132 0.999999991215818 0.000132545706241426 0.899668727190527 0.999997933016663 -0.00203321479479916 0.899919392121305 1.175 1.26899999999999 400.128 366.892

 7747 47 10000 2 0.9 4.425 4.946 62.026 10.76 0.999999946645349 0.000326663894292126 0.902522115915632 0.99999999690019 7.87376604102362e-05 0.900227507867332 0.999999947860301 0.000322923204495337 0.902271394708949 0.999999997004784 7.73978812094167e-05 0.900043901993589 1.02500000000001 1.303 406.166 366.83

 7761 61 10000 2 0.9 4.05 4.922 51.364 10.56 0.999999570496554 -0.000926826147486523 0.901862460005338 0.99999958342453 0.000912770927833506 0.898364681581418 0.999999568450873 -0.000929030713694453 0.901632386959494 0.999999583959889 0.000912184219086696 0.898226038658638 1.372 1.33699999999999 408.743 365.732

 7748 48 10000 2 0.9 5.196 3.584 67.521 13.32 0.999996909035931 -0.00248634643295287 0.901480763082581 0.999999561867272 -0.000936090414831166 0.898476501750244 0.999996910662588 -0.00248569211288815 0.90126094046555 0.999999560034391 -0.000938046387408779 0.89833424840932 1.33199999999999 1.63900000000001 406.411 361.184

 7753 53 10000 2 0.9 5.139 6.15 53.56 11.204 0.999995276893618 0.00307346554511828 0.901635808681247 0.999999469536654 0.00103001282021821 0.901795848642932 0.999995272819978 0.00307479067544481 0.90141300880017 0.999999470332062 0.00102924029993304 0.901570217519252 1.373 1.351 410.347 373.637

 7749 49 10000 2 0.9 4.2 4.149 70.391 16.656 0.999999395596953 -0.00109945701529579 0.901407556479184 0.999999983844445 -0.000179752915012691 0.898873863386837 0.999999397103983 -0.00109808545704198 0.901191870284955 0.999999983710014 -0.000180499230124249 0.898724027829641 1.717 1.557 403.55 365.599

 7755 55 10000 2 0.9 4.378 4.425 64.371 18.295 0.999998002249238 0.00199887406618152 0.899946236132583 0.999998518397898 0.00172139536680767 0.897957834625746 0.999998001347276 0.00199932524958562 0.899769112576115 0.999998519977592 0.00172047744134388 0.897827140643089 1.688 1.97799999999999 401.051 366.13

 7756 56 10000 2 0.9 5.582 5.031 73.563 7.69500000000001 0.999999369926494 0.00112256252191395 0.900594647282236 0.999999599287242 0.000895223634106646 0.899436350173787 0.999999368463938 0.00112386463785808 0.900403095295971 0.999999598040782 0.000896614897826372 0.899272291140191 1.46900000000001 1.77300000000001 403.186 365.977

 7751 51 10000 2 0.9 5.286 4.452 64.445 15.578 0.999999857076263 -0.00053464703739399 0.899748217777581 0.999999309730038 0.00117496359399504 0.901618497492365 0.999999856812242 -0.000535140631806576 0.899578152794375 0.999999310121218 0.00117463061783363 0.90139696491399 1.431 1.63300000000001 400.111 375.445

 7759 59 10000 2 0.9 3.952 5.024 61.76 13.549 0.999999613887539 0.000878763206678566 0.900588494437302 0.999998481805723 -0.00174252295512614 0.899941280926925 0.99999961136105 0.000881633568917355 0.900395469753972 0.999998480442199 -0.00174330527793058 0.899763991300868 1.727 1.66300000000001 399.749 371.364

 7758 58 10000 2 0.9 4.265 4.489 65.9 16.746 0.99999835829095 -0.0018120197032298 0.89953770990998 0.999999571395678 -0.000925855528878692 0.90039656530254 0.999998358358056 -0.00181198266900339 0.899372625055895 0.999999571120448 -0.000926152751882996 0.900208065605503 1.824 1.87899999999999 396.56 374.484

 7750 50 10000 2 0.9 5.272 5.082 70.827 22.898 0.999999782182843 -0.000660025959457637 0.902762719946454 0.999999985453618 -0.000170566012122825 0.899635598936647 0.999999782366725 -0.000659747302316241 0.902506203372326 0.999999985420165 -0.000170762027075034 0.899468245134182 2.13800000000001 1.87899999999999 405.672 369.916

 7757 57 10000 2 0.9 5.071 3.768 71.897 13.156 0.999999928359304 0.000378525280129984 0.900924843967854 0.999999926507273 -0.000383386812823982 0.900248646849419 0.99999992708404 0.000381879451401943 0.900723282222381 0.99999992646452 -0.000383498310565951 0.900063352132011 1.857 1.873 401.128 374.591

 7752 52 10000 2 0.9 5.482 4.96 72.701 20.254 0.999999842002074 0.000562135060875605 0.901883734283401 0.999999605863376 -0.000887847448645909 0.899595560638794 0.999999842484296 0.000561276566023067 0.901654604620213 0.999999605085594 -0.000888723047615214 0.899426982878243 1.916 2.035 400.407 369.261

 7764 64 10000 2 0.9 3.795 5.778 67.411 6.967 0.999999995932256 9.01969449595636e-05 0.901529609322067 0.999997851394464 0.00207297044244475 0.901375251461399 0.999999996041631 8.89760540989726e-05 0.901308370210471 0.999997848764999 0.00207423850485066 0.901161470437556 1.93899999999999 1.99199999999999 405.673 369.895

 7763 63 10000 2 0.9 3.705 2.376 63.966 18.516 0.999999884699397 0.000480209530607451 0.89946113861152 0.999999993778894 -0.00011154466656272 0.901448674470255 0.999999884157397 0.000481336879541772 0.89929460268219 0.999999993986582 -0.00010966693479844 0.901229133350086 1.85599999999999 2.27199999999999 396.64 376.469

 7762 62 10000 2 0.9 4.106 4.123 79.586 16.322 0.999999935514507 -0.000359125300529969 0.900822185114756 0.999999954413111 0.000301949954512067 0.901886860291467 0.999999934687381 -0.000361421129327265 0.900621821412485 0.999999953840247 0.000303841248328626 0.901657440554645 1.85899999999999 2.22600000000001 399.241 372.188

 7768 68 10000 2 0.9 6.836 6.711 82.029 15.228 0.999999381613267 0.00111210300063047 0.90059136982362 0.999999635804854 0.000853457766081312 0.900020763654173 0.999999383829444 0.0011101084328639 0.900396708659669 0.999999635729807 0.000853545695180436 0.899843743540496 1.55699999999999 1.63899999999998 354.083 363.512

 7765 65 10000 2 0.9 6.83 3.134 88.423 17.557 0.999999999921816 -1.25047377931112e-05 0.900314570981799 0.999996751885909 -0.0025487678655427 0.900557528981422 0.999999999907892 -1.35726107634341e-05 0.900127804373632 0.999996748958244 -0.00254991626199458 0.900366099458749 1.584 1.73500000000001 354.972 367.498

 7766 66 10000 2 0.9 6.762 2.209 83.159 17.08 0.999999732292607 -0.000731720379335853 0.901297881888704 0.999999963949477 -0.000268516377583345 0.900612149642278 0.999999733978659 -0.000729412510436513 0.901085924545675 0.99999996408708 -0.000268003432002962 0.900416615394966 1.69200000000001 1.65800000000002 355.201 370.369

 7767 67 10000 2 0.9 6.988 7.742 65.717 19.095 0.999999776652889 0.000668351832849241 0.900567152133168 0.999999997278099 -7.37821267575071e-05 0.899347094054654 0.999999777771126 0.00066667660682907 0.90037527009773 0.999999997390563 -7.22417689791863e-05 0.899184236008857 1.46899999999999 1.63300000000001 354.91 368.148

 7771 71 10000 2 0.9 5.051 4.67599999999999 79.288 10.59 0.999999282129674 0.001198223742743 0.901401702083158 0.999997244081043 -0.00234772875745963 0.896292260644667 0.99999928183248 0.00119847174566334 0.901185713998917 0.999997247122685 -0.00234643283562615 0.89619065101014 2.036 1.68200000000002 345.963 370.536

 7769 69 10000 2 0.9 6.648 6.669 87.75 8.19 0.999999999880472 1.5461473913645e-05 0.902135144690072 0.999998089352759 -0.00195481222385422 0.901475753927506 0.999999999933574 1.15261079511539e-05 0.901896634999799 0.999998091100681 -0.00195391785775657 0.901256828269494 1.876 1.70000000000002 348.893 379.51

 7770 70 10000 2 0.9 6.421 3.881 75.488 30.692 0.999998938174203 0.00145727501406916 0.900358910333108 0.999999709156162 -0.000762684463521858 0.898954903851854 0.999998940560353 0.00145563668976942 0.90017148836697 0.999999708290642 -0.000763818453608616 0.89880261915097 2.08099999999999 1.80100000000002 341.433 381.557

 7773 73 10000 2 0.9 5.145 3.624 85.814 23.708 0.999997805609106 0.00209494080385246 0.900601207058981 0.999999796892104 0.000637350571878665 0.898130684134235 0.999997801816065 0.0020967505900923 0.900406394921901 0.999999796784599 0.000637519223132457 0.897997540121934 2.15800000000002 1.62200000000001 336.793 379.536

 7772 72 10000 2 0.9 5.361 8.572 83.545 15.942 0.999999688353803 0.000789488630411241 0.902199635988413 0.999999456727972 0.00104237409845051 0.898920199279189 0.999999688300073 0.000789556684015932 0.901958638344516 0.999999458116103 0.00104104154558158 0.898767814288723 1.98899999999998 2.08199999999999 336.655 389.727

 7776 76 10000 2 0.9 5.133 4.448 76.623 26.84 0.999998369381032 0.00180588905433449 0.900260414583446 0.999999205219664 -0.00126077755402477 0.900226823028094 0.999998370087454 0.00180549783613513 0.900075787353297 0.999999207583494 -0.00125890126065356 0.900044679605504 1.87700000000001 1.91600000000003 324.366 392.863

 7774 74 10000 2 0.9 5.443 3.693 80.357 34.857 0.999997775788123 0.00210912749891305 0.899422457527884 0.999999738504341 0.00072318133876069 0.900156591839928 0.999997776169722 0.00210894656398424 0.899258325261555 0.999999738618335 0.000723023693736405 0.899974913537561 1.995 2.02699999999999 318.613 395.214

 7775 75 10000 2 0.9 5.089 1.239 103.709 25.421 0.999999963845595 0.000268902973132652 0.901450552636999 0.999999674809582 -0.000806461858903456 0.90045696019267 0.999999963505768 0.000270163768409558 0.90123214534853 0.99999967447748 -0.000806873555409821 0.900268425290808 2.39400000000001 2.34899999999999 318.648 394.489

 7777 77 10000 2 0.9 8.161 6.673 77.957 14.168 0.999999730113719 -0.000734692104975284 0.900674467007029 0.999999278648036 0.00120112589204861 0.900950856067923 0.999999732669465 -0.000731205168594142 0.900478242090956 0.999999277602142 0.00120199633678683 0.900746779154916 0.984999999999985 1.084 373.58 312.973

 7778 78 10000 2 0.9 6.437 5.895 66.157 12.159 0.999999849401635 -0.000548813910076672 0.899769088327124 0.999998406242601 -0.00178536054004825 0.899980352350762 0.999999849722511 -0.00054822892672682 0.89959834229768 0.999998408094878 -0.00178432275960736 0.899801318437344 1.066 1.179 387.57 310.17

 7790 90 10000 2 0.9 4.378 3.525 45.004 15.125 0.999999996234912 -8.6776583723715e-05 0.898905651611069 0.999999328383699 -0.0011589789258448 0.897526109960404 0.999999996264868 -8.64306824945255e-05 0.89875288527637 0.999999328974591 -0.00115846897545211 0.897403142848241 1.46599999999999 1.456 391.461 301.185

 7779 79 10000 2 0.9 5.674 3.866 66.791 9.491 0.999999992127032 0.000125482810093346 0.901685551118295 0.999998596472844 0.0016754260180561 0.898723143877938 0.999999991786337 0.000128169126875474 0.901462698501079 0.999998596116275 0.00167563882702011 0.898574743633719 1.17 1.31099999999999 399.77 303.455

 7786 86 10000 2 0.9 4.396 3.988 43.987 9.376 0.999999999534693 -3.05059661590241e-05 0.900417044089417 0.999999562670816 0.000935231616066357 0.900013596016915 0.999999999457939 -3.29259991989214e-05 0.900229525712201 0.999999561119862 0.000936888511801332 0.899834430123216 1.34999999999999 1.26899999999999 394.119 308.961

 7781 81 10000 2 0.9 4.729 4.399 67.611 10.821 0.999999950119857 -0.00031584851460118 0.899313454262718 0.999999873282958 0.000503422356092568 0.900580681869033 0.999999950287326 -0.000315317846841626 0.899153283255422 0.999999873465294 0.000503060032088252 0.900388993880848 1.66 1.25200000000001 393.009 304.019

 7793 93 10000 2 0.9 3.793 4.852 51.088 4.44499999999999 0.999999972765446 0.000233386175952617 0.899534568504151 0.999999967963762 -0.000253125414697677 0.901205184070917 0.999999973085294 0.000232011661314523 0.899367844344656 0.999999968770828 -0.000249916672045188 0.900995187904861 1.21299999999999 1.42400000000001 396.7 308.906

 7784 84 10000 2 0.9 4.81 3.678 62.637 16.127 0.999999837490266 0.000570104763759454 0.899070871900577 0.999999689982105 0.000787423453052136 0.900485321223875 0.99999983858517 0.000568180986535518 0.898916347212099 0.999999689709107 0.000787770073990649 0.900293631795602 1.446 1.786 392.217 306.824

 7780 80 10000 2 0.9 5.063 3.648 76.412 13.127 0.999999365354252 0.00112662819633362 0.90134775092298 0.999999862458245 -0.000524484023878915 0.901374643002801 0.999999367586766 0.00112464486290441 0.901133482065201 0.999999862601342 -0.0005242111192809 0.901159751905817 1.77 1.81699999999999 395.843 306.248

 7783 83 10000 2 0.9 4.556 2.753 68.326 16.974 0.999999765113592 0.00068539970819719 0.900956283900623 0.999999980570976 -0.00019712444712316 0.902203231821917 0.999999764525386 0.000686257365581049 0.900751758421866 0.999999981039818 -0.000194731518545514 0.901961010725177 1.667 1.77199999999999 393.738 309.155

 7782 82 10000 2 0.9 4.713 3.953 64.404 17.948 0.999999854932023 0.000538642676160988 0.900613065411374 0.999999997747217 -6.71235151990766e-05 0.899926099731773 0.999999854194094 0.000540010917728154 0.90041698269525 0.999999997788992 -6.64982415738953e-05 0.899750774762622 1.755 1.718 394.917 302.964

 7787 87 10000 2 0.9 4.827 3.369 59.002 13.78 0.999998639303216 0.00164966412201556 0.901773025395612 0.999999798152608 -0.0006353697693013 0.901797905427764 0.999998639151967 0.00164975580408726 0.901544294178376 0.999999798458607 -0.000634887978645498 0.901571024227485 1.34399999999999 1.526 398.489 306.89

 7788 88 10000 2 0.9 4.556 4.124 60.9 20.038 0.999997389923682 0.0022847638440867 0.899745721331572 0.999999274723885 0.0012043885186482 0.901292038147859 0.999997390768858 0.00228439389673375 0.899575384158423 0.999999277835966 0.00120180179156595 0.901077312775704 1.94600000000001 1.869 391.934 307.31

 7791 91 10000 2 0.9 4.205 5.478 51.37 13.774 0.999999170122063 0.00128831486281846 0.900191607772686 0.999999996713342 -8.1075993717929e-05 0.89994384845867 0.99999917018548 0.00128826563684323 0.900008435201129 0.999999996530273 -8.33033894362802e-05 0.899765683467403 1.72800000000001 1.64400000000001 398.45 305.623

 7785 85 10000 2 0.9 4.474 5.824 63.018 13.193 0.999996423579893 -0.00267447703727538 0.902404499574648 0.999999993979621 -0.000109730386788944 0.90207719565127 0.99999642647195 -0.00267339546838226 0.902159058096816 0.999999993675148 -0.000112470904994046 0.901843145839572 1.759 1.70599999999999 394.37 304.82

 7794 94 10000 2 0.9 4.137 4.644 68.829 9.04000000000001 0.999999843233383 0.000559940363062824 0.90153500224196 0.999999801434346 -0.000630183520546826 0.902310320575142 0.999999843229505 0.000559947288856805 0.901315594443692 0.999999803532507 -0.000626845234381799 0.902069009799649 2.02799999999999 2.11799999999999 390.216 301.178

 7792 92 10000 2 0.9 4.021 2.957 57.464 11.789 0.999997758607524 0.00211725764321339 0.901110141893493 0.999999999421103 3.40263651561551e-05 0.90026521801864 0.999997752346145 0.00212021288053326 0.900900145648405 0.999999999396627 3.47382490168426e-05 0.900079451705788 1.76299999999999 1.93700000000001 397.989 300.007

 7795 95 10000 2 0.9 3.969 1.689 83.96 24.586 0.999999694248089 -0.000781987038223214 0.900883659176692 0.999999883029608 -0.000483674240710952 0.898511960944704 0.999999693350277 -0.000783134312776846 0.900683549553159 0.999999882926976 -0.000483886385243251 0.898367374479626 1.81399999999999 1.923 375.062 282.741

 7789 89 10000 2 0.9 4.492 2.148 80.125 24.789 0.999999515535934 0.000984341352159092 0.901877059185228 0.999999726780407 -0.000739215200110653 0.902402188066461 0.999999511397772 0.000988536401995539 0.901647714348501 0.99999972916795 -0.000735978278213951 0.902153019830055 2.11599999999999 2.16900000000001 388.39 289.215

 7796 96 10000 2 0.9 3.974 5.165 62.648 27.67 0.999999932451299 -0.00036755597892258 0.9028923528286 0.999998954574245 -0.00144597732241601 0.899836387712598 0.999999932663439 -0.000366978359935817 0.902632436581705 0.999998949616744 -0.00144940174182737 0.899662533962965 1.98599999999999 1.87300000000002 383.743 283.304

 7798 98 10000 2 0.9 6.911 4.569 58.947 5.28100000000001 0.999996882702438 0.00249691517816836 0.900563481537435 0.999998086433502 -0.00195630502058008 0.898550055181095 0.999996881239656 0.00249750094332637 0.900370235638178 0.99999808713401 -0.00195594691170853 0.898408089995622 1.422 1.53699999999999 284.642 45.86

 7799 99 10000 2 0.9 6.657 2.332 56.053 18.089 0.999998051099895 -0.00197428377162434 0.900636095497159 0.999999226952448 -0.00124342048666981 0.899744887583892 0.999998051366336 -0.00197414881153672 0.900439749904339 0.999999226631791 -0.00124367834230276 0.899574918250203 1.68899999999999 1.64100000000001 277.253 45.62

 7797 97 10000 2 0.9 7.006 2.613 79.849 7.19 0.999999962918895 0.000272327392096921 0.901658749482678 0.999997123629823 0.0023984853723569 0.899121381973383 0.999999963262665 0.00027106211308539 0.901436289075988 0.999997120115245 0.00239995025301837 0.898964721633186 1.703 1.67699999999999 275.232 45.763
