
 3120 20 500 3 0.7 0.00199999999999978 0.275 0.431999999999999 0.0670000000000002 0.999719422016463 0.0060494873531689 0.0229015489832898 0.692055012206871 0.99983169501513 -0.0106101791164616 -0.0149668213822943 0.699349349573204 0.999719419447253 0.00604950285484227 0.0229016570417213 0.692053517741654 0.999831697605553 -0.0106098691688171 -0.0149668680563974 0.699347697622339 0.00200000000000067 0.00100000000000033 0.0339999999999998 0.0299999999999994

 3123 23 500 3 0.7 0.00199999999999978 0.279 0.367 0.069 0.999718871581546 0.0236108567800702 0.00216915786241672 0.714135582332949 0.999911020334632 -0.0128512474850735 0.00357726871121711 0.699411713713367 0.999718868911518 0.0236109846455886 0.00216899662071124 0.714134475580144 0.999911022756985 -0.0128510588859777 0.00357726915244433 0.699410250446923 0.00199999999999978 0.00100000000000033 0.0380000000000003 0.0339999999999998

 3130 30 500 3 0.7 0.00200000000000022 0.285 0.382 0.0679999999999996 0.999508874285259 -0.0265213215456456 -0.0166922056207807 0.699095634781731 0.999900670666541 -0.0123884157565751 0.00672130609660143 0.675881767962095 0.999508868343928 -0.0265216200790817 -0.0166920870541067 0.699094048965902 0.999900665741808 -0.0123887571703569 0.0067214094402414 0.675880288368073 0.00199999999999978 0 0.0359999999999996 0.0339999999999998

 3122 22 500 3 0.7 0.00200000000000022 0.28 0.398 0.0680000000000005 0.99994871229724 -0.00646794906476529 0.00779348509889204 0.694641219984291 0.999868052017182 0.0121942697568586 0.0107321172404374 0.705561013118965 0.999948713647308 -0.00646795233908887 0.0077933091581068 0.694639651854606 0.999868051038423 0.0121942625855525 0.0107322165753792 0.705559846720469 0.00199999999999978 0 0.0350000000000001 0.0330000000000004

 3129 29 500 3 0.7 0.00200000000000022 0.277 0.397 0.0680000000000005 0.999555061348089 -0.0099894339073971 0.0281049914361829 0.693847224611652 0.999788277331378 0.0167648502145749 0.0119306457511215 0.692995222414137 0.999555065861331 -0.00998947340640402 0.0281048168827645 0.693845490494002 0.999788281159457 0.0167644058380487 0.0119309493803179 0.692993726956461 0.00199999999999978 0.000999999999999446 0.0369999999999999 0.0330000000000004

 3124 24 500 3 0.7 0.00300000000000011 0.286 0.402 0.0669999999999993 0.999689986177683 0.00574092866068538 0.0242275313265048 0.699686299566384 0.999858221746563 0.0103676287013752 -0.0132683337654675 0.696594069343673 0.999689988389331 0.00574058642621595 0.0242275211613242 0.699684760258669 0.999858217155892 0.0103675465511669 -0.0132687438874659 0.696592354645979 0.00200000000000067 0 0.0350000000000001 0.0330000000000004

 3131 31 500 3 0.7 0.00200000000000022 0.279 0.412999999999999 0.0670000000000002 0.999886640808463 0.00706915828749054 0.0132940789027762 0.689663230143501 0.999983949614222 0.00516431741169112 -0.00233030890907242 0.698385515582704 0.999886648909823 0.00706912751675468 0.01329348592492 0.68966189986687 0.999983949795134 0.00516428671560566 -0.00233029930305611 0.698384033565929 0.00200000000000067 0.00100000000000033 0.0330000000000004 0.032

 3126 26 500 3 0.7 0.00199999999999978 0.279 0.413 0.0659999999999998 0.999608865026304 0.0172017361789569 0.0220503340848523 0.704875875903434 0.99863962152122 0.0503661717604065 -0.0134964836218763 0.677326137378795 0.999608876702965 0.0172014642668427 0.0220500168642087 0.704874545623203 0.998639626712255 0.0503661215412052 -0.013496286930308 0.677324732824973 0.00200000000000067 0.00100000000000033 0.0339999999999998 0.0330000000000004

 3121 21 500 3 0.7 0.00200000000000022 0.282 0.416 0.0670000000000002 0.999661971930617 -0.0259836776223181 0.000889029251588948 0.702917611610095 0.99997784063914 -0.00305172033884652 0.00591652209124534 0.702421196134825 0.999661973224973 -0.0259836245701011 0.000889124374768138 0.702916395792687 0.999977838200025 -0.00305221201130178 0.00591668071155329 0.702419826567401 0.00300000000000011 0.00100000000000033 0.0330000000000004 0.032

 3125 25 500 3 0.7 0.00199999999999978 0.284 0.421 0.0669999999999993 0.999986592927289 0.00412405949118381 -0.0031314691417849 0.704573051165035 0.999269513704799 -0.0381885503437287 -0.00144000097875268 0.723304438609918 0.999986592099574 0.0041242320895138 -0.00313150614748952 0.70457172972372 0.999269432527378 -0.0381914271013129 -0.00141989872097481 0.723694642970825 0.00199999999999978 0.00100000000000033 0.0339999999999998 0.0419999999999998

 3128 28 500 3 0.7 0.00199999999999978 0.278 0.389 0.0679999999999996 0.999896244937416 -0.013601870510973 0.00474220187864405 0.697001003100905 0.999148867729609 -0.0411700101496046 0.00256327503824008 0.704629000385546 0.999896245485157 -0.013601995709501 0.00474172725968654 0.69699934298267 0.999148870043098 -0.041169936644067 0.00256355384626226 0.704627530674352 0.00199999999999978 0 0.0350000000000001 0.0330000000000004

 3127 27 500 3 0.7 0.00199999999999978 0.276 0.413 0.0670000000000002 0.999707807147507 -0.024171107421801 -0.000240612400097385 0.711356393990427 0.999990143954657 0.00078989733733072 -0.00436898795384363 0.690691779600608 0.999707810104266 -0.0241709855822679 -0.000240567070431362 0.711355277962393 0.99999014308851 0.000789916776706361 -0.00436918268193858 0.690690183887881 0.00199999999999978 0.000999999999999446 0.0330000000000004 0.032

 3132 32 500 3 0.7 0.00299999999999967 0.278 0.411 0.0710000000000006 0.998901721260843 -0.0226199717198099 -0.0410327691183663 0.704505371320265 0.998920277331225 0.010889045250194 0.0451631290993909 0.697299472218027 0.998901734867449 -0.0226197195870077 -0.0410325768701654 0.704504014477504 0.998920284070245 0.0108891215933994 0.0451629616383294 0.697297833839017 0.00200000000000067 0.00100000000000033 0.0339999999999998 0.0340000000000007

 3150 50 500 3 0.7 0.00199999999999978 0.27 0.357000000000001 0.0710000000000006 0.999958791605821 -0.00402362224325921 -0.00813790847024196 0.702603726969512 0.999949047369119 -0.00996692729536737 0.00160094530855381 0.686670401374983 0.99995879026864 -0.00402348797834377 -0.00813813915863674 0.702602581165911 0.999949044672092 -0.00996719102696956 0.00160098794592055 0.686669001921664 0.00200000000000067 0.000999999999999446 0.0350000000000001 0.032

 3133 33 500 3 0.7 0.00300000000000011 0.275 0.393 0.0709999999999997 0.999797060939802 0.00941795067427883 -0.0178084008611105 0.68265396382012 0.999556092840431 0.0149180094487236 0.0257889561568211 0.691981595064432 0.999797063607489 0.00941788569323024 -0.017808285456808 0.682652451841719 0.999556093057577 0.0149180731557468 0.0257889108880655 0.691980107637319 0.00300000000000011 0.000999999999999446 0.0369999999999999 0.0340000000000007

 3138 38 500 3 0.7 0.00200000000000022 0.273 0.363 0.0700000000000003 0.999837519833742 0.0176686078743064 0.00357130627288475 0.70199200721539 0.999895472829174 -0.00283100423466041 -0.0141784636242762 0.706155177004299 0.999837526256752 0.0176682963789706 0.00357104912354999 0.701990499870151 0.999895478049533 -0.00283108037441036 -0.0141780802652671 0.706153937309698 0.00200000000000067 0.000999999999999446 0.0359999999999996 0.0329999999999995

 3143 43 500 3 0.7 0.00300000000000011 0.273 0.41 0.069 0.999919498037372 0.00711848968385036 -0.0105035493672401 0.691649188778207 0.999983217968186 0.00575141898874101 0.000696391848967198 0.685931993775022 0.999919496929362 0.00711860899736085 -0.0105035739857858 0.691647702278516 0.999983217884689 0.00575143077993982 0.000696414363365468 0.685930510363743 0.00199999999999978 0.00100000000000033 0.0369999999999999 0.0330000000000004

 3148 48 500 3 0.7 0.00300000000000011 0.27 0.383 0.069 0.999893461705018 0.0143608945917171 0.00261341655340721 0.701617774278253 0.999888608267754 0.0068835054029906 -0.0132434289268313 0.677468099077957 0.999893461460011 0.0143609905508788 0.00261298295345929 0.701616466494969 0.99988860875864 0.00688366919371022 -0.0132433067299514 0.677466618301843 0.00300000000000011 0.00100000000000033 0.0349999999999993 0.0330000000000004

 3135 35 500 3 0.7 0.00200000000000022 0.275 0.41 0.0699999999999994 0.999602926138544 -0.0279515260049657 -0.00356402150020187 0.703510898101675 0.999303677541465 0.0119702940191637 -0.0353393847314718 0.692462355927323 0.999602929426021 -0.0279513929369141 -0.00356414306712488 0.703509559464782 0.999303668847497 0.0119703264896646 -0.0353396195743857 0.692460916140421 0.00300000000000011 0.00100000000000033 0.0359999999999996 0.032

 3147 47 500 3 0.7 0.00200000000000022 0.271 0.413 0.0699999999999994 0.999958163875912 -0.00580605911241583 0.00706825123342972 0.717124941901702 0.999924667427211 0.00510652107580569 0.0111616716079696 0.67732650914047 0.999958175452035 -0.00580464331642076 0.00706777635510757 0.71719005789878 0.999924668498959 0.00510625847505427 0.0111616957328445 0.677325044496924 0.00300000000000011 0.000999999999999446 0.04 0.0330000000000004

 3136 36 500 3 0.7 0.00200000000000022 0.269 0.380000000000001 0.0679999999999996 0.999964195062432 -0.00166648156666907 -0.00829647107689259 0.70286009346085 0.999063940104996 0.0366167994190061 -0.0230315779352917 0.692583024968381 0.99996418876011 -0.00166650140675406 -0.00829722666900373 0.702858778305454 0.999063949319431 0.0366166100123642 -0.0230314793590176 0.692581610393998 0.00300000000000011 0.000999999999999446 0.0349999999999993 0.032

 3149 49 500 3 0.7 0.00199999999999978 0.274 0.41 0.069 0.999205811936466 0.0377656941666177 -0.0127081759706294 0.712459349285732 0.999418255106495 0.0234692292468279 -0.0247456387763472 0.699892995104697 0.999205822364413 0.0377655014292102 -0.0127079288185614 0.712458104708196 0.9994182508671 0.0234692863264993 -0.0247457558597653 0.699891485132611 0.00300000000000011 0 0.0359999999999996 0.032

 3134 34 500 3 0.7 0.00300000000000011 0.276 0.421 0.069 0.999410401597525 0.00491120547763826 -0.0339813072060295 0.699322098942187 0.999151162962726 -0.0182960662091632 -0.0369080954737756 0.710425875058422 0.999410403840651 0.00491124818138801 -0.0339812350624334 0.699320415913855 0.999151159425194 -0.0182960728161085 -0.0369081879641768 0.71042464213556 0.00199999999999978 0.00100000000000033 0.0359999999999996 0.0330000000000004

 3145 45 500 3 0.7 0.00299999999999967 0.272 0.393 0.0680000000000005 0.999906386639472 -0.0122917343201785 -0.00601092546925686 0.703799143485426 0.999074445354996 -0.00172771954873935 0.0429798513697753 0.731465005873242 0.999906385074213 -0.0122918642298059 -0.00601092019368252 0.703797706549741 0.99907489628248 -0.00171440954794078 0.042969901303738 0.731120799105138 0.00300000000000011 0 0.0359999999999996 0.04

 3141 41 500 3 0.7 0.00200000000000022 0.271 0.395 0.0680000000000005 0.999691125084782 0.00689554243717875 -0.0238768909454164 0.723975190483228 0.999567850737684 0.0111644259002297 -0.0271931492469106 0.68791285737286 0.999690931056246 0.00687448676040757 -0.0238910819277202 0.724384239389667 0.999567845898659 0.0111646843889636 -0.0271932209936538 0.687911089308375 0.00299999999999923 0.000999999999999446 0.0440000000000005 0.0330000000000004

 3142 42 500 3 0.7 0.00200000000000022 0.271 0.397 0.0669999999999993 0.99944407738294 -0.0224823475527702 0.0246186968111592 0.71950809507874 0.999436667779017 -0.0113812171174518 -0.0315723770992803 0.711152143362172 0.999444280213507 -0.0224790729674584 0.0246134521558425 0.719702005393648 0.99943665698582 -0.0113815818887745 -0.0315725872667598 0.711151072089925 0.00300000000000011 0.00100000000000033 0.0419999999999998 0.0309999999999997

 3144 44 500 3 0.7 0.00200000000000022 0.27 0.401 0.0679999999999996 0.998235607763015 0.0372986384603242 -0.0462004649653089 0.706418944429861 0.999707161120593 0.0241873374961616 -0.000751471258070678 0.737619617717418 0.998235624557792 0.0372985863896728 -0.0462001441236605 0.706417726575872 0.999707262611292 0.0241830230881963 -0.00075529898309834 0.737460936355329 0.00199999999999978 0.00100000000000033 0.0340000000000007 0.0380000000000003

 3139 39 500 3 0.7 0.00300000000000011 0.27 0.402 0.0680000000000005 0.999993494423544 0.00358942632894009 -0.000356551845594432 0.716885679041848 0.999855793974795 0.00689491646945772 -0.0155193872917318 0.698631429651172 0.999993487641938 0.00359096328533343 -0.000360078320828741 0.716940795416979 0.999855794689454 0.00689472434346707 -0.0155194266050063 0.698629974572373 0.00300000000000011 0.00100000000000033 0.0410000000000004 0.032

 3151 51 500 3 0.7 0.00200000000000022 0.27 0.432 0.069 0.99980238079773 0.0138470866242978 -0.0142638544303609 0.700278818422242 0.99967480442408 0.0121193136859462 0.0224367474349475 0.700477162065795 0.999802386300724 0.0138470051692334 -0.0142635477782023 0.700277365237305 0.999674808703737 0.0121193316742927 0.0224365470363633 0.700475787823363 0.00300000000000011 0.000999999999999446 0.0359999999999996 0.0309999999999997

 3152 52 500 3 0.7 0.00199999999999978 0.274 0.418 0.069 0.999199797827923 0.0345154697876006 -0.0202100560607811 0.709585089161627 0.999031635997562 0.0365163335614858 -0.0245427720370036 0.710165068407648 0.999199792920282 0.0345156824907173 -0.0202099354344671 0.709583702151985 0.99903163577585 0.0365163786066708 -0.0245427140407067 0.710163849505647 0.00300000000000011 0.000999999999999446 0.0350000000000001 0.032

 3137 37 500 3 0.7 0.00199999999999978 0.271 0.385 0.0679999999999996 0.999613927667111 0.0275468404271074 0.00362866317200331 0.704253184630788 0.999781193313899 0.00481333630852111 0.0203567504630917 0.717971966964534 0.999613925055392 0.0275469566875465 0.00362850004913217 0.704251781202797 0.999781224701073 0.0048135229760436 0.0203551647446552 0.718085329361603 0.00199999999999978 0 0.0360000000000005 0.0369999999999999

 3146 46 500 3 0.7 0.00199999999999978 0.278 0.398 0.0700000000000003 0.999807183881563 -0.0188284353061528 0.00557539978293205 0.708806511478072 0.999925273776245 -0.011546033865584 0.00401695973047195 0.684019815643316 0.999807183354097 -0.0188284839097753 0.00557533023300028 0.708805380436383 0.999925272981142 -0.0115460812665325 0.00401702140579005 0.684018430370583 0.00199999999999978 0.000999999999999446 0.0360000000000005 0.0310000000000006

 3140 40 500 3 0.7 0.00199999999999978 0.273 0.38 0.0679999999999996 0.999855439108984 -0.0141187693926853 0.00947424060374184 0.71112534853395 0.999853999666504 -0.0161560487489499 -0.00556430046957699 0.726406730718741 0.999855444457278 -0.0141184601266287 0.00947413704736547 0.711123878233174 0.999853852356447 -0.0161626706547402 -0.00557153527127132 0.726668996349096 0.00199999999999978 0.00100000000000033 0.0350000000000001 0.36

 3153 53 500 3 0.7 0.00200000000000022 0.289 0.395 0.0659999999999998 0.999050559985456 -0.0198671116221711 0.0387721094156551 0.690890889740284 0.999808188344612 0.009081155232825 0.017352784753542 0.719855589425777 0.999050566823299 -0.0198669861528792 0.0387719975142688 0.690889407299517 0.999808001126609 0.0090917670522942 0.0173580141456567 0.720067139984993 0.00199999999999978 0.00100000000000033 0.0350000000000001 0.0419999999999998

 3154 54 500 3 0.7 0.00199999999999978 0.287 0.387 0.0659999999999998 0.999461618257511 -0.0327004384840352 -0.00267487439501215 0.692315594538758 0.999114646058904 -0.0419759196484803 -0.00281890054018048 0.719211230440562 0.99946162468067 -0.0327002138853831 -0.00267522008903221 0.692314275523373 0.999114461219941 -0.0419801164121976 -0.00282191552077116 0.719382649783687 0.00299999999999923 0.00100000000000033 0.0330000000000004 0.0419999999999998

 3155 55 500 3 0.7 0.00199999999999978 0.284 0.393 0.0670000000000002 0.999720999035168 -0.00962751106754755 0.0215693096498032 0.715767095381451 0.999957488277408 -0.00738605026895968 0.00551977348829164 0.727769441407773 0.999720998153436 -0.00962739541514128 0.0215694021386608 0.715765948437629 0.999957692008055 -0.00736583946693969 0.00550986414266524 0.727282579693961 0.00300000000000011 0.000999999999999446 0.0369999999999999 0.0430000000000001

 3157 57 500 3 0.7 0.00199999999999978 0.285 0.387 0.0670000000000002 0.999612625978186 -0.0121044410147172 0.025061534125369 0.710362867621464 0.999583909805098 0.0222129315308594 -0.0184008948575401 0.696667559474454 0.999612614832642 -0.0121043543326406 0.025062020541789 0.710361906781143 0.999583903037678 0.0222130692387759 -0.0184010962433131 0.696665995375924 0.00300000000000011 0.00100000000000033 0.0350000000000001 0.0339999999999998

 3158 58 500 3 0.7 0.00200000000000022 0.281 0.423999999999999 0.0669999999999993 0.999655880295013 0.000880301045650326 0.0262172855511789 0.715142225311844 0.999453732720215 -0.0151631558645078 -0.0293651980388082 0.684597065227957 0.999655884854373 0.000880273539955731 0.026217112627368 0.71514124058748 0.999453729476534 -0.0151632868013959 -0.0293652408269773 0.684595378635125 0.00300000000000011 0.00100000000000033 0.0360000000000005 0.0339999999999998

 3156 56 500 3 0.7 0.00199999999999978 0.282 0.428 0.0659999999999998 0.999234779681403 -0.0243117342237413 0.0306397561036705 0.693381081837484 0.999953935725258 -0.00954852860754006 0.000975719733357877 0.699688410473923 0.99923478117208 -0.0243118136615419 0.0306396444573241 0.693379541830116 0.999953939114065 -0.00954815516373378 0.000975901241735922 0.69968677006529 0.00300000000000011 0 0.0379999999999994 0.0350000000000001

 3161 61 500 3 0.7 0.00200000000000022 0.28 0.404 0.0660000000000007 0.99987942767877 0.00168862805563601 -0.0154362767552782 0.697803942581683 0.9998008598322 0.00359702108668873 -0.0196291140425429 0.70043160296599 0.99987942444073 0.00168890182764453 -0.0154364565458411 0.697802379592679 0.999800861536161 0.00359686529937781 -0.0196290557992304 0.700430216643769 0.00199999999999978 0.000999999999999446 0.0350000000000001 0.0329999999999995

 3160 60 500 3 0.7 0.00200000000000022 0.285 0.397 0.0659999999999998 0.999934049891077 -0.0110957066358834 -0.00296330266403256 0.709870979266257 0.999653670709511 -0.0156386167927014 0.0211653561701983 0.707438544747789 0.999934054914509 -0.0110953592038321 -0.00296290843017918 0.709869606923361 0.999653673914393 -0.0156385091837426 0.021165284311031 0.707437071630787 0.00199999999999978 0.000999999999999446 0.0369999999999999 0.0339999999999998

 3159 59 500 3 0.7 0.00199999999999978 0.28 0.415999999999999 0.0670000000000002 0.999573027310995 -0.0291464477874519 -0.00206098367419454 0.698717308591015 0.999979986204066 0.0020900922353891 -0.00597149108375127 0.68970907621927 0.999573025268309 -0.0291465317644254 -0.00206078675886416 0.698715789400935 0.999979988026575 0.00208998396357276 -0.00597122377770517 0.689707613606095 0.00199999999999978 0.00100000000000033 0.0359999999999996 0.0329999999999995

 3163 63 500 3 0.7 0.00199999999999978 0.285 0.396 0.0670000000000002 0.999575793813842 -0.0156752643351185 0.0245462524522876 0.711411474220118 0.999096355849825 -0.0391108864089891 0.0166376167735154 0.693105231646965 0.99957579694404 -0.0156752160317253 0.024546155830328 0.71141029844066 0.999096363860493 -0.0391107857777855 0.0166373722860936 0.693103566981861 0.00200000000000067 0.00100000000000033 0.0360000000000005 0.0339999999999998

 3162 62 500 3 0.7 0.00200000000000022 0.282 0.43 0.0679999999999996 0.999853712769952 -0.000641711390955545 -0.0170921404930344 0.694801616436587 0.99957056916633 0.0247491819529043 0.0156893355232605 0.687523118695531 0.999853712206159 -0.000641615623162592 -0.0170921770689016 0.694799975198871 0.999570566709142 0.0247492590190546 0.0156893705027264 0.687521623474087 0.00300000000000011 0 0.0369999999999999 0.0329999999999995

 3164 64 500 3 0.7 0.00199999999999978 0.278 0.414 0.069 0.999971052526324 -0.00712184084560215 0.00267833761224047 0.705827668934541 0.999816501029747 0.019135008231383 0.000903176958832793 0.707119044809493 0.999971053048354 -0.00712179459653502 0.00267826568711441 0.705826354567326 0.9998164978033 0.0191351759904937 0.000903194417601087 0.707117694553767 0.00199999999999978 0.000999999999999446 0.0360000000000005 0.032

 3166 66 500 3 0.7 0.00199999999999978 0.28 0.407999999999999 0.069 0.999898028093703 0.000349197340572867 -0.0142762556555062 0.680894858446861 0.999514191178004 -0.0257049559168265 0.0176248936193722 0.682171686224814 0.999898029441214 0.000349112668502513 -0.0142761633473793 0.680893407937455 0.999514187956746 -0.0257051122492082 0.0176248482950393 0.682169787884548 0.00300000000000011 0.00100000000000033 0.0360000000000005 0.0339999999999998

 3165 65 500 3 0.7 0.00200000000000022 0.283 0.418 0.069 0.999713403686206 -0.0215503474141753 -0.0104255942981405 0.705854919952486 0.999612311180163 -0.00293680625854453 -0.0276875875809677 0.699581013269552 0.999713408002961 -0.0215501303813988 -0.0104256289810549 0.705853356305917 0.999612311749606 -0.00293681492526618 -0.0276875661029231 0.69957960707365 0.00200000000000067 0.000999999999999446 0.0369999999999999 0.032

 3168 68 500 3 0.7 0.00200000000000022 0.278 0.396 0.0720000000000001 0.999812669118414 0.0119138847172687 -0.0152540493396314 0.710073781839284 0.999966496216623 0.00818452749646274 -0.000141258308296842 0.706206991901288 0.999812671451343 0.0119138547694393 -0.0152539198195811 0.710072667591581 0.999966497772384 0.00818434053467229 -0.000141077442851229 0.706205686596405 0.00200000000000067 0.00100000000000033 0.0369999999999999 0.0330000000000004

 3169 69 500 3 0.7 0.00200000000000022 0.279 0.402 0.0730000000000004 0.999855755238957 0.0118064588244263 0.0122096783561735 0.711888146178939 0.999863126793438 0.0165173346218925 -0.00095149137549229 0.679627784918719 0.999855757081218 0.0118063852119688 0.0122095986735957 0.711887035607134 0.999863125311625 0.0165174094170017 -0.000951750083206895 0.679626430757673 0.00199999999999978 0.00100000000000033 0.0359999999999996 0.032

 3174 74 500 3 0.7 0.00299999999999967 0.276 0.401 0.0720000000000001 0.998915887123071 -0.0245770206083057 0.0395350542069467 0.710040465033154 0.99828424479477 -0.0459383071052215 -0.0363075547901837 0.699809740726244 0.998915885234366 -0.0245771381870173 0.0395350288349468 0.710039317728832 0.998284244283925 -0.0459384591949601 -0.0363073764029657 0.699808242482821 0.00199999999999978 0.000999999999999446 0.0350000000000001 0.032

 3167 67 500 3 0.7 0.00200000000000022 0.278 0.439 0.0709999999999997 0.999582559288407 -0.0111090902483349 0.026670119615274 0.70487134544344 0.999963211679252 -0.00180726963474969 0.00838505006438816 0.670958400254923 0.999582568292546 -0.0111090762804605 0.0266697879607654 0.704869968262411 0.999963211572725 -0.00180765102298182 0.00838498055694734 0.67095712317106 0.00300000000000011 0.000999999999999446 0.0350000000000001 0.0309999999999997

 3175 75 500 3 0.7 0.00199999999999978 0.275 0.401 0.0709999999999997 0.999735162942945 -0.00231143074466979 -0.0228967522447111 0.69630641518742 0.999617862828218 0.0276077144117207 -0.00139370718100666 0.692377669180858 0.999735163572062 -0.00231142565979132 -0.0228967252890506 0.696304997514299 0.999617859830684 0.0276078449852911 -0.00139327053773201 0.692376098907226 0.00199999999999978 0.000999999999999446 0.0339999999999998 0.0309999999999997

 3170 70 500 3 0.7 0.00200000000000022 0.274 0.42 0.0700000000000003 0.999955823343413 0.00528435268897804 -0.00777347916033855 0.713310854837292 0.999524734486258 0.0169783094827355 -0.0257301798921701 0.698176066310256 0.999955822177671 0.00528431343271085 -0.00777365580166808 0.713309607173355 0.999524729731375 0.0169783705107351 -0.0257303243318326 0.698174529409137 0.00200000000000067 0 0.0339999999999998 0.032

 3171 71 500 3 0.7 0.00200000000000022 0.277 0.426 0.0699999999999994 0.99993471174287 -0.0113457475101853 0.00135877339492396 0.682294130987712 0.998469273148419 -0.0538084466238642 0.0127969391025614 0.712873684553809 0.999934712514646 -0.0113456854074928 0.00135872399196406 0.682292809275795 0.99846926450714 -0.0538086157274389 0.0127969022840636 0.712872500209866 0.00300000000000011 0 0.0340000000000007 0.0330000000000004

 3173 73 500 3 0.7 0.00299999999999967 0.275 0.426 0.0700000000000003 0.999941301392469 0.00846757532238553 0.00675972911404753 0.69487851848455 0.999987580548547 0.00250805365786245 -0.00430678714508052 0.71853055306085 0.999941306368614 0.0084672607381055 0.00675938705961021 0.694876926659332 0.999987543734119 0.00250673389330787 -0.00431609334842123 0.718678752564353 0.00199999999999978 0 0.0350000000000001 0.0429999999999993

 3176 76 500 3 0.7 0.00200000000000022 0.276 0.423 0.0699999999999994 0.999968184168751 0.00576158738438338 -0.00551677089090939 0.704741125978844 0.999209036629925 -0.0209509972139431 0.0337987696941716 0.703453622694704 0.999968182356776 0.00576167155341558 -0.00551701141896762 0.704739924766319 0.999209016741047 -0.0209511453049343 0.0337992658766611 0.703452169311564 0.00199999999999978 0.000999999999999446 0.0339999999999998 0.0350000000000001

 3177 77 500 3 0.7 0.00199999999999978 0.275 0.395 0.0680000000000005 0.999365660609843 -0.0147383387480988 -0.0324200210487018 0.699221141988152 0.999809592993411 -0.016458514739748 -0.0104830840362323 0.71368779637499 0.999365666208764 -0.0147381643184949 -0.032419927754915 0.699219837326498 0.999809594090268 -0.0164585015353086 -0.0104830001557318 0.713686718363392 0.00199999999999978 0.000999999999999446 0.032 0.032

 3181 81 500 3 0.7 0.00200000000000022 0.275 0.413 0.0680000000000005 0.999735022550394 -0.0214607769974245 0.00832584751415501 0.694905955167128 0.999994039788396 0.00307893926097776 -0.00156221660186164 0.716664251840611 0.999735028588206 -0.0214605172258687 0.00832579210264886 0.69490454941275 0.999994039027325 0.00307958479717565 -0.00156143116823741 0.71670554363544 0.00299999999999923 0.00100000000000033 0.032 0.0349999999999993

 3183 83 500 3 0.7 0.00200000000000022 0.276 0.395 0.0680000000000005 0.999458720235587 0.0156409238959369 -0.0289418044483109 0.695715838423351 0.999644023544117 -0.00376457335015056 -0.0264131440767756 0.706390252162691 0.999458725444957 0.0156411082143391 -0.02894152493858 0.695714293177486 0.999644024281505 -0.0037643692594813 -0.0264131452568085 0.706388742950138 0.00300000000000011 0.00100000000000033 0.0329999999999995 0.0319999999999991

 3180 80 500 3 0.7 0.00199999999999978 0.274 0.395 0.0670000000000002 0.999706009263664 0.00771808509630483 0.0229853476059324 0.697220969562582 0.999294015484265 -0.000264021165866196 -0.0375686160266504 0.710983498200192 0.99970601100399 0.00771821074693286 0.0229852297216202 0.697219126074429 0.999294023114578 -0.000264110062107869 -0.0375684124412577 0.710982240812758 0.00199999999999978 0 0.0350000000000001 0.0310000000000006

 3178 78 500 3 0.7 0.00300000000000011 0.273 0.409 0.0670000000000002 0.999727154943409 -0.022367498020105 0.00673132238692339 0.672488053205349 0.999860116967817 0.0113728285104723 0.0122639825821411 0.707612424467547 0.999727154484822 -0.0223676138864848 0.00673100547515826 0.672486759787003 0.999860116538936 0.0113729860468131 0.0122638714574301 0.707610999009146 0.00199999999999978 0 0.0330000000000004 0.032

 3172 72 500 3 0.7 0.00300000000000011 0.275 0.415 0.0680000000000005 0.999919456892814 -0.0051255200903218 0.011610717935726 0.701120379254425 0.999476507049251 -0.0300689341563442 -0.0119403121956345 0.697860888988046 0.999919457000959 -0.00512582158001437 0.011610575525678 0.701119000871923 0.999476501702362 -0.0300691451829453 -0.0119402283385096 0.69785908148166 0.00199999999999978 0.00100000000000033 0.0350000000000001 0.032

 3182 82 500 3 0.7 0.00200000000000022 0.275 0.411999999999999 0.069 0.999225315772862 0.0341988303350574 0.0194732719987556 0.705612357531937 0.999649666976968 0.00530500627877823 -0.0259306810789545 0.686828780303484 0.99922532034223 0.0341986268106078 0.0194733949592004 0.705611099375092 0.999649659485121 0.00530497271095729 -0.025930976761741 0.686827467402911 0.00199999999999978 0.00100000000000033 0.032 0.0310000000000006

 3179 79 500 3 0.7 0.00200000000000022 0.274 0.412 0.069 0.999901033818926 0.00355238247131041 -0.0136126098387085 0.721281052330781 0.999600064496985 0.0113245099693876 -0.0259126712551145 0.689707848325574 0.99990077564533 0.00355149874876491 -0.0136317908033331 0.721570858647079 0.999600066736036 0.0113247835847254 -0.0259124653028419 0.689706280132148 0.00199999999999978 0 0.0409999999999995 0.032

 3184 84 500 3 0.7 0.00200000000000022 0.279 0.397 0.0680000000000005 0.999688556911478 -0.0233738030223106 0.00874382710951015 0.702787568952854 0.999864267969581 0.0075463561436597 -0.0146457552419232 0.698207455044858 0.999688551441071 -0.0233740899898641 0.00874368542424128 0.702786124415097 0.999864265395601 0.00754661343121103 -0.0146457983953001 0.698205984334653 0.00199999999999978 0.00100000000000033 0.0340000000000007 0.0299999999999994

 3186 86 500 3 0.7 0.00200000000000022 0.28 0.382 0.0659999999999998 0.999942785611323 -0.00233436000066355 0.0104391698546669 0.701587598897697 0.99953616690648 -0.00384423613801294 0.0302104765671896 0.700884440083817 0.999942788611455 -0.00233422966152474 0.0104389116211171 0.701586195165539 0.999536174473627 -0.00384443095784648 0.0302102014100912 0.700882875145059 0.00199999999999978 0 0.0349999999999993 0.0330000000000004

 3185 85 500 3 0.7 0.00300000000000011 0.287 0.427 0.0659999999999998 0.999321628115913 -0.0123274935037451 0.0347032633000835 0.716973970992071 0.999653187967099 -0.0220188744941195 0.0144455167172617 0.694339827938797 0.999321726692289 -0.012327999396577 0.0347002448351677 0.717031054761813 0.999653185833232 -0.0220190286997327 0.0144454293321151 0.694337985034955 0.00199999999999978 0 0.04 0.0339999999999998

 3188 88 500 3 0.7 0.00199999999999978 0.283 0.385 0.0670000000000002 0.999233058133114 0.0388047471180333 0.00524281747257275 0.677485781698922 0.99977265495626 0.0110539384309527 0.0182331798344567 0.720933449176272 0.999233054853992 0.03880484748239 0.00524269959352444 0.67748459405656 0.999772662551579 0.0110659235982464 0.0182254917476424 0.721207367007592 0.00199999999999978 0.000999999999999446 0.0330000000000004 0.0419999999999998

 3190 90 500 3 0.7 0.00300000000000011 0.28 0.375 0.0670000000000002 0.999790030158845 -0.00680737367670055 -0.019327577670305 0.710201436389055 0.999456486444922 0.00733145772935538 -0.0321400284806024 0.697867948175513 0.999790028646195 -0.00680750703217965 -0.0193276089480253 0.710200391233521 0.99945648358033 0.00733144344061307 -0.0321401208199123 0.697866371741902 0.00199999999999978 0.00100000000000033 0.0329999999999995 0.0330000000000004

 3187 87 500 3 0.7 0.00200000000000022 0.282 0.403 0.0659999999999998 0.999890467101235 0.014791657924185 0.000510544737128917 0.707601365923345 0.999316207212314 -0.0337918101604085 -0.0150077169775479 0.732420020744853 0.999890469204806 0.0147915230466529 0.00051033259052978 0.70760012642793 0.999316049815134 -0.0337933696145513 -0.0150146845444955 0.732096491000797 0.00199999999999978 0.00100000000000033 0.0339999999999998 0.0419999999999998

 3193 93 500 3 0.7 0.00199999999999978 0.279 0.385 0.0670000000000002 0.999950233393739 -0.00675509472202096 0.00734162319273051 0.699643621137935 0.999869792406231 -0.0156693986332867 -0.00385592790289785 0.705860544578944 0.999950230473556 -0.00675547899981057 0.00734166734229285 0.699642152123223 0.999869795368933 -0.015669214511907 -0.00385590786563891 0.705859113376814 0.00199999999999978 0 0.0339999999999998 0.0330000000000004

 3191 91 500 3 0.7 0.00200000000000022 0.284 0.408 0.0670000000000002 0.999965743357255 0.000810492680309037 0.00823742760747853 0.71023603614587 0.999978665688206 -0.00540266458476588 -0.00367142803533393 0.710446640388626 0.999965742567605 0.00081062191144118 0.00823751074870217 0.710234880191745 0.999978664681144 -0.00540257875477032 -0.00367182860631579 0.710445327242803 0.00199999999999978 0.00100000000000033 0.0350000000000001 0.0349999999999993

 3194 94 500 3 0.7 0.00200000000000022 0.282 0.414 0.0660000000000007 0.99969004175707 0.00012073198549577 -0.0248958999743953 0.692412072762622 0.999778676078709 0.00269617384869794 -0.0208645513942287 0.713249306700972 0.999690052077072 0.0001206958063992 -0.024895485748716 0.692410721493015 0.999778673540126 0.00269621845932271 -0.0208646672718669 0.713248083425805 0.00199999999999978 0 0.0330000000000004 0.0350000000000001

 3189 89 500 3 0.7 0.00200000000000022 0.287 0.404 0.0659999999999998 0.99960343560406 0.00554091826245644 0.0276092331180991 0.680414557033525 0.999210431367617 -0.0313575863362356 0.0243970413228032 0.706578245527072 0.999603430678062 0.00554084645363054 0.0276094258764339 0.680413152133191 0.999210430424 -0.031357714028115 0.0243969158463991 0.706576730176327 0.00300000000000011 0.000999999999999446 0.0330000000000004 0.0359999999999996

 3192 92 500 3 0.7 0.00299999999999967 0.284 0.407 0.0659999999999998 0.999785664942515 -0.0206963544292504 0.00053393706808583 0.701246199755073 0.999343912710221 -0.0107303565881995 -0.0345919582636824 0.699494349974757 0.999785668382696 -0.0206961947509322 0.000533684736585937 0.701244749890911 0.999343917460076 -0.0107304112228026 -0.0345918040948805 0.699492999422061 0.00199999999999978 0.000999999999999446 0.0340000000000007 0.0329999999999995

 3196 96 500 3 0.7 0.00199999999999978 0.28 0.407 0.0669999999999993 0.999736107020011 0.0183426912618728 -0.0138297504585184 0.693983764301681 0.99943096400318 -0.0336757480340293 -0.00192150618583053 0.712710821449885 0.999736097444135 0.018343008261349 -0.0138300222376993 0.693982126331145 0.999430969132314 -0.0336755790158347 -0.00192180050786896 0.712709446545215 0.00199999999999978 0.00100000000000033 0.0350000000000001 0.0350000000000001

 3198 98 500 3 0.7 0.00200000000000022 0.279 0.403 0.0670000000000002 0.999851468889215 -0.00627667931610677 0.0160512758633428 0.709988746103105 0.999024744503626 -0.0439401447300324 0.00433861159457889 0.711650865110478 0.999851473828746 -0.00627660064446298 0.0160509989357375 0.709987590238192 0.999024758142509 -0.0439398408787863 0.00433854835718418 0.711649521145006 0.00199999999999978 0.00100000000000033 0.0350000000000001 0.0339999999999998

 3197 97 500 3 0.7 0.00199999999999978 0.281 0.405 0.0670000000000002 0.999493258442756 0.000590348455790697 0.0318257414082264 0.675924747005614 0.999474146521628 -0.0219063121318199 0.0239069848296917 0.684884271361814 0.999493250595866 0.000590428771854517 0.0318259863503672 0.67592356366608 0.999474152993648 -0.0219060394637302 0.0239069641034455 0.68488254347142 0.00199999999999978 0 0.0339999999999998 0.032

 3195 95 500 3 0.7 0.00199999999999978 0.282 0.419 0.0670000000000002 0.999242441328303 0.0366927802519547 -0.0129685514084765 0.69522709617891 0.999986430150494 0.00458312175521929 0.00247679426836813 0.698244907548725 0.999242436065542 0.0366928937044812 -0.0129686359110623 0.695225661273149 0.999986432311043 0.00458281056972173 0.00247649775153672 0.698242964208892 0.00300000000000011 0 0.0340000000000007 0.0330000000000004

 3199 99 500 3 0.7 0.00199999999999978 0.278 0.378 0.0669999999999993 0.99980755515094 -0.0122262437628278 -0.0153418260500999 0.722946379046654 0.999190241749047 -0.00289871419758019 0.0401305151908373 0.699843735531467 0.999807398738319 -0.0122531014956552 -0.0153305881117529 0.723324875957945 0.99919024151934 -0.00289910944795693 0.0401304923584542 0.699842255850246 0.00200000000000067 0 0.0500000000000007 0.032

 3200 100 500 3 0.7 0.00199999999999978 0.278 0.427 0.0670000000000002 0.999593066062522 -0.0210988600883871 0.0191974056241241 0.71218395437332 0.999968052286892 0.00614369224692808 0.0051136534037659 0.713157296999959 0.999593069514467 -0.0210986026284463 0.0191975088429051 0.712182827161044 0.999968053249734 0.00614368666856899 0.00511347182020765 0.713156119208513 0.00200000000000067 0 0.0340000000000007 0.0329999999999995

 3201 1 1000 3 0.7 0.00299999999999967 0.316 0.778999999999999 0.143 0.99969938156892 -0.0244991630711262 0.000968245595084875 0.709593809913662 0.999870108500685 -0.0145902521171437 0.00684767624728105 0.702844078697296 0.999699383181249 -0.0244990986458497 0.000968211016299711 0.709592774001888 0.999870109211516 -0.014590183066636 0.00684771957896752 0.702842810923576 0.00300000000000011 0.000999999999999446 0.0520000000000005 0.0500000000000007

 3202 2 1000 3 0.7 0.00300000000000011 0.319 0.782999999999999 0.141 0.999472833874853 0.0244001133644279 0.0214170215943763 0.697705842089401 0.999869561472172 -0.00570779394237587 0.0151089751392238 0.688736756126197 0.999472839439044 0.0244000584165361 0.0214168245294462 0.697704632407855 0.999869559319443 -0.00570795735269705 0.0151090558673576 0.688735464300992 0.00300000000000011 0.00100000000000033 0.0499999999999998 0.0510000000000002

 3203 3 1000 3 0.7 0.00199999999999978 0.315 0.864 0.138 0.999735663073251 0.0128543055957522 -0.0190622875630937 0.709844031674942 0.999474019551275 -0.0115362598359527 0.0303083973679641 0.686809391700964 0.999735664542152 0.0128543998837103 -0.0190621469433952 0.709843036373331 0.99947402353177 -0.0115362757292691 0.0303082600541914 0.686808160389224 0.00299999999999923 0.00100000000000033 0.0499999999999998 0.0520000000000005

 3204 4 1000 3 0.7 0.00199999999999978 0.315 0.824 0.136 0.999915039025521 0.010806741322303 -0.00728896924014734 0.699411172937722 0.999884265185584 0.00565070082278353 -0.0141253606855204 0.701642880945068 0.999915038623806 0.0108067582823625 -0.00728899920289647 0.699410047099839 0.999884261502539 0.0056507858620559 -0.0141255873741318 0.701641672674854 0.00300000000000011 0.00100000000000033 0.0510000000000002 0.0510000000000002

 3209 9 1000 3 0.7 0.00300000000000011 0.317 0.754 0.135999999999999 0.999642326042166 -0.000327743351255557 0.0267415887580251 0.693364677115013 0.99984405215224 -0.013840039478036 0.0109692608244994 0.686986328442387 0.999642326937236 -0.000327806373502268 0.0267415545264177 0.693363547550204 0.999844050399851 -0.0138400948118576 0.0109693507382901 0.686985218804225 0.00300000000000011 0.00100000000000033 0.0500000000000007 0.0510000000000002

 3205 5 1000 3 0.7 0.00299999999999967 0.319 0.799 0.135 0.999989432248606 -0.00162431712445175 0.00430081213146689 0.696903255831636 0.999983480689432 -0.0005654693038953 -0.00572001684565174 0.709583092901289 0.99998943128821 -0.00162438397348999 0.00430101018233328 0.696901953506198 0.999983480323324 -0.000565371625377625 -0.00572009050432597 0.709581940286807 0.00300000000000011 0.00100000000000033 0.0519999999999996 0.0529999999999999

 3206 6 1000 3 0.7 0.00299999999999967 0.311 0.815 0.134 0.999681717663737 -0.00338515974011934 -0.0250000812481474 0.706992092320678 0.999819773124104 -0.00613015309729294 -0.0179678182612441 0.691559041291991 0.999681715754216 -0.00338521727251638 -0.025000149814057 0.706991079686787 0.999819773765505 -0.00613004472798855 -0.0179678195429394 0.69155785425767 0.00199999999999978 0.00100000000000033 0.0519999999999996 0.0490000000000004

 3212 12 1000 3 0.7 0.00200000000000022 0.313 0.775 0.133 0.99990433460376 0.000442174925558816 -0.0138248371399585 0.700803390869334 0.999958624609576 0.004893532711854 0.0076682727210177 0.711563079962286 0.999904336659211 0.000442142288342922 -0.0138246895191601 0.700802296826721 0.999958624201534 0.00489352879249151 0.00766832843143494 0.711562139909507 0.00299999999999923 0.000999999999999446 0.0499999999999998 0.0499999999999998

 3208 8 1000 3 0.7 0.00199999999999978 0.313 0.804 0.133 0.999998107711593 0.00167655649153277 -0.000986778376381372 0.707076778062963 0.999611636571981 0.0235590244238777 -0.0148845019426826 0.720057042748268 0.999998107748997 0.0016764587850794 -0.000986906463431111 0.707075874332421 0.999611603929758 0.0235614166256689 -0.0148829074971222 0.720277154741158 0.00200000000000067 0.00100000000000033 0.0510000000000002 0.0640000000000001

 3211 11 1000 3 0.7 0.00299999999999967 0.317 0.836 0.133999999999999 0.999671866893757 -0.0239757972983626 0.0090177427918023 0.694291504835873 0.999790617039722 -0.0123039382798733 0.0163503878283341 0.694913627600113 0.999671860080197 -0.0239760077447577 0.00901793859050201 0.694290202895146 0.999790618091488 -0.0123039618903359 0.0163503057476496 0.694912311560144 0.00300000000000011 0.00100000000000033 0.0510000000000002 0.0510000000000002

 3210 10 1000 3 0.7 0.00300000000000011 0.318 0.826 0.133999999999999 0.999833789644767 0.0149545805879997 0.0104284996054092 0.714745755576198 0.999981679448293 -0.00594496133764651 0.00113938688100582 0.705075297784764 0.999833788183955 0.0149547019655648 0.0104284656034771 0.714744982199269 0.999981679816826 -0.00594488782346908 0.00113944700865356 0.705074250696003 0.00200000000000067 0.00100000000000033 0.0519999999999996 0.0499999999999998

 3215 15 1000 3 0.7 0.00199999999999978 0.319 0.792 0.135 0.999595618879618 0.018388784584619 0.0216898897685723 0.701452149684037 0.99990793231537 -0.00956524304861102 0.00962460483461961 0.704270627367343 0.999595619550733 0.0183887073486581 0.0216899243205398 0.701450953164244 0.999907930741311 -0.00956538338208905 0.00962462889582171 0.704269611815899 0.00200000000000067 0.00100000000000033 0.0510000000000002 0.0490000000000004

 3214 14 1000 3 0.7 0.00200000000000022 0.31 0.824 0.134 0.999858035876425 0.0102641579586565 0.0133624531706148 0.709376410015582 0.999999746016197 0.000291844906046501 -0.000650226186371356 0.709588698879026 0.999858038588893 0.0102639729747685 0.013362392298744 0.709375524474808 0.999999746033779 0.000291878744194909 -0.000650183955514393 0.709587688449247 0.00199999999999978 0.00100000000000033 0.0509999999999993 0.0500000000000007

 3213 13 1000 3 0.7 0.00199999999999978 0.314 0.826 0.133999999999999 0.999996512513582 0.00222393761794703 -0.00142445152433984 0.707863560668268 0.999839702845447 -0.00164769094603167 -0.0178284527784544 0.693872895271149 0.999996512711203 0.00222383445671945 -0.00142447384739827 0.707862442246933 0.999839705474808 -0.00164760559572637 -0.0178283132082192 0.693871686447911 0.00200000000000067 0.000999999999999446 0.0510000000000002 0.0490000000000004

 3207 7 1000 3 0.7 0.00300000000000011 0.317 0.818 0.133 0.999897632046455 0.0136774153710614 -0.00420163499831352 0.69676358533717 0.999939056319458 -0.00607695489247239 -0.00921706385932224 0.696077882085687 0.99989763329897 0.0136773691758973 -0.00420148730163801 0.696762332737555 0.999939056479707 -0.00607689579810134 -0.0092170854359231 0.696076655840665 0.00300000000000011 0 0.0519999999999996 0.0490000000000004

 3216 16 1000 3 0.7 0.00300000000000011 0.319 0.818000000000001 0.138999999999999 0.99995765573856 0.00356045007345573 0.00848586619730078 0.696294730169769 0.999858722221767 0.0064031823552928 -0.0155413915973022 0.705352349894602 0.999957655054952 0.00356037718062278 0.00848597733522388 0.696293542517638 0.999858720727752 0.00640320486260486 -0.0155414784415916 0.705351314201192 0.00200000000000067 0.000999999999999446 0.0499999999999998 0.048

 3217 17 1000 3 0.7 0.00299999999999967 0.311 0.757 0.131 0.999625451020049 -0.0176579926509113 0.020908203378204 0.713966520564691 0.999944648920404 0.00208346236042423 -0.0103130150801156 0.706012606904902 0.999625449920941 -0.0176579422833987 0.0209082984642812 0.71396561982779 0.999944648614142 0.0020834547210165 -0.0103130463184328 0.706011641040266 0.00199999999999978 0.000999999999999446 0.0529999999999999 0.0490000000000004

 3218 18 1000 3 0.7 0.00299999999999967 0.309 0.785 0.13 0.999766118978211 -0.00439756480828798 0.0211747199982013 0.722864133759287 0.999921959240317 -0.00580087679228999 0.0110645947709681 0.692606996005501 0.999765795305365 -0.00439711027800371 0.0211900910482594 0.723221485638582 0.999921959247233 -0.00580083250873121 0.0110646173626416 0.692605657813982 0.00199999999999978 0 0.0709999999999997 0.0510000000000002

 3221 21 1000 3 0.7 0.00300000000000011 0.307 0.807 0.129 0.999886784165486 0.0130716871480003 -0.00745317692710498 0.699861567488842 0.999945023740382 -0.00966879688373116 0.0040575686892239 0.694202822459401 0.999886781852261 0.0130718544498934 -0.00745319383681461 0.699860454487136 0.999945021340421 -0.00966901056820877 0.00405765093821491 0.694201604542301 0.00199999999999978 0 0.0499999999999998 0.0499999999999998

 3223 23 1000 3 0.7 0.00300000000000011 0.304 0.742 0.129 0.999946265862018 -0.00275085763795237 -0.00999490724634167 0.709944837366216 0.999894980577417 0.012260366170235 -0.00772730466966731 0.695321320598286 0.999946266344626 -0.00275081925952952 -0.00999486952614291 0.709943967356446 0.999894979023288 0.012260425955625 -0.00772741091219721 0.695320132532909 0.00300000000000011 0.00100000000000033 0.0510000000000002 0.0490000000000004

 3219 19 1000 3 0.7 0.00200000000000022 0.309 0.795 0.13 0.999838529810427 0.00595491355115562 -0.0169544481220022 0.719427968100974 0.999044633098656 -0.0164717577531748 0.0404784173763371 0.706036412043949 0.999838538876801 0.00594695172080555 -0.0169567078743103 0.719617298504722 0.99904462745268 -0.0164717924180224 0.0404785426179642 0.70603534747693 0.00199999999999978 0.000999999999999446 0.0670000000000002 0.0509999999999993

 3220 20 1000 3 0.7 0.00299999999999967 0.307 0.806 0.13 0.9995544835075 0.019817256916254 -0.0223183966352867 0.712315046112722 0.999983813713092 -0.00468001396812873 0.0032357041084497 0.698433791547599 0.99955448370165 0.0198171812668398 -0.0223184551115416 0.712314149708951 0.999983813782036 -0.00467996763997716 0.00323574980850821 0.69843252653752 0.00200000000000067 0 0.0519999999999996 0.0519999999999996

 3222 22 1000 3 0.7 0.00300000000000011 0.309 0.79 0.129 0.999952163176564 0.00964487973660317 -0.00162716114040307 0.698987433782486 0.999857701916314 0.0166758325876577 0.00254804358983854 0.706100166496065 0.999952163075248 0.00964488084672868 -0.00162721682192621 0.698986255698998 0.99985770140333 0.0166758623553025 0.00254805006960681 0.706099233633308 0.00200000000000067 0.000999999999999446 0.0520000000000005 0.0499999999999998

 3224 24 1000 3 0.7 0.00300000000000011 0.304 0.753 0.13 0.999663199253115 -0.020634699355992 0.0157384002209516 0.712361455099934 0.999931834269434 -0.0041806423067812 -0.0109017908835335 0.6859441434821 0.999663203923785 -0.0206346025787788 0.015738230435779 0.712360541381223 0.999931831782374 -0.00418073226641553 -0.0109019845011641 0.685942816547349 0.00199999999999978 0.000999999999999446 0.0510000000000002 0.0510000000000002

 3225 25 1000 3 0.7 0.00300000000000011 0.305 0.777 0.131 0.999828222357132 0.0136174913676255 0.0125733729376799 0.706891220503872 0.999852670070044 0.000386612170996062 0.0171606726217849 0.721638864457039 0.999828222973828 0.0136174513886591 0.0125733671972002 0.706890270754929 0.999852535712208 0.000388774741961954 0.0171684502523579 0.721944520514093 0.00199999999999978 0.000999999999999446 0.0510000000000002 0.0680000000000005

 3230 30 1000 3 0.7 0.00200000000000022 0.304 0.751 0.129 0.999846540777761 -0.01363288201832 -0.0110017917913652 0.710607505004177 0.999710087159466 -0.0174381967127365 -0.01660273853979 0.687828823255169 0.999846540416401 -0.013632989646168 -0.0110016912637191 0.710606534433051 0.999710085291159 -0.0174383638143864 -0.0166026755259931 0.687827617963299 0.00300000000000011 0.00100000000000033 0.0520000000000005 0.0499999999999998

 3229 29 1000 3 0.7 0.00200000000000022 0.304 0.765 0.129 0.999990256000206 0.00336147521299944 -0.00286153613204296 0.708203173642093 0.999747681299622 0.014461571314403 0.0171882719069447 0.698752063600907 0.999990255820418 0.00336154361525747 -0.00286151860705745 0.70820224485842 0.999747682607436 0.0144614534652926 0.0171882949920323 0.698750822401928 0.00199999999999978 0.00100000000000033 0.0510000000000002 0.0489999999999995

 3226 26 1000 3 0.7 0.00300000000000011 0.311 0.811 0.13 0.999929266685724 -0.00928065344914765 0.00743848754164264 0.707426354304219 0.999603487497197 0.0269132302386525 -0.00827924039769285 0.680978715942901 0.999929265001692 -0.00928074531566468 0.00743859930105486 0.707425394002812 0.999603488919688 0.0269131852975382 -0.00827921474105008 0.68097767012263 0.00199999999999978 0.00100000000000033 0.0510000000000002 0.0490000000000004

 3227 27 1000 3 0.7 0.00299999999999967 0.304 0.788 0.129 0.999629652474273 -0.0122437891759458 -0.0243032409521818 0.712743069575967 0.999993094786746 -0.00352578243048235 -0.00117440924696638 0.68971897420768 0.999629651098812 -0.0122438906909895 -0.0243032463842581 0.712742296666176 0.999993095179089 -0.00352561413843961 -0.00117458039023773 0.689717726349544 0.00199999999999978 0.00100000000000033 0.0509999999999993 0.0489999999999995

 3228 28 1000 3 0.7 0.00300000000000011 0.304 0.78 0.13 0.999723902459836 0.0013246070378794 -0.0234598437051627 0.698860852528558 0.999920983587243 -0.0116747890417719 0.00466110316887911 0.701227489500352 0.999723905126172 0.00132467368725696 -0.0234597263176297 0.698859663861377 0.999920983802877 -0.0116747095524416 0.00466125600597535 0.701226258794525 0.00300000000000011 0.00100000000000033 0.0499999999999998 0.0509999999999993

 3231 31 1000 3 0.7 0.00200000000000022 0.306 0.785 0.132 0.999367306537772 -0.0138358698715354 0.0327651541784256 0.700656616229748 0.99997668972711 0.00544870172119689 0.00411480886120279 0.699258257006018 0.999367307812714 -0.0138360462224158 0.032765040822484 0.700655475404898 0.999976689143636 0.00544879913513066 0.00411482166276266 0.699257098386577 0.00300000000000011 0.000999999999999446 0.0519999999999996 0.0489999999999995

 3232 32 1000 3 0.7 0.00200000000000022 0.31 0.805 0.133 0.999735960390602 -0.0129929853566768 -0.0189523569352864 0.711630490621526 0.999448661223261 0.0235442806317897 0.0234102633168219 0.691803390069802 0.999735956847825 -0.0129930355739799 -0.0189525093888988 0.711629572818057 0.999448660434958 0.0235442836131236 0.023410293973216 0.691802124962255 0.00300000000000011 0.000999999999999446 0.0529999999999999 0.0490000000000004

 3233 33 1000 3 0.7 0.00300000000000011 0.308 0.776 0.138 0.999893525241191 0.00631268012282717 0.013156300787459 0.707878832773342 0.999724547757825 -0.00268072262977176 0.0233161389726887 0.69903027550127 0.999893526534255 0.0063126623226673 0.0131562110537357 0.707877871104276 0.999724547886259 -0.00268064523164844 0.0233161423644197 0.699029058860392 0.00199999999999978 0.00100000000000033 0.0489999999999995 0.048

 3234 34 1000 3 0.7 0.00300000000000011 0.311 0.82 0.136 0.999993500424501 -0.00222191581003307 0.00283940114928856 0.718472005632509 0.999757224512246 -0.00630543895845177 -0.021112400979326 0.708892601553598 0.999993498792019 -0.00222101363475581 0.00284068163125643 0.718560004157005 0.999757222623164 -0.00630550810452677 -0.0211124697835564 0.708891685864951 0.00300000000000011 0.00100000000000033 0.0619999999999994 0.048

 3236 36 1000 3 0.7 0.00299999999999967 0.303 0.769 0.133 0.999792910005392 -0.015390203420793 -0.0133146063260443 0.703229378162603 0.999734846553827 0.0230211704114341 -0.000512151230937122 0.69900619889737 0.999792907187881 -0.0153902605977997 -0.013314751801568 0.703228242593072 0.999734849131246 0.0230210583559852 -0.000512156905669492 0.699004962191956 0.00200000000000067 0.00100000000000033 0.0499999999999998 0.0500000000000007

 3237 37 1000 3 0.7 0.00199999999999978 0.302 0.797 0.131 0.999617046304967 0.00879264688340494 -0.0262383325940768 0.696978011388568 0.999944311201655 -0.0102465357293784 0.00252646017067627 0.704344366029885 0.999617043872317 0.00879258542710139 -0.0262384458662869 0.696976698722721 0.999944310864787 -0.0102465626694537 0.002526484238518 0.704343273023644 0.00200000000000067 0.000999999999999446 0.0499999999999998 0.0489999999999995

 3235 35 1000 3 0.7 0.004 0.303 0.815 0.131 0.999995919308997 0.000363981864073465 0.0028335282876045 0.721186591511987 0.999473355476685 0.00997267158368488 -0.0308797265800596 0.689942516253726 0.99999590984019 0.000371713062731036 0.00283586535101475 0.721467335828897 0.999473351692716 0.00997267779687002 -0.0308798470476693 0.689941348752815 0.00299999999999923 0.000999999999999446 0.0650000000000004 0.0469999999999997

 3238 38 1000 3 0.7 0.00199999999999978 0.301 0.808 0.131 0.999951287307666 0.00596734849597948 0.00786217296108583 0.709003399929395 0.999897371856161 -0.0143058165006556 0.000767703973259315 0.705200774556081 0.999951287782871 0.00596722438333876 0.00786220672187109 0.709002349647154 0.9998973714061 -0.0143058409049089 0.000767835383202467 0.705199727920849 0.00199999999999978 0.000999999999999446 0.048 0.048

 3239 39 1000 3 0.7 0.00299999999999967 0.309 0.787 0.132 0.999902773971989 -0.00459675143533143 0.0131648197618968 0.705845921469053 0.999936647771639 0.00762668571654265 -0.00827853297382504 0.697186433705529 0.999902773626932 -0.00459691120015977 0.0131647901839135 0.705844992967704 0.999936647880942 0.00762672081414095 -0.00827848743725906 0.697185171258221 0.00199999999999978 0 0.0490000000000004 0.048
