
 202 2 100 10 0.9 0.00300000000000011 0.374 0 0.0170000000000003 0.999790106663612 -0.0101367304595464 -0.00631305310053783 -0.0117681111046857 0.00164398282741874 0.000416367190502211 -0.00552928304397083 0.0100504241185912 8.43567423022979e-05 -0.00204428020401902 0.902382468241187 0.999797625909643 -0.00292100066977265 -0.00884854469730421 -0.00434709087320225 -0.000779804370463021 0.00493010808965935 -0.00612617836853734 -0.00490700391775467 -0.0132066580526157 -0.00616785309531515 0.896050861923202 0.999790128883912 -0.0101361702743874 -0.00631127257355141 -0.0117670685989674 0.00164249524106041 0.000415833032859939 -0.00553060884107108 0.0100504350463003 8.42467251496628e-05 -0.0020453580460574 0.902345597586327 0.999797605427007 -0.00291949020904594 -0.00885146667571828 -0.00434514604859021 -0.000782974347170348 0.00493082004170683 -0.00612859719025309 -0.00490893092467727 -0.0132068025753343 -0.00616384840243311 0.896128658769905 0.00499999999999989 0.0119999999999996 0.0170000000000003 0.0229999999999997

 206 6 100 10 0.9 0.00300000000000011 0.351 0 0.0170000000000003 0.99875576591954 -0.0140698111130874 -0.00386833282993039 0.0260658314620596 -0.0179874207116185 0.0166693467243091 0.00275058126571493 -0.000715229093388146 0.0230538847316593 -0.0212977842456851 0.899580138320998 0.999729836335392 -0.00398246147414575 -0.0095493537053403 0.00685501603263612 -0.00703971569923145 -0.0137163182476504 -0.00552399834163611 0.00725870570905802 0.00247132544028818 0.0076946176865455 0.915840784403703 0.998755820652338 -0.0140699047846588 -0.00386855278063981 0.0260659143562552 -0.0179887660445419 0.0166679711589157 0.00275025365847668 -0.00071719863114862 0.0230528245898235 -0.0212960781269679 0.899555615815189 0.999730198525547 -0.003982920810777 -0.00954394290641985 0.00684269955739529 -0.00703731265603491 -0.0137123353427289 -0.00551994670886052 0.00725430217402183 0.00247940959116601 0.00767873823365019 0.915663390714141 0.0179999999999998 0.00600000000000023 0.016 0.0169999999999995

 207 7 100 10 0.9 0.00499999999999989 0.356 0 0.0149999999999997 0.999866255674898 -0.00475487389310569 -0.00834453566190495 -0.00705553869576308 -0.00133937219396714 -0.00604989680305672 -0.00615284306631109 0.00371367781822874 -0.000909254913218727 -0.00588041161700462 0.904266063100035 0.999461870580884 -0.00490836934098865 0.00984476340441465 0.0180467741916244 0.0191557309248678 0.00639461290475653 -0.00248195344237472 -0.0105298276057195 -0.00568629747477701 0.00848924598681939 0.900535437583788 0.999866273220215 -0.00475359832089154 -0.00834662072016046 -0.00705602718680351 -0.00133810066276066 -0.00604781151590101 -0.00615342444316992 0.00371489362287172 -0.000909572719043648 -0.00587592167755061 0.904219019856031 0.99946187023053 -0.00490730821035468 0.00984442270940855 0.0180463486878707 0.0191556587978536 0.00639505499951131 -0.00248226767773456 -0.0105308396976771 -0.00568641400765269 0.00848960468566907 0.900509285431036 0.00199999999999978 0.0350000000000001 0.0220000000000002 0.024

 204 4 100 10 0.9 0.00700000000000012 0.264 0 0.0150000000000006 0.999250779488294 -0.0122849050971141 -0.00455266305621664 0.020689272145324 0.00127015423464484 0.0150168974581823 0.0234139303739073 0.00834474184972913 -0.00125267466484172 0.00718689982033714 0.897902506728276 0.999681453252135 0.0176041954705447 -0.00125790044466412 0.00352749423097597 -0.0136394814103505 8.96561820873295e-07 0.00668218896342118 0.00201277467921844 0.00884604193040905 -0.000260717130993379 0.908322060409255 0.999250776275774 -0.0122845120350972 -0.00455344717870992 0.0206893115557488 0.0012691946327096 0.015016966623981 0.0234139292717909 0.00834461254954135 -0.00125173783278666 0.00718775004517157 0.89788371257451 0.999681421347755 0.0176054990872455 -0.00126173232960821 0.0035295936481715 -0.0136369279156835 -1.30226229178473e-06 0.00668749334238378 0.00201362421471411 0.00884532323683677 -0.000263470507961837 0.908246491556341 0.0339999999999998 0.00300000000000011 0.0280000000000005 0.0149999999999997

 201 1 100 10 0.9 0.00800000000000001 0.254 0 0.016 0.999475237764871 -0.00759662016073422 0.0141003965193164 0.00489557532670552 -0.00682005883574498 -0.00200457176197729 0.00303152321502347 0.0207072390034041 0.0134385512747788 0.00998231266903411 0.897501591462378 0.999551938357994 -0.0166407884822308 0.00441019434384286 0.0145025344855431 -0.0130319118638373 -0.012089467953142 0.00189408223306243 -0.00739645941731758 0.00349281283248361 -0.00165906590999417 0.911277906307907 0.99947522550836 -0.00759715559851006 0.0141002251082413 0.00489514760665808 -0.00682020965344492 -0.00200424432067702 0.00303122527493661 0.0207077677347969 0.0134385294685952 0.00998256996536724 0.89748782072214 0.999552023158592 -0.0166367512399718 0.00441342947480348 0.0145027905202281 -0.013028697158241 -0.0120897226459385 0.00189502914824699 -0.00739543768446872 0.00349558012513494 -0.00165866133234047 0.911175003266998 0.0880000000000001 0.0859999999999994 0.0150000000000006 0.0140000000000002

 205 5 100 10 0.9 0.00499999999999989 0.274 0 0.016 0.999478913414548 -0.00213766416176574 0.00527870285745673 0.00385535065917665 -0.0145534816619762 0.00575355115420135 -0.0254589122299806 0.00364610024540004 0.00666626183230596 0.00661869427638828 0.896489870933862 0.999655522353529 -0.00623898127374687 0.0162571158369492 0.00420164183314031 -0.00454121119605426 -0.00162026298140584 0.0162680836358168 0.00132114759673447 0.0066115779949665 0.00588280038199401 0.907771112098587 0.999478802957572 -0.00213849919697449 0.00527937638753659 0.00385395895385523 -0.014556940885664 0.00575344870075887 -0.0254611735131597 0.00364673320674919 0.00666534398831025 0.0066197367691014 0.896540548313187 0.999655522389874 -0.00623775698120861 0.016256487917901 0.00419982727847928 -0.00453855322954842 -0.00161913005756254 0.0162710437111606 0.00132231137016731 0.00660982458550655 0.00588300903071844 0.907701440022238 0.0899999999999999 0.108000000000001 0.0150000000000006 0.0140000000000002

 203 3 100 10 0.9 0.00700000000000012 0.257000000000001 0 0.0159999999999991 0.999717455303555 -0.0103801404560895 -0.00571940737602307 0.00841484167981542 -0.0124960846078439 0.00451677373161369 -0.00821889948315189 0.0053637745373867 0.00769326055176921 0.00465629089288725 0.888318445628004 0.999743239513408 -0.00373781716320609 -0.010064327223921 0.00545255374585269 0.00404250144922638 0.000154644865087936 -0.0131302006346767 -0.011997718127733 0.0034273976065282 0.00489923962838391 0.905114867283617 0.999717388230081 -0.0103800317110953 -0.00572447126850995 0.00840730073940154 -0.0125050157905801 0.00451371954532298 -0.00822405798325048 0.00536106429312934 0.00769412532256803 0.00464989746909258 0.888111259727104 0.9997432883409 -0.00373527129673285 -0.0100659250283246 0.00544929132749462 0.00404091538993424 0.000153705537780397 -0.0131288953963733 -0.0119973041564466 0.00342722426649543 0.00489753539145471 0.905062247474294 0.0839999999999996 0.0749999999999993 0.016 0.0149999999999997

 213 13 100 10 0.9 0.00700000000000056 0.254 0 0.016 0.999576048539615 0.00591437212431284 0.00584877255783919 -0.006913483670547 0.00634443499610914 0.00452800491265099 -0.0145941196105706 -0.0140926482597454 -0.0160728620141237 -0.000237385748165164 0.906455878035475 0.999798009697575 -0.00569941730466501 -0.000537436452907068 -0.00682465556954424 0.011198939480308 0.0116982295863515 7.71152279743636e-05 -0.000903831572359076 0.00779730322642517 0.000840278976065183 0.895025343265686 0.999575964318214 0.00591607987391706 0.00584923457442927 -0.0069135680407079 0.00634598751325125 0.00452775784704804 -0.0145963136946589 -0.014094731652934 -0.0160729357580195 -0.00023524819964531 0.906392674591339 0.99979802011815 -0.00570639697129725 -0.000538234325160835 -0.00682829342465463 0.0111973190655622 0.0116946326187914 7.20933024425878e-05 -0.000897200482966076 0.00779667446768632 0.000835481238515776 0.895163060391696 0.00900000000000034 0.0129999999999999 0.016 0.0149999999999997

 209 9 100 10 0.9 0.00300000000000011 0.252 0 0.0149999999999997 0.99963820675741 0.00537981063957799 0.01929065893952 -0.00492199502269179 -0.00830601117221361 -0.00473356379969712 0.0118490749797144 0.00405149618540975 -0.0031258229981594 0.00633839526364292 0.899274621969778 0.999249814807673 -0.00121018260388695 -0.000248663892662554 0.0105621317467861 -0.0079412527527328 0.0128992005897275 0.0256522081702124 -0.0201255415772292 0.00729750600380454 -0.00639866637133268 0.904417731643903 0.999638164940865 0.00537940425166809 0.0192910701258701 -0.00492270930619335 -0.00830669095188709 -0.00473438727166032 0.0118500472781245 0.00405190256871305 -0.0031261919183665 0.00633976354478097 0.899252598710635 0.999249780620405 -0.00121368617158257 -0.0002477216053755 0.0105650418462225 -0.00793860846961066 0.012898934686367 0.0256532402841012 -0.0201247602879042 0.00729703939642895 -0.00640124226963517 0.904372559063915 0.00199999999999978 0.0139999999999993 0.0139999999999993 0.0150000000000006

 208 8 100 10 0.9 0.00400000000000045 0.279 0 0.0150000000000006 0.999892988774698 -0.00268087955687751 -0.00384141555325601 -0.0104600532109252 -0.00399447450500567 0.00741519190997797 -0.00137224737886937 -0.00230073373653493 -0.000863869935216896 0.00194707213049489 0.892031529160209 0.999730790394105 0.00433864663446516 0.00254042207182227 -0.00415604228135834 -0.011351631046561 0.0108356225292151 -0.00181440147382108 0.00893697935660036 0.00991062503661592 -0.00825494198981959 0.901279188716277 0.999893006822511 -0.00268907217229497 -0.00385123028160664 -0.0104556420994741 -0.00400142884044543 0.00741391199135444 -0.00136213204067518 -0.00229515042761818 -0.000863843207924954 0.00193507205178109 0.892323660916089 0.999730830191728 0.00433890144481124 0.00253955159249674 -0.00415797200533183 -0.0113508827276653 0.0108352426446843 -0.00181520723507676 0.00893607486832293 0.0099091888715901 -0.00825333796740822 0.901249277526802 0.0700000000000003 0.169 0.016 0.0140000000000002

 221 21 100 10 0.9 0.00400000000000045 0.266999999999999 0 0.016 0.999442124858964 0.000427128679548541 0.016474186037294 -0.0210511056919107 -0.00414321046553187 0.0107891231903685 -0.00708343864481592 -0.00922097263295779 -0.0101381849813516 0.00539936624243583 0.903722481003709 0.999632825642344 0.0211259362106804 -0.00836631678415194 0.00626287313191627 -0.00846843445679439 -0.00259227641568442 0.00654823041861469 -0.00730259746999549 0.00153786636931847 0.00129742728783935 0.881613078014369 0.999442068179197 0.00042733211719202 0.016474754954474 -0.0210505468209774 -0.00414488121125412 0.010790111277898 -0.00708349266793869 -0.00922245311213318 -0.0101386149571066 0.00540361952807309 0.903679629638848 0.9996328715481 0.0211224213748086 -0.00836634383176947 0.00626390767859513 -0.00847032812225525 -0.00259206209869299 0.00654906974612276 -0.00730193016661718 0.00153889837633173 0.00130047526484387 0.881565704813726 0.00800000000000001 0.0180000000000007 0.016 0.0129999999999999

 222 22 100 10 0.9 0.00399999999999956 0.261 0 0.016 0.999528076741152 -0.0133932905961518 -0.00709317246427706 -0.0134119851433658 -0.015102433246017 0.00345987342741252 0.00552057551011496 0.000478234916026743 0.00925743641119386 0.0133262645350412 0.896270743246098 0.999657966111235 0.00420363347287993 0.00363912734146411 -0.0154373350439176 0.00250288287680553 -0.0161150672656737 0.00801440796843294 0.00566466808584091 -0.00724176940090842 -5.87841200282502e-05 0.904534069943767 0.999528117840575 -0.0133919017884958 -0.00709480701896617 -0.0134107201425729 -0.0151008607376209 0.00346039615155977 0.00552114967866124 0.000476640909768625 0.00925652827789298 0.0133270768944962 0.896334272299546 0.999657963478852 0.00420149213613124 0.00364183622974309 -0.0154363476961368 0.00250148263822382 -0.0161158946099916 0.00801615186651537 0.0056662959349497 -0.00723956451504004 -5.78499596704907e-05 0.904489897708497 0.00600000000000023 0.0430000000000001 0.0149999999999997 0.0140000000000002

 210 10 100 10 0.9 0.00499999999999989 0.251 0 0.016 0.999516903151843 -0.0137784708570337 0.0183645457594208 -0.00189956592956696 0.0130185077641238 0.000932370792124736 0.00143345446681177 0.00283831166150116 0.0013667631875421 0.0159034416656788 0.899781689884972 0.999062205742807 -0.0200077207160007 0.00438221223756834 -0.0267781865285568 -0.0044079043673347 0.00479858560508651 -0.0184319344963253 0.00469015826829612 0.0118009318049264 -0.0139525366930645 0.910022288068262 0.999516942931407 -0.0137768079439995 0.0183638595330251 -0.00190086000912745 0.0130178520013241 0.000933810315605478 0.00143255751677016 0.0028370092474494 0.00136714863713902 0.0159037523832307 0.899756849427976 0.999062167461629 -0.0200065355023799 0.00437961035331084 -0.0267794814499226 -0.00440796621446428 0.00479923676324865 -0.0184319319669411 0.00468726911396906 0.0118025580113698 -0.0139546640031422 0.909933340272022 0.077 0.0640000000000001 0.016 0.0140000000000002

 225 25 100 10 0.9 0.00399999999999956 0.252000000000001 0 0.016 0.999329863402939 -0.0233932576994125 0.00982133802581299 -0.00186170650361078 -0.0043472345866756 0.0129699936721385 0.0201093918600055 0.00861023873859324 -0.00291674565413763 -0.00430168941433783 0.892126353043993 0.999194579493091 -0.0221862495247656 0.00640656837284299 -0.015758090141206 -0.00882619380455533 0.021015953178171 0.00623236516139576 0.0110306211512529 0.0107668750914332 -0.00570846368564861 0.898969611784911 0.999330275837465 -0.0233930464498283 0.00979533389985647 -0.0018584411952107 -0.00433657082720598 0.012968358324905 0.0201060238399854 0.00860574853907661 -0.00292617373599591 -0.00430174883493694 0.892407738019417 0.999194566361924 -0.0221863554019931 0.00640611967115863 -0.0157568259760668 -0.00882627042124371 0.0210172949670415 0.00623225815658475 0.0110310049825484 0.0107669765684194 -0.0057084690014735 0.898948399607936 0.00999999999999979 0.000999999999999446 0.0170000000000003 0.0129999999999999

 215 15 100 10 0.9 0.00400000000000045 0.257 0 0.016 0.999521480553369 0.00091903651969934 -0.000168669597557406 -0.00196685569935182 -0.00684107774832825 -0.00305635361776157 -0.00183293285143047 -0.00907929562530231 -0.0150294919244114 0.0241712182545972 0.897814513696524 0.999793135237123 0.00338533188168592 0.00261503866325039 0.00823751246609313 0.00292682494927567 0.00304816741959693 0.0110093014820644 0.0109774542786376 -0.00344413787490485 0.00749014591106187 0.902829138879514 0.999521475205843 0.000919573349004241 -0.000169719457939308 -0.00196715118320117 -0.00684225831463399 -0.0030566616841838 -0.00183288267065247 -0.00907880129687412 -0.0150289526353393 0.0241715392566452 0.897796343818363 0.999793169303594 0.00338568541985561 0.00261445750763441 0.0082386586211709 0.00292631352854843 0.00304686511555512 0.0110083573900796 0.0109769468246204 -0.0034426215869482 0.00748793889325915 0.902793324582197 0.0439999999999996 0.00500000000000078 0.0150000000000006 0.0140000000000002

 218 18 100 10 0.9 0.00399999999999956 0.255 0 0.016 0.999571132386746 0.0083050755918462 -0.00122629278988638 0.0106756723611683 -0.00648606786352762 2.66461621183295e-05 -0.0177021221813971 -0.00288087119343776 0.00699347504192375 0.0161387798812168 0.902244740401909 0.999118968257383 -0.00435300963388618 -0.0168453929884446 0.00542414718571047 -0.0112979625344783 -0.0120193750650845 -0.00103672529994337 -0.00846554496450752 -0.0243649385547069 0.022150623506983 0.89124338953245 0.999571133788728 0.0083045949481697 -0.00122447737325113 0.0106739856396143 -0.0064845870361661 2.97026087525787e-05 -0.0177032270591949 -0.0028788594672519 0.00699285294269402 0.0161402001566903 0.90220956578929 0.999119885550092 -0.00434133069107277 -0.0168377313049664 0.00541344720848702 -0.0112621435139259 -0.0120196042569543 -0.00103073381667601 -0.00846661983069234 -0.0243498162255949 0.0221545968869747 0.890907976005334 0.00800000000000001 0.00499999999999989 0.016 0.0149999999999997

 212 12 100 10 0.9 0.00300000000000011 0.266 0 0.016 0.999627481446227 -0.00642867878827278 0.00526269728002094 -0.010338733726663 0.00268920332188849 0.0151047054020262 0.0171429450567249 -0.00473877703574594 0.00386564718255789 -0.00152357731603957 0.900969864218446 0.999761363567255 0.0118334867271504 -0.00116994570566089 0.00320094793067174 -9.82737158987638e-05 -0.00658911494839876 0.00879777685832203 -0.00305838440798665 0.000203290249912203 0.0139766825865282 0.9019600773251 0.99962748922862 -0.00642911168146419 0.00526110173788856 -0.0103397419087265 0.00268673202430043 0.0151045082212509 0.0171424785818916 -0.00473791449905008 0.00386768530344821 -0.00152438653982433 0.900940354653138 0.999761364552085 0.0118346506246646 -0.00117019278936322 0.00319989026192758 -9.80337577165412e-05 -0.00658918208881441 0.00879742147585761 -0.00305851677856738 0.000203590350423744 0.0139760085480995 0.901928204848852 0.119 0.00499999999999989 0.016 0.0129999999999999

 223 23 100 10 0.9 0.00400000000000045 0.262 0 0.0170000000000003 0.999766724366635 -0.0020287544420523 -0.0115575991890681 -0.00546785526566445 0.00850717502300623 -0.00831064232966293 0.00296294694780287 -0.00891923479853981 -0.00517815967222464 0.00650549921212409 0.903428583639853 0.999729755990788 0.00759869899163396 0.00769744399227048 -0.00852340196554071 -0.0104414875889533 0.00150839812216073 -0.011699024629904 -0.000579680043804212 -0.0100685099483477 -0.000947474730469269 0.891362068547831 0.999766697789933 -0.00202872793596628 -0.0115591361260427 -0.00546917755429961 0.00850393815355284 -0.00831163316740825 0.00296304376918981 -0.00892101288456903 -0.00517936719162232 0.00650527234432336 0.903389711324679 0.99972944362342 0.00759626715825639 0.00770116825669155 -0.00852845908365356 -0.0104394868226462 0.00150715351640979 -0.0117204347066527 -0.000592004741424703 -0.0100700646455361 -0.000956040100793933 0.891028499712323 0.00800000000000001 0.00100000000000033 0.0150000000000006 0.0150000000000006

 214 14 100 10 0.9 0.00400000000000045 0.256 0 0.016 0.999210633857824 -0.00134688945986315 0.00750485376780565 0.0209433706505455 0.0010025617068165 -0.0168276497273576 0.0229818148490851 -0.0141706831955916 0.00707480537302624 0.00425999971483641 0.902062526200605 0.999446774113289 0.0098979580949969 0.0212332968998864 -0.000238957409643913 0.00275578321296231 -0.00764024506130466 -0.00854865811005425 0.020033954960836 -0.00279359981241186 0.00300921081470903 0.890460630100004 0.99921064099517 -0.00134699337416064 0.00750390224904271 0.0209429070316608 0.0010027237165723 -0.0168290192478817 0.022981416714425 -0.0141706384812003 0.00707469583744321 0.00425927845007123 0.902028340414786 0.999446255971829 0.00989948460898197 0.0212370306431395 -0.00025171558229764 0.00276190486459722 -0.00764241045711768 -0.00856249146252328 0.0200461203505557 -0.00279603679353282 0.00301516469155435 0.890174456748345 0.00400000000000045 0.0200000000000005 0.0149999999999997 0.0150000000000006

 229 29 100 10 0.9 0.00499999999999989 0.263 0 0.0149999999999997 0.999670872867798 -0.00530115118825145 0.00681068541137114 0.00466083279650229 -0.0184227808841858 -0.00696853940276556 0.00444352172555593 0.00919185543729828 -0.0045831996196177 0.00698102645108933 0.900245624617274 0.999530607529171 0.0165781180315997 0.00272406292673424 0.0085286611722002 0.0055920495906269 0.00610757172278225 0.015546090395343 0.00586710303242946 0.00862774819425727 -0.0128240680061908 0.892389466009909 0.9996708672144 -0.00530104442102337 0.00680979054586483 0.00466072448654789 -0.0184236703085517 -0.0069663804758948 0.00444388167297963 0.00919143271609646 -0.00458197889773269 0.00698379810325303 0.90021959855544 0.999530660985945 0.0165745050044863 0.00270625782577903 0.00852906613098125 0.00560141352697921 0.00610969226620394 0.0155374337948569 0.00587199538122951 0.00862508810802933 -0.0128330135090398 0.892657217887682 0.00499999999999989 0.0179999999999998 0.016 0.0140000000000002

 227 27 100 10 0.9 0.00299999999999923 0.268 0 0.016 0.999710944562952 -0.00733444391097642 0.00381667824856402 -0.000314718418167902 -0.0180934378746178 0.0059717485868617 0.00722443931181847 -0.00075998583459602 0.00701440641104519 -0.00667539501350267 0.898293229789015 0.999783160105341 0.000472424204731981 -0.0108863765284786 0.0102602578130766 -0.00223244240535109 -0.00481012422967003 0.00601241078734893 0.00509226610044804 -0.00126992514382277 -0.010854005677876 0.894400668917365 0.999710948065462 -0.00733485270594551 0.00381592689841322 -0.000314717908456379 -0.0180937495844414 0.00597161788664312 0.00722431567550414 -0.000759952875675441 0.00701463676611228 -0.00667401826931666 0.898275000203726 0.999783195427613 0.000473952476059652 -0.0108860434807482 0.0102600586519973 -0.00222380191206218 -0.00481618299863696 0.00601556132655738 0.00508766372678693 -0.00125824268205213 -0.0108520677687106 0.89456641471285 0.127 0.0750000000000002 0.0139999999999993 0.0140000000000002

 216 16 100 10 0.9 0.00399999999999956 0.258 0 0.016 0.999324965597445 0.00549849464907416 0.0136478106134542 -0.0112988877675839 -0.00339478829287422 -0.00238225029987902 -0.00274940921351056 0.0142908246473139 -0.0193802124030831 0.0200218089586743 0.909912971878123 0.999071655473453 -0.00490520605150806 0.00143027036448481 0.00381866488805132 -0.0179672994024763 -0.0218452033123742 -0.0160595332430527 0.0113222826131773 -0.0090839396800259 0.0233769309584933 0.889634027116626 0.999325146293198 0.00549662166131507 0.0136432647840477 -0.0112942911803133 -0.00339767155685717 -0.00237756911765933 -0.0027498411107582 0.0142919058408911 -0.0193743125278837 0.0200239421097028 0.909822243696714 0.999071643102941 -0.00490007253625378 0.00144382215062729 0.00382818481116591 -0.0179658292836064 -0.021850356824567 -0.016071679016087 0.0113296376977546 -0.00907430399348952 0.0233642879293397 0.88937569921809 0.0949999999999998 0.032 0.0170000000000003 0.0139999999999993

 220 20 100 10 0.9 0.00400000000000045 0.267 0 0.0170000000000003 0.999389595525012 -0.00131894878164143 0.00620033464684593 -0.00031588198110019 -0.0174067493082946 0.00361921758053875 -0.00687814993072084 0.00665974096509307 -0.0188809477655967 0.0203938190932787 0.897202807986349 0.999647055119682 0.00319771119120932 0.00355937035863885 0.00356932358581705 0.00837491547089562 0.0141668291525926 -0.0139137155688833 -0.000402982464030608 0.0128834389666873 -0.00628931734658193 0.893277387855723 0.999389592191997 -0.00131903394036039 0.00620046763569922 -0.000315874954159516 -0.0174067912660324 0.00361911275872646 -0.00687803719993741 0.00665993293483034 -0.0188810073875658 0.0203938395149504 0.897208049182399 0.999646849234236 0.00319583370271101 0.00356070788397741 0.00356907204103056 0.00837481134474247 0.0141688185757909 -0.0139194950896931 -0.000393920029789105 0.0128932758275681 -0.00628566497189739 0.893509910667375 0.0860000000000003 0.0830000000000002 0.0129999999999999 0.0139999999999993

 217 17 100 10 0.9 0.00300000000000011 0.264 0 0.0280000000000005 0.999348987775668 -0.0123496359979441 -0.00231270109007391 0.000957969554871559 0.0145116443798497 -0.0123361252239281 0.00329959583144961 -0.0217196247411615 0.0125587062611483 -0.0118195806954853 0.8895265055299 0.999892204342076 -0.0057828679560371 -0.0060021935226606 0.00458308423164426 -0.00027241822304483 0.00776162266045147 -0.00289649196541214 -0.00349646228447469 -0.00408397441123449 -0.00524369972184427 0.9097600536689 0.999348886611071 -0.0123532743141234 -0.00230201791780771 0.000942290246954954 0.0145102846591135 -0.0123352393962722 0.00328852302491631 -0.0217298095635387 0.0125562428454707 -0.0118172548390194 0.889270557244471 0.999892229685948 -0.0057795389465313 -0.00599877401554615 0.00458168831634221 -0.000272383896347459 0.00776137497970986 -0.00289442788968891 -0.00349991416626974 -0.00408644181966081 -0.00524495304296997 0.909674158002187 0.00400000000000045 0.000999999999999446 0.016 0.0149999999999997

 226 26 100 10 0.9 0.00399999999999956 0.260999999999999 0 0.0170000000000003 0.999417866788389 0.0129591962664799 -0.00138329569923625 -0.0145540625929484 -0.0042128239890156 -0.00752514307851065 0.0224942218990143 -0.00593509389142887 0.00206428454075398 -0.0127436351956754 0.892670057539869 0.999694877278515 0.00900466686502599 -0.000381590926418159 -0.00925264456031527 0.0099703132137098 0.00265222850890651 -0.0160974580632683 0.00178123275760238 0.00623575343900501 0.00597362920847313 0.892001544839213 0.999417498960313 0.0129618966785897 -0.00138640147024577 -0.0145619267216481 -0.0042169917566787 -0.00751341941996271 0.0224939359385305 -0.00594180752599589 0.00205582430955775 -0.0127646798782072 0.892931687827569 0.999694781530303 0.00900389824434062 -0.00038934284591738 -0.00925506188284054 0.00998314185563615 0.00264723920650241 -0.0161035427643977 0.00177884702065216 0.00621628240776618 0.00597195857245405 0.892292006027341 0.0750000000000002 0.00400000000000045 0.0169999999999995 0.0149999999999997

 211 11 100 10 0.9 0.00399999999999956 0.26 0 0.016 0.999628431871136 -0.0107453106386044 0.000493305282888749 0.000174610013419774 -0.00569200899160389 -0.0161125263637529 -0.00767109934151864 0.00327526518001471 -0.0146531348014302 0.00713881618871172 0.897665776955003 0.998759688159859 0.0181096581734103 -0.015513714502995 -0.000784283922728385 0.0190088331701571 0.0167424450564153 0.0142567971176229 -0.00445927353744045 -0.00124420444436872 0.0323032585743182 0.902616771165064 0.999628436116979 -0.0107450890983173 0.000493939974426649 0.000174516519021843 -0.00569187038476709 -0.016112166153942 -0.00767145665103074 0.00327553161280533 -0.0146530804538909 0.00713904236888681 0.897647930026982 0.998759609403588 0.0181085537421692 -0.0155166817294214 -0.000782597951759403 0.0190098063546018 0.0167422829382861 0.0142570245262119 -0.00445960666240306 -0.00124189258108865 0.0323043823835098 0.90257908323538 0.0739999999999998 0.048 0.0150000000000006 0.0140000000000002

 228 28 100 10 0.9 0.00400000000000045 0.251 0 0.0149999999999997 0.99958169503054 0.00802709528102918 0.00632703614229481 -0.00840901327384921 -0.0020437424563243 -0.0123179011709356 0.0123820466759005 -0.0142381464309005 0.00999262097632789 -0.00703262898939538 0.890165199805144 0.999534434086395 -0.0132660375195873 0.00649996725692544 -0.00532318262009248 0.0081399866893234 0.00540018054084367 -0.0125058861594235 -0.0125996807121635 -0.0165299991554227 0.000728099331541105 0.897521630014242 0.999581596516542 0.00803863424327558 0.00633763487277865 -0.00841560775002196 -0.00203773511500208 -0.0123183043244258 0.0123891833390006 -0.0142284358974624 0.00999197607685215 -0.00702505314689418 0.889899050786394 0.999534434649154 -0.0132662658670375 0.00650021841731703 -0.00532270147304096 0.00814006206932659 0.00539971093175091 -0.0125057319297669 -0.0125996265982115 -0.0165301270023038 0.000727764544004019 0.897506705670034 0.0700000000000003 0.0330000000000004 0.016 0.0119999999999996

 230 30 100 10 0.9 0.00399999999999956 0.26 0 0.0299999999999994 0.999776932480454 -0.00116529825695619 -0.00614019348693158 0.0107195044274022 0.00820315039276099 0.00719304229049599 0.00894892280878598 0.00433127144206749 -0.00803088836033308 0.00312214275169133 0.902462751764879 0.999879946527209 0.00648374043888813 0.00742228100191024 0.000102917767869339 -0.00139418493220694 0.00147315714123152 -0.00482026471901999 -0.00476816586419536 -0.0065258307213331 -0.00709098212293211 0.903494961080005 0.9997769298635 -0.00116508551232139 -0.0061391199111229 0.0107194895890974 0.00820298133828914 0.00719387200338118 0.00894972733022584 0.00433089026332087 -0.00803064758510108 0.00312259675543009 0.902427808045093 0.999879954021923 0.00648130749243019 0.00742187159146906 0.000104500525702227 -0.00139586998053618 0.00147357781896677 -0.00481942884322861 -0.00476737652147112 -0.00652780024109604 -0.0070914220135342 0.903454437460899 0.00199999999999978 0.00500000000000078 0.0139999999999993 0.0139999999999993

 224 24 100 10 0.9 0.00499999999999989 0.298 0 0.0170000000000003 0.999465768554685 0.000248086300298431 0.00713753075055971 -0.0130146207926252 -0.00730346308943155 0.00938909850864474 0.0010233524071866 0.00532722463801763 0.0116078944543039 0.023283593170505 0.897867833858896 0.999627718470035 0.020480555657692 -0.00758098852846252 -0.00382734627019844 -0.00596946380225731 0.00137546241327192 -0.00888165096100704 -0.000236813168690982 -0.0112575363528166 0.00310693029585868 0.897310449665948 0.999465753737037 0.000247813653074382 0.00713698949111155 -0.0130147650646189 -0.00730310966327134 0.00938943535722266 0.00102250624459504 0.00532686586034769 0.0116080377396375 0.0232843402398754 0.897849870316721 0.999627718900753 0.0204804400098603 -0.00758106514701559 -0.00382734834508799 -0.00596936718534412 0.00137541985867745 -0.00888168182995421 -0.000236842945610905 -0.0112577160379882 0.00310682742987977 0.897308761405647 0.00499999999999989 0.0309999999999997 0.0139999999999993 0.0129999999999999

 219 19 100 10 0.9 0.00400000000000045 0.31 0 0.0180000000000007 0.999681650874665 0.0196806089673139 -0.00421247170797125 -0.00731187102351899 0.00643555983829411 0.00161672600130053 0.00308950013726551 0.00993002604878862 0.00383499259813236 -0.00334280262271411 0.89861451803237 0.999309094517158 -0.0109616516158285 0.0222343814842529 -0.00593087288954239 0.0125808302592828 0.0149125059819066 -0.0107188026072323 0.0108370994239387 -0.00166666012080065 -0.0107638051841672 0.888866331256075 0.999681641129058 0.0196805464133702 -0.00421243265555834 -0.0073121145529982 0.00643592880513729 0.00161708367756047 0.00308963803062038 0.00993023065334559 0.00383581392046821 -0.00334304092764438 0.898595673702094 0.999309389413654 -0.0109541255194147 0.0222346257720692 -0.00593949151018392 0.01257206669713 0.01489963340865 -0.0107125476384635 0.0108393561483553 -0.0016819395119351 -0.0107684746042711 0.888637194821074 0.00400000000000045 0.00299999999999923 0.0140000000000002 0.0139999999999993

 199 99 10000 10 0.8 0.472999999999999 0.945 0 1.377 0.999987560832428 0.00237964627529572 0.000269420997387654 -0.000359768130805023 -0.00309016735489844 -0.00127654759170474 -0.000679619138443705 -0.000709679558679568 -0.00172339064288821 -0.00197462215125967 0.799558056683643 0.999977441769473 0.00215062187507696 0.00119634917296195 -0.00152181248032322 0.00305291752558374 -0.00101877894151809 -0.00253764296605509 0.00355854622719887 -0.00241921925709209 0.00119578105162979 0.799534587052962 0.999987560474572 0.0023796496596465 0.000269380086877442 -0.000359804108433344 -0.00309026405420358 -0.00127647302374556 -0.000679558189995505 -0.000709706875183184 -0.00172338436672167 -0.00197471183223469 0.799539070979989 0.999977441922663 0.00215062629618293 0.00119643682261877 -0.0015219195265081 0.00305289857880201 -0.00101880284104434 -0.00253762232182147 0.00355850155434595 -0.00241919808773349 0.00119566864838148 0.799515534331445 0.107 0.119000000000001 6.137 6.069

 200 100 10000 10 0.8 0.523 0.944999999999999 0 1.387 0.999985305894356 -0.00036351656490768 -0.00139771530780547 0.00203627400942658 -0.00149568462107157 -0.00051902878498767 0.000229563816657567 0.00256075009001394 -0.00192854818731915 0.00321246464707729 0.800516874812228 0.999990529162133 0.000646515759183308 0.00213521791588638 -0.000572151189546314 -0.0023368176798578 -7.71116055846913e-05 0.00173355474340602 0.00161405396882402 -0.00100825695928215 -0.0012423620453867 0.798506195034997 0.999985306063867 -0.000363520333595755 -0.00139767860994995 0.00203624024678183 -0.00149565887474931 -0.000519080686790448 0.000229624014682008 0.00256076202805976 -0.00192857031268862 0.00321242532185895 0.800496322891408 0.999990529445667 0.000646532529560944 0.00213521251775688 -0.000572188722945999 -0.00233681048734471 -7.71606318034512e-05 0.00173353808546541 0.00161394252818253 -0.00100824304167319 -0.00124230688916319 0.798488566393329 0.113 0.107 6.102 6.035

 198 98 10000 10 0.8 1.998 2.215 0 7.157 0.999991922017778 -0.000331327723033858 -0.00122372488219153 -0.00144184093357948 -7.88265223005887e-05 -0.000804359504345915 -0.000881997189392302 -0.000808660973664515 -0.00286552078434853 -0.00147426064641136 0.799468067537823 0.999993301872967 -0.00120980777516289 -0.00207344817037686 -0.000582970299271815 0.00131838886545982 -0.00147897709214212 -0.00129972109779556 -0.000947103325556526 0.00079517637124365 -0.000386555455145871 0.799947647326161 0.999991921856449 -0.000331309594493768 -0.00122373147376768 -0.00144181026626387 -7.88488471009702e-05 -0.000804348458430655 -0.000882043925105436 -0.000808719577827846 -0.00286555829510633 -0.00147427048653998 0.799449195829726 0.999993301905977 -0.00120972999107613 -0.0020734985268156 -0.00058292986045843 0.00131833462781126 -0.00147898314902535 -0.00129971260431227 -0.000947124465588 0.000795188629493937 -0.000386617715994296 0.799928033325017 0.396000000000001 0.551000000000002 9.041 4.09200000000001
