
 8531 31 500 5 0.9 0.00800000000000001 0.381 247.076 0.11099999999999 0.999941843417067 -0.00390827996240299 -0.0068147157446854 0.00214965760580758 0.0070692116187036 0.899855792994439 0.999966934299551 -0.000459055686064961 0.00577802533700961 -0.000908382582077766 0.00563106026638562 0.895953439510631 0.999941845952556 -0.00390850895701407 -0.00681421614170708 0.00214983652688201 0.00706915355678007 0.899801912376038 0.999966941974444 -0.000459416906242592 0.00577778433265191 -0.000908238044807326 0.00562993838731774 0.895923538525967 0.00300000000001432 0.00100000000000477 0.0500000000000114 0.0460000000000207

 8522 22 500 5 0.9 0.00800000000000001 0.380000000000001 251.369 0.11099999999999 0.999972473695965 -0.00164832417732083 0.00333527760943593 -0.00587693015560518 -0.00258311691456829 0.900956105145437 0.999981676150216 0.00421788862796948 -0.00186972079871292 0.00361172470688139 0.00152196192539338 0.896108875846677 0.999972469901609 -0.00164821615167315 0.00333488994486968 -0.0058772567700933 -0.00258441179116519 0.900892677102255 0.999981676411947 0.00421778918841787 -0.00186997633652956 0.00361182669476384 0.0015215094944633 0.896076925038621 0.0029999999999859 0.000999999999976353 0.049000000000035 0.0469999999999686

 8542 42 500 5 0.9 0.00800000000000001 0.427 257.008 0.113 0.999812963775089 -0.00689910039180158 0.00726302530909449 0.010370936706596 -0.012889220932424 0.896157232619218 0.999922082505139 0.00589108511581313 0.0101157717414428 -0.00129631372084452 0.00413699982557954 0.896612419753777 0.99981296003887 -0.00690000230470403 0.00726246061226802 0.0103715444877148 -0.0128888570984198 0.896127151144752 0.999922082264074 0.00589056454487983 0.0101163232650535 -0.00129544155244221 0.00413672392147298 0.896578036043882 0.00200000000000955 0.000999999999976353 0.0469999999999686 0.0470000000000255

 8528 28 500 5 0.9 0.00900000000000034 0.389 258.029 0.116999999999962 0.999955016330057 0.000828486585047171 -0.00520499961729864 -0.00691148485985089 0.00379714133917119 0.900986526087869 0.999950129024092 -0.00392635630547933 0.0019371881885621 -0.00790604666990533 -0.00425028455983538 0.905159062818307 0.999955014352233 0.000828535472937835 -0.00520477815992203 -0.00691164754148445 0.00379765893195111 0.900922862879404 0.999950130193503 -0.00392465120448752 0.00193934455904302 -0.00790509964436055 -0.00425236183944284 0.905045800401083 0.0029999999999859 0.000999999999976353 0.0480000000000018 0.0480000000000018

 8539 39 500 5 0.9 0.0110000000000001 0.382000000000001 260.125 0.108000000000004 0.99997475206191 -0.00319634049657139 0.00396287502460807 0.00330695491528019 0.0036930091901332 0.895127046186311 0.999976109465253 -0.000819764588771871 -0.00164348575489553 0.00533269002822454 -0.00399623027271066 0.897751110664644 0.999974757339637 -0.00319604341900343 0.00396255627030291 0.00330601255240078 0.00369302299018556 0.895100096397079 0.999976102738114 -0.000821130314796846 -0.00164438284938185 0.00533312346779354 -0.00399668572949219 0.897710119732632 0.00199999999995271 0.000999999999976353 0.0480000000000018 0.0469999999999686

 8523 23 500 5 0.9 0.00999999999999979 0.380999999999999 260.414 0.109999999999957 0.999934194372621 -0.00300448241474987 -0.000530396892049173 0.000935995349616812 -0.0110191924222763 0.898449985264483 0.999953663071582 -0.00317491661348852 0.00336939624201257 -0.00803178861570898 -0.00259406145252495 0.898963428251577 0.999934174520405 -0.00300630289425465 -0.000529366722699985 0.000935892525051056 -0.0110205555739976 0.898403670930469 0.999953656815287 -0.00317641026571926 0.00336962254866995 -0.00803158693704116 -0.00259497489610417 0.89891370046975 0.00199999999995271 0.000999999999976353 0.0500000000000114 0.0480000000000018

 8536 36 500 5 0.9 0.00800000000000001 0.376 263.166 0.10899999999998 0.999936488299398 -0.00133186613645585 -0.00810143371489804 0.00231321549450046 0.00736622738599443 0.899094511031018 0.999948594612235 0.00655227828879832 -0.0036914920939961 0.00362354961305597 0.00575487241947329 0.905105321809219 0.999936464632774 -0.00133235786233528 -0.0081037931176011 0.0023138367352298 0.00736656072439056 0.899045126205253 0.999948574907061 0.00655421834065277 -0.00369121267710988 0.00362338862924777 0.00575636752609439 0.904992688078079 0.00300000000004275 0.0010000000000332 0.0489999999999782 0.0500000000000114

 8543 43 500 5 0.9 0.00899999999999945 0.385000000000001 262.993 0.113 0.999922939014805 0.0118109702529644 -0.00166796097730379 -0.00247568599045993 -0.00238870231134109 0.904626643166072 0.999960204639056 -0.00442472703074794 0.000463570392958577 -0.00628185387078625 -0.00450936174619681 0.897314895059177 0.999922971767892 0.0118084381970114 -0.00166786701707406 -0.00247479451069551 -0.0023884995199801 0.904519650814509 0.999960222589005 -0.00442281927572671 0.000464009351396739 -0.00628055275761526 -0.00450902004683572 0.897277289158686 0.0029999999999859 0.0010000000000332 0.0509999999999877 0.0480000000000018

 8544 44 500 5 0.9 0.0089999999999999 0.398000000000001 266.126 0.114000000000033 0.999991380701472 0.000774615117975899 0.00247197266860547 0.00173783370399016 -0.00274003272349749 0.902910654492899 0.999936321460152 -0.0082625426050549 0.0064209342705302 0.00296481782276407 0.0030107927213956 0.90059804521311 0.999991396286977 0.000775529732521684 0.00246825911401263 0.00173726870551941 -0.00273779108904437 0.902827197710736 0.999936321650269 -0.00826153231271755 0.00642090727519191 0.00296463878725539 0.00301373439456247 0.900535568416879 0.0029999999999859 0.0010000000000332 0.0480000000000018 0.0509999999999877

 8537 37 500 5 0.9 0.00800000000000001 0.402 266.694 0.113 0.999783128678902 0.0110400528378329 0.00345741742941403 0.0129291029357745 0.0115194359392356 0.896606852596682 0.999952334120414 -0.00291558631060501 0.00458857123758767 -0.0078684586564737 -0.00196499770244026 0.905103493731729 0.99978311015095 0.0110406825406678 0.00345827780808857 0.0129300436003721 0.0115191264002375 0.896573796468206 0.999952356116276 -0.00291830152799415 0.00458490394880342 -0.00786709572725861 -0.00196379079780229 0.90499234054633 0.0029999999999859 0.000999999999976353 0.0480000000000018 0.0500000000000114

 8548 48 500 5 0.9 0.00800000000000001 0.379 269.34 0.11099999999999 0.999955098934458 -0.00792486873598555 0.00102304999692816 -0.000256322100285791 0.0050876554699877 0.896974534138555 0.999985169668081 0.00159733020010234 -0.00148232484550777 0.00222701910914877 0.00446677501898609 0.903509906805544 0.999955098474439 -0.00792487584716042 0.00102355439560599 -0.000257373532561656 0.00508758027408199 0.896938687871798 0.999985184837317 0.00159635237356438 -0.00147957535016591 0.00222979910874994 0.00446325191912143 0.903418082440542 0.00200000000000955 0.0010000000000332 0.0480000000000018 0.047999999999945

 8540 40 500 5 0.9 0.0089999999999999 0.380999999999999 272.835 0.10899999999998 0.999920127552196 -0.00906922830578398 -0.0023947652312862 -0.003280728901661 0.00780957945716007 0.901282907236699 0.999994102113316 -0.000419595013915007 -0.00204558929445133 -0.00262901216716496 -0.000723559306586895 0.89320104784587 0.999920144213995 -0.0090686986242863 -0.00239411026623913 -0.00328214278206884 0.00780766771298445 0.901213948639029 0.999994099653611 -0.000419603723866044 -0.00204489899417665 -0.00263044003731695 -0.000723715408082829 0.893310860482043 0.0029999999999859 0.00200000000000955 0.0500000000000114 0.0480000000000018

 8549 49 500 5 0.9 0.0089999999999999 0.391 273.817 0.10899999999998 0.99985541329279 -0.00412219134672924 0.0146094608622397 0.00727664865668534 -0.00240293263457588 0.900073270919455 0.999995333410619 -0.0014769649949524 -0.00249929718933573 0.00025109341519153 -0.00091771294295513 0.905622999059054 0.999855420583403 -0.00412083967833445 0.0146094114722482 0.00727728598467715 -0.00240058648307434 0.900015815983916 0.999995331132479 -0.00147970686737207 -0.00249867740475573 0.00024981663788659 -0.000917814635785108 0.905506066503336 0.00200000000000955 0.000999999999976353 0.0480000000000018 0.0480000000000018

 8534 34 500 5 0.9 0.00899999999999945 0.379 274.35 0.113 0.999944689979366 -0.00167626447981657 -0.0026853520010928 0.00554535491357628 -0.00835733468138062 0.89658705479216 0.999980270454199 -0.000677111841996014 -0.00128789639754501 0.000995408821323905 -0.00602915467111603 0.900214521874108 0.999944695633219 -0.00167664042646437 -0.00268426263870503 0.00554471003047981 -0.00835736062607011 0.896553507477858 0.999980266269795 -0.000677243127543322 -0.00128700072057633 0.000995884239438189 -0.00602994663852243 0.900153079808371 0.0029999999999859 0.000999999999976353 0.0480000000000018 0.049000000000035

 8525 25 500 5 0.9 0.00899999999999945 0.39 276.021 0.112000000000023 0.999965631098357 0.00605435968819824 0.00308058921388004 -0.00278278911470881 -0.00385323314493087 0.899381430329472 0.999948846433505 0.00326908793031933 0.00385519925057949 -0.00378056940707038 0.00790331032561033 0.900568008806074 0.999965631313916 0.00605527473944644 0.00308125114779477 -0.00278049897360621 -0.00385286330051844 0.899330685872062 0.999948857102251 0.0032696521108459 0.00385552566469799 -0.00377888667157097 0.00790237257710952 0.900506822070293 0.0029999999999859 0.0010000000000332 0.0480000000000018 0.0469999999999686

 8530 30 500 5 0.9 0.00900000000000034 0.375999999999999 277.874 0.110000000000014 0.999969360703196 -0.00550730896632711 0.000647529980444652 0.00489239412487685 -0.00256756449636962 0.904205391388623 0.999986837264276 0.000309218321816923 0.00163917214082712 -0.00484897316690787 0.000173942920334714 0.892017341170935 0.999969355497875 -0.00550733672658056 0.000646657446099288 0.00489234908056761 -0.0025698369532697 0.904106129075107 0.999986829963485 0.00030565173113479 0.00164613311617911 -0.00484856792727928 0.000167664602223371 0.892232551894621 0.00300000000004275 0.0010000000000332 0.0500000000000114 0.0500000000000114

 8533 33 500 5 0.9 0.00999999999999979 0.383 279.806 0.111999999999966 0.999950017444848 0.00407493294209567 0.00489943217406526 -0.00326109326011265 0.00697985448894313 0.896191839186407 0.999972548909852 -0.00137862414034089 -0.00711319915464785 -0.000786819849845598 0.00133571498575553 0.900145798824037 0.999950019720655 0.00407509652005132 0.00489902916486937 -0.00326036317740716 0.00698005689146182 0.896161350281369 0.999972549776032 -0.00137836955222214 -0.00711354143467537 -0.000786850779329356 0.00133348637282837 0.900087857755838 0.0029999999999859 0.000999999999976353 0.0460000000000491 0.0469999999999686

 8541 41 500 5 0.9 0.00800000000000001 0.385 281.369 0.111999999999966 0.99992320207529 -0.0063345215047348 -0.00970772020988828 -0.00283073311580809 0.00334826927791998 0.89929737948303 0.99996215817543 0.00746423970003856 0.00314973308786692 0.00305165735402002 -0.000856686469106593 0.898219343434192 0.999923189952941 -0.00633565944634468 -0.00970829546778474 -0.00283223520325105 0.00334679795886284 0.899247462314503 0.999962163148636 0.00746348413476062 0.00314980089963254 0.00305148648929203 -0.000857822924719856 0.898174653684495 0.00200000000000955 0.000999999999976353 0.0470000000000255 0.0480000000000018

 8529 29 500 5 0.9 0.00900000000000034 0.387 281.575 0.110000000000014 0.999937381939005 -0.0091905036599563 -0.00556021623231465 -0.00298611291503269 -0.000966420484717356 0.89690731717053 0.999883561718917 0.00686765618098539 -0.00653602203904854 -0.00620719596480631 -0.0102200507353244 0.89613267357862 0.9999373838734 -0.00919016963166564 -0.00556023807079598 -0.00298606285659619 -0.000967623777136932 0.896872144799524 0.999883566954461 0.00686911005847584 -0.00653570434729411 -0.00620648592158695 -0.0102191957912163 0.896101837808974 0.00300000000004275 0.00200000000000955 0.0469999999999686 0.0450000000000159

 8545 45 500 5 0.9 0.00900000000000034 0.398 284.039 0.113999999999976 0.999986667523864 0.000406768761878744 -0.00293226128953415 0.00335356345574898 -0.00257968400595521 0.905897194953187 0.999990391214842 0.000342614283081935 0.00153529704291724 -0.00354252659022034 0.00204779437155424 0.895923632083192 0.999986677886722 0.000404378058900416 -0.00293501455066795 0.00335131042656384 -0.00257583684942338 0.905767770709007 0.999990392693455 0.000341000439443964 0.00153503741489612 -0.00354253773097992 0.00204751704490737 0.895893637541418 0.0029999999999859 0.00200000000000955 0.0540000000000305 0.049000000000035

 8551 51 500 5 0.9 0.00800000000000001 0.391 286.141 0.117000000000019 0.999934494164356 0.00559562409765519 -0.00896781867496062 0.00235429028175917 0.00370566009133946 0.902870786436205 0.999981339750127 0.00123259145608042 0.00448515705318801 0.00322967274251138 0.00229204058174707 0.907732915068621 0.999934496073162 0.00559741972164239 -0.00896664679843235 0.00235664634916875 0.00370377085538719 0.902789042881838 0.999981337525392 0.00122528584161731 0.00448380937990503 0.00323284274691177 0.00229509406186698 0.907579558266457 0.0029999999999859 0.00200000000000955 0.0499999999999545 0.0519999999999641

 8532 32 500 5 0.9 0.00900000000000034 0.419 286.212 0.117999999999995 0.999962206291825 -0.00788301407941858 -0.00180485534025139 -0.00154912927323022 0.00279047893841612 0.902881021305898 0.999951890305048 0.00511942286610217 -0.00175706504933172 -0.0066556052415566 0.00475649305262632 0.901984776968744 0.999962225316415 -0.00788057927325095 -0.00180296487216945 -0.0015482529729929 0.00279224657996986 0.902798275469889 0.999951876511587 0.00511933478798681 -0.0017580647350907 -0.00665589096407701 0.00475871790977862 0.901909997277536 0.0029999999999859 0.000999999999976353 0.0500000000000114 0.0480000000000018

 8550 50 500 5 0.9 0.00900000000000034 0.387 287.02 0.120999999999981 0.999936220195116 0.0101946439862755 -0.000795597865460431 0.00124267023636419 -0.00463115219110921 0.902630110593281 0.999885789464977 0.0146514714678464 -0.00243133296579842 -0.00234227892398354 0.00153126068278181 0.900438090631455 0.999936253836888 0.010193227832696 -0.000796288462809409 0.00124018174098426 -0.00462755258584408 0.902545588220392 0.999885836787173 0.0146480747037523 -0.00243160268675453 -0.00234313345145348 0.00153112177508835 0.90037821114819 0.00200000000000955 0.0010000000000332 0.0519999999999641 0.0470000000000255

 8546 46 500 5 0.9 0.00800000000000001 0.373 289 0.110000000000014 0.999899201223511 0.00796762196255098 -0.0090275923963154 0.00752106512304769 0.000201364810920162 0.902904990335962 0.999995154525785 0.00214999427368677 -0.00118819639756897 -0.00190187501938385 -0.000198771993101638 0.898279522147465 0.999899210844896 0.00796747775894938 -0.00902522292196467 0.00752278805647861 0.000201149150839971 0.902822286280671 0.999995149654148 0.00215057043656183 -0.00118960081916763 -0.00190283437551194 -0.000199464798267267 0.898235323222106 0.0029999999999859 0.000999999999976353 0.049000000000035 0.0480000000000018

 8521 21 500 5 0.9 0.0089999999999999 0.4 289.335 0.115000000000009 0.999992862828875 0.000287603634430068 0.00241611540202292 0.00285105835391762 0.000474792676830415 0.893905522577596 0.999949408095721 -0.000174090819198225 0.00149634072176656 -0.00369293575251423 0.00923439935115585 0.900032627523405 0.999992865589921 0.000289573146523235 0.00241418009314479 0.00285147391974458 0.000475129049538847 0.89395643169701 0.999949400433184 -0.00017459902129046 0.00149732896050224 -0.00369202261582191 0.00923542438042765 0.899976392136527 0.0029999999999859 0.0010000000000332 0.0469999999999686 0.0469999999999686

 8535 35 500 5 0.9 0.00899999999999945 0.378 289.404 0.110000000000014 0.999899078107387 -0.00220474488683194 -0.00372340651321917 -0.000643884532814894 0.0135164476334626 0.895008715390443 0.999990916650106 0.00143929614664787 0.002455229228102 -0.00316434550276573 -0.000231971680109734 0.904144182812133 0.999899089183633 -0.00220372797960516 -0.00372346884858734 -0.00064402920097983 0.0135157700059903 0.894983177003594 0.999990918389994 0.00143767083067365 0.00245454312468511 -0.00316523552453163 -0.000229656791811984 0.904044106840067 0.00300000000004275 0.000999999999976353 0.0470000000000255 0.049000000000035

 8527 27 500 5 0.9 0.00800000000000001 0.388 289.936 0.113 0.999738358106756 0.001855072338253 0.00218125722153558 0.0137520489570719 0.0180526259320432 0.89501133566913 0.999978316773729 0.00226734297708694 0.00394432323496136 0.00418557690009589 -0.00226900824948227 0.90298366454547 0.999738366078942 0.00185453590057822 0.00218119535949962 0.0137525356836687 0.0180518762314331 0.894986048838878 0.999978313185037 0.00226770336152658 0.00394418355739235 0.00418602157145254 -0.00226965207489017 0.902899042025589 0.00200000000000955 0.000999999999976353 0.0470000000000255 0.0480000000000018

 8538 38 500 5 0.9 0.00800000000000001 0.380000000000001 290.092 0.11099999999999 0.999972609572232 -0.00309804983575145 0.0035125354378989 -0.00349250107058315 -0.00454386658965115 0.895783085585359 0.999876466132688 -0.00551108812724138 0.00815287359498889 0.00675248965765703 0.0102281433910564 0.899528804656659 0.999972613297965 -0.00309795851664109 0.00351313206476321 -0.00349137417164101 -0.00454351367960609 0.895754697336752 0.999876472539505 -0.00551106877318845 0.00815259785590201 0.00675314455708781 0.0102273148834699 0.899476922725405 0.0029999999999859 0.0010000000000332 0.0470000000000255 0.0459999999999923

 8547 47 500 5 0.9 0.00800000000000001 0.389 291.165 0.111000000000047 0.999966933565298 -0.000520291650597736 0.0011834522341866 -0.00801829962273176 0.000409126609872444 0.900720244833012 0.999958019238358 -0.000994113121767625 0.00294537390330001 0.00386374781229142 0.00770504545172852 0.899859410322036 0.999966957100936 -0.000518719737808197 0.00118252725570005 -0.00801560623312335 0.000409050281178398 0.900657330197757 0.999958039444559 -0.000993850692499958 0.0029461776096216 0.00386212343007008 0.00770296378657874 0.899802929111799 0.00200000000000955 0.000999999999976353 0.0489999999999782 0.0489999999999782

 8524 24 500 5 0.9 0.00800000000000001 0.379 294.459 0.115999999999985 0.999967715528014 0.00100335616855732 -0.0077958314437178 0.000945732996313035 -0.001375419676028 0.899463343462517 0.999986289033534 0.000194686711656584 -0.00457290851329639 -0.00106302654362218 -0.002311346863086 0.891448322005448 0.999967720631988 0.00100159529428976 -0.00779559202009777 0.000944952888070282 -0.00137488546034025 0.899412333399548 0.999986237227402 0.00019341377195359 -0.00458062522909039 -0.00105985234840151 -0.00232002853528119 0.891695084737302 0.0029999999999859 0.00200000000000955 0.0500000000000114 0.0489999999999782

 8526 26 500 5 0.9 0.00999999999999979 0.383 295.732 0.115000000000009 0.99992430191626 0.00464250955488751 0.0110361594897243 0.00134407722641055 -0.00249683448397983 0.905959781407387 0.999837964123654 -0.00285296629680261 -0.0170127188362833 0.00106104192585449 0.00503464678058784 0.895467457322826 0.999924353016407 0.00464087138311482 0.011032650696174 0.00134348185549961 -0.0024952420012241 0.905834984007711 0.999837960170338 -0.0028536573067012 -0.0170126627786919 0.00106068854019621 0.00503530410124865 0.895440039769092 0.0029999999999859 0.000999999999976353 0.0510000000000446 0.0450000000000159

 8552 52 500 5 0.9 0.0110000000000001 0.383999999999999 298.678 0.113999999999976 0.999879313779669 -0.00155967044557246 -0.0051421387135744 -0.0145739555638379 0.000289019501354244 0.897438310930834 0.999973898440085 0.00478159833495711 -0.00423305741223954 0.00267218267418929 -0.00206867605064199 0.897393386400256 0.999879333114821 -0.00156040653951897 -0.00514218459685562 -0.0145725397508737 0.000288728372992938 0.897400444301898 0.999973896711844 0.00478179129557705 -0.00423266350635049 0.00267316215046864 -0.00206860597879772 0.897354483433636 0.00300000000004275 0.000999999999976353 0.0469999999999686 0.0480000000000018

 8520 20 500 5 0.9 0.00600000000000023 0.276 179.622 0.0699999999999932 0.999840930697267 0.00549650772722825 -0.00141825085811503 0.00746561834829618 0.0151708540435049 0.89679320386761 0.999978440336838 -0.00576928634829213 0.00144991369639083 -0.00258091036780214 0.0010348180911263 0.899601188263959 0.999840941078801 0.00549535544723731 -0.00141744758757058 0.00746533609164071 0.0151708012491387 0.896759399776641 0.999978441085678 -0.00576946322810002 0.00144940166409607 -0.002580552919509 0.00103471704422154 0.899548622669911 0.00200000000000955 0.00100000000000477 0.0310000000000059 0.0310000000000059

 8558 58 500 5 0.9 0.0089999999999999 0.366 253.543 0.108000000000004 0.999972913641485 0.00312829071801099 -0.00174253549438337 0.00363967726308683 0.00530114138780321 0.89602971830393 0.999968670179776 -0.00568084316990773 0.00330274806169153 -0.00190977667603104 -0.00397885511908684 0.901494721520398 0.999972914277664 0.00312737618705904 -0.00174335358382194 0.00363939115268951 0.00530148842674598 0.895998877617346 0.999968678551799 -0.00567943750873294 0.00330323165928186 -0.00191095957790561 -0.00397778821078617 0.901422453240958 0.00300000000004275 0.0010000000000332 0.0470000000000255 0.0480000000000018

 8556 56 500 5 0.9 0.0089999999999999 0.350000000000001 258.614 0.110000000000014 0.999930786199686 -0.00508960124992245 0.0045017104957818 0.00534153730495132 0.00798256544143353 0.899095883691406 0.999972943868017 -0.00336452698544169 0.00287492271662553 -0.00502366138284643 -0.00304780835687701 0.900190600357315 0.999930780029932 -0.00508976379914395 0.00450116074896648 0.00534094030216202 0.00798394400040436 0.899045563541931 0.999972950556188 -0.00336422710018523 0.00287721207469072 -0.00502257281220047 -0.00304557794086569 0.900131281313828 0.00300000000004275 0.00200000000000955 0.0500000000000114 0.0489999999999782

 8555 55 500 5 0.9 0.00800000000000001 0.36 265.788 0.109999999999957 0.999871081434298 -0.000264853917425908 0.00372668062264239 -0.00868491714609855 0.0129782290591385 0.905610045293332 0.999987783530617 0.00408965256167127 -0.00200281996773745 -0.000428057864185373 -0.00187430256100626 0.898461472578074 0.999871093457168 -0.000266318990651447 0.00372636338752305 -0.00867892554076881 0.0129813716657223 0.905489281733377 0.999987787486684 0.00408844463333362 -0.00200334562342016 -0.00042824059660535 -0.00187422364471483 0.898417352271345 0.00200000000000955 0.000999999999976353 0.0519999999999641 0.0449999999999591

 8557 57 500 5 0.9 0.0089999999999999 0.372 268.632 0.11099999999999 0.999920649737166 0.000178062499220615 -0.000301652969771844 -0.0125647747627446 0.000835442156651508 0.90472677983076 0.99992128520409 0.00112595554021785 0.00150315860804312 0.00304677593395907 0.0120255266217415 0.89884950994381 0.999920695368725 0.000178553430385381 -0.000304695779032491 -0.0125611602528425 0.00083396977292274 0.904621957000367 0.9999212975735 0.00112540756239303 0.00150255438171985 0.00304624320501889 0.0120247598484673 0.89880240552092 0.0029999999999859 0.000999999999976353 0.0509999999999877 0.0480000000000018

 8553 53 500 5 0.9 0.0089999999999999 0.367999999999999 286.13 0.109000000000037 0.999991688743226 -0.00133845924076912 0.0036381992947281 0.000450137895477337 -0.00117976823936871 0.902446499642238 0.999805089926752 0.00913342474758745 -0.00839586729722539 0.0148283678236768 -0.00399895348224317 0.903809109099887 0.999991687896736 -0.00133844156301725 0.003638963708606 0.000448071754234641 -0.00117893445525354 0.902363184223509 0.999805145521142 0.00913070592676053 -0.00839654217689189 0.0148262679205171 -0.00399763151737634 0.903713363029799 0.00300000000004275 0.0010000000000332 0.0509999999999877 0.0480000000000018

 8554 54 500 5 0.9 0.0089999999999999 0.355 284.013 0.110000000000014 0.999984681636898 -0.00507653039216278 0.00167390048364369 0.00126056162868846 -0.000688746891960326 0.904910094177717 0.999988609856804 -0.00397421088953056 0.00114974927453138 0.00185357643301715 0.00149269403217735 0.905138122806634 0.999984676987025 -0.00507760862845014 0.00167297265577275 0.00126234455403985 -0.000686535135371115 0.904796322639452 0.999988600004543 -0.00397694814886573 0.00114982534436272 0.00185422783672384 0.00149113553476407 0.905022050249545 0.00200000000000955 0.000999999999976353 0.0509999999999877 0.0510000000000446

 8561 61 500 5 0.9 0.00999999999999979 0.37 269.472 0.113 0.999928004472642 0.0022238250899834 -0.00731479185830874 0.00558660103085228 -0.00737049403508446 0.899275419949798 0.999980547814532 0.00111645574696381 -0.00513488708104128 0.00334865173182161 -0.000277462353346077 0.900927716616488 0.999928015893904 0.00222199360861539 -0.00731485169739596 0.00558719801047795 -0.00736898486364918 0.899224264043364 0.999980555159863 0.00111841950499392 -0.00513285479685057 0.00334900455311364 -0.000276423805112509 0.900863244289283 0.0029999999999859 0.0010000000000332 0.049000000000035 0.0470000000000255

 8562 62 500 5 0.9 0.00800000000000001 0.36 269.337 0.110000000000014 0.999881985430862 -0.00179059982784412 -0.00123413264235957 -0.000544625270060475 0.0151983309290868 0.900176254847428 0.999940634811377 -0.00104655318077424 0.00187355028030953 -0.00768617625974023 0.00741916998796705 0.898138253227727 0.999881963957554 -0.00179023507668766 -0.00123602778201939 -0.00054402241549203 0.0151996541305701 0.900119613055884 0.999940637738782 -0.00104616118714571 0.00187548504435234 -0.0076859603099425 0.00741856558175574 0.898096241608018 0.0029999999999859 0.0010000000000332 0.0480000000000018 0.0459999999999923

 8559 59 500 5 0.9 0.0089999999999999 0.387999999999999 273.728 0.114000000000033 0.999875127402626 -0.00374987044910759 -0.0147358404135683 -0.00321466826755725 -0.0028616408637035 0.895809124331455 0.999937449290325 -0.00840204437518339 -0.00222861882846115 0.00443723757273964 -0.00546327172273969 0.896657775321752 0.999875120316853 -0.00375006427954251 -0.0147362898216499 -0.00321484999712644 -0.00286134427265411 0.895779380435268 0.999937445548173 -0.00840217736758179 -0.00222925735960658 0.00443659286717487 -0.00546401513848768 0.896623965751976 0.00300000000004275 0.00199999999995271 0.049000000000035 0.0459999999999923

 8565 65 500 5 0.9 0.00700000000000012 0.357 265.768 0.11099999999999 0.999960554878838 0.00184957776000448 0.00590916895758889 -0.00611691097533806 0.00176999177025543 0.902088214737833 0.999949301687933 -0.000405832213899219 0.00897208026860231 -0.00370418071363182 0.00264767349278958 0.90144656857978 0.999960556346415 0.00184887286228871 0.00590866938433885 -0.00611792072196395 0.00176807597490033 0.902011723674407 0.999949325241852 -0.000404661984110217 0.00897094983550066 -0.00370211922152821 0.00264566992691503 0.901376915981105 0.0029999999999859 0.000999999999976353 0.0510000000000446 0.0480000000000018

 8564 64 500 5 0.9 0.0100000000000002 0.358 267.519 0.10899999999998 0.999952475833865 -0.000919171241499455 -0.000288445185435583 0.000576426746413298 0.00968430325493256 0.902680968564816 0.999926218870087 -0.00127092570010328 -0.0103444595051564 -0.00284524876490985 -0.00555322258212784 0.89390246030946 0.999952466161371 -0.000922320650764525 -0.000286612160229709 0.000577714000224281 0.00968498024845747 0.902599663394978 0.99992625469418 -0.00127090185286346 -0.010342855783139 -0.002843828922595 -0.0055504912447962 0.893955275038227 0.00600000000002865 0.000999999999976353 0.0489999999999782 0.0469999999999686

 8569 69 500 5 0.9 0.00800000000000001 0.374 261.956 0.10899999999998 0.999953424679699 -0.00404078102212512 0.00732341073421726 -0.00392807604006945 0.00278539654511773 0.904911672999895 0.999961266297781 0.00557568987585733 -0.0011224350928097 -0.00547596095055885 0.00388993286283687 0.898202492206189 0.999953429552353 -0.00404266338920864 0.00732110061964737 -0.00392964770613633 0.00278477177362515 0.904798346776875 0.999961281576154 0.00557309024073261 -0.00112206012828077 -0.00547569688473303 0.00389021059052428 0.898159484763818 0.0029999999999859 0.000999999999976353 0.0509999999999877 0.0480000000000018

 8577 77 500 5 0.9 0.0089999999999999 0.382 256.926 0.113 0.999985313992217 -0.00530785531140025 0.00046076966756592 -0.000647210074897051 -0.00075318146124513 0.896370028088691 0.99990438491217 0.00823155569014137 -0.010052745448668 -0.00364713213085643 0.00301716099990895 0.904187660823518 0.999985313071674 -0.00530779599961988 0.000462226251932296 -0.000647387995186607 -0.000753775993295249 0.896337957139749 0.999904382118558 0.00823342870729986 -0.0100502866670361 -0.00365167204157751 0.00301567588391429 0.904087749075133 0.00300000000004275 0.0010000000000332 0.0469999999999686 0.0499999999999545

 8579 79 500 5 0.9 0.00800000000000001 0.392 258.956 0.115999999999985 0.999974479207219 0.00157878984362148 -0.00465254085671514 0.00185303680304294 0.00484442721733955 0.901440234475632 0.999959067556804 0.00358856278456021 0.00513596008121092 -0.00289356658065275 -0.00585103534045559 0.897420123902308 0.999974475586415 0.00157732112042984 -0.00465037536131638 0.00185485184732196 0.00484703696928983 0.90136762219654 0.999959056172618 0.00358933953889176 0.00513628708754961 -0.0028938992049884 -0.00585205283533441 0.897382037362926 0.00300000000004275 0.0010000000000332 0.0520000000000209 0.0459999999999923

 8560 60 500 5 0.9 0.00800000000000001 0.365 287.078 0.112000000000023 0.999906631689469 0.00719659650075578 0.00380325552571353 -0.00466077572718682 0.00993726920502891 0.89897348081121 0.999907229746948 0.0119643249051075 0.00464307945821847 -0.00412723597420897 0.00194796450361534 0.904184369861569 0.999906628409057 0.00719487983447076 0.00380211165289158 -0.00466227373356076 0.0099385772831112 0.898923275346214 0.999907238948883 0.0119642660074275 0.00464333311044882 -0.00412617123197672 0.00194525194140044 0.904086072227623 0.0029999999999859 0.000999999999976353 0.0500000000000114 0.049000000000035

 8584 84 500 5 0.9 0.00699999999999967 0.357 252.353 0.10899999999998 0.99999632617513 -0.000766210710237756 2.87067536035591e-05 0.0017224638904382 0.00194752444385803 0.903853736197558 0.999970448560135 0.0071784791125193 -0.0026807348874197 0.000173241455216381 0.000595895909022638 0.901498544181338 0.999996323084099 -0.000763777690040306 3.21651845552451e-05 0.00172476623831053 0.00194797555054135 0.903755856245134 0.999970448526338 0.00718003766612391 -0.00267682121167785 0.000174849974812268 0.000594296924014912 0.901428700294198 0.0029999999999859 0.000999999999976353 0.0509999999999877 0.0480000000000018

 8578 78 500 5 0.9 0.0110000000000001 0.378 261.752 0.11099999999999 0.999994314837304 0.000898343037398052 -0.00304037293740158 8.88195237186781e-05 0.00114521454382786 0.904308875221242 0.9999648972852 -0.00536824976991078 -0.0010846705947924 0.00586776243597302 -0.00240394373934472 0.899148574453006 0.999994316900886 0.000898754364977815 -0.00304030796798607 8.36860148803916e-05 0.00114364794989072 0.904209335877044 0.999964889163795 -0.00536867845474952 -0.00108491224220947 0.00586899706634062 -0.00240324159223366 0.899096145024476 0.00300000000004275 0.00200000000000955 0.0509999999999877 0.0500000000000114

 8580 80 500 5 0.9 0.00999999999999979 0.383999999999999 266.459 0.109999999999957 0.999968858632335 -0.00744824520509446 -0.00125200287993276 0.00222722630986773 -0.000526650418968401 0.89680505930957 0.999964694109034 0.000811505399807412 -0.00277397784696459 0.00650523878594695 0.00446530062302803 0.902726558007446 0.99996885575516 -0.00744820140583081 -0.00125273227003451 0.00222811337299687 -0.000527245853599288 0.896770169301161 0.999964685151762 0.000814057667802173 -0.00277538726952578 0.00650727013805965 0.00446300574787299 0.902644794849626 0.0029999999999859 0.000999999999976353 0.0480000000000018 0.0470000000000255

 8566 66 500 5 0.9 0.00799999999999956 0.345 283.024 0.108000000000004 0.999944189370048 0.00532726037229477 0.00624614847461756 -0.00519598694456957 0.00415039647613916 0.901129873752832 0.999966018902018 -0.00447056473284563 -0.00302512459896833 0.00343612518241548 0.00519776462628717 0.903707029391608 0.999944184328616 0.00532668099702291 0.00624536774092564 -0.00519721433775272 0.00415199251484723 0.901064280230823 0.99996601735652 -0.00446921299711431 -0.00302597797241315 0.00343896617922993 0.0051968486850996 0.903615048534556 0.0029999999999859 0.000999999999976353 0.0480000000000018 0.0469999999999686

 8572 72 500 5 0.9 0.00699999999999967 0.36 274.056 0.110000000000014 0.999968991161687 0.00178286249720019 0.00589359134988599 0.00281694257566717 -0.00402101130555204 0.893872237357851 0.999972335469906 0.00161402398581118 -0.0070595370128599 -0.00153654001236954 0.000724709175130724 0.90121198708328 0.999968978312609 0.00178396033783714 0.00589431478012793 0.00281675915425241 -0.00402278747753578 0.893928449782624 0.999972316177343 0.00161265581610986 -0.00706211176699578 -0.00153719631195717 0.000727890807220698 0.901144210212187 0.0029999999999859 0.0010000000000332 0.0480000000000018 0.0489999999999782

 8571 71 500 5 0.9 0.00699999999999967 0.367999999999999 277.233 0.11099999999999 0.999950385874681 0.00160452157219359 0.00542053450972335 0.00327969637715845 -0.00751749272720721 0.898294705158638 0.999962489386978 -0.0073415586781916 -0.00141805210650984 -0.00126828036526808 0.00418353060348729 0.904427649589137 0.99995039898428 0.00160469295312172 0.00541975322052195 0.00327884566998347 -0.00751664671291516 0.898250858037605 0.999962494218323 -0.00734031066722062 -0.00141555738562583 -0.00127169386274547 0.00418437426471908 0.90432194536102 0.0029999999999859 0.000999999999976353 0.0480000000000018 0.0499999999999545

 8570 70 500 5 0.9 0.00800000000000001 0.375 278.872 0.110000000000014 0.999986014751424 0.00055578172326176 0.00358618933625291 -0.00086987924609038 0.00374752776950681 0.9013985217034 0.999953293631123 -0.00628449352559061 0.00285815674524016 0.00153030250002962 -0.00658823281868051 0.895328931631822 0.99998601777665 0.000553645801177908 0.00358525960929921 -0.000871883984921975 0.00374746038994517 0.901328361601785 0.999953285209095 -0.00628451084143776 0.00285847368448065 0.00153148183783744 -0.00658908298606351 0.895302221917523 0.0029999999999859 0.000999999999976353 0.0509999999999877 0.0459999999999923

 8575 75 500 5 0.9 0.00800000000000001 0.371 273.995 0.116999999999962 0.999939020735236 -0.00386531095749908 0.000266414759214713 -0.0102410668737694 0.00143657743376157 0.893114913961816 0.999952557612527 0.00785290718175584 0.00447106449399082 -0.00363470706898618 -0.000113400944007512 0.891947424753657 0.999939033247801 -0.0038641661694461 0.000267060009201761 -0.0102401647072259 0.00143725884518289 0.893234283155827 0.999952475515906 0.00786165707342735 0.00447582685114608 -0.00363241477415607 -0.000116595793534178 0.892155836569215 0.0029999999999859 0.0010000000000332 0.0509999999999877 0.0500000000000114

 8567 67 500 5 0.9 0.00800000000000001 0.347 286.356 0.110000000000014 0.999919117371989 0.000127986403293021 0.011579484015171 -0.00481368791633046 -0.00211808689383037 0.902657219363267 0.999933566312437 -0.00103961469562661 -0.00765111492239023 0.00224657687427863 -0.00825805641589049 0.90278666069988 0.999919140493313 0.000129428266824239 0.0115771126339806 -0.00481482608735631 -0.00211745985735859 0.902575162915542 0.999933595218893 -0.00103970821268514 -0.00764884094111634 0.00224476841040418 -0.00825714275598263 0.902700424284251 0.00200000000000955 0.00200000000000955 0.0509999999999877 0.0499999999999545

 8568 68 500 5 0.9 0.0089999999999999 0.371 285.674 0.113 0.999954837678094 -0.00421618462558805 -0.00358585424505891 -0.00393387187585361 -0.00664926257395547 0.893694108278959 0.999980794210219 -0.00177525359067642 0.00433622927137604 -0.00184369933163951 0.00361352651409785 0.90064051273445 0.999954869755653 -0.00421353687657804 -0.00358606632343561 -0.00393350909547958 -0.0066462164773719 0.893763722985884 0.999980797371275 -0.00177373467760535 0.0043360210860692 -0.00184481010916271 0.00361308051462854 0.900577341419215 0.0029999999999859 0.000999999999976353 0.049000000000035 0.0489999999999782

 8563 63 500 5 0.9 0.0089999999999999 0.359 294.756 0.115999999999985 0.999977033924628 0.0019656325414213 0.000757848529845485 0.00602417096430983 0.00228099579423794 0.903382699140981 0.999970941639778 0.00586903425883216 0.00304832853757386 -0.00291579349730611 -0.00242407803772691 0.899046190298415 0.999977069927257 0.00196473718558644 0.000753939783497715 0.00601943343719747 0.00227978582039668 0.903292383049804 0.99997094546911 0.00586960693488906 0.0030481114337408 -0.00291453577201213 -0.00242289701924586 0.898996168862796 0.0040000000000191 0.0010000000000332 0.0500000000000114 0.0480000000000018

 8576 76 500 5 0.9 0.00599999999999978 0.385 281.989 0.114999999999952 0.999909303476655 0.00895739746416607 -0.0100554832917617 -4.40658638308199e-06 0.000192582061706234 0.899819093880159 0.999941430227513 -0.0056919411316039 -0.00283224271120613 0.00518970087303886 0.00705573006728732 0.895490565011674 0.999909296362446 0.00895652347305385 -0.0100569813982189 -5.6454937321779e-06 0.000191907580002173 0.899766219954096 0.999941442382231 -0.00569193217542068 -0.00283174048749501 0.00518854253255263 0.00705506816787536 0.895462078465982 0.00200000000000955 0.00199999999995271 0.0469999999999686 0.0480000000000018

 8573 73 500 5 0.9 0.00800000000000001 0.352 285.139 0.109000000000037 0.999978745808224 0.00181816922750482 -0.00613758941609363 -0.000834041463812588 -0.00091463843593672 0.900993690178968 0.999948146450297 0.00197551513553795 0.00134019202334843 -0.00402841030047167 -0.00904309384865568 0.904567145860886 0.999978758820498 0.00181802484346009 -0.0061356648134084 -0.000831936721980455 -0.000915528302600936 0.90092956779661 0.999948175134949 0.00197213683403097 0.00134237393748381 -0.00403020092146223 -0.00903953723032579 0.904461275302872 0.00200000000000955 0.0010000000000332 0.0480000000000018 0.0480000000000018

 8582 82 500 5 0.9 0.00800000000000001 0.355 277.595 0.110000000000014 0.999938017361711 -0.00482072521393362 0.00249352434722026 -0.00962652445346678 0.00135440260597714 0.904118498198032 0.999965889596795 0.00164992157825828 0.000833795199644997 0.00516034529591757 0.00617843213669401 0.906031281417193 0.999938029668962 -0.00482240288049639 0.0024912493631283 -0.00962516017503119 0.00135322593407466 0.904018274835745 0.999965866603738 0.00165268258143598 0.000827139091024382 0.00515660356540777 0.00618543032567825 0.905905249291719 0.00200000000000955 0.000999999999976353 0.0489999999999782 0.0500000000000114

 8583 83 500 5 0.9 0.0089999999999999 0.367 277.691 0.109000000000037 0.999906664822236 -0.00837104555556111 0.00671236869228699 0.00285227448649943 0.00796215279755432 0.898415661838631 0.99996058728092 0.000204875031910156 0.00300696205409678 -0.0024466063703556 -0.00798462319034907 0.904789431475703 0.99990666198199 -0.0083717224114217 0.00671176143144497 0.00285239050740856 0.00796226819319825 0.898371052726726 0.999960592090094 0.000203509827883733 0.00300447725729302 -0.00244809610829697 -0.00798453457837902 0.904681212745871 0.00199999999995271 0.000999999999976353 0.0469999999999686 0.0480000000000018

 8581 81 500 5 0.9 0.0089999999999999 0.384 291.795 0.115000000000009 0.99997660095476 0.00431578307953894 0.00379227849652163 -0.00150109965077022 -0.00339659874258409 0.899548521814847 0.999840953842026 -4.37255349856029e-05 0.00165598145038218 0.0164672378571216 -0.00664476569476403 0.903873962020205 0.999976603746677 0.00431582119188954 0.00379168706170017 -0.00150051962892394 -0.00339664492843367 0.899496137912298 0.99984091639822 -4.64438412915594e-05 0.00165890688900936 0.0164698985409697 -0.00664305719681476 0.903778063055315 0.0029999999999859 0.0010000000000332 0.0500000000000114 0.0519999999999641

 8574 74 500 5 0.9 0.00700000000000012 0.355 296.364 0.113999999999976 0.999985873267546 -0.00192846904354123 -0.00133728125696114 -0.0035688834599574 0.00316370387061911 0.896857356622462 0.999965974087904 -0.00458269372766898 0.00404490662386387 0.00543062324786599 0.00109391323788105 0.901839421798749 0.999985870888066 -0.00192893186951815 -0.00133701195161694 -0.00356820820398148 0.00316504902546906 0.896821346058809 0.999965952553431 -0.0045819593821379 0.00404769873892017 0.00543335095774283 0.00109280118003318 0.901766538939435 0.0029999999999859 0.000999999999976353 0.0500000000000114 0.0500000000000114

 8585 85 500 5 0.9 0.00699999999999967 0.362 263.677 0.110000000000014 0.999985080962545 -0.00318112213617395 -0.000681957048073973 -0.00206805727340628 -0.00386993384774995 0.898547606654348 0.999976388699722 0.00262431724546902 0.00580905629709762 -0.00240253080261004 -0.000904274702800661 0.89799643794849 0.999985080197991 -0.00318244117559526 -0.000680579042027633 -0.00206791158797642 -0.00386936731445374 0.898502418811173 0.999976384581764 0.00262443035040454 0.00580956098424978 -0.00240320093965911 -0.000903476914073875 0.89795362999219 0.0029999999999859 0.000999999999976353 0.0480000000000018 0.0480000000000018

 8588 88 500 5 0.9 0.00699999999999967 0.347 256.509 0.110000000000014 0.999930644043696 -0.00965399297584168 -0.00309669233832361 -0.00596385542436653 0.000591985658880603 0.899181205283945 0.999962044759475 -0.0063361020125809 -0.00207214946691853 -0.0028683255361132 -0.00482097053943749 0.900606266712501 0.999930647311087 -0.00965360842013417 -0.00309690559896927 -0.00596363426152716 0.000593847293471006 0.89913100814524 0.999962062410196 -0.0063345253206087 -0.00207290947194042 -0.00286749275727813 -0.00481954986667546 0.900543024999685 0.00200000000000955 0.0010000000000332 0.0500000000000114 0.0500000000000114

 8590 90 500 5 0.9 0.00800000000000001 0.382 256.497 0.11099999999999 0.99991884633906 -0.00742968800069829 -0.00831953855977665 0.00528236897384771 -0.00315948229190549 0.899486132802193 0.999917052581184 -0.00868980496865692 0.00394668392454717 -0.00295009133785504 0.00812993813404566 0.898689085841319 0.999918858964113 -0.00742984092149574 -0.00831749154999236 0.00528254673215859 -0.00316021931598407 0.899432162708617 0.999917065463598 -0.0086893639510861 0.00394591076120222 -0.00295042979953124 0.00812907750335716 0.898642818715482 0.0029999999999859 0.000999999999976353 0.0500000000000114 0.0480000000000018

 8595 95 500 5 0.9 0.00699999999999967 0.348 257.072 0.109999999999957 0.999922607672597 0.000205057045037788 -0.000925602030456233 0.00956881443593061 0.00789415404047654 0.895604884592544 0.99998295153372 -0.00294959405063287 -0.00241708605013673 0.00318255310537949 -0.00307011198546431 0.897843687998389 0.999922607378068 0.00020397285756956 -0.000925594003620308 0.00956832095624987 0.00789481849941754 0.89557748566294 0.999982952080561 -0.00295052106070541 -0.00241758361277017 0.00318186659354058 -0.00306936282855745 0.897803158138995 0.0029999999999859 0.000999999999976353 0.0459999999999923 0.0459999999999923

 8586 86 500 5 0.9 0.00999999999999979 0.348 289.613 0.10899999999998 0.999991033932864 -9.13958068890305e-06 0.00284649704547476 0.00309269519474208 0.000514452478108691 0.900855710862536 0.999932125784855 0.00114218565795367 -0.000883115502042053 -0.0115583340837373 0.000253486731898197 0.909034753932076 0.99999103283017 -8.25932037348288e-06 0.00284541051774387 0.00309408969092161 0.000514236331115116 0.900790407317841 0.999932140994128 0.00113897175782587 -0.000880449840032326 -0.011557452356188 0.000257397255489262 0.908859158082923 0.00200000000000955 0.000999999999976353 0.0500000000000114 0.0499999999999545

 8592 92 500 5 0.9 0.00700000000000012 0.393 275.234 0.110000000000014 0.999910392280477 -0.00425177234550393 0.00190769193113613 -0.0112231033895341 -0.00561538095130159 0.898894471000766 0.999972099918679 -0.0043674381317544 -0.000779774982272603 0.0014726050213165 0.00582651300709238 0.902142742622111 0.999910398088724 -0.00425083785264629 0.00190871101519555 -0.0112226544196039 -0.00561560518898382 0.898846767608877 0.99997210831276 -0.00436774315895867 -0.000780248323735388 0.0014725611792498 0.00582479118583056 0.902067867588901 0.0029999999999859 0.0010000000000332 0.0489999999999782 0.0480000000000018

 8591 91 500 5 0.9 0.00800000000000001 0.43 275.41 0.115999999999985 0.999940994800967 -0.010394546652469 -0.000884313398936731 0.00144956216950916 0.00266027736738412 0.901505719300286 0.999967912221341 -0.00601457834849131 0.0029112187811417 -0.00440537111031831 0.000341885318034319 0.898944877323576 0.99994097989991 -0.0103948908107185 -0.000885926037555112 0.00144857934088985 0.00266452899984108 0.901436255998045 0.999967921934691 -0.00601437761035846 0.00290939618296453 -0.00440453491870849 0.000343292260320455 0.898895933945052 0.0029999999999859 0.0010000000000332 0.0489999999999782 0.0480000000000018

 8587 87 500 5 0.9 0.00800000000000001 0.373 289.802 0.11099999999999 0.99997129516029 0.00745632734386665 -0.000560569148087627 0.000235759581573304 -0.00120092366250212 0.899146304361064 0.999934639826925 0.00301030694620469 -0.00912356455897869 -0.00223026852327592 -0.00578278465279703 0.904480164923644 0.999971292509394 0.0074568018483273 -0.000560463217079741 0.000237235597282678 -0.00119994314059892 0.89909500094656 0.999934642202699 0.00300900364573732 -0.00912410106611061 -0.00222983209175342 -0.00578237395861652 0.904378830244175 0.00300000000004275 0.0010000000000332 0.0499999999999545 0.0480000000000018

 8597 97 500 5 0.9 0.0089999999999999 0.361 267.463 0.110000000000014 0.999927265660017 0.00243496605305515 0.00680922887784598 0.00559533983037732 0.00786517032707903 0.895606400519407 0.999959737284651 -0.00547509046063996 -0.00561893460120844 0.00435578105383043 4.40388235894555e-05 0.8950174001998 0.999927273646326 0.00243487634609477 0.00680833218755094 0.00559631423840575 0.00786426571102881 0.895577834038794 0.999959738427369 -0.00547480764117748 -0.00561916475562579 0.00435558144928017 4.36262260733749e-05 0.894991070369533 0.00200000000000955 0.000999999999976353 0.0470000000000255 0.0459999999999923

 8589 89 500 5 0.9 0.00800000000000001 0.365 287.224 0.11099999999999 0.999940739107819 -0.00683473196184545 -0.00793072187153316 -0.00294604140085184 -0.000478750644919476 0.906188136608934 0.999950460905152 0.00747316225737847 0.00629368875724209 0.0018885676453462 -0.000224444926066223 0.892620235148747 0.999940773060881 -0.00683224965812276 -0.00792805800735269 -0.00294798680323693 -0.000475399890443533 0.906057097795498 0.999950454146805 0.0074716753908404 0.00629610899930483 0.00189056999549176 -0.000219260149493358 0.892782747396751 0.00499999999999545 0.000999999999976353 0.0540000000000305 0.0500000000000114

 8594 94 500 5 0.9 0.00699999999999967 0.397 283.511 0.113 0.999984336348829 -0.000105932639018772 -1.6336480854958e-05 0.0041779523150123 -0.0037229400801801 0.898114720301788 0.999927193408693 0.00883171783753631 -0.00777596577412245 -0.00141543503908981 0.00226705575190756 0.902050981124674 0.999984338911944 -0.000106060792414353 -1.53931838420219e-05 0.0041779279476414 -0.00372227928366051 0.898071696563762 0.999927171956994 0.0088335270291621 -0.0077771072802984 -0.00141535332547441 0.00226560359015878 0.901975636115535 0.0029999999999859 0.000999999999976353 0.0499999999999545 0.0500000000000114

 8593 93 500 5 0.9 0.0089999999999999 0.355 286.606 0.112000000000023 0.999974068541502 -0.00338319372809692 -0.00248807548146588 0.00398578972828498 0.0042824298470379 0.893308040680221 0.999986277923115 -0.00242674714633314 0.0020072898268383 -0.00228929794146683 0.00350496308812456 0.899390457464435 0.999974061512064 -0.00338232318591119 -0.00248978196790764 0.00398680428433673 0.00428282270056116 0.893411836299805 0.99998628172574 -0.00242582696201771 0.00200888997240491 -0.00228912639858816 0.00350371021760529 0.899338691378118 0.0029999999999859 0.0010000000000332 0.0500000000000114 0.0499999999999545

 8599 99 500 5 0.9 0.00700000000000012 0.385 278.911 0.114999999999952 0.999909556279379 0.000410305696899378 0.00165312817514108 0.00223553811484318 -0.0131522031228059 0.898823846820534 0.999968777041743 -0.00554920515074952 -0.00257877235095139 0.00452983631302313 -0.00211702148679535 0.902684587023674 0.999909528471457 0.00041092218327628 0.00165186975523292 0.00223553679441732 -0.0131544561461566 0.898776964037891 0.99996877831862 -0.00554907510083123 -0.00257902454577195 0.00452922592387583 -0.00211775787447826 0.902603108597764 0.0029999999999859 0.00200000000000955 0.0509999999999877 0.0489999999999782

 8598 98 500 5 0.9 0.0089999999999999 0.345999999999999 285.827 0.109000000000037 0.999988567047922 0.00268039144494405 -0.00136978483734161 -0.00356354300197308 -0.00105172521066292 0.895883938813662 0.999944980513091 -0.00533574357498035 -0.00605752622312862 -0.00495301031764978 0.004509972508322 0.900548924798293 0.999988565044404 0.00268006215325228 -0.00136977982273746 -0.00356414848908094 -0.00105242390407683 0.895854006025454 0.999945001511841 -0.00533426811873339 -0.00605615901385329 -0.00495313732437472 0.00450875856154153 0.900486440797536 0.0029999999999859 0.00200000000000955 0.0459999999999923 0.0480000000000018

 8600 100 500 5 0.9 0.00700000000000012 0.373 284.314 0.117999999999995 0.999937992157325 -7.84719118497109e-05 -0.00489044154782854 -0.00993325913960788 0.00119148095650107 0.900881810464325 0.99993654011707 0.00711014029380143 0.00678749217296453 -0.00389985067927223 -0.00388365271199148 0.895628896811284 0.999937989186986 -8.02919416851246e-05 -0.00489042549223476 -0.00993333413395841 0.00119329182458533 0.900815504151863 0.999936527831975 0.00711165060849515 0.00678816188541748 -0.0038992774506888 -0.00388345548909055 0.89560027639653 0.00300000000004275 0.000999999999976353 0.0510000000000446 0.0489999999999782

 8596 96 500 5 0.9 0.00800000000000001 0.359 296.435 0.109000000000037 0.999902773451169 -0.00266090687102605 -0.00124221617854468 -0.0136079854393382 -0.000801779603560371 0.89746124924275 0.999914607411513 -0.00585345248075304 0.00568236908271844 -0.00434535770516278 0.00923815604746825 0.895938962303875 0.99990276093083 -0.00266112826692729 -0.00124351813237459 -0.0136086461903807 -0.000803424402707869 0.89742260594083 0.999914607289021 -0.00585338672242186 0.00568219667803171 -0.00434549369000485 0.00923825305039117 0.895908121921138 0.0029999999999859 0.0010000000000332 0.0480000000000018 0.0470000000000255

 8605 5 1000 5 0.9 0.0679999999999996 0.431 526.646 0.231999999999971 0.999978478948035 -0.00371884971489091 0.000411664323205734 0.0029697789736914 0.00449697041406951 0.896447366278336 0.999974884358079 -0.00016062253660414 -0.00196835076847022 0.0015302741822635 0.00663239848222235 0.89935645656948 0.999978474350776 -0.00371921869257306 0.000412128931112865 0.00297015009904076 0.00449739986497578 0.896414893482031 0.999974886427727 -0.000160025916132984 -0.00196933977275724 0.00153043410736259 0.00663177034157364 0.899305170826662 0.00499999999999545 0.00200000000006639 0.0750000000000455 0.0760000000000218

 8606 6 1000 5 0.9 0.0619999999999998 0.421 527.201 0.223999999999933 0.999987925622476 -0.00287580562098985 -0.00178021872075929 -5.9563355124235e-05 0.00356449502732519 0.905247105837744 0.999982801143472 -9.566464988707e-05 -0.000350007051355697 -0.000355306760991915 -0.00584290319094836 0.90272320028153 0.99998792083275 -0.00287713439896725 -0.00178359936127783 -6.13827949081919e-05 0.00356304528681047 0.905135061813589 0.999982793143402 -9.54091665680862e-05 -0.00034937789014175 -0.000356301131328758 -0.00584425348573209 0.902640751689116 0.00200000000006639 0.00199999999995271 0.0730000000000928 0.0720000000000027

 8611 11 1000 5 0.9 0.122999999999999 0.415 525.909 0.218000000000075 0.999982462275043 0.000444667390692848 -0.00562139845800845 -0.00141044864069202 -0.00113486883018941 0.902358609253495 0.999979662369127 -0.00458149899468823 -0.000857856997390471 -0.00422976798504983 0.00102852284979513 0.901474012511149 0.999982456356363 0.000444804219834566 -0.00562247929468503 -0.00141040153691091 -0.00113473467695531 0.90228037084437 0.999979657646795 -0.00458235980160711 -0.000858634635847776 -0.00422969632099258 0.00102892509023559 0.901403571014218 0.00300000000004275 0.000999999999976353 0.0760000000000218 0.0729999999999791

 8608 8 1000 5 0.9 0.069 0.454 538.807 0.219000000000051 0.999976527861552 0.000985435341000632 0.00533239670648206 0.00404155498261211 0.00109727928557624 0.900085055869915 0.999966578691623 0.00167641034063092 0.00100679150523561 -0.00592421484203149 0.00528405124026975 0.90056135926174 0.999976527518303 0.00098616405671196 0.00533185992213547 0.00404200730772538 0.00109787958548355 0.900028711301722 0.999966576192969 0.00167663716478164 0.00100700064065701 -0.00592445644025306 0.00528414139914446 0.900502147464594 0.00299999999992906 0.00200000000006639 0.0729999999999791 0.0699999999999363

 8602 2 1000 5 0.9 0.0599999999999996 0.437 547.091 0.224000000000046 0.999987356584618 0.000566101841647038 -0.00236315928884041 -0.000907107669559987 -0.00430799645599191 0.900883376316012 0.999979210451664 -0.00339705567933835 -0.00335592450449781 -0.00432406986811524 -0.000280833890705098 0.904168111387189 0.999987355301719 0.000566365908330446 -0.00236304008685555 -0.000906735976057755 -0.00430840315531673 0.90082053284719 0.999979197631823 -0.00340090164879744 -0.00335588607005196 -0.00432408446970191 -0.000280167403409729 0.904066830673217 0.00300000000004275 0.00200000000006639 0.0720000000000027 0.0749999999999318

 8604 4 1000 5 0.9 0.0649999999999999 0.449 549.675 0.22199999999998 0.999990595125028 0.00160846413224212 0.00135699975407032 0.00249276409508437 0.00285782845211754 0.9012101931231 0.999963880133605 0.00509807286569158 0.00295000817326469 0.00602040497068727 -0.00114028810708201 0.901097515958223 0.999990589967491 0.00160968151817799 0.0013593593819824 0.00249326164496123 0.00285739222347997 0.901142082674235 0.999963880972474 0.00509819366385208 0.0029497964228662 0.00602036729367266 -0.00113975898637774 0.901030717985379 0.00299999999992906 0.00199999999995271 0.0760000000000218 0.0729999999999791

 8603 3 1000 5 0.9 0.0760000000000001 0.44 553.636 0.226999999999975 0.99995832798635 -0.00501893602028097 0.00257690968616784 -0.00160110813957692 -0.00699632483245658 0.899575288973813 0.999974345448191 0.00505080994472385 -0.00105866424709693 -0.00355459987312823 -0.00347013171473018 0.900541091326674 0.999958332944822 -0.00501835949373846 0.00257600217793434 -0.00160213065344768 -0.00699612981244773 0.899521588028383 0.999974345045157 0.00505039046591618 -0.00105959741316908 -0.00355394573587638 -0.00347124339100268 0.900479471134446 0.00299999999992906 0.00199999999995271 0.0729999999999791 0.0730000000000928

 8601 1 1000 5 0.9 0.0610000000000004 0.43 568.888 0.219000000000051 0.999960988856871 0.00575231371342471 0.00660640724334663 0.000598447373197602 0.000963792201410573 0.900953474096081 0.999953498601617 -0.00276264641257004 0.0044395775782806 0.00305986783778524 0.00750305130775624 0.895444140302489 0.999960979615877 0.00575243621430072 0.00660765232476064 0.000599000535738969 0.000963769873943254 0.900889509426519 0.999953500711865 -0.00276266354626984 0.00443965528369803 0.0030598553911653 0.007502722850006 0.895415944541036 0.00300000000004275 0.00199999999995271 0.0779999999999745 0.0699999999999363

 8615 15 1000 5 0.9 0.0659999999999998 0.432 543.098 0.216000000000008 0.999983005868499 0.00274474968690353 -0.00331190113732948 -0.00212121223985139 -0.00331452754515849 0.901490902718961 0.9999783490316 -0.000443975407033851 -0.00303665478775496 0.00146148501495722 0.00563446032240985 0.902717392402832 0.999983005208878 0.00274533577287129 -0.00331241743993157 -0.00212000732804447 -0.00331449612267678 0.901420259215109 0.999978343301837 -0.000444760496176377 -0.00303570135083826 0.00146379084461252 0.00563533043270667 0.902633802127002 0.00300000000004275 0.00200000000006639 0.0760000000000218 0.0760000000000218

 8616 16 1000 5 0.9 0.147 0.430000000000001 544.011 0.224999999999909 0.999949654327545 0.000791996101255359 0.00661917505884663 0.00160280320222712 -0.00732660192955592 0.893705526212712 0.999980390968796 -0.00355100720971361 -0.000143660817776651 0.0013742358959587 0.00496979506235308 0.900555268593277 0.99994965322055 0.000791386576903262 0.0066186463522613 0.00160293258928938 -0.00732726817894866 0.893774753490816 0.999980389552446 -0.00355165420485448 -0.000145465778576879 0.00137397213743824 0.00496963813786234 0.900493554617045 0.00300000000004275 0.00200000000006639 0.0729999999999791 0.0750000000000455

 8607 7 1000 5 0.9 0.0580000000000007 0.434 565.216 0.232999999999947 0.99998450913927 0.00352168123136019 0.00379480599853228 0.000661375605603151 0.00193423694014163 0.901270798201931 0.999978139482736 -0.00246021030396234 8.00528977685854e-05 0.00297257107233479 -0.00536892304467905 0.897551918005107 0.999984512208936 0.00352032057515106 0.00379506021322382 0.000660893998866528 0.00193479259965274 0.901202646376995 0.999978147864299 -0.00246028880900395 8.01282456436912e-05 0.00297158025510606 -0.00536787323931985 0.897512238432769 0.00299999999992906 0.00199999999995271 0.0760000000000218 0.0739999999999554

 8612 12 1000 5 0.9 0.129 0.408 558.473 0.227999999999952 0.999971924586983 -0.00593158708362221 -0.00361752101309115 0.00232868547916739 0.00156750698012968 0.899761818663532 0.999961226310507 -0.00392331531485885 0.00710910847164635 -0.00337875008935707 0.000445081002689816 0.8979974909336 0.999971932727857 -0.00593133301701898 -0.0036157397963344 0.00232917411478148 0.00156665849009711 0.899707619631297 0.99996122786898 -0.00392336166991142 0.00710914508194634 -0.00337811248317919 0.000445425890249228 0.897955939193567 0.00399999999990541 0.00199999999995271 0.0739999999999554 0.0699999999999363

 8610 10 1000 5 0.9 0.0750000000000002 0.419 566.392 0.22199999999998 0.999968641453364 0.00167556593578115 0.00751453825447622 -0.0018547947168594 6.33163805348648e-06 0.900541079145406 0.999941281010657 -0.0051574318662995 0.00669298481861306 0.00678255012519099 0.000190775595022331 0.897122827753154 0.999968648177377 0.00167452444397241 0.00751388335591975 -0.00185476125274331 6.91410571118305e-06 0.900480202418488 0.999941284472536 -0.00515703941127604 0.00669250338880619 0.00678280042529891 0.000191229461692407 0.89708639309508 0.00299999999992906 0.000999999999976353 0.0779999999999745 0.0729999999999791

 8613 13 1000 5 0.9 0.0629999999999997 0.456 560.864 0.225000000000023 0.999953206342174 -0.00382872994589763 0.00591721693383017 0.000316134862373779 -0.00661910534091162 0.894884852925149 0.999986556052179 0.00247395674741414 0.00286386857884361 0.0030617475276014 0.00178639630365559 0.901130925745866 0.999953205318797 -0.00382868982763761 0.0059172880219947 0.000315828484101126 -0.00661923422321954 0.894859767234172 0.999986556052491 0.00247368509203614 0.00286412168462656 0.00306178768227089 0.00178629770964349 0.901064286797895 0.0040000000000191 0.00200000000006639 0.0710000000000264 0.0720000000000027

 8609 9 1000 5 0.9 0.069 0.47 572.582 0.230000000000018 0.999973806370083 -0.00545436132384355 0.00157844214935184 -0.000248501005410183 -0.00448143770538766 0.894369364462999 0.999996542247591 0.000445915272431149 0.00100757812815478 -0.00229835104275357 0.000647318493413752 0.90259529546355 0.999973804457337 -0.00545462047041451 0.00157832101689335 -0.000248359870832799 -0.004481599578981 0.89438001111623 0.999996539891312 0.000446412896089498 0.00100788319818663 -0.00229962674704893 0.000645607630118526 0.902515675645846 0.00200000000006639 0.00199999999995271 0.0690000000000737 0.0710000000000264

 8614 14 1000 5 0.9 0.0709999999999997 0.399 573.725 0.222999999999956 0.999963132013823 3.4895066544733e-05 0.000483207225516348 -0.00711862194709095 -0.00477756504840209 0.899846156611599 0.999993564100651 -9.34260486132707e-05 0.0014653451546862 -0.00206248484390192 0.00254203632889946 0.900317014088743 0.999963128645633 3.55605594541772e-05 0.000483091014732386 -0.00711888327325176 -0.00477788747213877 0.89979022310519 0.999993559898293 -9.41485603842296e-05 0.00146719147103905 -0.00206246044390472 0.00254261756698105 0.900257595616824 0.0040000000000191 0.00199999999995271 0.0739999999999554 0.0720000000000027

 8618 18 1000 5 0.9 0.0589999999999997 0.418 528.685 0.225000000000023 0.999954557341833 -0.0050410119946607 0.00423950283060336 -0.00566767049200829 0.00392117027319334 0.898781348604446 0.999973630865015 0.00207484755959674 0.00550110533085083 0.00354550868007993 0.00236638766524303 0.897954256115194 0.999954568775306 -0.00504012336367712 0.00423859559975097 -0.00566815166590734 0.00391968186276196 0.89873414518638 0.999973629403468 0.00207457413354134 0.00550148525762675 0.00354547374175633 0.00236641410696181 0.89791264604527 0.00299999999992906 0.000999999999976353 0.0769999999999982 0.0739999999999554

 8617 17 1000 5 0.9 0.0920000000000001 0.4 539.231 0.223999999999933 0.999956960938251 0.000958381094870204 0.00826797618926992 -0.00353204491910042 -0.00207918379128219 0.897997716504188 0.999984002270875 0.00123070021058398 0.00338276722692059 0.00435655017837868 -0.000240698453666971 0.898981744802888 0.999956957636656 0.000958928988237032 0.00826797291424098 -0.00353265618874182 -0.0020794935391066 0.897955181294942 0.999984002209506 0.00123025556020102 0.00338327106248041 0.00435629786381402 -0.00024071176649662 0.89893305953995 0.00299999999992906 0.00200000000006639 0.0729999999999791 0.0720000000000027

 8628 28 1000 5 0.9 0.0800000000000001 0.444 522.916 0.231999999999971 0.999977085262434 0.000905219792068483 0.00284277382301921 0.00155523371815684 0.00587447123133874 0.900754939218537 0.999983500088163 -0.00396388505258017 0.00244337283321182 -0.00268952317655337 -0.00202078227367206 0.901843632365624 0.999977083482389 0.000905422936879304 0.0028448400495962 0.00155634264642833 0.00587344890320408 0.900692131917005 0.999983496816349 -0.00396353434150218 0.00244437113158609 -0.00268882864465803 -0.00202280517153277 0.901769888707215 0.0040000000000191 0.00200000000006639 0.0769999999999982 0.0720000000000027

 8622 22 1000 5 0.9 0.0589999999999997 0.414 536.885 0.22199999999998 0.999972667970274 0.00450840156466452 -0.00308274051401933 0.00123622846430349 -0.00482763688065783 0.900328996643862 0.999995310889484 0.000866038692451041 0.000183150387106222 0.00181393377927775 -0.00230310143213748 0.895731282764186 0.999972667322251 0.0045084365965673 -0.00308213934722819 0.00123632922114877 -0.00482809641356114 0.900270892732911 0.99999531100058 0.000865913036200085 0.00018230704652078 0.0018137520962166 -0.00230331043104723 0.895701946290679 0.00300000000004275 0.00200000000006639 0.0720000000000027 0.0699999999999363

 8621 21 1000 5 0.9 0.097 0.396 548.288 0.225999999999999 0.999994966264982 -0.00173727791534215 -0.00156796291389372 -0.00214133375345569 7.41093794949047e-05 0.899568643201556 0.999978750725904 0.0016230968002395 -0.00141059693340422 -0.00413663723754349 0.00455654497323389 0.899250497855175 0.999994968580396 -0.00173709850412851 -0.0015646490957867 -0.00214283492480953 7.37181896575376e-05 0.899516074615762 0.999978750334162 0.00162302157739459 -0.00140972432291425 -0.0041369265734678 0.00455666511246373 0.899199337874095 0.00300000000004275 0.000999999999976353 0.0720000000000027 0.0709999999999127

 8623 23 1000 5 0.9 0.0790000000000002 0.427 543.313 0.226999999999975 0.999986959339677 -0.00353078267364027 -0.000578789043060657 -0.00108542700977231 0.00347873191668421 0.900254785114152 0.999987618687965 -0.00110167390540849 -5.34339908184535e-05 -0.00427921797904109 0.00228784258086807 0.900869168530454 0.999986954329141 -0.00353114385439675 -0.00057854043973613 -0.00108615197460535 0.00347962059070631 0.900197119018327 0.999987621596615 -0.00110212950089596 -5.2321630304074e-05 -0.00427909202648295 0.00228661277541474 0.900803388626451 0.00300000000004275 0.000999999999976353 0.0720000000000027 0.0769999999999982

 8624 24 1000 5 0.9 0.0829999999999997 0.478 550.295 0.228999999999928 0.999984492186389 -0.00483465003879767 0.00146468072103305 0.00147190188870984 0.00182476325815433 0.901771603004958 0.999978652128611 0.00280141744663927 -0.00386980710232123 0.000882348293922022 0.00436959973175234 0.894898897756816 0.999984486279432 -0.00483540426822933 0.00146508082949378 0.00147225437866871 0.00182539618450283 0.901698396509508 0.999978650303584 0.00280172507223851 -0.00386945939969086 0.000882460175755642 0.00437010544887108 0.894873995688247 0.00300000000004275 0.00200000000006639 0.0729999999999791 0.06899999999996

 8619 19 1000 5 0.9 0.0579999999999998 0.407 572.931 0.231999999999971 0.999971689408818 -0.00106381064288998 0.00480776585040004 -0.00319948526342341 -0.00470503659567956 0.900565242987912 0.999987052527158 -0.00340653158380278 0.00117590676656313 0.00347338916759719 0.000918221967820912 0.897389770852255 0.999971692116554 -0.00106439249994465 0.00480776533065815 -0.00319947187953942 -0.00470433910122604 0.900504398698699 0.999987052839891 -0.00340586524129126 0.00117694204285128 0.00347373621474494 0.000917713836470103 0.897350782175903 0.00300000000004275 0.00200000000006639 0.0760000000000218 0.0769999999999982

 8631 31 1000 5 0.9 0.0599999999999996 0.428999999999999 528.771 0.224999999999909 0.999982804926423 0.00197551729970739 9.65631822430699e-05 0.00250548054225766 0.0049193928168189 0.902909661414028 0.999997725176998 -0.000461415449302156 -0.00149221429773945 0.00117464833826774 0.000854537526563161 0.898569018252942 0.999982805133532 0.00197417232293985 9.5576279834523e-05 0.00250454741876401 0.00492038497618791 0.902825172297281 0.999997725786261 -0.000462568068149936 -0.00149180822599035 0.00117498187349836 0.000853451171420877 0.898523838510497 0.00200000000006639 0.00199999999995271 0.0720000000000027 0.06899999999996

 8620 20 1000 5 0.9 0.0649999999999999 0.391 573.367 0.225999999999999 0.99999232598128 -0.00128849291684929 0.00211569202609473 -0.0030200807948924 -0.000301203909665293 0.904572735753962 0.999993049225858 -0.00256783782027068 0.000529592853231294 0.000147673916751795 -0.00264677780014709 0.898029707523576 0.999992329730418 -0.00128687649917917 0.00211499853945813 -0.00302007480859655 -0.000300596965683634 0.904467033627547 0.999993051630667 -0.00256726675815091 0.000529742737867319 0.000148041049945426 -0.00264637266057334 0.897988221123599 0.00300000000004275 0.000999999999976353 0.0760000000000218 0.07000000000005

 8625 25 1000 5 0.9 0.0799999999999996 0.423999999999999 566.471 0.229000000000042 0.99998502662728 -0.000157796702192978 -0.00299390100501855 0.00220931488555871 0.00400962665944049 0.905102748622197 0.999970613028479 0.000634852127587726 0.00570395706593957 0.000792217393451558 0.00502068796230311 0.90041669646153 0.999985034982921 -0.000162811415689062 -0.00299273795611046 0.00220928480551462 0.00400822689257197 0.904994169239656 0.999970619272497 0.000634465419344436 0.00570354077537248 0.000792998250103882 0.00501984280726253 0.900356474797904 0.0040000000000191 0.000999999999976353 0.0769999999999982 0.0720000000000027

 8629 29 1000 5 0.9 0.0920000000000001 0.425 551.083 0.216999999999985 0.999987849198198 0.0043473740439168 -0.000810471824900845 0.00127663280844628 0.00176497563067462 0.903262887135022 0.99995576479882 0.00400126024243149 -0.00131953606305664 5.90493843200466e-05 -0.00840914382246726 0.89663401883278 0.999987846324417 0.0043478903375803 -0.000809869296447203 0.00127557594292943 0.00176637221543124 0.903171975633967 0.999955767254014 0.00400218848032997 -0.00131938693111593 5.97998953875001e-05 -0.00840842820643018 0.89660008219698 0.00300000000004275 0.000999999999976353 0.0760000000000218 0.0729999999999791

 8627 27 1000 5 0.9 0.0640000000000001 0.427 563.519 0.221000000000004 0.999980903936229 -0.00183615465349315 -0.00241560550001426 -0.00409561469574324 0.00349443690799045 0.902675737930958 0.999989182413383 0.00278030391731415 0.000975377598605732 0.00287361797032267 -0.00216700822368654 0.899471845241891 0.999980907370173 -0.00183555764083355 -0.00241655178137719 -0.00409596354543281 0.00349270430975274 0.902595531118327 0.999989182520138 0.00277965254163199 0.000975267539091503 0.00287375302711053 -0.00216766492360014 0.899418986798985 0.00399999999990541 0.00100000000009004 0.0769999999999982 0.0769999999999982

 8626 26 1000 5 0.9 0.0800000000000001 0.402 570.286 0.223999999999933 0.999914962729039 0.00394267101242588 0.0107585949901664 -0.00550972705429937 0.00290141301741579 0.897017626156346 0.999974138912864 -0.00268992386372752 -0.00526425809346611 0.00231347470707916 0.00337953200748106 0.895118712496464 0.999914953774605 0.00394226521037352 0.0107595680858914 -0.00550979086879559 0.00290132075591236 0.89698135808232 0.999974138556287 -0.00269045003603072 -0.00526377340813619 0.00231362201902605 0.00337987276024904 0.895092439320059 0.00300000000004275 0.00200000000006639 0.0730000000000928 0.07000000000005

 8632 32 1000 5 0.9 0.093 0.397 556.165 0.216999999999985 0.999965431979942 -0.000726547378848596 -0.00461571910003695 0.00293013786397142 0.00622225066692529 0.900677047197886 0.999988672974883 0.00306581436144035 -0.00134569329401347 -0.00332793387862297 -0.000607181925702752 0.900978730671046 0.999965445987766 -0.000726571835578523 -0.00461383205493081 0.00292935808107097 0.00622176332389653 0.900614863656154 0.999988675681748 0.00306454258248253 -0.00134598513965176 -0.00332823669718867 -0.000606837305042661 0.900914266694542 0.00300000000004275 0.000999999999976353 0.0739999999999554 0.0739999999999554

 8630 30 1000 5 0.9 0.089 0.4 564.717 0.215999999999894 0.99999621904406 -0.00204915676089041 -0.000821122227644108 0.000116718097529816 -0.00163553946055533 0.900858898346707 0.999988394308779 0.000566157751940344 0.00256346803496126 -0.00254888970813445 -0.00313408775242877 0.894934660744589 0.999996218855489 -0.00204962424181567 -0.000822529880469509 0.000117446593139947 -0.00163430905459517 0.900795377123921 0.999988395861091 0.000566059316733899 0.00256321012298196 -0.00254866790903216 -0.00313400155819816 0.894908752725694 0.00299999999992906 0.000999999999976353 0.0730000000000928 0.0699999999999363

 8633 33 1000 5 0.9 0.0889999999999995 0.429 553.233 0.213999999999942 0.999943426575385 0.00928880399021767 -0.00131496891272452 0.0048598385208165 0.00123068900141804 0.90131904013459 0.999970141238481 -0.00221409112413503 -0.00492492440841672 0.00186606701672528 0.00520358966934556 0.901470276579465 0.999943423499952 0.00928887252419869 -0.00131445430263206 0.00486076577418999 0.00122955780668209 0.901252064783653 0.999970146993428 -0.00221337902034666 -0.00492469721398634 0.00186598772360837 0.0052030301191343 0.901400662287162 0.0040000000000191 0.00199999999995271 0.0749999999999318 0.0729999999999791

 8636 36 1000 5 0.9 0.0630000000000002 0.391 542.08 0.217999999999961 0.999996593114024 -0.000410922718298472 -0.00059875076367109 0.00240548928189528 0.000707122126781095 0.905024518204991 0.999994020933912 -0.00113483073370018 0.00202112421016695 -3.24230232981138e-06 0.0025661843360584 0.90040658081869 0.999996598509464 -0.000411744678476886 -0.000595948524081491 0.00240372881465331 0.000707367629373527 0.904911945793865 0.999994022232235 -0.00113453916121586 0.00202015824697385 -3.28151540871275e-06 0.00256656785923659 0.900347426681626 0.00299999999992906 0.000999999999976353 0.0750000000000455 0.0720000000000027

 8634 34 1000 5 0.9 0.0830000000000002 0.414 555.342 0.228000000000065 0.999988055374155 0.00264008170479038 0.000502385410898547 0.0029666137613131 -0.00280461927856932 0.899962093548438 0.999990281502062 0.000775231247665063 0.00376343753348304 0.00201016585074179 -0.00079478872929502 0.897872133200408 0.999988052217205 0.00264082953511625 0.00050195594790268 0.00296629347016496 -0.00280545637670485 0.899905971814338 0.999990279086563 0.000774828527203796 0.00376392871545853 0.0020105673938323 -0.000794878928738786 0.897830603368017 0.00300000000004275 0.00199999999995271 0.0749999999999318 0.0739999999999554

 8637 37 1000 5 0.9 0.0859999999999999 0.389 542.729 0.226999999999975 0.999979790493147 0.00183841026615543 0.00329481489287673 -0.00300583079695265 0.00414101787214291 0.900667006771711 0.999982075507398 0.000974798997550918 0.00483345341730804 -0.00225375182173243 -0.00254101586387188 0.901016042232342 0.999979786582386 0.0018395707020205 0.00329508531522654 -0.0030075039382066 0.00414001680009232 0.900604619524409 0.999982085137386 0.000973927149110918 0.00483191146509293 -0.00225316651661296 -0.00254101208884216 0.900951198272547 0.00299999999992906 0.00199999999995271 0.0729999999999791 0.0710000000000264

 8639 39 1000 5 0.9 0.124 0.397 543.524 0.230999999999995 0.999978704202375 1.48629983318811e-05 0.00482678748707703 0.00125608181649563 -0.0042089549600013 0.899268455400876 0.999966299573455 -0.002364495877366 0.000157958233693517 0.00474161098780332 -0.00626905503667328 0.897977278345933 0.999978705803146 1.47862504465861e-05 0.00482712045567203 0.00125502684753786 -0.00420850773431172 0.899218573078811 0.999966297780805 -0.00236467703932819 0.000157738746684126 0.00474205230294717 -0.0062689443684107 0.897934545556901 0.00300000000004275 0.000999999999976353 0.0710000000000264 0.0720000000000027

 8635 35 1000 5 0.9 0.113 0.391 559.064 0.226999999999975 0.999965194279932 0.00526977051898352 0.000937763524586836 0.00535483374952875 -0.00350515370009329 0.901403422392422 0.999982866721139 -0.00101945401317757 -0.000922897890959726 0.00558191714804214 0.00110337578466838 0.900612859422116 0.999965200665579 0.00526868648990802 0.000938726606238295 0.00535501006550723 -0.00350443434463057 0.90133447572872 0.999982865918674 -0.0010200666296061 -0.00092237904013877 0.00558182202673581 0.00110445140875839 0.900551161693584 0.00299999999992906 0.000999999999976353 0.0720000000000027 0.07000000000005

 8638 38 1000 5 0.9 0.0790000000000002 0.467 576.57 0.222999999999956 0.999990239375655 0.00134571028846212 0.00313323009692403 0.000330355459896755 -0.00278997341728861 0.901652865275535 0.999960810991047 0.000641923801859901 0.00406707451737539 0.00452469250804663 0.0063992560926092 0.898689653417484 0.999990248772342 0.00134300945915589 0.00313227019628695 0.000329827544236563 -0.00278904697539315 0.901583495522222 0.999960814257822 0.000643264116426274 0.00406729273706736 0.00452453874192785 0.00639858102039814 0.8986438704278 0.00300000000004275 0.00199999999995271 0.0710000000000264 0.0679999999999836
