
 1419 74 5000 10 0.95 0.103 0.488 0 0.667999999999999 0.999998246523924 0.000313201909357795 -0.000287570190620521 0.000131395464398326 -0.000342063569518272 -0.00145278709718207 -0.00100952573373917 -0.000225541088556856 -0.000102078458821575 -2.93840290429755e-05 0.95046568401193 0.999997036351363 0.000933679710319658 -0.00106066805198379 0.000777158093469028 0.000841414341623448 0.00100942257908421 0.000936882822370931 -0.00033385891855434 0.000776103398553092 8.98862986362218e-05 0.949403678884331 0.999998247753821 0.000313116048461583 -0.000287470827810752 0.000131613639538885 -0.000342160630657907 -0.00145191638620883 -0.00100961942527645 -0.000225218209923362 -0.00010207299928857 -2.96207542881826e-05 0.95053138365678 0.999997037927095 0.000933219596873973 -0.00106050135342491 0.000775762357222095 0.000841152465225384 0.00100979188441619 0.00093658320608427 -0.00033238546485032 0.000777056195200586 8.98121079192055e-05 0.949570755154142 0.0140000000000029 0.0130000000000017 0.297000000000001 0.287999999999997

 1420 75 5000 10 0.95 27.448 1.681 0 1.766 0.999997244539418 -0.000692457613807514 0.000491868168136294 0.00020258948787179 -0.00150365114837062 -2.14484262984222e-05 -0.000156566618595729 -0.000148605479520147 0.000162626329575309 -0.00155369507934518 0.949733204903062 0.999995733307384 0.000520460145890351 -0.00238920010403761 0.000524864386998124 -0.000815523919849727 0.000433959104261822 -0.000658527933299965 0.000234158193327946 -0.000683671141768714 0.000685152103743228 0.9501587188635 0.999997243328813 -0.000692590839940297 0.000492292144780434 0.000201946604607636 -0.00150403455458947 -2.14329411732354e-05 -0.000156011853804082 -0.000148788189278182 0.000161934023364048 -0.00155410397073855 0.949869739661616 0.99999573234219 0.000520089159989417 -0.00238962485158466 0.000524661177140282 -0.000815986400991013 0.000434388787332811 -0.000658032392696247 0.000233353405061348 -0.000684318413180876 0.000684798389047727 0.950255210733391 0.965000000000003 0.646999999999998 10.068 56.721

 1438 93 5000 10 0.95 26.192 1.34699999999999 0 1.435 0.999998731935529 -4.8644056019654e-05 0.00102891566537873 0.000605401006245655 -0.000198997394475144 -0.000803507828176372 -0.000518403794357461 0.000262524073828309 4.85013695925412e-05 -0.000288694831900514 0.949646738191634 0.999996245963613 -0.000471359119820177 0.000166048358556436 0.000802269550094465 -0.000142765005247199 0.000403366928260031 -0.000364024035526916 0.0009568106782678 -0.000727030346948808 0.00220340889285032 0.949552800059698 0.999998732900432 -4.96838458028915e-05 0.00102869527404253 0.000605105943668419 -0.000198364059639712 -0.000803280887360276 -0.000517589208178153 0.000262809060544557 4.96545436937212e-05 -0.000288653126766379 0.949790927896058 0.999996246126435 -0.000471461082035546 0.000164960095531878 0.000802814050298689 -0.000142710103876347 0.000403157992257359 -0.000362969748096338 0.000957045841219243 -0.000726675049117835 0.002203427399618 0.949706139024117 1.108 2.206 36.91 49.101

 1429 84 5000 10 0.95 22.637 0.897000000000006 0 6.983 0.999998043529844 -5.25898828590542e-05 0.000121493909952908 0.00110512131224974 0.000255434199985869 0.000305344652222863 -0.00050331117033467 -0.000632977473353879 0.00112603220663746 -0.000770521751332409 0.949114953912237 0.999996068019121 6.90858675179461e-05 0.00143324202195528 0.000175835831897076 -0.00127443395237871 0.000731504664228346 -0.00105777182671107 0.000251402378939464 -0.0015247588799696 -0.000328355751436546 0.949667234645044 0.999998041286148 -5.34164431245997e-05 0.000120556451676521 0.00110630591998406 0.000254847072049366 0.00030587493805488 -0.000504524730780279 -0.000633248189323441 0.00112641907476205 -0.000770226584179092 0.949306171001069 0.99999606487521 7.05062745074677e-05 0.00143374879100444 0.000175852287056132 -0.00127554696068179 0.00073094234073011 -0.00105822285003598 0.000253181759967792 -0.00152512510416689 -0.000327816100456031 0.94980971372889 3.592 5.34099999999999 46.748 22.626

 1421 76 5000 10 0.95 25.488 1.84800000000001 0 1.406 0.999998528680038 -1.73350715420771e-06 0.000582138029660652 -0.00107008985012136 -0.000280001037933881 0.00109832872856307 0.000107811983240818 -9.09179852998205e-05 -0.000318720857568364 -0.000229038675902872 0.949025110194539 0.999998544808267 0.00077093357586124 -0.000216646960156614 -9.77811407958065e-05 -0.000155773354202708 0.000253335333250953 0.00138983183463435 0.000469852302544761 0.000134471332400005 2.50066024503838e-05 0.950825160740894 0.999998530504617 -1.95020252130786e-06 0.000582385765252807 -0.0010696172131451 -0.000279904912203257 0.00109734169572855 0.000109206258229672 -8.98363559066437e-05 -0.00031750698153392 -0.000228949388335588 0.949225718006191 0.999998544368786 0.000771063529084686 -0.000216551016345683 -9.78329501815111e-05 -0.000155858451360432 0.000253302265199229 0.00139009861503447 0.000469847217454411 0.000134362131052155 2.48610235870218e-05 0.950854304946444 1.29499999999999 0.905000000000001 39.497 59.465

 1433 88 5000 10 0.95 28.177 1.305 0 1.556 0.999997781938601 -0.000236302757557598 -0.000937070713421501 -0.000592960209964528 -0.000635013254675422 -0.000275185774648283 -0.00148492182656975 -0.000347542736929978 -0.000108203698610814 0.000578030866578038 0.949933722605007 0.999996654058659 0.00116251579279294 0.000946324798515757 0.000829019032405698 -0.000182424036929775 0.00159784802502054 -0.000559887395691548 0.000758765769081648 -1.99470966796828e-06 0.000531060382267513 0.948941777935932 0.999997782099806 -0.000235460011314008 -0.000937683836348752 -0.000592358157717184 -0.00063532509574859 -0.000275594358658294 -0.00148447664671319 -0.00034763073382007 -0.000107837187822042 0.000578340521436568 0.95005214140695 0.999996651800626 0.00116240802818935 0.000946425069479591 0.00082947406261414 -0.000183541998393126 0.00159861930727227 -0.000559638095161515 0.000759821530614998 -2.74673689137389e-06 0.000530702388629964 0.949149106891892 2.384 3.21 45.118 44.743

 1439 94 5000 10 0.95 24.983 1.96 0 1.498 0.999997387560712 0.00094521382042596 -0.000515139096910619 0.00103388801422703 -0.0012793118168119 -0.000807094110586623 -0.000378183506934988 -0.000264203929198679 0.00070005035635243 -7.88242345299803e-05 0.950689357138495 0.999999415026284 0.000433842324265838 0.000163446661327928 0.000276120659215078 -0.000552171013901163 -0.000418094377400662 0.00012897824344874 0.00037452624248032 -0.000260665229849417 -0.000417400413646994 0.949707754550085 0.999997387556617 0.000945415659541676 -0.00051538440529207 0.00103400637527119 -0.00127922201498145 -0.000807068826557439 -0.000378223922808644 -0.000264240273758642 0.00069958186985156 -7.88593548034837e-05 0.950732611768653 0.999999415037199 0.000433586475471463 0.000164001163735875 0.000276412642503476 -0.000551439553382784 -0.000417943343979578 0.000129067967894113 0.000375577201742977 -0.000261052009651146 -0.000417133733740242 0.949847093088589 0.945999999999998 2.676 66.924 53.931

 1442 97 5000 10 0.95 26.336 1.484 0 1.434 0.999998161166178 -0.000285796108890716 -8.54261248298034e-05 -0.000132927771863816 -3.39908687202731e-05 0.000269355650261082 -0.000310554976548004 0.000101158820431436 -0.000962048602743471 0.00157006196417748 0.950095707049555 0.999997183459399 0.000460912432352728 -0.00125406297245051 0.000137387918089523 0.000191052710797397 0.00180038087313455 -0.000445016855541978 -0.000422744553603105 0.00023762444230665 -0.00034350088617718 0.950246924897643 0.999998161241827 -0.000285956418535247 -8.50866785922667e-05 -0.000132369151609374 -3.37949012030582e-05 0.000269526258254642 -0.000309987826336518 0.000101004700952921 -0.000961844139401569 0.00157027243075402 0.950198163525851 0.999997182778394 0.000461256144904166 -0.00125380727579367 0.000137634908736216 0.000190910821763628 0.00180091364815799 -0.000444882236837998 -0.000422734715405965 0.000237291723378385 -0.000343559127838883 0.95033418270841 2.482 3.069 68.072 48.765

 1444 99 5000 10 0.95 26.646 0.896000000000001 0 1.454 0.999997841334712 0.00156045496545299 -0.000536550898484671 0.00102405844784447 0.000337464656930875 5.48530046272495e-05 -0.000460094063938065 -2.22970030515961e-05 0.000422644763231298 0.000194987430479593 0.950747486940105 0.999998146645284 -0.000214993362977853 -5.87711000190557e-06 -9.81684126042122e-05 0.00141307605515355 -5.31058188559365e-05 -0.000666157898809667 0.00106182378963806 -0.000261724727703428 -0.000107108207691368 0.950709516782413 0.999997841406241 0.00156047394884178 -0.000536511558023813 0.0010240473091783 0.000337189743649047 5.50794362023334e-05 -0.000460115544800693 -2.21170613853292e-05 0.000422695532079028 0.000194906929617173 0.950784644314942 0.999998146598664 -0.000215092464423416 -6.07216551258512e-06 -9.79435434727874e-05 0.00141304295362044 -5.30398330981231e-05 -0.000666054871403913 0.00106191906524786 -0.000261929229110476 -0.000107205095662509 0.950750718870496 2.1 2.41 61.973 68.341

 1424 79 5000 10 0.95 27.137 0.954999999999998 0 5.981 0.999997912541893 0.000353179622647878 0.000237501002862966 -0.00101068257575859 -0.000979715187280046 -0.00086488191599417 0.00108303467181563 0.000289228878741401 -7.28466252764369e-06 8.80734252197335e-05 0.951054307096825 0.999997003543076 -0.000272557253819074 0.00104620557672622 0.000733154188267456 0.00101844592614874 -0.000994815970250753 0.000872735030184294 0.000733123254682025 0.000245345171225887 -0.000948859804899307 0.949846732244781 0.999997912539775 0.000353160305993237 0.000237475891839873 -0.00101069950026011 -0.00097970186825273 -0.000864881392238357 0.00108304511022824 0.000289232918124775 -7.27673771001766e-06 8.80607517469098e-05 0.951059397784249 0.999997000868438 -0.000273704399689715 0.00104696242875169 0.00073246428049129 0.00101954382730149 -0.000994580771500489 0.000873110454950035 0.00073410095878578 0.000246327958146678 -0.000948757981538791 0.949973022400624 2.233 1.116 65.954 66.352

 1437 92 5000 10 0.95 25.23 1.353 0 1.52999999999999 0.999997524466275 0.000675347354119584 -0.000266627894578162 -0.000145882287509414 -0.000630016591246273 -0.00188878931600828 0.000399983550356159 -0.000233057284622151 0.00018490001584627 -0.000435498170883144 0.950490408690278 0.999997496018912 -0.00146687788288261 0.000637345614619529 8.00969836570942e-05 -0.00051531710316017 -0.000371172213302875 -3.80563406749055e-05 0.000540112934937346 0.000200037613634625 0.00130655821901245 0.950352106749012 0.999997524864188 0.000675345439461393 -0.000266355147198945 -0.000145751391979948 -0.00062993168371974 -0.00188866956054338 0.000400431384526901 -0.000232843218697878 0.000184721869479797 -0.000435218842618414 0.950553821437454 0.999997495757419 -0.00146729759537472 0.000636736768028214 7.98465126276063e-05 -0.000516034595831144 -0.000370910372847389 -3.8214991960426e-05 0.000540165650495939 0.000200400657575158 0.00130630836043503 0.950429621731016 1.14700000000001 2.281 68.293 73.678

 1427 82 5000 10 0.95 25.594 1.152 0 1.49 0.999997171618337 0.000874638590369238 0.000389997748245165 -0.00129726618168313 0.000438405381030704 9.57629136462182e-06 0.000613758653504877 -0.00116412057579528 0.000214189164754868 -0.00104245886782611 0.950291965265979 0.999999363156908 -0.000640129330354079 -0.000346601636991325 -0.000366636712110537 -6.72562340190823e-05 -0.000166639957095011 5.54065360279604e-06 0.000199634001935312 -0.000642839363349869 0.000352059495642884 0.949625543645423 0.999997171365607 0.000874729407036118 0.000389978580955666 -0.00129717587435268 0.000438184867745243 9.57598048858623e-06 0.000614603408499951 -0.00116364218686288 0.000214558217828644 -0.00104279782876311 0.950375488985496 0.999999362260152 -0.000641054342911838 -0.000345690388285376 -0.000366707276418539 -6.65640848931513e-05 -0.000166998690342516 5.55392788417608e-06 0.000200297689293977 -0.000643374205288588 0.000352353272246614 0.949772963947495 2.687 1.919 66.039 71.609

 1431 86 5000 10 0.95 25.386 1.187 0 1.482 0.999997861774625 0.000710082314420671 0.000536594392527909 0.000944277198785272 0.000751815198476848 -0.000570547519106582 -1.80390453859215e-05 0.000848595707414214 0.000841239616683004 -0.000523222300285258 0.950607253119063 0.999998755426519 0.000279222685613224 -0.000258260841732319 -0.000316385478912589 4.42196778942214e-05 0.000278026694011704 0.000301798590744547 0.00049958250984939 0.00111788526233117 -0.000758152303417499 0.949882662829321 0.999997861223067 0.000710013643810656 0.000536531757104091 0.000944242857173741 0.000752109596042701 -0.000570869820080677 -1.81556373654474e-05 0.000848396151472839 0.000841547836967069 -0.000523545034909482 0.95065844928293 0.999998755731509 0.000279523203077676 -0.000258321696447068 -0.000316736406848342 4.33324635117734e-05 0.000277303200922554 0.000301137231064672 0.00049939194562805 0.00111731821912892 -0.000759012151106035 0.950005755536016 2.652 2.882 68.607 67.281

 1428 83 5000 10 0.95 27.722 1.377 0 1.66399999999999 0.999998310059724 0.000884906664935834 -0.00033985827406826 0.00126673922158933 0.000126702620782391 2.24487721757427e-05 -0.000400239886984056 -0.000567176859606238 0.00050092349231897 -0.000356822903421785 0.949378432841561 0.999998132998763 -0.000978296240336089 -0.000541111608670321 -0.000536071465477013 -0.000826688729726337 0.000713953864798321 -0.000486281263657004 0.000371665671498836 -0.000709617946677713 -0.000354195171293312 0.950936341528441 0.999998310204371 0.000886131453310823 -0.000338838868278937 0.00126601310906217 0.000126292089661687 2.22411214751316e-05 -0.000400932450222905 -0.000567493862042634 0.00049994356189197 -0.000357175645671829 0.949548548877348 0.999998132810388 -0.000978412850460158 -0.000541144526765763 -0.000536011902778737 -0.000826719449659949 0.000714021926609795 -0.000486268553255039 0.000371690567221758 -0.000709620739397148 -0.000354221590661727 0.950953814801263 2.002 2.76 70.603 61.583

 1425 80 5000 10 0.95 25.089 2.11300000000001 0 1.462 0.999996876849212 -0.00113729510478606 0.000310604677290233 2.88509948101991e-05 0.000735396175015603 -0.000889693891890025 -5.41477778657539e-05 -0.0017668433181856 0.000190928146899925 0.000601714562580526 0.949224334584093 0.999996011064451 -0.000374817452794587 0.00177280549421273 -0.000730742739270369 -0.00106779069721965 0.000989792684141885 0.0011028676998535 -0.000454005411318257 -0.000315673421212464 0.000720130874369391 0.949507847198686 0.999996876482414 -0.00113680821224226 0.000310359689404618 2.77081816369546e-05 0.000735673714759778 -0.000890302919051019 -5.42553857758801e-05 -0.0017673268930551 0.000190873301381634 0.000600771097440135 0.949407761216196 0.999996009329849 -0.000375103214402812 0.00177318188178751 -0.000730484550813644 -0.00106821688291746 0.00098986083932022 0.00110283178414161 -0.000454437401473735 -0.000315989122949868 0.000720644210647206 0.949664669388116 1.217 1.382 68.938 74.58

 1443 98 5000 10 0.95 28.169 0.998000000000005 0 1.603 0.999997129810835 -0.000620617472598198 -0.00109116046871278 -8.19386269960886e-05 0.000933365648843349 -0.000590189741653026 -0.00125028961675167 -0.00116224038226233 0.000111493958697726 0.000109113870751057 0.950923824398581 0.999999477288855 -0.000478849302626012 -0.000512234170906791 0.000146474265794611 0.000430774628159198 0.000226333537419187 -0.000319048659103709 -0.000332981336915523 -5.55878782163923e-05 0.0002823730250888 0.949278906148849 0.999997129682337 -0.000620552521371147 -0.00109115202133491 -8.19802286703891e-05 0.00093352448846741 -0.000590261980471699 -0.00125036841057201 -0.0011621421693141 0.000111492911437631 0.000109108821909006 0.950942738199332 0.999999476714766 -0.00047920424442279 -0.000513359624464772 0.000145508913118691 0.000430866155673968 0.000227223006933575 -0.000319458840772705 -0.000332383847002332 -5.54101315343773e-05 0.000281679505681139 0.949455603430824 2.2 3.364 63.424 68.101

 1434 89 5000 10 0.95 26.21 1.913 0 1.646 0.999995208163355 -0.000438991871257146 0.000796158844466208 -0.000659238274208105 -0.000301145816441464 -0.00130192389137678 0.00140898201778412 -0.00143730018563128 0.00144365188869817 -0.000633707273878367 0.950309199409484 0.999995754690001 0.000312715353652336 0.00120521563261418 -0.00150268981418151 0.000779665088019616 0.000393239432886923 -0.00012606680562708 -0.000112842351528844 -0.00197218791527661 3.90304300643476e-05 0.951379922332866 0.99999520841413 -0.000439016975172589 0.000796186901359128 -0.000659422467866287 -0.000300614654474391 -0.00130204555459296 0.0014085408107593 -0.00143733407332468 0.00144362057894196 -0.000634044696300401 0.950390806860397 0.999995755352539 0.000312618872690545 0.00120525743771109 -0.00150255366135385 0.000779522523758494 0.000393109111065024 -0.000125874758018497 -0.000112971160879449 -0.00197203010534043 3.9160382274923e-05 0.951350348733263 3.082 3.24100000000001 69.352 70.884

 1430 85 5000 10 0.95 22.204 0.826999999999998 0 2.578 0.999998756085275 -0.000170637174842524 0.000236242536354946 0.000579958992394915 -0.00133376788998004 7.79241519373433e-05 0.000117502725287615 -0.000186932778489655 0.000447859573610605 0.000179471389479462 0.949563681171413 0.999998414518048 -0.00113266266436222 -0.00031737369745492 0.000772397196704332 0.000259365078223011 0.000296009674241535 -0.000364233780735726 0.000840499928524102 0.000416205605267504 0.000153257076764724 0.949779184783837 0.999998757322145 -0.000170757413492106 0.000236137638472625 0.000578633620482072 -0.00133363731983964 7.80375740216503e-05 0.000117550311083642 -0.00018560313648861 0.000447922247668563 0.000178994182173299 0.949715640436368 0.999998413829127 -0.00113291400654983 -0.000316547609155369 0.000773105927406404 0.000258405529971737 0.000295125384054436 -0.000364693867845266 0.000840749456953474 0.000416844455532461 0.000153156594601827 0.949910818086287 2.863 3.23999999999999 67.906 63.171

 1441 96 5000 10 0.95 26.471 1.736 0 1.40900000000001 0.999996421212709 -0.00145394354373246 -0.000584676999633454 0.000687479314301121 -0.000416165535075108 -0.00126779618875583 -0.000858482775372795 6.12386523340655e-05 -0.000732318657897684 0.00108240498414577 0.949984528634157 0.999997866557713 0.000785529362486936 0.000776509353901061 -0.00012783716153207 0.000715775827380982 0.000115574104035981 0.000221374046627676 0.00156415394800883 9.59055732044234e-05 -6.34012821091025e-06 0.949690607356903 0.999996422715526 -0.00145291593756328 -0.000585313918972155 0.000687510303806527 -0.000415982269121706 -0.00126780576863746 -0.000857630198319665 6.11609205977894e-05 -0.000732832136816667 0.00108242448031941 0.950096681329029 0.999997866208475 0.000785850504428089 0.000776945132320101 -0.000127591235616842 0.00071614158239782 0.000115990408161782 0.000221966371976456 0.00156374948944587 9.56093423702399e-05 -7.68097542022515e-06 0.949831572678722 2.866 3.207 66.15 76.102

 1440 95 5000 10 0.95 22.888 3.37 0 1.426 0.999998598917484 -0.000373913873811622 0.000620909497157544 0.000348255813282152 0.000524873914626866 -0.000296622274650252 0.00011900741398172 0.000556816479646917 0.000580741653645083 0.00106329447661221 0.9489919883942 0.999996011541425 0.00110159313923661 -0.000281087177001493 0.0012831184509556 -0.000845615535812119 -0.000842049283880585 0.00130794024983693 0.000505152268393593 2.24262352232776e-05 0.00128354538635044 0.94988778648654 0.999998597916406 -0.000373410876438954 0.000621911566121348 0.000347959182476765 0.000525002077000228 -0.000297749068877994 0.000120230421941198 0.000556227965921589 0.000582126492907737 0.0010629591264539 0.949194779566131 0.99999600938959 0.0011018415315742 -0.000281638417077173 0.00128326734247343 -0.000845675899187718 -0.000842470980159417 0.00130789554953796 0.000504990950199227 2.28436877593994e-05 0.00128452377260806 0.950010332707737 1.688 2.082 70.123 75.312

 1445 100 5000 10 0.95 25.777 1.18 0 1.411 0.99999448291283 0.00126623795502111 0.0017689166035353 0.000769037817571803 0.000377819039639711 -0.00202325134409574 -0.000435898102941805 -0.000578855201209617 -0.000432053510071093 0.000873072886146793 0.949995592578586 0.999997572967135 0.000434143881635666 6.97904424233594e-05 0.000581157772299519 -0.000120060186404218 0.000305735668210889 0.00145910720507525 -0.000309754443387989 0.0011583391667614 -0.000805222853274342 0.948997864105717 0.999994483553737 0.00126599669807792 0.00176913504384477 0.000769084670418596 0.000377471195000661 -0.00202324006244786 -0.000435387169888717 -0.000579238104866514 -0.000430975155801913 0.000872915352974242 0.950107990438988 0.999997573933871 0.000433476733115905 7.04604422225043e-05 0.000581147904606168 -0.000120853602219765 0.000305790057667832 0.00145809099119562 -0.000309422382516303 0.00115818227379326 -0.000806384432032655 0.949200760124809 1.683 2.274 70.426 75.772

 1426 81 5000 10 0.95 26.989 1.486 0 1.558 0.999998021662843 0.0010649752242339 -0.000188455388532698 0.000429825355550513 0.000418769933418337 0.000708472857185658 -0.000112906789813409 -0.00110641003125764 0.000603413413535644 -0.000569150251316592 0.950025946387636 0.99999879494317 3.06602704490259e-05 -0.000646444455918925 -0.000923532495878465 -0.000238254197820183 0.000461144272016723 -0.000270932565703046 -0.00030327675060257 -0.000606575884855815 -0.000579339970174171 0.949801948287115 0.999998021836422 0.00106469116324852 -0.000188557858425176 0.000430314478447249 0.000419381725934894 0.000708658461756937 -0.00011349686306409 -0.00110662154825898 0.000603092149211909 -0.000568102611067085 0.950134884054184 0.999998793408851 3.11794414418321e-05 -0.000646516556434231 -0.00092433175840344 -0.000238466998646752 0.000461242226716023 -0.000271221274781131 -0.000303103979519702 -0.00060744429776499 -0.000579485416973367 0.949931482812486 2.941 2.996 70.22 72.363

 1435 90 5000 10 0.95 26.52 1.616 0 1.727 0.999998503839661 -0.000256488582213771 -0.000385138239511866 0.000216387253793015 0.000870616086570669 -0.000731211619012306 -0.000802316717193593 -0.000885214426976854 -8.08476570253347e-05 -6.98662807739501e-05 0.950011414819522 0.999997751471778 0.00141264092614003 0.000785463183590616 0.000378346218712399 0.00020067681756211 0.000722505544067446 -3.60893212157891e-05 0.000240905155534155 -0.000870721749826033 -0.00060134780527281 0.949842339726951 0.999998504494907 -0.000256258132243668 -0.000384604876475778 0.000216530261467726 0.00086981889661956 -0.000730676228368519 -0.000802756884774308 -0.000885632886926681 -8.09711769507058e-05 -6.88493505743562e-05 0.95012201750053 0.999997750099395 0.00141336849789391 0.0007856012694404 0.000378574756647771 0.000200808643154899 0.000722411979130968 -3.63387501550068e-05 0.000240346559986919 -0.000870917961550349 -0.000601588886536477 0.949968404593098 2.717 3.018 71.514 68.499

 1422 77 5000 10 0.95 26.962 1.375 0 1.649 0.999996697469215 0.000119412385813632 -0.00153400696541357 0.000972884967225764 -0.000191566871836736 -0.000268780033491284 -0.000138599801771167 -0.00154684972106594 -0.000286514167909559 0.000829532344403365 0.950538334284124 0.999998408347509 -0.000447803367159268 -0.00087368672470557 -0.00047692195917078 -0.00038185518850595 8.4746117622084e-05 0.00101435526996769 0.000593335424233185 -0.000170405307915928 -0.000654976905370507 0.949719146646731 0.999996696679556 0.000119140528024514 -0.00153408506038747 0.000972957044700971 -0.000191634388038493 -0.000269184690313588 -0.000138384529966295 -0.0015473811341223 -0.000286682170549998 0.000829134290593984 0.950596912285623 0.999998409100591 -0.000446894250641029 -0.000873035058662049 -0.000476378311372245 -0.000381279500048651 8.4934884734608e-05 0.00101440536877649 0.00059448193544123 -0.000170705450785014 -0.000654828175699946 0.949857196930952 1.113 2.475 73.518 71.042

 1436 91 5000 10 0.95 26.439 2.579 0 2.833 0.999999132948827 0.000756726969159967 0.000521392008882813 0.000181071512382369 -0.000307975612119035 -0.00013618457483199 -0.000352557849808895 -0.000783001634726223 7.4058926539626e-05 -2.36818670270733e-05 0.949999119285655 0.99999849899761 -0.000612958277322643 0.000132870199999944 0.000183607272141011 0.00098861842910735 0.000222195941253864 -0.000761087042021518 2.40805028477684e-05 0.000764057896815074 0.000620131676916576 0.950975406879622 0.999999132266098 0.000756451361024526 0.000521806586147135 0.000180938159523068 -0.000308505742287515 -0.000135755393115879 -0.00035329513823413 -0.00078335191293006 7.45212383431932e-05 -2.47234420666133e-05 0.950111121740057 0.999998499118934 -0.000612873054376791 0.000132982284756088 0.000183588778008787 0.000988605249072828 0.000222198581199518 -0.000761076983867252 2.41186982450578e-05 0.00076403477524687 0.000620061124846208 0.950988909495463 2.47000000000001 3.873 69.207 62.615

 1423 78 5000 10 0.95 21.22 4.684 0 1.555 0.999996674315864 0.000807637472697729 0.000411354600701136 0.00197808360675214 0.000107366704963948 -0.000337216919152294 -0.000661843904125187 -0.000182930496692773 0.00114428729312892 0.000104471876696717 0.949207664596389 0.999998613583008 0.000316901032294835 -0.000312508424661299 0.000338904521667798 0.00061539419168717 0.000842187572031649 0.000897766355702049 -0.000108363996983407 -0.000171383974986327 0.000724429733016058 0.949420899613551 0.999996674578372 0.000806355794610926 0.000411442258446599 0.00197790700213394 0.00010737050182477 -0.000336209257004107 -0.000662511072550652 -0.000183959866003739 0.00114499123422457 0.0001043528590904 0.949391950388072 0.999998613172248 0.0003169028764482 -0.000312197038232569 0.000339331320174811 0.00061461086138035 0.000842661274616331 0.000897818835116568 -0.000108065579212589 -0.000171284514026881 0.000725047351274409 0.949584971008433 2.648 2.491 75.813 67.041

 1432 87 5000 10 0.95 27.492 1.061 0 4.8 0.99999650591586 0.000808644168596554 0.000328849748578563 0.000135931029493453 1.69588073295643e-06 -0.000794754561097672 -0.000706056503769361 -0.00192180044996851 -0.000733544116638856 0.000919822734658106 0.950365958133853 0.999995676794485 0.000195908676900383 -0.000464046611739308 0.000326675883207873 -0.000971552140387789 0.00241087744490074 -0.000408005001224964 0.000426455197543257 0.000675642359412716 -0.000851403200067623 0.950606866984097 0.999996504799442 0.000808799226060482 0.000328690805542693 0.000135753330602484 1.6688882115732e-06 -0.000794904207493721 -0.000705954421139214 -0.00192228536562879 -0.000733303135750083 0.000920111109149845 0.950441980103213 0.999995677189269 0.0001960455405811 -0.000464428866790481 0.00032628979704172 -0.0009717980236254 0.00241070975101858 -0.000408260528872809 0.000426549524521515 0.000675319606029169 -0.000851128126387103 0.950658255255729 3.03 5.688 61.079 63.5

 1446 1 10000 10 0.95 29.794 1.32100000000001 0 32.469 0.999999089489354 -0.000283483816775616 6.71488014334666e-05 -4.0858627889013e-05 -0.00119897866334424 -9.02310406973346e-06 0.00012573037213204 -9.32951998720596e-05 0.000445044269976481 -0.000272527474234917 0.949566567273263 0.999998604756532 -0.000414921028811915 -0.000297170751347712 -0.000128090168852768 0.000192445525867138 -0.000810337428525116 -0.000798846176736071 0.00030727585316433 7.64701235672145e-05 0.00103995413799091 0.95041722984113 0.999999088786804 -0.000283944179943883 6.75495189863895e-05 -4.0983026230417e-05 -0.00119947682508626 -9.08321563019128e-06 0.000125515753566635 -9.32564067825616e-05 0.000444808250771914 -0.000272811690007181 0.949718174030471 0.999998604688073 -0.000415197227591553 -0.000297416790642339 -0.000128564157891155 0.000192345688188807 -0.000810170659028982 -0.000798813208405323 0.000307013192160355 7.63015885154959e-05 0.00104004458790552 0.950488021580457 5.67899999999999 4.34700000000001 108.745 29.211

 1450 5 10000 10 0.95 29.908 1.241 0 47.521 0.999998560199009 5.85848530375943e-05 -0.00130915121387404 -0.000428604682100457 0.000589456969965767 -0.000670775290384738 0.000124405643413248 0.000189818853158814 -0.000324231447908467 0.000156703056352203 0.949717090980018 0.999998920951495 0.000208350316523552 -0.000126871698698716 0.000971458637917018 -0.000124586343413458 -6.96541262326175e-05 0.000488795568846913 0.000641326038429008 0.000651473505796763 0.000244635035412329 0.949543708939593 0.999998560246285 5.86009899751534e-05 -0.00130890876899456 -0.000429174271125318 0.000589523154238694 -0.00067068678481135 0.000123620203362186 0.000189890849237404 -0.000324652922409714 0.000156653246097787 0.949855234612367 0.999998920319518 0.000207849122645451 -0.00012623156805603 0.000971133616330738 -0.000124733388747768 -6.96511335134608e-05 0.000489551035478026 0.000641896595403789 0.000651816601288348 0.000245270453436844 0.949698304224518 4.628 4.274 91.623 34.654

 1447 2 10000 10 0.95 30.125 1.32100000000001 0 51.885 0.999998440190428 0.000603730240437212 0.000486031655208649 0.000433717931562996 0.000775289116440649 -0.000503279509843948 -0.000436204234669453 -0.000827753659422052 0.000756323249399256 0.000170146706036857 0.95003230334842 0.99999876051046 -0.000224489224340526 0.00103174429687988 -0.000166756571248458 0.000133866721374662 0.000664882778675338 -0.000350585117218145 0.000142675577186946 0.000636056410499846 0.000573109651141536 0.949787997349058 0.999998440807958 0.000603577133930097 0.000485502181876477 0.000433522470568202 0.00077480377085635 -0.000502993515738905 -0.000436282157327982 -0.000828133941395645 0.00075630908799993 0.00017013951169996 0.950139970166476 0.999998760021887 -0.000224727034870374 0.00103197682291721 -0.00016659226449204 0.000133595698552955 0.00066491803031505 -0.000350616016257707 0.000143308465642241 0.000636116949625598 0.000573276393740771 0.949919295769213 5.175 4.023 89.772 33.628

 1449 4 10000 10 0.95 29.784 1.367 0 60.292 0.999998207310374 -0.00105408780393342 -0.000420185836596784 -0.000214702473974884 0.00080027210434316 0.00076328911215899 -0.000845639204217262 -0.000225676486724908 0.000109646940558976 -0.000500517680283968 0.95039945180319 0.999998914831076 6.33612549626706e-05 0.000165260329416147 -0.000640512326406414 0.00013913398642969 -0.000832825457148459 -0.000820874702568943 -0.000502111865223489 -0.000284794163818847 9.34835724840021e-05 0.949781948806616 0.999998207327271 -0.00105372155753755 -0.000420487558179861 -0.000214876436744923 0.000800335317701747 0.000763274205322582 -0.000845875838081609 -0.000225457608592606 0.000109658661610692 -0.000500544935314967 0.950471675979181 0.999998915415281 6.43327473984636e-05 0.00016396249644768 -0.000640639221030664 0.00013887246234352 -0.000832705865667151 -0.000820297275767132 -0.000502289640664398 -0.000284627779117306 9.40592964143022e-05 0.949914415147933 3.965 3.10299999999999 82.315 36.546

 1448 3 10000 10 0.95 29.59 1.63 0 38.061 0.999998952271718 0.000112134442795272 8.73401453847845e-06 0.000418830995358844 4.87706712277175e-05 0.000110981995607004 -0.00105799099981277 -0.000707360140075207 0.000522447708976386 -5.92739100264741e-06 0.94999737443284 0.999999565957488 0.000404475011247055 -3.57304369401277e-05 -0.000498155009781231 0.000171449850205345 -4.50543747244696e-05 -0.000585556853121833 0.000154653768971797 6.23237570776896e-05 -0.000230099777380136 0.950617410466033 0.999998952123278 0.000112044430778689 9.13508117547662e-06 0.000418610732927833 4.84355933812352e-05 0.000110985729308466 -0.00105790057497852 -0.000707611445607897 0.000522792551992059 -6.04326538384688e-06 0.950108617953811 0.999999566246866 0.000404356494161976 -3.55875782479218e-05 -0.000498140882926968 0.000171526675863953 -4.50962914394895e-05 -0.000585213178237498 0.000154644342525501 6.2432547674844e-05 -0.00022988878735997 0.950667882513446 5.43599999999999 5.10900000000001 99.488 32.997

 1451 6 10000 10 0.95 27.285 1.343 0 57.706 0.99999980513146 -6.83678316025641e-05 -0.00017449442759932 -0.000161256178564676 -0.00020634867817849 -0.000352978268822838 -7.3527155633958e-05 0.000297525826901713 -0.000232512989644092 0.000115963073310565 0.950642038254703 0.999999065729293 8.68898273522512e-05 -0.000106548577019142 -9.63153309323934e-05 0.000259156834643733 -0.000902257262565286 0.000636783641740308 0.000641510231601492 1.76897412769762e-05 -0.000376549217903408 0.950265256317468 0.999999805159807 -6.81799074730258e-05 -0.000174721262525701 -0.000161159992608392 -0.000206509232435795 -0.000353026406134536 -7.36252729847538e-05 0.000297306793958476 -0.000232295442740094 0.000116124482635537 0.950690194968839 0.999999065856383 8.66221898817314e-05 -0.000106057534010473 -9.61350047748631e-05 0.000259070136608956 -0.000902117210848268 0.000636365926883927 0.000641836799157297 1.75658500027953e-05 -0.000377008475629117 0.950351183360956 4.46799999999999 3.23400000000001 91.658 31.204
