
 10684 84 5000 3 0.95 11.456 2.488 167.109 0.873999999999995 0.999998004041112 0.000854349429183976 0.00180610100608591 0.949155518010015 0.999999553834972 -0.000923807371960993 0.000197255661382041 0.950762824328865 0.999998003215775 0.000853877232748345 0.00180678115282823 0.949279507102401 0.999999554627026 -0.000922956092343755 0.00019722525632292 0.950692776379713 0.346000000000004 0.236999999999995 22.004 55.615

 10686 86 5000 3 0.95 11.548 2.296 167.931 0.838999999999999 0.999997850961459 0.00202569865178797 0.000441154660908151 0.952083329646409 0.999999464521164 0.000936765210729118 -0.000439804872144793 0.949165584968889 0.999997850582906 0.0020260288118389 0.000440496109297044 0.951984732650723 0.999999464737634 0.000936911901996678 -0.000438999469310003 0.949289902199899 0.544000000000011 0.355000000000018 37.714 60.401

 10685 85 5000 3 0.95 11.638 2.919 167.367 1.52800000000002 0.999995330299845 -0.00209948024463794 0.00222071186937329 0.950159225140387 0.999998901256618 0.00148098096860815 6.46600816380574e-05 0.949269046514782 0.999995331704809 -0.00209936850943735 0.00222018477847576 0.950100408984681 0.999998902537507 0.00148019320624582 6.28637744577539e-05 0.949376251797284 0.424000000000007 0.384999999999991 40.787 57.807

 10691 91 5000 3 0.95 11.741 2.237 169.568 1.34800000000001 0.999998551059402 -0.0015624237296456 -0.000675804102103556 0.951488029206543 0.999997824128595 0.00153666156089298 -0.00141081867122725 0.950727467532776 0.99999855231667 -0.00156167278925483 -0.000675679408352946 0.951402339833723 0.999997824651244 0.0015365029277992 -0.00141062097442117 0.950657565805636 0.472000000000008 0.394999999999982 46.729 60.547

 10695 95 5000 3 0.95 11.043 2.131 169.892 2.01499999999999 0.999998877846252 0.00031305345022826 0.00146502688540519 0.950484528084672 0.999999302701983 -0.000781607380230854 0.000885260103735229 0.949882464874488 0.999998876855647 0.000313443403017737 0.00146561955390124 0.950419199395812 0.99999930244309 -0.000781856219138518 0.000885332811315404 0.949871416481592 1.02799999999999 1.077 52.973 47.799

 10690 90 5000 3 0.95 12.457 1.766 169.381 3.506 0.999999972469629 -7.03683757272003e-05 -0.000223850469746648 0.951328882598895 0.999999397935703 -7.40831414927479e-05 -0.00109482415031434 0.94932589279347 0.99999997259938 -7.07789209098775e-05 -0.000223140277651126 0.951247388037831 0.99999939794807 -7.32901523695804e-05 -0.00109486622533008 0.949420801185688 0.806000000000012 0.847999999999985 52.214 53.099

 10683 83 5000 3 0.95 11.486 3.199 170.763 2.084 0.999999866694002 0.000138020471318465 -0.000497556356340337 0.95014175369127 0.999999316358574 -0.000183409641206668 -0.00115483474522336 0.950411634591877 0.999999866427757 0.000138001823169977 -0.00049809634066374 0.950082588785041 0.99999931678314 -0.000182789580738629 -0.0011545653823722 0.950347814819118 0.666000000000025 0.840000000000003 49.301 56.889

 10682 82 5000 3 0.95 11.499 2.188 169.09 2.37899999999999 0.999998636007904 -0.000853540210465564 0.00141401960403452 0.950687945390171 0.999997484517981 0.00224185277148554 7.10905139436461e-05 0.949083583358428 0.999998636977764 -0.000852770159919002 0.00141379831287864 0.950618275429775 0.999997485419299 0.00224141330923779 7.22596384557669e-05 0.949223907779222 0.76400000000001 0.866000000000014 50.962 56.644

 10688 88 5000 3 0.95 12.188 1.911 173.684 2.626 0.999998419834256 0.000299032806814578 0.00175240074496225 0.950827235602157 0.999999958311019 0.000127460835763367 -0.000259097850546484 0.949599246592959 0.999998420953856 0.000298826214402399 0.00175179698812014 0.950755579078852 0.999999958183184 0.000127633782816756 -0.000259505775317015 0.949642690915519 0.913000000000011 0.913000000000011 53.67 51.165

 10687 87 5000 3 0.95 11.272 2.563 171.443 1.05799999999999 0.999997883183242 -0.000793127869873385 -0.00189857241571124 0.950480593152354 0.999999347806697 -0.000651348717894854 -0.000938152987688948 0.951063966857346 0.999997884320984 -0.000793237047349291 -0.00189792743365364 0.950415677983557 0.999999348957849 -0.000650870795314933 -0.000937257214310931 0.95098651829007 0.869 0.858000000000004 48.979 59.009

 10693 93 5000 3 0.95 11.561 2.047 177.025 5.45500000000001 0.999999545534633 0.000338421199810536 -0.000891292106422481 0.950071911306658 0.999999745235194 -0.000706118061644184 0.000104531475339895 0.95010332874132 0.999999545603082 0.000338534162860595 -0.000891172401608402 0.950024330169293 0.999999745466817 -0.000705806897305033 0.000104417068942051 0.950049398149682 1.40000000000001 1.386 50.454 47.832

 10699 99 5000 3 0.95 12.188 2.518 174.884 2.893 0.999999152383131 0.00113092495899107 0.000645168006118712 0.950092101363321 0.999999262403655 0.00011054215965316 0.00120953403267933 0.950812430813628 0.999999152581698 0.00113046981642113 0.000645657711794005 0.95004009991409 0.999999262782604 0.000110278688613812 0.00120924474714181 0.950741967417113 1.208 1.25899999999999 51.548 52.702

 10700 100 5000 3 0.95 12.52 2.857 177.371 2.28399999999999 0.999996919875499 0.00056565437546574 0.00241666601782156 0.949313813842739 0.999999750983621 0.000599983306067532 -0.000371554476821012 0.950064230641398 0.999996918918314 0.000566558327590381 0.0024168503348871 0.949410286937272 0.999999751044134 0.000599427543714981 -0.000372287912941091 0.950017820384026 1.309 1.25 53.356 47.717

 10696 96 5000 3 0.95 12.784 1.006 175.723 2.36800000000002 0.999998944299117 0.000576884557008368 0.00133364345309482 0.95094911361757 0.999999301605141 -0.00115914558568051 -0.000230587818516342 0.949361298443337 0.999998946617545 0.000575736770949835 0.00133240045420409 0.950875061482071 0.999999303456799 -0.00115770119352177 -0.00022981267226977 0.94944952693297 1.18100000000001 1.35399999999998 57.002 48.563

 10697 97 5000 3 0.95 11.392 1.515 174.511 3.53100000000001 0.999999807951413 -0.00046829263796302 0.000405954605015906 0.951576861172333 0.99999878438058 -0.00148043258061467 0.00048944533515887 0.951328034263695 0.999999808189627 -0.000468083316022595 0.000405609070746762 0.951489741741193 0.999998785101527 -0.00148022404969358 0.000488602325446502 0.951246586377346 1.167 1.25 56.498 52.796

 10681 81 5000 3 0.95 11.995 1.73 175.628 6.91800000000001 0.999999309199142 0.00117538704843928 8.15633591613332e-06 0.951821256833272 0.999999666703721 0.000815508283459299 3.92260904321618e-05 0.950129265153275 0.999999307198609 0.00117709248006391 7.45617837811677e-06 0.951730778585654 0.999999666232214 0.000816083444940127 3.92844957737305e-05 0.950070453038455 1.345 1.49299999999999 57.372 46.31

 10698 98 5000 3 0.95 12.147 1.518 179.594 6.85900000000001 0.9999969478705 0.00171568754868845 0.00177782617813778 0.951482201589943 0.999998467135572 -0.00147022697819887 -0.000950872830159053 0.949107370304597 0.999996947149379 0.00171632669057748 0.00177761486634398 0.95139787758856 0.999998463535957 -0.00147170713505449 -0.00095236748933326 0.949244570740003 1.39700000000002 1.75900000000001 59.189 43.185

 10694 94 5000 3 0.95 12.112 2.021 185.904 3.90699999999998 0.999999427437285 0.00101201823024569 0.000347770330778936 0.950219749825182 0.999999402408326 0.000214554182211064 0.00107198390545801 0.950315244382829 0.999999427054637 0.00101236033946294 0.000347874891339392 0.950159931153164 0.9999994019225 0.000214605206843702 0.0010724268029607 0.950253291608156 1.57999999999998 1.79499999999999 55.817 45.541

 10689 89 5000 3 0.95 13.06 0.990000000000002 188.826 9.209 0.999993266098778 -0.00328513468125804 -0.00163574057393848 0.949729453083095 0.999998965093689 -0.000682166711725297 0.00126667285781223 0.950423725667493 0.999993266915831 -0.00328495456790959 -0.00163560279096117 0.949747995872795 0.999998966616736 -0.000682163965068415 0.00126547136892913 0.950359453084415 1.80699999999999 1.768 51.136 40.267

 10692 92 5000 3 0.95 11.701 2.457 211.56 1.28300000000002 0.99999969176597 -0.000349378536290219 -0.000703137684242707 0.950240412317956 0.999999512954969 0.00055018230245641 -0.000819383462877408 0.950246314118513 0.999999692261511 -0.000348821788556171 -0.000702709216995117 0.950180043017197 0.99999951327665 0.000550232550998152 -0.000818957021597658 0.950183937965112 1.55600000000001 1.649 56.958 31.896

 10706 6 10000 3 0.95 15.825 1.395 447.143 1.72800000000001 0.999999916466137 -9.82379353154299e-06 -0.000408621111733403 0.950210395135991 0.999999662614899 -0.000766228589321526 -0.000296080796260229 0.950078278609023 0.999999916479971 -1.04128055542086e-05 -0.000408572668338508 0.95014965098654 0.999999662756439 -0.000766085378309022 -0.000295973313563749 0.950029069495942 0.363 0.245999999999981 75.655 107.661

 10705 5 10000 3 0.95 16.478 0.707000000000001 450.262 1.70499999999998 0.999999769416291 -0.000166407607845935 -0.000658388846861059 0.949891688487366 0.999999943593518 0.000194895866535583 0.000273548099710697 0.950480395409722 0.999999769432987 -0.000166560250464795 -0.000658324886723929 0.94987886170298 0.999999943272855 0.000195911993388318 0.000273994121285998 0.950414973571851 0.449000000000012 0.307999999999993 74.8560000000001 118.936

 10712 12 10000 3 0.95 14.756 0.706 451.859 2.78899999999999 0.999999759711739 -0.000147262481471542 -0.000677414368570367 0.949179120036605 0.999999270785672 0.000658577348372335 0.00101227664237479 0.949869380164857 0.999999760455268 -0.000146713808645487 -0.000676435115040172 0.949300883024936 0.999999270849336 0.000658628301130582 0.00101218059519381 0.949860884495595 0.444000000000017 0.434000000000026 97.029 98.973

 10711 11 10000 3 0.95 16.09 0.905000000000001 455.439 4.38999999999999 0.999999930377832 -0.000290564286592038 -0.000234129720860867 0.949755880688456 0.999999842641003 -0.000522270222494459 0.000204821345734271 0.950441961618337 0.999999930370672 -0.000290619273744338 -0.000234092053497453 0.949769433604864 0.99999984263512 -0.000522166156308766 0.000205115189958231 0.95037771723605 0.672999999999945 0.754000000000019 87.133 114.06

 10710 10 10000 3 0.95 15.093 0.702999999999999 451.603 2.44100000000003 0.999999142585475 0.001256870846256 -0.000367564948177512 0.950696676265202 0.999999639208094 -0.000834073801638207 0.000160948984920729 0.950465951836588 0.999999142318218 0.00125720335117647 -0.000367154685102263 0.950626993402345 0.99999963926829 -0.000834020057949091 0.000160853453615243 0.950401340780969 0.432999999999993 0.573999999999955 100.077 113.415

 10707 7 10000 3 0.95 14.701 0.707000000000001 451.354 3.87200000000001 0.999999525050466 -0.000760149033816285 0.000609977285514543 0.950169098783279 0.999999699498488 0.000771832161152985 -7.26501859236558e-05 0.950193610803568 0.999999525086146 -0.000760092641518718 0.000609989065131398 0.950109417634288 0.9999996992583 0.000772085544414551 -7.32613260207383e-05 0.95013352177955 0.461000000000013 0.375999999999976 98.632 115.355

 10709 9 10000 3 0.95 14.611 0.715 456.307 5.161 0.999999644022817 0.00039022287600601 -0.000748117868826085 0.950304933297678 0.999999844956649 -9.52322509400655e-05 0.000548650613467948 0.949239139946083 0.99999964381673 0.000390747217512577 -0.00074811965907858 0.95024319869938 0.999999845170382 -9.53033384889617e-05 0.000548248561178077 0.949349538574838 0.781000000000006 0.757000000000005 109.248 101.492

 10701 1 10000 3 0.95 15.364 0.704000000000001 465.235 4.99799999999999 0.999999237195996 0.00112666452654676 -0.000506196078605456 0.950049030349666 0.999999778968337 -0.000301156931414806 -0.000592762835418295 0.950575289132935 0.999999236974253 0.00112664451757965 -0.000506678440825298 0.95000552357979 0.999999778794328 -0.000301332257541603 -0.000592967254778433 0.950509090645726 0.868000000000052 0.890999999999963 98.458 107.016

 10708 8 10000 3 0.95 15.666 0.736000000000001 464.981 4.50799999999998 0.999999134013604 0.00104506361200928 -0.000799883797279964 0.950540315027278 0.999999654124372 0.000184941906556418 0.000810893104842485 0.950368068281685 0.999999133361609 0.00104526889277498 -0.000800430492163001 0.950473943324316 0.99999965366208 0.000185395218904481 0.000811359558419002 0.950305275143686 0.855999999999995 1.05900000000003 114.682 100.277

 10704 4 10000 3 0.95 16.352 0.73 484.726 12.889 0.999999830297584 -0.000200050273819573 -0.000547160570825355 0.949106336226688 0.999999927657997 -4.08823189375913e-06 0.000380351530613697 0.949815978640919 0.999999830239649 -0.000201167274364446 -0.000546856838314841 0.949241052161515 0.99999992765764 -4.06114825856531e-06 0.000380352760605916 0.949817890452773 1.16100000000006 1.09500000000003 116.757 72.64

 10702 2 10000 3 0.95 16.631 1.396 489.626 9.05900000000008 0.999999570661776 -0.000481947343233091 -0.000791456266994786 0.950033489036452 0.99999962008561 -0.000769940821962726 -0.000408680519481623 0.95018528470899 0.999999570797662 -0.000482065647884685 -0.000791212489581236 0.949992999074574 0.999999620252372 -0.000770013445421227 -0.000408135279218457 0.950125663488873 0.965999999999894 1.05199999999991 107.499 83.801

 10703 3 10000 3 0.95 16.015 0.710000000000001 497.473 11.62 0.999998664119313 -0.000150791043977674 -0.00162758153433102 0.949344912667634 0.999999898980747 -0.000225952900626006 0.000388566315863836 0.949693653908913 0.999998663930687 -0.000151466061424186 -0.00162763474807145 0.949435714922061 0.999999899086789 -0.000225697752464462 0.000388441677128784 0.949719041200496 1.274 1.26900000000001 114.486 66.17

 10714 14 10000 3 0.95 7.191 2.973 531.171 1.77499999999998 0.999999359787643 0.00022975661165927 0.00110798745605161 0.949589762484877 0.999999902923961 0.00027067752878142 -0.000347686270792527 0.95063591484005 0.99999936026103 0.000229143150876729 0.0011076872065848 0.949635151981962 0.99999990300992 0.00027078373631158 -0.000347356184801412 0.950567995814521 0.288999999999987 0.244999999999891 59.373 186.083

 10713 13 10000 3 0.95 13.217 2.721 546.255 2.82000000000005 0.999999909257459 -0.000353696267174939 0.000237453207196233 0.950008023383782 0.999999832678407 0.000577509600486165 -3.35532449279684e-05 0.950269674824644 0.999999909234706 -0.000353799149697225 0.00023739574936899 0.949972473505695 0.999999832998658 0.000576974317585669 -3.32158589425136e-05 0.950209107478097 0.47300000000007 0.411000000000058 78.2139999999999 186.018

 10728 28 10000 3 0.95 2.709 1.134 524.893 2.08199999999999 0.999999965906831 0.000211523554138144 0.000153114735923298 0.949212099570457 0.999999875513269 -0.000234255625686802 0.000440565259538499 0.949882411989365 0.999999966013811 0.000210841124564938 0.000153357086695253 0.949327971062373 0.999999875465949 -0.000234294941213308 0.000440651752217418 0.949871419405645 0.450000000000045 0.394999999999982 111.436 156.843

 10721 21 10000 3 0.95 7.342 1.636 536.224 4.14400000000001 0.999999963537663 9.38490344859329e-05 -0.00025321341255606 0.949481457285525 0.999999991057979 1.8986388290086e-05 0.000132376581607278 0.949881890380361 0.999999963572503 9.34719772160735e-05 -0.000253215288457341 0.949546960581089 0.999999991060467 1.882612552407e-05 0.000132380674270983 0.949870928421252 0.515999999999963 0.705999999999904 120.071 157.756

 10724 24 10000 3 0.95 6.881 1.631 531.728 2.59399999999994 0.999999924079202 -0.000102319408431549 0.000375995118754072 0.95040541181271 0.9999994618313 0.000621263411238175 -0.000830884398863232 0.950061359633475 0.9999999238653 -0.000102820890783285 0.000376426964039623 0.950341998735038 0.999999461803012 0.000621262972367912 -0.000830918772022079 0.950015347209721 0.480000000000018 0.578000000000088 133.434 162.738

 10719 19 10000 3 0.95 8 2.386 533.926 4.32100000000003 0.999999293353467 0.000422536392446317 -0.00111119555640497 0.950206190123402 0.999999971043389 -6.08691856560225e-05 0.000232826466149538 0.949929407246538 0.999999293674617 0.000422198744453155 -0.00111103487259697 0.95014584856281 0.999999971005187 -6.06907316317684e-05 0.000233037035249121 0.949909137269852 0.675000000000068 0.73700000000008 140.771 157.747

 10715 15 10000 3 0.95 8.757 1.925 551.284 5.92499999999995 0.999999444173605 -0.000489522762236174 -0.000933820082832561 0.949270997903405 0.999999900426686 -0.000373848269861972 0.000243688507720436 0.949997347722599 0.999999444671563 -0.000488632789305692 -0.000933752945915292 0.949375453077362 0.999999900276387 -0.000374175880280003 0.000243802432113236 0.949964003922983 0.775999999999954 0.839000000000055 143.183 157.883

 10729 29 10000 3 0.95 2.453 1.223 536.027 6.20100000000002 0.999999888900499 -6.46104254366176e-05 -0.000466930918340761 0.950907481295368 0.999999971723509 -0.000235720973657747 -3.14420741379948e-05 0.949337022417037 0.999999889005035 -6.38550139803172e-05 -0.000466810941152909 0.950834746119646 0.999999971652461 -0.000235991859630574 -3.16689011395009e-05 0.949429405630124 0.872000000000071 0.893000000000029 160.533 161.162

 10718 18 10000 3 0.95 8.314 1.965 550.386 7.33699999999999 0.999999714856785 -0.000178823271761372 0.000733695158321424 0.950263182100553 0.999999743786291 -0.000676580327056979 0.000233808495706842 0.949440013029998 0.999999714698446 -0.000178715322115252 0.00073393723147035 0.950201653140563 0.999999743757584 -0.00067681632024013 0.00023324758483276 0.949513241392892 1.04300000000001 0.918000000000006 168.656 152.159

 10717 17 10000 3 0.95 7.14 2.659 555.173 14.068 0.999998133869212 -0.00033509602580468 0.00190262154621772 0.950032337737977 0.999999511456483 -0.000387241781192687 -0.000909467205354842 0.950168828877886 0.999998133586806 -0.00033519223846485 0.00190275302349178 0.949992177776922 0.999999511785326 -0.000387564401605071 -0.000908968065667202 0.950109093743723 1.08400000000006 1.07500000000005 152.731 162.544

 10723 23 10000 3 0.95 7.999 1.733 564.665 8.38499999999999 0.999999208718027 -0.000193927963177869 0.00124296229410968 0.949537349566304 0.99999976204429 0.000438637322887599 -0.000532455315015087 0.949670282406233 0.999999208362177 -0.000194543998248927 0.00124315230442205 0.949592522451845 0.999999762212709 0.000438345943613401 -0.000532378961674962 0.949700183733087 1.28199999999993 1.40200000000004 163.008 140.972

 10716 16 10000 3 0.95 7.665 2.378 593.678 7.57899999999995 0.999999896094837 0.000422717469165662 -0.000170646583543097 0.950012446755435 0.999999912309796 0.000143682332876015 -0.000393364700438518 0.949829817763041 0.999999896205481 0.000422671802872183 -0.00017011047731771 0.949976031264164 0.999999912309482 0.000143679126303838 -0.000393366669365111 0.949829023643234 1.51599999999996 1.61199999999997 167.843 112.436

 10726 26 10000 3 0.95 5.345 1.994 547.101 7.63 0.999999471549386 -0.000875849494560282 0.000538320175515894 0.950467101888898 0.999998997075323 0.00125871426310079 -0.000649220110944942 0.948752889793118 0.999999471236335 -0.000875987982757414 0.000538676252650321 0.950401918323282 0.999998998057393 0.00125784656619569 -0.000649389117820692 0.948951888542769 0.883000000000038 0.933999999999969 171.991 155.998

 10732 32 10000 3 0.95 1.038 0.773 552.24 10.878 0.999999652521057 -0.000349891029322338 -0.000756659786531432 0.950409504538007 0.999999636938304 -0.000850462764675367 -5.32573618979808e-05 0.949755086891478 0.99999965303018 -0.000350141472218703 -0.000755870669140403 0.950345817993309 0.999999637015827 -0.000850369009839211 -5.32987970692308e-05 0.949768662964969 1.25599999999997 1.178 179.9 130.548

 10731 31 10000 3 0.95 1.265 0.752000000000001 559.985 5.10000000000002 0.999999760772547 -0.00059978777431478 0.000344542413641118 0.950370208736994 0.999999708745307 0.000670820987935533 -0.000364017174789642 0.949754949307752 0.999999761112701 -0.000599300175670407 0.00034440360064751 0.950306835879008 0.999999708736342 0.000670815164072573 -0.000364052534168854 0.949768572962154 1.26599999999996 1.38400000000001 183.317 128.948

 10727 27 10000 3 0.95 5.939 1.62 576.193 13.425 0.999999672034005 -0.000449491949303044 -0.000673712751095537 0.950704052306565 0.999999588666036 0.000556224392327088 0.000716437146364317 0.949394274520042 0.999999671913496 -0.000449668657184781 -0.00067377369985719 0.950635238940197 0.999999588243051 0.000555741414261096 0.000717401706822525 0.949476312887941 1.48199999999997 1.524 189.797 121.378

 10725 25 10000 3 0.95 6.936 1.458 585.527 8.60199999999998 0.999999252647268 0.000274352838672994 -0.00119140061515944 0.950039038840823 0.999999918339432 -0.000343955941823994 -0.000212168423557102 0.95120378562315 0.999999252557874 0.000273944674452989 -0.00119156955628533 0.949997244278615 0.999999918631378 -0.000343007027207436 -0.000212328555559607 0.951125555229594 1.69299999999998 1.851 170.817 134.769

 10720 20 10000 3 0.95 7.907 2.392 605.433 12.946 0.999999735219257 -0.000463508696398824 0.000561000092702869 0.950008574713594 0.999999328912829 0.000172504621751199 -0.0011456072826034 0.950363452638245 0.999999734967741 -0.000463785813563729 0.00056121935639091 0.949973234878801 0.999999328912145 0.000172121674708617 -0.00114566547825426 0.950300514270286 1.95100000000002 1.86400000000003 166.566 120.483

 10730 30 10000 3 0.95 2.853 1.387 585.643 7.19899999999996 0.999999720629954 -8.35674233843188e-07 0.000747488672785434 0.950218366419756 0.99999953476656 -0.000246396163736454 0.000932606880450089 0.94876706828352 0.99999972049952 -3.61698735827893e-07 0.000747663527473848 0.950158164353799 0.999999535518409 -0.000245880814355115 0.00093193647361145 0.948963857166814 1.60800000000006 1.62599999999998 182.357 120.536

 10722 22 10000 3 0.95 7.655 1.972 579.016 11.671 0.999999717967889 -0.000459289231464287 -0.000594236942551656 0.950449699145707 0.999999971833484 0.000178784453186647 0.000156106213556841 0.950567165442993 0.999999717858407 -0.000458896398278823 -0.00059472447623118 0.950385193847009 0.999999971742427 0.000179348153360879 0.000156042894538706 0.950500661500659 1.48300000000006 1.61699999999996 191.686 121.322

 10735 35 10000 3 0.95 6.359 2.399 661.843 1.83400000000006 0.99999986964325 -2.38483476445919e-05 0.00051004386094585 0.949944587072364 0.999999507898378 -0.000255754540947535 0.000958536706401143 0.949885050284728 0.999999869571318 -2.37548426025648e-05 0.000510189234158042 0.949921599073844 0.999999507951847 -0.000255693198915254 0.000958497288478491 0.949873561231144 0.303999999999974 0.216000000000008 30.064 88.764

 10738 38 10000 3 0.95 5.447 2.336 656.066 3.34400000000005 0.999999359094541 -0.000816812490482949 0.000783982055117734 0.950197656049124 0.999999780191025 -0.00061922742247356 0.000237013292978602 0.950095708816361 0.999999359165682 -0.000816893385192307 0.000783807006129632 0.950137478572584 0.999999780211986 -0.000619096843876935 0.0002372658364583 0.950043015188446 0.340000000000032 0.309000000000083 74.374 104.862

 10734 34 10000 3 0.95 7.626 2.37 679.246 3.548 0.999999462927657 -0.000712756032890117 -0.000752411612813671 0.95032794580762 0.999999650793841 0.000571579299013267 0.000609679671222873 0.949414769151956 0.999999462853326 -0.000713547759727923 -0.00075175970535036 0.950265936822483 0.999999650932449 0.000571560110589369 0.000609470278208774 0.949491970430781 0.544000000000096 0.470000000000027 89.087 100.543

 10733 33 10000 3 0.95 7.835 2.53 684.362 3.01499999999999 0.999999203045728 -0.00124298702397866 0.000221113470114026 0.950383998324485 0.999999355485297 0.000137180786330156 -0.00112703612291073 0.95054185763333 0.999999203605864 -0.00124248437288982 0.000221405106340928 0.950320933576473 0.99999935619694 0.000137495333706017 -0.00112636616537322 0.95047583078098 0.456000000000017 0.431999999999903 82.285 114.698

 10739 39 10000 3 0.95 4.413 2.104 662.017 5.22300000000007 0.999999807036518 0.000101210122269684 -0.000612930207102049 0.950045503186965 0.999999959504203 -0.000263975684424705 -0.000106341100774524 0.950550118187985 0.999999807266835 0.000101380395763349 -0.000612526168919868 0.95000251504933 0.999999959529758 -0.000263842220468941 -0.000106431973389572 0.950483640599658 0.656000000000063 0.632000000000062 84.284 111.485

 10740 40 10000 3 0.95 3.51 1.64 668.19 9.77300000000002 0.99999819897172 0.00182785936259272 0.000510865410079242 0.949626540295337 0.999997474679606 -0.00187449136379562 -0.00123972437970616 0.949769290849258 0.99999819976137 0.00182739819164892 0.000510969536641865 0.949664617118635 0.999997474701693 -0.00187453035395448 -0.00123964760712122 0.949780270701069 0.870999999999981 0.799000000000092 96.703 92.066

 10741 41 10000 3 0.95 2.204 1.346 657.479 5.01400000000001 0.999999996643847 7.88770634994162e-06 -8.15480801333854e-05 0.950287466976193 0.999999980554317 -0.000168597781905258 0.000102304224546073 0.950503529618009 0.999999996673508 7.8794899318695e-06 -8.11843423389544e-05 0.950225911730023 0.999999980471769 -0.000168757620619114 0.000102846129347619 0.950437387614423 0.615000000000009 0.715000000000032 99.4499999999999 105.749

 10737 37 10000 3 0.95 5.323 2.031 680.927 6.27499999999998 0.999999782987123 0.000375772557303938 0.000541129089270437 0.949798446922905 0.999999899963639 -6.73508443168013e-05 -0.000442195177668245 0.950566424044168 0.999999782985757 0.000375794839313715 0.000541116140970717 0.949803751601201 0.999999899810647 -6.71504487354604e-05 -0.000442571477823775 0.950499305871591 0.817999999999984 0.924999999999955 89.474 104.095

 10736 36 10000 3 0.95 5.542 2.088 683.765 7.78199999999993 0.999999580804046 -0.000792851585440598 -0.000458015387125765 0.950887442847564 0.999999656082709 0.00030201298621222 -0.000772413503892683 0.949451485045322 0.999999581245124 -0.000792372963572912 -0.000457880620946197 0.950814010149079 0.999999656020127 0.0003019792167563 -0.000772507721656696 0.949522424425033 0.780000000000086 0.892999999999915 110.358 87.11

 10744 44 10000 3 0.95 1.094 0.749000000000001 694.708 7.57999999999993 0.99999983763335 -0.000394057377829599 0.000411645546428428 0.949433912761431 0.999999891692828 -0.000451332729157505 -0.00011363582110138 0.949521454896982 0.999999837686237 -0.000393713839341778 0.000411845737938377 0.949508817686095 0.999999891483757 -0.000451755233636951 -0.000113796672712099 0.949579607715054 1 1.13800000000003 108.809 69.8679999999999

 10743 43 10000 3 0.95 1.366 1.216 691.555 9.73699999999997 0.999999887301091 0.000458751205815048 -0.000122250301406152 0.949396387444304 0.999999784568011 -0.000348020220544268 0.000556548162580018 0.950400383748478 0.99999988755502 0.000458313027240188 -0.000121815915403396 0.949477833317038 0.99999978438441 -0.000348073578233845 0.000556844608478125 0.950336705209162 0.893000000000029 1.178 107.515 76.135

 10742 42 10000 3 0.95 1.395 0.744 710.362 8.45800000000008 0.999999649097396 -0.000584347070054824 -0.000600286253776705 0.949928163185924 0.999998938382206 0.00144063539299615 -0.000218641543585208 0.950225288997509 0.999999649121211 -0.000584372647971888 -0.000600221677711572 0.949908357503372 0.999998937961945 0.00144099149912538 -0.000218216591851487 0.950164890234485 1.096 1.11000000000001 97.5410000000001 72.9730000000001

 10680 80 5000 3 0.95 2.283 2.139 427.688 4.12200000000001 0.999999676661246 -0.000335973535075971 0.00073061562157718 0.950061775766169 0.999998982289364 0.00114594657662651 -0.000849839208176836 0.949967146061191 0.999999676515408 -0.00033549221226927 0.000731036287873092 0.950015615976798 0.999998982487816 0.00114582984859709 -0.000849763078934749 0.949939970457964 0.382000000000005 0.129999999999995 12.493 8.78899999999999

 10746 46 10000 3 0.95 13.191 5.999 596.419 1.80799999999999 0.999999314088633 -0.000267881257282663 -0.00114020256765363 0.949910231177669 0.99999956946093 0.000120204221833178 -0.000920124393697212 0.950726750651195 0.999999313897085 -0.000267874374861129 -0.00114037216656902 0.94989376936491 0.999999569630045 0.000119615188012033 -0.000920017354116692 0.950657976565918 0.353000000000065 0.322999999999979 56.328 166.895

 10745 45 10000 3 0.95 13.758 3.889 617.107 1.601 0.999999869979421 0.000423540664089062 -0.000283997264199235 0.950125491172446 0.999999986426781 -1.95434599015688e-05 0.000163598565972438 0.949972251417982 0.999999869880873 0.000423304940231124 -0.000284694862479449 0.950066976697216 0.999999986432898 -1.92707556266209e-05 0.000163593527956268 0.949943550707254 0.552999999999997 0.405000000000086 80.64 161.276

 10747 47 10000 3 0.95 14.05 4.218 590.223 1.80200000000002 0.999999275817017 0.00120269989665827 4.33405279079053e-05 0.950606060555328 0.999999952659089 -0.000287369792532545 0.000110001918931284 0.950357118919085 0.999999275479994 0.00120295851066955 4.39352792474723e-05 0.95053872865275 0.999999952599889 -0.000287384035079402 0.000110501742547909 0.9502946588775 0.403999999999996 0.358000000000061 71.833 176.594

 10748 48 10000 3 0.95 11.174 7.283 576.888 4.77700000000004 0.999999102763148 0.00032600423786886 0.00129930525134601 0.949953537216433 0.999999940125041 4.83038638090178e-05 -0.000342661131076113 0.949505199133094 0.999999102741989 0.000325855556396936 0.00129935883145832 0.949928706426264 0.999999940287237 4.80455119480927e-05 -0.000342223831449518 0.949565901511224 0.538000000000011 0.48599999999999 99.418 167.53

 10752 52 10000 3 0.95 5.424 3.939 542.364 4.79399999999998 0.999999996943396 4.38364745781757e-05 -6.47423526622467e-05 0.949828053670352 0.999999856633121 0.000327488029125927 -0.000423657087916428 0.950157433354899 0.999999996943229 4.38389914838065e-05 -6.47432223934593e-05 0.949827600064629 0.999999856734288 0.000327314840107425 -0.000423552119849255 0.950097884211128 0.867999999999938 0.923000000000002 85.9 181.301

 10750 50 10000 3 0.95 10.752 4.981 565.381 6.03800000000001 0.999998759774533 -0.00109118250661835 -0.00113568047167889 0.949426110463058 0.999999559933307 -0.000858535059759649 -0.000378220497288362 0.949709028883886 0.999998759815731 -0.00109170988455632 -0.00113513722825304 0.949502389249635 0.999999559784578 -0.000858680269768133 -0.000378284079643185 0.949731538305377 0.605000000000018 0.690999999999917 122.365 160.158

 10749 49 10000 3 0.95 11.46 7.248 567.875 4.65300000000002 0.999999590767461 -0.000488997264602461 -0.00076114820269101 0.949800859144265 0.999999089820186 0.000929301330082245 -0.000978139988159985 0.950908790624803 0.999999590811931 -0.00048895806924613 -0.000761114956783537 0.949805643741488 0.99999908895093 0.000929822305231781 -0.000978533489801758 0.950835924467123 0.755999999999972 0.748000000000047 102.094 182.85

 10758 58 10000 3 0.95 7.056 1.648 532.409 5.72900000000004 0.999998027034782 -0.000729016782977175 -0.00184782604000643 0.949957073522004 0.999999431877167 -0.000804504066610872 0.000699298613487332 0.950702115508281 0.99999802714563 -0.000728939293621328 -0.00184779662113173 0.949931577879278 0.999999431901988 -0.000804507617013028 0.00069925903285059 0.950633268275616 0.734000000000037 0.561000000000035 113.446 178.626

 10751 51 10000 3 0.95 9.664 4.704 582.934 8.00099999999998 0.999999955740877 0.000297450678437953 6.42949951915449e-06 0.950104860243754 0.999999623030137 0.000179697070632449 -0.000849498997169673 0.949738945586645 0.999999955824628 0.000297168445185127 6.45418142289583e-06 0.95005064334601 0.999999622982563 0.000179641948800922 -0.000849566656017018 0.949755718417889 1.26199999999994 1.25800000000004 145.95 142.521

 10754 54 10000 3 0.95 7.402 4.197 549.344 9.61299999999994 0.999999968242623 0.000149158296341861 -0.000203141714272075 0.950092111366959 0.999999852269774 -0.000528806768476281 -0.000125792809766204 0.950305185495907 0.999999968215024 0.00014923487238697 -0.000203221317743043 0.950039533098499 0.999999852241832 -0.000528946787482941 -0.00012542571796648 0.950243389821697 1.03599999999994 1.09099999999989 140.631 161.037

 10755 55 10000 3 0.95 7.521 2.419 551.976 5.39999999999998 0.999999661482196 -0.000795224932757166 -0.000211312091725653 0.950567606548664 0.999999947553194 0.00032357503722884 -1.38854358304112e-05 0.94951237396142 0.999999661683005 -0.000794992422179485 -0.000211236655685965 0.950500662869843 0.999999947507481 0.000323695156317784 -1.43694327306356e-05 0.949571932487107 0.922000000000025 0.905999999999949 160.478 144.964

 10753 53 10000 3 0.95 7.803 2.434 565.782 11.7620000000001 0.99999938476884 0.000991885993378407 0.000496612642696953 0.950348203603183 0.999999971392093 -0.000136002649952742 0.000196771676729057 0.95007289670745 0.999999384962819 0.000991901384334425 0.000496191119595353 0.950285129201533 0.999999971458838 -0.000135778271115626 0.00019658734307042 0.950024327427284 1.23800000000006 1.29900000000009 178.959 126.869

 10756 56 10000 3 0.95 8.418 2.354 578.994 7.98099999999999 0.999998862966459 -0.00119856102699668 0.00091515968750201 0.949459803989132 0.999999665032277 -0.000706196739021681 -0.000413789196965465 0.948605610813572 0.999998862037334 -0.00119902089025822 0.000915572466123528 0.949529867438477 0.999999664090286 -0.000708255154572949 -0.000412545697030938 0.94882925504654 1.42999999999995 1.49599999999998 167.77 133.346

 10759 59 10000 3 0.95 7.358 1.715 566.841 7.67700000000002 0.999999701500439 0.000608357410318157 -0.000476340523256209 0.95028039621988 0.999999699924524 -0.000771601622184087 -6.91505480044306e-05 0.950197722544521 0.999999701319331 0.000608728539169508 -0.000476246590847192 0.950218343965636 0.999999700177617 -0.000771281005399262 -6.90672661094956e-05 0.950138008420788 1.23099999999999 1.16499999999996 176.631 137.626

 10762 62 10000 3 0.95 2.805 0.952999999999999 586.632 8.57399999999996 0.999999704483619 0.000714330335771765 0.000284191566368422 0.949941530908798 0.999999793490688 0.000374464635695211 -0.000522297632702736 0.949444127908583 0.999999704373666 0.000714498579713465 0.000284155519609009 0.949918922751953 0.999999793622516 0.000374647164528118 -0.000521914195099121 0.949516700241808 1.55000000000007 1.755 163.18 119.642

 10764 64 10000 3 0.95 2.535 0.762999999999999 578.754 11.751 0.999999095778452 -0.00119570681301829 0.000615408397123834 0.950155930390091 0.999998991466568 -0.000886028617149184 0.0011099635744152 0.950080744697415 0.999999095860136 -0.00119565490678456 0.000615376514730774 0.950096665181872 0.999998991222807 -0.000885847785752509 0.0011103274600004 0.950031286066753 1.48800000000006 1.5680000000001 179.624 107.423

 10760 60 10000 3 0.95 2.598 1.79 585.307 9.71299999999997 0.999999731731494 0.000732327213082765 -1.52903061516273e-05 0.950268535606011 0.999998942454044 -0.00127233882474674 0.000704446384410587 0.95013886219674 0.999999731683674 0.000732399398235287 -1.49566404410265e-05 0.950207050688937 0.999998942715336 -0.00127232338234644 0.000704103274694171 0.950079668951511 1.41800000000001 1.52800000000002 181.376 112.275

 10761 61 10000 3 0.95 2.232 1.914 628.321 9.46699999999998 0.999999945856245 0.000279195345269472 0.000174176534592435 0.950125394207604 0.999999848609035 -0.000542682614115295 -9.09806936894206e-05 0.94974238304529 0.999999945927115 0.000278989022579405 0.000174100238204771 0.950066845747957 0.999999848600456 -0.000542703497106009 -9.09504209572032e-05 0.949758362969462 1.69200000000001 1.79999999999995 166.599 86.033

 10763 63 10000 3 0.95 2.467 1.1 614.593 5.173 0.999999916472591 9.70185742355631e-06 -0.000408608228646199 0.950311946985238 0.999999816572791 -0.000349502471527434 -0.00049467404044344 0.949437282874239 0.999999916615032 9.49751741830115e-06 -0.00040826428460994 0.950250073604413 0.999999816815791 -0.000349193947019828 -0.000494400617882227 0.949510823374533 1.52300000000002 1.62 179.164 93.316

 10757 57 10000 3 0.95 7.31 2.567 610.244 12.088 0.999999956691657 -0.000234259994900325 -0.000178154255648801 0.950463297008932 0.999999586456018 0.000643838546433235 -0.000642308117821511 0.949343907641494 0.999999956676731 -0.000234334064644802 -0.000178140621844264 0.950398428840279 0.999999586514408 0.00064311074375503 -0.000642946018924408 0.949434983403327 1.56700000000001 1.68000000000006 184.32 98.725

 10765 65 10000 3 0.95 9.089 2.392 735.886 1.76099999999997 0.999999415728128 0.000328338654073748 -0.00102992093473466 0.949745322291495 0.999999755058301 -8.23756830970114e-05 -0.000695052217078766 0.950165158559193 0.999999415742493 0.000328185872537946 -0.00102995568200793 0.949760875120902 0.999999755521741 -8.23985519790928e-05 -0.000694382413646474 0.95010561761465 0.366999999999962 0.29200000000003 14.4830000000001 36.384

 10766 66 10000 3 0.95 7.555 1.334 678.329 3.11099999999999 0.99999982149717 -0.000198699918667091 0.000563492653727236 0.949599500999479 0.999999940370327 -0.000328578333884141 0.000106280855508652 0.949948343202989 0.999999821470388 -0.00019899427183433 0.000563436306396848 0.949642861581042 0.999999940361395 -0.000328548047663875 0.000106458377653126 0.949924401304769 0.466000000000008 0.372000000000071 26.6999999999999 79.627

 10769 69 10000 3 0.95 5.338 3.327 676.518 4.38 0.999999945885851 -0.00020030276323709 0.000260973365174665 0.950296151913059 0.999999965187007 -0.000254897610623175 -6.8214311189847e-05 0.949551634486934 0.999999945776182 -0.000200700317157572 0.00026108813990684 0.950234765181051 0.999999965263529 -0.000254480101454629 -6.86499694408803e-05 0.949603830575191 0.393000000000029 0.493000000000052 84.6660000000001 92.749

 10768 68 10000 3 0.95 5.963 2.469 686.891 2.76100000000008 0.999999508547263 0.000986129229165221 -0.000102246645632484 0.949395011235582 0.999999307201967 0.000767882453236315 -0.000892161489480655 0.949913383824251 0.999999507886696 0.000986783008633567 -0.000102399513792426 0.949476727149601 0.999999307306037 0.000767816329691277 -0.00089210174926122 0.949896378021297 0.730000000000018 0.721000000000004 86.766 87.861

 10773 73 10000 3 0.95 3.814 1.427 667.966 3.26599999999996 0.999999937668583 -0.000196273686070242 0.000293495264590156 0.949783836871556 0.999999401104701 -0.00036773583059525 -0.00103080580055855 0.951608859107154 0.999999937688635 -0.00019619917435819 0.000293476763474694 0.949791936720343 0.999999400280458 -0.000367586617527513 -0.00103165827772919 0.951521398838047 0.565999999999917 0.513000000000034 74.457 103.538

 10771 71 10000 3 0.95 4.301 2.38 677.5 5.71000000000004 0.999999729455257 -0.000715591690301965 -0.000170346546024224 0.949837825734564 0.999999931575854 -0.000307747534360896 0.000205279667197882 0.950494803374542 0.999999729434614 -0.000715618464394028 -0.000170355254115547 0.949835480981889 0.999999931650787 -0.00030775412561596 0.000204904417282964 0.950429133556567 0.793999999999983 0.780999999999949 73.593 101.779

 10767 67 10000 3 0.95 6.477 2.337 691.127 2.947 0.999999854380578 -0.000489982110004135 -0.000226177704639494 0.949086673737287 0.99999842737705 -0.00159942964612828 0.000766203781289008 0.94892811729938 0.999999854290684 -0.000490702909145717 -0.000225009479978958 0.949224194939192 0.999998427591475 -0.0015993074002756 0.000766179102501119 0.949093359395112 0.515999999999963 0.573999999999955 88.312 96.5039999999999

 10770 70 10000 3 0.95 4.403 1.619 690.717 8.76999999999998 0.999999849782719 -0.00010504508750644 -0.000537959170868059 0.949891732094433 0.999999635369705 0.000850073417771851 -8.14594496028272e-05 0.950734394520591 0.999999849751998 -0.000105121227623441 -0.000538001401767919 0.949878961153226 0.999999635012869 0.000850533148477123 -8.10400634789971e-05 0.950664524778667 0.890999999999963 0.967999999999961 85.33 91.11

 10775 75 10000 3 0.95 2.001 1.25 687.672 8.31299999999999 0.999999513225288 -0.000701494508553181 -0.000693869326593824 0.950046059892916 0.999999843660126 9.88503059394364e-05 -0.000550371093920414 0.949787561836237 0.999999513069161 -0.000701106027021657 -0.00069448670285108 0.950002890285664 0.999999843617554 9.88724989447029e-05 -0.00055044445310037 0.949794872773297 1.02700000000004 0.967999999999961 92.6899999999999 70.0410000000001

 10772 72 10000 3 0.95 3.753 1.472 678.896 10.1700000000001 0.999999844403111 -0.00055716407461031 2.76034187860718e-05 0.95012728055819 0.999999955636733 0.000291639047857704 -6.06069061084979e-05 0.949136741277885 0.999999844104126 -0.000557705461772461 2.75016656805206e-05 0.950068805654476 0.999999955825592 0.000291161004786508 -5.97836339596611e-05 0.949267551133537 0.812999999999988 0.793000000000006 97.0550000000001 85.833

 10776 76 10000 3 0.95 1.779 0.763 705.561 9.43499999999995 0.999999767537122 0.000438187653082814 -0.000522414856455122 0.949783580441457 0.999999847592278 0.000295799363938674 0.000466173955446774 0.950177216061948 0.999999767570112 0.000438165665961278 -0.000522370147641852 0.949791736609839 0.99999984757271 0.000295820899335762 0.000466202264592608 0.950117409361008 0.902000000000044 1.01999999999998 89.7429999999999 61.7020000000001

 10774 74 10000 3 0.95 1.85 1.099 716.042 10.9450000000001 0.999999876642857 -0.000460993206886155 0.000184931160727087 0.950300694201856 0.999998932934205 -0.00102978530385361 -0.00103618177932296 0.949760436495255 0.999999876326888 -0.000461496376140965 0.000185384206818924 0.950238795883334 0.999998932938079 -0.00102977510021253 -0.00103618818100529 0.949773067413168 1.10700000000008 1.13400000000001 105.541 38.303

 10777 77 10000 3 0.95 13.745 2.378 599.919 1.577 0.99999923164401 -0.000299315574462914 0.00120296366412823 0.950276470271925 0.999998018466336 0.00030817886053112 -0.00196674583789648 0.949614707959801 0.999999232279999 -0.000299172628612653 0.00120247043672146 0.950215081417827 0.999998018799931 0.000307975295438695 -0.00196660810262839 0.949655160737316 0.275999999999954 0.25 17.9540000000001 72.776

 10778 78 10000 3 0.95 13.547 5.338 579.798 2.226 0.999999615787754 0.000373729556807874 -0.000792937931707949 0.949745281122444 0.999999942045249 -0.000310392115131695 0.000139879350703671 0.949874415462734 0.999999615766571 0.000373820117134436 -0.000792921957439195 0.949760880215814 0.999999942034917 -0.000310441037690857 0.000139844646739799 0.949864950890505 0.388000000000034 0.378000000000043 54.604 122.224

 10782 82 10000 3 0.95 10.348 3.569 535.966 1.88700000000006 0.99999856492231 -0.00151641340055177 0.00075540963698408 0.949827515115567 0.999999590759828 0.000698379364602362 -0.000575105589056359 0.949608013077012 0.999998564915501 -0.00151641683722435 0.00075541175179878 0.949827150965872 0.999999590795989 0.000698348976598127 -0.000575079612683083 0.949650042173705 0.410999999999945 0.44399999999996 43.3449999999999 132.446

 10779 79 10000 3 0.95 13.782 3.274 594.126 4.13300000000004 0.999999908616694 -0.00013258341024086 0.000406433565870137 0.949504643182764 0.999999832037494 -0.000395683448607242 0.000423508668345178 0.950704234259727 0.999999908314225 -0.000132699629899922 0.000407139226720906 0.949566025069946 0.999999832424438 -0.000395215421555051 0.000423031756508514 0.950635300768941 0.450000000000045 0.512000000000057 97.946 164.539

 10780 80 10000 3 0.95 11.297 6.494 572.692 3.24300000000005 0.999999486059394 0.000849571351628469 -0.00055327160275888 0.950575477912041 0.999999897781587 0.000423452997217144 0.000158506704258011 0.949550214840002 0.999999486405502 0.000849174933866752 -0.000553254610896297 0.950509308547838 0.999999897813779 0.000423471186497494 0.000158254810346535 0.949602592992821 0.576000000000022 0.52800000000002 117.003 148.131

 10781 81 10000 3 0.95 10.634 6.733 563.677 4.49899999999991 0.999999502820347 -0.000398074304124281 -0.000914273431171797 0.949872591333562 0.999999703382821 0.000662781311853928 0.00039237125709926 0.950129150243495 0.999999502885843 -0.000398034721852684 -0.000914219025303386 0.949863558643857 0.999999703126846 0.000663014421570002 0.000392629719408904 0.950070272422217 0.869000000000028 0.926000000000045 105.376 154.298

 10787 87 10000 3 0.95 8.645 3.336 513.956 4.62900000000002 0.999999740612268 -0.000410354873340545 0.000591932661020288 0.950632970416736 0.999999471221634 -3.9123544380515e-06 -0.00102836819543529 0.950056603808057 0.999999740993193 -0.000410517912023469 0.000591175600109614 0.950565057309345 0.999999471417611 -3.82504300588078e-06 -0.00102817793610721 0.950011376665021 0.795999999999935 0.76299999999992 123.823 144.637

 10785 85 10000 3 0.95 8.297 1.199 528.522 2.38599999999997 0.999999763398576 0.000683796621210765 -7.49998142922454e-05 0.950636200688284 0.999999815024582 0.00056735826295071 -0.000219215428389101 0.949672570842975 0.999999763559723 0.000683550384629761 -7.50957413581965e-05 0.950568278361253 0.999999815138664 0.000567088945504106 -0.000219391808532772 0.949702229448039 0.639999999999986 0.663000000000011 126.815 139.603

 10790 90 10000 3 0.95 3.765 1.376 531.167 3.90700000000004 0.999999750413876 0.000265299308025617 -0.000654819412441365 0.950074913582466 0.999998787274956 0.000903212046437257 -0.00126872243463525 0.949817333657771 0.999999750370954 0.000265455663970834 -0.000654821594271805 0.950026100253305 0.99999878725476 0.000903236601102411 -0.00126872087188026 0.949818958432086 1.07399999999996 1.00400000000002 135.674 111.178

 10791 91 10000 3 0.95 4.918 1.808 507.771 5.78200000000004 0.999999617061067 -0.000302473448297743 -0.000821211016182754 0.950058105772473 0.999999204946676 -0.000172159248150696 -0.00124918661871934 0.9507174836494 0.999999617252555 -0.000302668734869072 -0.000820905829401559 0.950012277351821 0.999999204252586 -0.000172021423298363 -0.00124976110716946 0.950647465171014 0.861999999999966 0.908999999999992 122.373 150.489

 10786 86 10000 3 0.95 8.283 2.638 545.084 4.96500000000003 0.999999898029618 -0.000327099573604274 -0.000311362526013688 0.949441567710693 0.99999975014725 0.000704836329042948 5.39554131697325e-05 0.949233371695301 0.99999989818699 -0.000326811085493125 -0.00031115996650692 0.949514193545142 0.999999750520495 0.000704270388149821 5.44257985665612e-05 0.94934481916209 1.03800000000001 1.11000000000001 134.201 132.223

 10783 83 10000 3 0.95 10.795 3.708 559.543 5.42899999999997 0.999999830131751 0.000281027012471659 -0.000510646931072861 0.950344815310871 0.999999436862343 -0.000985165495944998 -0.000394618731623228 0.950133991612149 0.999999830229448 0.000280786740885581 -0.000510587780249895 0.950281387115118 0.999999437505176 -0.000984585182909619 -0.000394438016282609 0.950074730691929 0.899999999999977 0.91700000000003 142.736 138.46

 10795 95 10000 3 0.95 2.347 0.769 565.057 4.06899999999996 0.999999921418842 -8.58391498388112e-05 0.000387032233001036 0.949592380170961 0.999999938091671 -0.000323523276651041 -0.000138381151147921 0.949938934815347 0.999999921535379 -8.53611065211637e-05 0.000386836809860018 0.949636656278101 0.999999938031637 -0.00032375568484288 -0.000138271397252975 0.9499169199899 1.30700000000002 1.45000000000005 142.256 97.147

 10796 96 10000 3 0.95 2.127 0.742 545.424 10.9350000000001 0.99999999595039 -5.62579564204568e-05 7.02443042003399e-05 0.950529676591233 0.999999889183796 -0.000460278369143103 -9.88747625652218e-05 0.949576587337702 0.999999995935995 -5.67262550381436e-05 7.00724066231655e-05 0.950463970209144 0.999999889551389 -0.00045952115569108 -9.86788614397078e-05 0.949624132622568 1.16099999999994 1.19400000000007 157.566 96.687

 10784 84 10000 3 0.95 9.914 3.389 585.88 7.13199999999995 0.999999987085798 0.000128926117454535 9.59503019092756e-05 0.950409142669987 0.999999900150273 -2.88623652674259e-05 0.000445944399210613 0.950588490456176 0.999999987152168 0.000128747573401325 9.5497260417622e-05 0.950344903245605 0.999999900173186 -2.85072456215221e-05 0.000445915861974905 0.950521616605224 1.13400000000001 1.20500000000004 156.249 112.507

 10788 88 10000 3 0.95 5.373 1.912 562.375 7.88300000000004 0.99999975796173 -0.000695749350750462 -3.05320281193504e-06 0.950951378198271 0.999998525254384 0.00171509197766427 8.9154723274345e-05 0.949952458170297 0.999999757697749 -0.000696126400997973 -3.53222650367355e-06 0.950877423740894 0.999998525497164 0.00171493605646138 8.94305352608065e-05 0.949927827823437 1.35900000000004 1.29399999999998 162.073 90.045

 10794 94 10000 3 0.95 1.742 1.089 578.295 11.005 0.999998891370818 -0.00144686974210509 0.000351887886057931 0.949696297865086 0.999999938228424 -0.000324908538521439 0.000134080533051883 0.950452534393374 0.999998891459696 -0.00144684429631203 0.000351739905299666 0.949721269905649 0.99999993824907 -0.000324932373915004 0.000133868628312949 0.950388411944941 1.59999999999991 1.37099999999998 144.41 85.2470000000001

 10789 89 10000 3 0.95 5.051 1.987 582.395 6.62900000000002 0.999999552796979 0.000757169408875188 -0.000566657152858528 0.950252586054665 0.999998581204212 8.849189502531e-06 0.00168449139334286 0.950733236299277 0.99999955304383 0.000757222590850246 -0.00056615023394036 0.950191409569109 0.999998582689079 8.20908209456056e-06 0.00168361291381765 0.950663549933126 1.31600000000003 1.57599999999991 159.16 81.4780000000001

 10792 92 10000 3 0.95 2.646 1.029 591.692 12.321 0.999999692461254 0.0006786583392346 -0.000393065205341418 0.950082926812797 0.999999834381542 0.000341491915480943 -0.000463271152175219 0.950427133274835 0.999999692195172 0.00067921266976209 -0.00039278456026899 0.950032201460972 0.999999834435103 0.000341827396150968 -0.000462907980706244 0.950362702442111 1.67900000000009 1.59500000000003 146.75 76.164

 10793 93 10000 3 0.95 1.926 0.744 619.169 7.50199999999995 0.99999983506618 -0.000327613499687803 0.000471738283249764 0.950010131891841 0.999999938386548 -0.000340914777085372 -8.36899918755268e-05 0.949548969326319 0.999999835248642 -0.000327523243417581 0.000471414057865043 0.949974549366569 0.999999938430101 -0.000340789375814712 -8.36803145209636e-05 0.949601894460362 1.61500000000001 1.53899999999999 140.143 58.5310000000001

 10797 97 10000 3 0.95 7.319 3.323 701.825 1.54700000000003 0.999998651015484 -0.00141536249129758 0.000833496389069132 0.950208224332033 0.999999913282175 -0.000351853177673556 -0.000222789100378393 0.950622237548703 0.999998652067557 -0.00141483100544734 0.00083313642089139 0.950148288300961 0.999999913185135 -0.000352035562461655 -0.000222936503529917 0.950554148666536 0.0940000000000509 0.0900000000000318 8.97900000000004 9.18799999999999

 10798 98 10000 3 0.95 8.383 3.731 651.579 1.49299999999994 0.999999936488796 0.000289790608672914 0.000207470016499304 0.950383645010999 0.999999843254338 -0.000494926509537022 0.00026179963545055 0.949686823239277 0.999999936648975 0.000289242350599048 0.000207463031221419 0.950320908165445 0.999999843066428 -0.000495349196829979 0.00026171796363107 0.949713791236919 0.0800000000000409 0.0790000000000646 8.76900000000001 8.04300000000001

 10799 99 10000 3 0.95 5.027 3.218 583.252 1.53699999999992 0.99999993632977 0.000226594043728809 -0.000275672987757865 0.950176300959745 0.9999996776863 -0.000447709985126374 0.000666470603172375 0.95123105796086 0.999999936056618 0.000226735137205219 -0.000276546449187502 0.95011696942382 0.999999677742352 -0.000447858625782108 0.000666286607245235 0.95115201500955 0.19399999999996 0.101999999999975 8.89099999999996 10.631
