
 462 62 1000 10 0.9 0.737 1.151 0 0.592000000000001 0.999932560934711 0.00426742306333512 0.00736570173250239 -0.00174746180574799 -0.000774038472936601 -0.00134116657539635 -0.00108973605698196 -0.00695537394886271 -0.00249757455682135 -0.00107471146112436 0.893913634389352 0.99992333677243 0.00547006105014223 0.00104437809018678 -0.000364346082379868 0.0033983901245527 0.00160205681924021 -0.00440470015049676 -0.00511919921471981 0.00048233401587451 -0.0078879442648838 0.898304757551381 0.999932554956695 0.00426856625240969 0.00736673964613463 -0.0017456791951129 -0.000774479644410607 -0.00134161637351655 -0.00108916222726234 -0.00695539258681291 -0.00249603543324022 -0.00107467416812935 0.894110652141608 0.99992333756181 0.00547012192067473 0.00104448897009527 -0.000364356389168461 0.00339813655528635 0.00160219110589088 -0.00440475086472466 -0.00511895495996012 0.000482115879611919 -0.0078880123266372 0.898285511989511 0.802999999999999 0.924000000000001 11.23 12.041

 464 64 1000 10 0.9 1.548 1.424 0 0.522 0.999963074663393 -0.001277041049303 0.0033264540453676 0.000469700034833402 -0.00263478180722049 -0.00198756271571138 0.00617214508148429 -0.0027503093492427 0.00168552120008509 -0.00124077491627325 0.899719042289441 0.999954217195383 -0.00340471409410653 -0.00294790444498013 0.000114426809973382 -0.00298816559032739 -0.00306492566876315 -0.00522976721025807 0.00182344925103005 -0.00469920819095313 0.000432791147888728 0.901878567779442 0.999963076026851 -0.00127737073998675 0.00332620476553802 0.000469821949862021 -0.00263487926300736 -0.00198736227798583 0.00617217684997906 -0.0027500915747006 0.00168535722735785 -0.00124062033995905 0.899695043861907 0.999954217380675 -0.00340485879419039 -0.00294797793971048 0.000114610646988207 -0.00298820067952092 -0.00306442545066753 -0.00522999166644844 0.00182307674687533 -0.00469922504675348 0.00043264918889827 0.901846929368027 0.464 1.444 45.515 45.282

 480 80 1000 10 0.9 1.536 0.393999999999999 0 0.141 0.999880367558237 0.00614800216174191 0.00150945676779962 -0.00510142048453956 0.000673912321467114 -0.00342218462405183 0.000732605534466791 -0.00920301800311769 -0.00729291620633703 0.004750295452245 0.900223478489532 0.999924926098917 -0.000649021550183301 -0.00279683060983008 -0.00833560124773445 0.00139478186503465 0.0029410606579913 0.00591676436922799 -0.00131335902089248 0.00499708631788084 -0.000342474889646472 0.894563441693552 0.99988036743668 0.00614764394971991 0.00150905134490956 -0.00510142417293297 0.000673725806272818 -0.00342231236877892 0.000732574790706835 -0.00920298095140285 -0.00729311959625202 0.00475060816436471 0.900197263205164 0.999924922407659 -0.000649074675464301 -0.00279754759557947 -0.00833657092694239 0.00139186448626425 0.00294304485085924 0.00591580520982237 -0.00131344324302012 0.00499666685660386 -0.000340879572227789 0.894724859680381 0.450000000000001 1.02 45.647 48.82

 463 63 1000 10 0.9 1.558 2.427 0 0.254000000000001 0.999960833296046 0.000983862221659905 -0.00197933573710519 -0.00328744138463173 0.00487888676501024 0.000955822615542258 0.0021911792090715 -0.000891062884815259 0.00128309665164047 0.00553896369741149 0.900802137821147 0.99997006240314 -0.00272369528288936 0.00153483721477593 -0.000404482072791997 0.00342694553538692 -0.00116104964154506 0.000946201641237633 -0.00312658884381598 0.00488346180032286 -0.00152492752969788 0.89715216088885 0.999960836866399 0.00098374303107954 -0.00197917171607982 -0.0032871997355302 0.00487856112105594 0.000955834488242257 0.00219106090557295 -0.000890613371782085 0.00128284622463445 0.00553900420929811 0.900774360537805 0.99997006195978 -0.00272372251689319 0.00153482628757771 -0.000404409330211627 0.00342702296811617 -0.00116092076073997 0.000946173112517533 -0.00312645852893772 0.00488358361105966 -0.00152501880342771 0.897160895893834 1.057 1.792 46.704 43.673

 465 65 1000 10 0.9 1.507 1.698 0 0.179 0.999962678723178 0.00131976699195085 -0.00386689119358183 0.000440216848925925 0.000894471214512686 -0.00290433133131368 0.00376052417844048 0.00109787833145977 -0.00297858507746176 -0.00492936813898069 0.898822378862455 0.999974342995134 0.000511448344960648 -0.00394471221216188 -0.0015240129248766 0.00121418169772938 -0.00246898739311642 -0.0018023724039728 0.00209685614307449 -0.00423693051232251 -3.65257744495633e-05 0.898034168981238 0.999962677334358 0.00131981947326783 -0.00386694137690377 0.000440044325471969 0.000894534654307939 -0.00290415204836377 0.00376054303081601 0.00109788801218399 -0.00297903782699639 -0.0049294158400453 0.898801556180081 0.999974343652228 0.000511374668741011 -0.00394477406236454 -0.00152418500393375 0.00121413161960534 -0.00246886801453701 -0.00180219140839914 0.00209695219326546 -0.00423677821870555 -3.6524025013027e-05 0.898016111299651 1.17 2.047 47.61 44.819

 468 68 1000 10 0.9 1.452 1.805 0 0.253 0.999960487503363 -1.59785833749639e-05 -0.00478070204658414 0.000349534483542584 -0.00252951106789651 0.000407323897533268 -0.00176061237535262 -0.00293905540722641 -0.00339458738580854 -0.00512059812564725 0.902491113779962 0.999974915299451 0.00226572698011909 0.000822769878099911 0.00390458902168827 -0.00203592572317294 0.00199916396891042 0.00020697694889057 -0.00396263648964988 1.86351801780591e-05 -0.00228586145823753 0.899536478300719 0.999960489532582 -1.58540707133297e-05 -0.00478039424409502 0.000349360030273417 -0.00252950209464291 0.000407476622775212 -0.00176062694719061 -0.00293935978857717 -0.00339429751249023 -0.00512050622359479 0.902456574077077 0.999974914162039 0.00226597685088518 0.000822849063312808 0.00390477734199297 -0.00203575042636875 0.00199897740611076 0.00020721748901761 -0.00396264640744076 1.85451568033836e-05 -0.00228604217671313 0.899513579128077 1.062 1.855 46.545 46.147

 469 69 1000 10 0.9 1.583 1.726 0 0.163 0.999980716949872 -0.00126045443381101 0.00138449812814731 9.7061427062773e-06 -0.0010250431920029 -0.00203359709859477 -0.000119080536830704 -0.00496281225219659 -0.00227760269217103 0.00020655123027166 0.901472114979316 0.999966037455676 -0.00122691640601374 0.000873711012898478 -0.00187248185762976 -0.0039096886588397 -0.00169971584710444 -0.00326227357564238 0.00361962752357181 0.00348570785804191 0.00284254483737849 0.901136348236079 0.999980714220348 -0.00126014899214388 0.00138508378484111 9.60473796465571e-06 -0.00102453296980169 -0.00203350859040216 -0.000119282331553578 -0.00496331708651371 -0.00227783383481484 0.000206314783608014 0.901441250836445 0.999966038608578 -0.00122700122496415 0.0008730988944024 -0.00187210430206505 -0.00390999088908406 -0.00169917529055391 -0.00326227543004818 0.00361974156720951 0.00348557998374057 0.00284245633668954 0.901107426590591 1.101 1.743 47.621 46.75

 467 67 1000 10 0.9 1.286 2.219 0 0.264000000000001 0.999966866618398 -0.001959263571027 -0.000137618784935029 -0.00200313508121227 -0.00151061941080956 0.000553124342726575 -0.00674363494438935 -0.000735682072243226 0.00263685184585538 -0.00168425561719542 0.898136915940539 0.999963122875457 -0.000261543821167939 0.00137438111150712 -0.00296044578372618 -0.00126742055984209 0.00217742242927422 0.000158260422370576 -0.00221739039299972 0.00716020361795611 -0.000688052060366694 0.895866818388914 0.999966867985734 -0.0019592285974522 -0.000137659947869443 -0.00200330486929768 -0.00151031572211575 0.000552977999407838 -0.00674342630684223 -0.000735625006014225 0.00263698660300393 -0.00168424889656131 0.898117976005003 0.999963123414667 -0.000262289021975745 0.00137538448208816 -0.00296160124834131 -0.00126663627525509 0.00217756796988929 0.000158442140983626 -0.00221713153772037 0.00715951023316979 -0.000688997939705096 0.895955187069501 0.872999999999999 1.725 46.021 49.021

 474 74 1000 10 0.9 1.576 1.267 0 0.145 0.999933262120586 -0.00363335275080225 0.000388873015695567 0.00342074800243471 -0.00521486627426747 -0.00339516570016136 0.0014557657576089 0.0018705286533739 0.00125753001757238 0.00790542978174313 0.898370394466099 0.99991803253253 0.00355702250580086 -0.00851886275072519 -0.00147805925527988 0.0032334579023096 -0.000836317721704304 0.00624705538549278 -0.0031687395836637 -0.00112484971972865 0.00387731217105829 0.901743185576085 0.999933263520946 -0.00363336497439499 0.00038865279040356 0.00342077861989441 -0.00521466290103618 -0.00339527280362326 0.00145581851817609 0.00187049298897781 0.00125729671690421 0.00790536860354551 0.898351164003827 0.999918030489938 0.00355677016829094 -0.00851867086573032 -0.00147782520768278 0.00323366698754448 -0.000835858146741285 0.00624737967600722 -0.00316920466368857 -0.00112492342959243 0.0038775819350204 0.901711261176104 1.126 1.874 47.14 47.156

 470 70 1000 10 0.9 1.49 2.186 0 0.201000000000001 0.999936498701405 -0.00509686279292783 0.000966987656854267 0.00448237655741119 -0.000270977198610371 0.000962998737126555 0.000489746378941494 0.00852457186659967 -0.00200732161534069 -0.00143369362563693 0.896288722144615 0.999974414953889 0.00116809865086686 -0.00286454560754915 -0.00147850034990716 -0.00313335225855168 0.0040368529071644 0.0017282754121063 -0.00266908905132511 -0.00170156180048008 -0.000541327766659751 0.898764432344382 0.999936510673058 -0.00509706663930855 0.000966266890809382 0.00448221125858043 -0.000271707342465354 0.000962118685885727 0.000490292111948775 0.00852330842917152 -0.0020067269578769 -0.00143423217439155 0.896351359767701 0.999974414981052 0.00116809533759046 -0.00286484575971606 -0.00147833507713342 -0.00313335615299461 0.00403663286454475 0.00172817172158372 -0.00266928803890343 -0.00170149154170928 -0.000541336764020941 0.898743884900494 1.05 1.875 48.978 46.63

 483 83 1000 10 0.9 1.53 1.128 0 0.179 0.999983440957092 0.000231988593399697 -0.000569051575310785 -0.00395357352054612 -0.000544390800444932 0.0020391664194605 -0.00206323037156195 -0.000705421496922599 0.00222041140170828 0.00172339860481265 0.900414491632133 0.999988858473018 0.000411809643896327 -0.00356311363590076 0.00159731829002373 0.00112335054271063 0.00161156464647558 0.000470356412311141 -0.00145917171918369 -0.000803011202794444 -0.000108797250760889 0.902130182212702 0.999983442404804 0.000232078518670678 -0.000569196738027742 -0.00395328216132601 -0.000544277051712574 0.0020392077671505 -0.00206333406400852 -0.000705879570041436 0.00222020010921636 0.0017231144030433 0.900388182554007 0.999988860413994 0.000412092291961019 -0.00356271970532436 0.00159754009602333 0.00112299867948077 0.00161173124703492 0.000470214319460252 -0.00145897202687657 -0.000802404909457978 -0.000108460320778307 0.90209701206151 1.126 2.053 47.499 46.423

 476 76 1000 10 0.9 1.58 0.657 0 0.662000000000001 0.999958016125455 -0.00138705302985445 -0.00311610455117356 -0.00073385865179282 0.000193643531616819 -0.00141449846231753 -0.00327759097490471 -0.00444004043015798 -0.00390961940328165 -0.00490034948003 0.8969357751421 0.999969583037021 0.00195607514390482 0.00139006704572587 0.00388273182578678 -0.00520147198428515 -0.00146800336276557 0.0011072520574293 -0.0022542168698925 -0.00107627271123705 0.00182281911766894 0.898631063014237 0.999958014667812 -0.0013868174881 -0.00311641538227232 -0.00073385243584054 0.000193785883530411 -0.00141463870781016 -0.00327776785818107 -0.00444000018365328 -0.00390974017530024 -0.00490029254084831 0.896957871634005 0.999969583741815 0.00195623356493631 0.00139005176010794 0.00388249982474399 -0.00520151436201167 -0.00146806059252464 0.00110706384874033 -0.00225412929061913 -0.00107616341845442 0.00182288841863194 0.898610903565899 1.585 2.112 46.038 46.932

 466 66 1000 10 0.9 1.498 1.979 0 0.186 0.999962558207541 0.000523865953670688 -0.00358459852182042 -0.00238755762374256 -0.00133402834003345 -0.00390915639729485 0.00193835876815434 -0.00567130807316427 -0.00125522304443763 -0.00122485889227584 0.902831038871329 0.999993308751132 0.00024057382695144 0.000904448957516924 -0.000273801361504585 2.83868013706815e-05 -0.00218189683661823 0.000271867398354221 -0.00211283563050789 -0.00175229477749128 -0.000248151580335073 0.903208592908118 0.999962562288648 0.000523708192495545 -0.00358504587538823 -0.00238702403367733 -0.00133402783225717 -0.00390960967188312 0.00193841403487828 -0.00567035990066254 -0.00125500161445798 -0.00122440831255436 0.902793690016088 0.999993306266457 0.000240661099705734 0.00090478342857476 -0.00027331530464178 2.78983573721475e-05 -0.002182445595068 0.000272015546545095 -0.0021132805997799 -0.00175234173543988 -0.000248342916891625 0.903169638045833 1.051 1.734 49.428 48.002

 472 72 1000 10 0.9 1.637 1.504 0 0.235000000000001 0.999895300096791 -0.00213766220545263 -8.22290866501847e-05 0.00440124786611131 -0.000799693929605232 -0.00781030637663707 0.00370806377904192 0.0051767302941161 -0.00893700930722251 0.00183921050440223 0.902669194677763 0.999954952500066 0.00202139843336843 -0.00153937632571089 -0.0056900699246052 0.00150597844220571 -0.000552486546496495 0.00441015215419026 0.00524603853764662 0.00114063350387262 0.000644766733934412 0.901159462180166 0.999895303273403 -0.00213774424994809 -8.18271251235095e-05 0.00440138494937999 -0.000800265759944885 -0.00781004961216334 0.00370784951198895 0.00517676280722104 -0.00893685376738086 0.00183901590647696 0.902633003682712 0.999954953934486 0.00202134573953142 -0.00153932908858661 -0.00568988857593033 0.0015055696355464 -0.00055254226837171 0.00440988441967515 0.00524623763029481 0.00114093053508263 0.000645013171648907 0.901130124508172 1.135 1.71 48.089 47.168

 479 79 1000 10 0.9 1.827 0.537000000000001 0 0.575999999999999 0.999947421131803 -0.004318651055203 0.00122789960306893 -0.00567133612515009 -0.00306262795440901 -0.000926089442368992 -0.0047348696074333 -0.00227073418950816 0.00335497412754959 0.00194011005915691 0.901418186418292 0.999941740164215 -0.00155334868120702 -0.00122459778870674 0.00391076323210374 -0.00415233322788032 -0.00332978755498677 -0.00574865154730581 -0.000673011808428745 0.00408876673240444 -0.00433155481782775 0.897902290340561 0.999947421536788 -0.00431932690033039 0.00122821289771599 -0.00567119099941236 -0.00306272312160399 -0.000925752821402453 -0.00473442644692376 -0.00227028429516029 0.00335489220251728 0.00194038277810185 0.901387744996989 0.999941739390857 -0.00155314402369696 -0.00122467198956249 0.00391087980541152 -0.00415250372009198 -0.00332971915653925 -0.005748627448465 -0.000672998017484872 0.0040887510040994 -0.00433161861674942 0.897884705895081 1.573 1.944 47.998 44.807

 477 77 1000 10 0.9 1.42 1.541 0 0.369999999999999 0.999922111840965 0.00121272182296543 0.00302888386030989 0.000411848573684238 0.00555239015838278 -0.00574897712859759 -0.00444964344713614 -0.000822103728957492 -0.00747798747528163 0.00216345743517405 0.903285718412265 0.999968185675634 0.00352802269534696 -0.00579945084304663 0.000657452629111723 -0.00061370389294835 -0.00149415420286191 0.00129024800206593 -0.00299738521887938 0.00157237918555603 0.00117654357842905 0.89760311815936 0.999922112987252 0.00121301641874065 0.00302859336327235 0.00041210988086517 0.00555230316999378 -0.00574926069146126 -0.0044496355139697 -0.000822184489353809 -0.00747764606642683 0.0021637547774228 0.903246364364092 0.999968182971451 0.00352780312542022 -0.00579984507218056 0.00065744851758452 -0.000613486567349581 -0.00149395758364222 0.00129019921270196 -0.00299785006838227 0.00157255131388239 0.00117656141505744 0.897586050813305 1.251 1.978 48.09 46.468

 478 78 1000 10 0.9 1.489 0.515000000000001 0 0.669 0.999949757842234 -0.00142952853356269 -0.00295508423422814 0.00155338171828888 -0.00204041019407673 -0.00424355168536884 -0.00803565412543688 -0.000347781183970062 -0.000518018440523829 -0.000400855446950912 0.900579840656388 0.9999686872524 -0.000217330202655423 -0.00475558559302311 -1.8414923455198e-05 0.00325716462665236 0.00308979820292575 0.000645944961996053 0.00391544391232166 0.00186739766660091 -0.000755151999943108 0.899485384697565 0.999949760197503 -0.00142949224918735 -0.00295521844289868 0.00155326696405255 -0.00204022886925535 -0.00424307211659145 -0.00803564389109326 -0.000347960932055651 -0.000518100176917365 -0.000400507658345779 0.900553010855883 0.999968686973977 -0.000217598672608102 -0.0047552294832934 -1.8208676482583e-05 0.00325771938334258 0.00308986386272619 0.000645902242616647 0.00391536226009267 0.00186749538779533 -0.00075524746612072 0.899462760205075 1.681 2.231 47.31 46.149

 481 81 1000 10 0.9 1.721 0.44 0 0.582000000000001 0.999944211281991 -0.00634779117447773 -0.0015373705711221 -0.00226230989895053 -0.00187559672186126 0.00562369888017865 0.00100201746527487 0.00378268495509401 0.000515055153622847 -0.00361613578985357 0.899346752425196 0.999962193227034 0.00121850326170856 -0.00131094327897105 0.000363461072292911 0.000228502742982377 0.00362701637718522 -0.00505318336552148 -0.00435439676559873 -0.00378426234432773 -0.000503144151284095 0.898303343586719 0.99994420781087 -0.0063480214813177 -0.00153730790359 -0.00226215563112152 -0.00187544435273362 0.00562385555688575 0.00100246799746683 0.00378276879403927 0.000515209720648157 -0.00361641526067984 0.899324127737222 0.999962192416483 0.00121874603870609 -0.00131080756717179 0.000363557708031727 0.000228732853137865 0.00362703880612391 -0.00505315615870972 -0.00435464925350477 -0.00378416871865426 -0.000502976771495653 0.89828430270384 1.572 2.037 47.791 46.226

 471 71 1000 10 0.9 1.448 1.559 0 0.370000000000001 0.999969053205451 -6.68121563801263e-05 -0.0024775948705268 -0.00363506602966401 -0.000780534351703664 0.00460359917816322 -0.00203505385054079 -0.00339226011338882 -0.00176464798943374 0.00140384169385336 0.900142308744867 0.999979872162248 0.00178817806055988 0.00276316397652221 0.0011192964113225 -0.0048161815148185 -0.000298005262016125 0.00184598171839549 -0.000228548452324922 -0.000852947122156023 0.000835450038790879 0.903330582579975 0.999969055322118 -6.6962183130863e-05 -0.00247744460819641 -0.00363531479236986 -0.000780820081535206 0.00460305985641421 -0.00203520975608069 -0.00339216571055708 -0.00176442376741755 0.00140384137268822 0.900116347813711 0.999979874138591 0.00178832103772701 0.00276263227638935 0.00111902399667615 -0.00481651507067861 -0.000297501412477732 0.00184524203885808 -0.000228080742124198 -0.000853033690834335 0.000834831619799395 0.903291310354717 1.075 2.074 49.496 47.522

 490 90 1000 10 0.9 2.122 0.546999999999999 0 0.644 0.999971635791317 -0.000811413841581912 0.00101691870814445 0.00306575857036451 -0.000981793114850888 -0.00317277925128168 0.00249466004638501 0.00299900374436181 -0.00436046515981692 -0.000612181861528712 0.89982054903929 0.99993483555435 0.00340970864507879 -0.00308954394282973 0.00168664790601575 0.00363590918935731 0.00145381802716321 0.00669420979437716 0.000366421660604957 -0.00678007284324114 0.000242794281090265 0.902355481644785 0.999971636550652 -0.000811238013520764 0.00101725138414168 0.00306602886532715 -0.000982119980280279 -0.0031726758912536 0.00249461635656203 0.00299855066230787 -0.00436046312219416 -0.000611691317085123 0.899796394936926 0.99993483060877 0.00340989504814027 -0.00308949809757752 0.001686582901296 0.00363572622587128 0.00145434301375463 0.00669425732296329 0.000366058583062612 -0.00678069368674648 0.000243074344040216 0.902320796749508 1.826 2.166 46.832 46.638

 473 73 1000 10 0.9 1.709 1.157 0 0.681000000000001 0.999979068837949 0.00341843436254035 0.00160922849567586 -0.00334732021006254 -0.000206950325145277 -0.00192249016744965 0.000416947840693753 0.00336424764200003 -0.00070324360981957 -0.000810350172586924 0.897878619363985 0.999941050811589 -0.00400662625801587 -4.40360892593476e-05 -0.00299463372081973 7.11798191496103e-05 -0.00661942889558445 0.00116375653597085 0.00677041514832436 -0.00126242354211061 0.00051342800821215 0.900013155257751 0.999979067412003 0.0034186949527738 0.00160904971910431 -0.00334732925401283 -0.000207166614896233 -0.00192269720270302 0.000417171262447424 0.00336431748182105 -0.000703171226091928 -0.000810439518805487 0.897860379894483 0.999941052752042 -0.00400615406492239 -4.36041164960931e-05 -0.00299465729235891 7.07161083143431e-05 -0.00661906179224461 0.00116382498485245 0.00677083515108581 -0.00126190035881513 0.000513622037379526 0.899988091589278 1.513 2.234 47.902 46.942

 486 86 1000 10 0.9 1.704 0.462999999999999 0 0.548 0.999915993012063 0.00278945449338726 -0.00153953170076747 0.0025097539077087 -0.00731678423171176 -0.00562423931912247 0.00558988864381097 0.00549259404122215 -0.00182937870065476 -0.00127568397354414 0.900398853245339 0.999993551812538 -0.00162445753753702 0.000537543843131387 0.00255483373562763 -0.00165698925607546 0.000302019903155487 0.000116286133190583 0.000761501544631947 -0.000100486287892098 3.1753368091036e-05 0.900587147946209 0.99991599390581 0.00278935437117913 -0.00153943687679727 0.00250969031591898 -0.00731689375877236 -0.00562402660780841 0.005589798092655 0.00549269173551921 -0.0018293088606397 -0.00127582776304109 0.900372398298802 0.999993550918947 -0.00162459773958479 0.000537731612619381 0.00255499162820451 -0.00165690170741791 0.000302082357885449 0.000116298306438384 0.000761892969659873 -0.000100332147171794 3.1865977823797e-05 0.90055997064022 1.84 2.366 47.228 45.303

 475 75 1000 10 0.9 1.578 1.498 0 0.261999999999999 0.999914870161204 -0.00338961752688571 -0.000733026848155884 0.00433760789303287 -0.00744247194561392 0.000439997017161456 0.00193150766448835 -3.85189112734231e-06 0.00123550068368229 -0.00886394766793571 0.902291549336228 0.999985351814425 0.00192056550811529 -0.0024980494591282 0.00114173089337683 -0.00204358934235562 0.000152599287300294 -0.00131675591585337 -0.00238809706092458 -0.00233344906310751 0.000991161939146844 0.89981699459529 0.999914872590081 -0.00338917595583838 -0.000733077973617987 0.00433741486477898 -0.00744275671017695 0.00043991059040835 0.00193243647566539 -3.46759560282628e-06 0.00123554034096037 -0.00886349011467822 0.902256909243849 0.999985354740933 0.0019205710400596 -0.00249766483478562 0.00114237731241045 -0.00204324217119437 0.000152833637368004 -0.00131659782415553 -0.0023881144305404 -0.00233246258862449 0.000991592758369271 0.899792597097429 1.218 2.093 50.211 46.68

 494 94 1000 10 0.9 1.795 0.456 0 0.673999999999999 0.999927924433611 -0.000621629832272678 -0.0012676658975273 -0.00911188586983233 0.00548282018377921 0.00156179701297031 -0.00207556938689018 -0.00126725104171018 -0.00187308373518915 -0.00414767284994538 0.903212632945107 0.999949348015652 -0.00209744680021942 0.000958640343821753 0.0010198186410017 -0.00135105099510243 -0.00669539074837465 0.00196183961677541 -0.000280658509903646 -0.00616171753520814 -0.00252886450677183 0.901008077703849 0.999927927171706 -0.000620968446018009 -0.0012675479667937 -0.009111709432161 0.00548293306483147 0.00156136819655755 -0.0020755671920634 -0.00126671557933373 -0.0018738150120877 -0.00414738204111438 0.903172990605935 0.999949354867335 -0.00209682809859165 0.000958701451346788 0.00101994266771557 -0.0013510674418699 -0.00669522383825239 0.00196151222352634 -0.000280366062731374 -0.00616116304389521 -0.0025286656452757 0.900979420845702 1.845 2.157 49.037 44.925

 492 92 1000 10 0.9 1.679 0.773 0 0.789999999999999 0.99997288256543 -0.00400650915056704 -0.00310191255986142 0.000937450069618632 -0.00373386719690998 0.00142431031902414 0.00169139801225258 -0.00159866545187818 0.00160201697382398 0.00193077784149521 0.902238534259506 0.99996821178964 -0.00103881634899981 -0.000471046921078692 0.00211287374440415 -0.00389173850921707 0.00292070820561045 0.00059802064446875 0.00483255108628681 0.00023321265798868 0.00322000283822388 0.902980161144472 0.999972882978275 -0.00400604721564287 -0.00310192655373034 0.00093754334904284 -0.00373418166200209 0.00142460336046701 0.00169148318739714 -0.00159871332258604 0.00160183816712412 0.00193066448468276 0.902204468369854 0.99996821417307 -0.00103847834878997 -0.000470517856055536 0.00211280791123486 -0.00389109554242647 0.00292059018356814 0.000598288475918082 0.00483264484461607 0.000233716704137646 0.0032201493108491 0.902942232350077 1.839 2.262 47.41 46.671

 487 87 1000 10 0.9 1.737 0.866 0 1.172 0.999940931273 -0.00673776868472357 -0.0058814221411986 -0.00218207789977749 -0.00308098465135777 0.000545284675117449 -0.00339713867846651 0.000905024269723292 0.00330621572850837 0.000550784260659974 0.899827862804315 0.999953158333232 -0.00515653666996419 -0.000699410915276362 0.00273733619061673 0.000926599244936649 0.00208346966091682 -0.00194038761414679 0.00699578022350454 0.00104511318539684 0.000333684475244742 0.903626638198779 0.999940931528727 -0.00673800437702453 -0.00588155898089223 -0.00218208086255889 -0.00308128181160165 0.000545712336874496 -0.00339657944305141 0.000904654924108656 0.00330578810580776 0.000550500262311939 0.899803344455962 0.999953151449888 -0.00515694711077698 -0.00069903671440594 0.00273767436907164 0.000926718134108431 0.00208370670570542 -0.00194063231571445 0.00699611541600212 0.00104575527987468 0.0003337060323988 0.90358565964648 1.767 2.639 48.044 43.847

 484 84 1000 10 0.9 1.751 0.890000000000001 0 1.063 0.999981326677308 0.00081550594101282 -0.002329508520108 -0.00139723817697432 0.00156674399694017 -0.000130086045351077 -0.00112052812510659 -0.00503398912630506 0.000285518104790045 0.000390644032167179 0.900217121134144 0.999932621471446 -0.00325966211146954 -0.000318377906237076 -0.00516968415122197 -0.0029022724934958 0.000726818385777357 0.00461009616332032 0.000154739762186529 -0.00780747576147469 -0.00247286515173882 0.900419418695549 0.999981325792256 0.000815756430072786 -0.00232934986566962 -0.00139729018717466 0.00156681458734305 -0.000130188840225723 -0.00112036912406395 -0.00503417040875685 0.000285562677362423 0.000390916536087772 0.900191377813438 0.999932623208488 -0.00325917512746596 -0.000318133734852924 -0.00516979803755146 -0.00290245521429428 0.000726810373083834 0.00460988862211396 0.000154618410756914 -0.00780742534661721 -0.00247293953914325 0.900393180707714 1.853 2.722 46.541 43.376

 491 91 1000 10 0.9 1.928 0.693 0 0.704000000000001 0.999986451779528 -0.00166404370038658 -0.00276657665970179 -0.00013829847232966 0.0019315460264067 0.000169624747852366 0.000165379623656144 0.00262357185133073 0.000451600667872595 -0.00240417919908433 0.902080598835149 0.999940574264213 -0.000585606042330603 0.00359581487758832 -0.000281586808233085 0.00267841379290812 1.8027797522332e-06 -0.0039810896894441 -0.003058556051361 0.00735012519582147 0.00436963907322234 0.906502542421803 0.99998645119049 -0.00166412566244973 -0.00276679262890142 -0.000138439144795192 0.00193134451130987 0.000169936954696642 0.000165427306447849 0.00262336010922279 0.000451613717112051 -0.00240447598983803 0.90204764028763 0.99994058259199 -0.000586770277076891 0.00359390939736806 -0.000281301692418856 0.00267769717947081 9.73141248606414e-07 -0.00398117551883462 -0.00305881895676669 0.00734988519562679 0.00436974408764072 0.906442611167057 1.893 2.499 47.341 45.731

 488 88 1000 10 0.9 1.726 0.581999999999999 0 0.641999999999999 0.999953319541658 -0.00220285535918879 -0.00218578918943648 0.00162117650113419 0.00201602368479621 -0.00182326065907632 0.00318055546290014 -0.00364820747093321 -0.00670865360194255 0.00229788236722557 0.896872173168187 0.999957665714101 0.00411382881861497 0.00472133385525601 0.000119116662843629 -0.00151087714764686 0.00556462333554817 0.000170862383957809 0.00133440342127505 0.00313359318761175 0.000748995709887591 0.894053356551985 0.99995332002424 -0.00220309606028078 -0.00218560732923808 0.00162115700001864 0.00201646217803808 -0.00182286324866548 0.00318024987549578 -0.00364810258960771 -0.00670880166995801 0.00229771605574825 0.896898559580364 0.999957638535259 0.00411576226063085 0.00472306070055888 0.000120308446903406 -0.00150977993497769 0.00556659474728916 0.000170230711205277 0.00133529241835419 0.00313373390985044 0.000749115752668667 0.89424250693443 1.942 2.577 46.834 45.504

 493 93 1000 10 0.9 1.779 0.742999999999999 0 0.523000000000001 0.999968759911014 0.00229656673642877 0.00226296357355237 0.00356110386162599 0.00053776711174051 -0.00362967392596473 -0.00126885080075252 -0.00384438082610142 0.000253942553117204 0.00307978230076101 0.901975587191638 0.999956933609323 -0.00406591448635617 -9.14510261314331e-05 0.003589489592753 0.00244155714120641 0.00353146732862566 -0.000444814798265027 -0.00185627534349957 -0.0031111161874076 0.00499513184505415 0.896494857150676 0.999968763344328 0.00229637289606363 0.00226280982380223 0.00356073650461766 0.000537361381135841 -0.00362983355803441 -0.00126881767244088 -0.00384376921792368 0.000253344844842887 0.00308005872898078 0.901942156348204 0.999956939414238 -0.00406534303590206 -9.11021659748676e-05 0.00358955576983027 0.00244124552739149 0.00353044693473734 -0.000444594373572237 -0.00185648481606564 -0.0031107335222674 0.00499544739941577 0.896544762586221 1.911 2.533 49.422 42.504

 489 89 1000 10 0.9 1.955 0.641 0 0.757 0.999949145536603 0.00626170282336909 -0.00174966275647289 -0.00238002777651389 -0.000267390201944259 0.000814416594999509 0.00153510771985041 0.00120253133585069 -0.00665006304539656 -0.00223848579354452 0.902911282557412 0.999952634522985 -0.00474212720870315 0.000104217389274626 -0.00180613427500511 0.00581055343293887 0.00287985081420086 0.00148568960021098 -0.00215664862314556 -0.00442973088291733 -0.000656477965317205 0.901074996875194 0.999949144724095 0.0062612955155133 -0.00174975643096233 -0.00237987605760239 -0.000267297307490273 0.000813753460720953 0.0015352933829238 0.00120249088117865 -0.0066506355374355 -0.00223852199284009 0.902873219688193 0.999952631786848 -0.00474247747951283 0.000104066426599122 -0.00180609406140665 0.00581060907806694 0.00287988974157193 0.00148583276167935 -0.00215672148454764 -0.00442978896308745 -0.000656631354040709 0.901046174719027 1.895 2.46 49.673 42.348

 485 85 1000 10 0.9 1.797 0.667999999999999 0 0.955 0.999928917198927 0.00345533512655629 0.000986221844595527 0.00416571086138875 0.00297654637774101 -0.00531685469013815 0.00217191838070836 0.00535381797075068 0.00316439795519554 0.00560112891892065 0.894882549479706 0.999944348197485 -0.00180142104073753 4.00260804552034e-06 -0.00360592504248115 0.00523479363930388 0.00676461765057864 -0.00356511928469628 0.00227490619836654 -0.00198616971342894 0.000243758993862152 0.898151792085531 0.99992893176534 0.003454169753702 0.000987877726441288 0.00416466564940932 0.00297666356079346 -0.00531603338535499 0.00217372024895526 0.00535282072343634 0.0031640508536378 0.00560090023424919 0.895029714506809 0.999944348853634 -0.00180134238276757 3.90150107801739e-06 -0.00360587570472469 0.00523488272773701 0.00676457250408691 -0.00356523613171323 0.00227453900095964 -0.00198613365697289 0.000243731204401248 0.89813285604158 1.918 2.725 51.182 38.968

 482 82 1000 10 0.9 0.898999999999999 1.305 0 1.44 0.999975147575551 0.00571500911451746 0.0025308806829612 0.00188808158014729 0.0004432816780398 0.00112020591205691 -0.000932027302954135 0.000367194912034079 0.00143145765294431 -0.00160273361847969 0.903090075528726 0.999972037637889 0.00458378799850193 4.79376931105888e-05 -0.00183142515104355 -0.00475167594602227 0.00223335114365937 -0.00100879768374539 -0.000603052123887752 -0.00013974595952281 -0.00160911734048319 0.901192036851622 0.999975148242688 0.00571486743651739 0.00253065682208219 0.00188856276723473 0.000443230602742608 0.00112029413438083 -0.000931508402761554 0.000367570077081326 0.00143138742027194 -0.00160283997706237 0.90305152794447 0.99997203349353 0.00458367463390543 4.7915533974926e-05 -0.00183135937052625 -0.00475234846094066 0.00223366838225121 -0.00100928069704958 -0.000603121726228213 -0.000139576779999344 -0.00160935057309055 0.901162010156075 2.033 2.87 49.26 38.232
