
 8882 82 5000 5 0.9 6.817 2.503 1828.35 0.801999999999907 0.999998347208985 0.00151536884742305 -0.000779636351763142 0.000384340531215133 -0.000503672581053401 0.899876352073142 0.999999583467833 0.000605824271233626 -7.23757529651911e-06 -1.38351579313717e-05 -0.000682493457619796 0.901361610430195 0.999998346305655 0.00151580214578631 -0.000780225454538258 0.000383774055982768 -0.000503681967637688 0.899820666246428 0.999999583424617 0.000605613785192255 -7.2159908185983e-06 -1.38209933243846e-05 -0.000682744055549309 0.901292453456839 0.315000000000055 0.194999999999936 6.52199999999993 6.4699999999998

 8890 90 5000 5 0.9 7.117 3.105 1846 0.865000000000009 0.99999808591148 0.00160878062905387 0.00104367103681953 0.000255113967194736 -0.000292687366804611 0.900053000300199 0.999997594659524 -0.00207026881040691 0.000498751798045011 -0.000496102219785126 -0.000172601999167737 0.900373767449632 0.999998084098747 0.00160942857016293 0.00104425762468805 0.000255268403502828 -0.000293091397502483 0.899995028802696 0.999997593290253 -0.00207108834625863 0.000497938291706244 -0.000496103349055002 -0.000173048223320315 0.900313727300727 0.298000000000002 0.25 9.89499999999998 11.7760000000001

 8884 84 5000 5 0.9 7.168 3.348 1846.854 0.888000000000147 0.999994898827058 0.000126989449164552 -0.000353607234203624 -0.000707032173516592 0.00309212887362023 0.899524555398163 0.9999973663621 0.000478929636008048 0.000736224243171497 -0.00208614323024623 0.000379309311336882 0.900354899276642 0.999994900011279 0.000127074104792663 -0.000352919893174315 -0.000706838295649856 0.00309186525846616 0.899471691399459 0.999997366175594 0.000478973612698892 0.000736355535768828 -0.00208630081469704 0.000378623280619653 0.900294801333923 0.411999999999807 0.297000000000025 10.6309999999999 10.7909999999999

 8893 93 5000 5 0.9 6.888 2.59 1850.784 1.50399999999991 0.999993855616391 0.000804133980719067 0.00106217103779054 -0.00268655798119354 -0.00181557068304859 0.899595490890757 0.999992193399637 -0.00218374717386543 0.00209574809341899 -0.000292797870509079 0.00252319190716615 0.9009708822226 0.999993853558046 0.000803774158943513 0.00106236516010455 -0.00268725916211883 -0.00181571244757404 0.899541890191109 0.999992192665737 -0.00218368862342368 0.00209601193611321 -0.00029284870460284 0.0025233083771948 0.900906589299458 0.321999999999889 0.292999999999893 11.2190000000001 8.80299999999988

 8883 83 5000 5 0.9 7.243 3.386 1872.711 1.04200000000014 0.99998774427919 0.00107425867987022 0.00382529191674615 -0.000265124594429049 -0.00294178694097465 0.900231311137282 0.999991104488609 -0.00181428154078344 0.00369022400992773 0.000938648986420554 -2.26048563621414e-05 0.90046721843304 0.999987742590924 0.00107474398725167 0.0038254134282891 -0.000265800083185114 -0.00294196459655066 0.900172930010951 0.999991102728598 -0.00181438819866328 0.00369045341092555 0.000939408696666988 -2.28916883379052e-05 0.900406038818476 0.360000000000127 0.295999999999822 8.05399999999986 9.46199999999999

 8887 87 5000 5 0.9 7.006 3.492 1879.152 1.45900000000006 0.999999200427987 -0.000172579072996353 0.000800697192763289 0.000241231848665797 -0.000932765270731232 0.900379069175819 0.999997888916124 -0.00191363377127668 0.000153692357215372 0.000699788750905541 0.000216433473383798 0.900219280869514 0.999999200462751 -0.000172130247264211 0.000800853311762898 0.000241008433285665 -0.000932734659220467 0.900318963264096 0.999997887571819 -0.00191430864634447 0.000153182258225908 0.000699902514832902 0.000216670193202409 0.900161285877191 0.417999999999893 0.381000000000085 9.15100000000007 8.97599999999989

 8895 95 5000 5 0.9 7.472 2.245 1887.246 1.64200000000005 0.999997104618253 0.00110274715753103 0.00120485983068702 -0.000771018157572074 0.00159014075076815 0.900649039022765 0.999993077248011 -0.00300185369297794 0.000176249647063881 -0.00070599549207611 -0.00207481008431142 0.900147709410298 0.999997103178471 0.00110299028265375 0.00120555353871596 -0.000771106818716355 0.0015903087880958 0.900586498388682 0.999993077678195 -0.00300173125841863 0.000175745101734144 -0.00070614417938717 -0.00207477208397626 0.900089783108288 0.324000000000069 0.356999999999971 9.40900000000011 6.90000000000009

 8889 89 5000 5 0.9 7.165 1.432 1906.361 1.52499999999986 0.999992538223205 -0.00333748385269878 0.00158458563849297 0.00107845463322921 0.000332751263082965 0.90136267069423 0.999997977852369 -0.000489863554492427 -0.00154754372216849 0.000503312048700671 -0.00107522568810822 0.898837289633018 0.999992537520261 -0.00333751410426964 0.00158484305835698 0.00107888669158545 0.000331932795981656 0.901293649157842 0.999997976736075 -0.000490036886508565 -0.00154799543426253 0.000503397774701856 -0.00107549450151933 0.898788970885409 0.33199999999988 0.251999999999953 9.46500000000015 15.884

 8886 86 5000 5 0.9 7.384 2.683 1907.894 0.788999999999987 0.999996780358456 0.000909144035938665 -0.00234501886372114 -0.000137860255558194 -0.000307588885480079 0.900253561987739 0.999988440119247 -0.00432543113516024 -0.000750738992337973 -0.000947512341403968 0.00171723169631027 0.901047126096932 0.999996782273944 0.000908713136197081 -0.00234434030293457 -0.000138291447551862 -0.000307613741874843 0.9001939200476 0.999988438952539 -0.00432547841479635 -0.000750678096202611 -0.000947251440059396 0.00171796241294723 0.900980648342492 0.458999999999833 0.246000000000095 10.4970000000001 15.6930000000002

 8892 92 5000 5 0.9 7.049 2.841 1914.386 1.73800000000006 0.99999156273657 0.000344254902711884 -0.0011880682957688 -0.00284858224451116 0.00268886912217467 0.900882184736937 0.999992281856242 0.00110243135370925 -0.00279224312655561 -0.000406167190925551 0.00250185522983451 0.901392595615187 0.999991561911609 0.000344201763563597 -0.00118757658400661 -0.00284918783992116 0.00268875830746188 0.90081755391646 0.999992283054572 0.00110273571449019 -0.00279209850666386 -0.00040633013524357 0.00250137702048143 0.901323523031088 0.387000000000171 0.310000000000173 15.1800000000001 12.3729999999998

 8898 98 5000 5 0.9 6.947 3.37 1916.686 1.77700000000004 0.999986868579326 0.00421983189980316 0.00173577818782841 0.00171698815841014 -0.00157946617525651 0.899181542728412 0.999998868296096 -0.000412278609815015 -0.00113095359914229 -0.000194331309794779 0.000881256020780261 0.900834489917989 0.999986867599183 0.00422004785844022 0.00173600299174534 0.00171703601123031 -0.00157921062393412 0.899131087069568 0.999998868764278 -0.000411382618880443 -0.00113092600837471 -0.000194993456398294 0.000881032587924948 0.900770852340144 0.356999999999971 0.356999999999971 15.77 11.914

 8897 97 5000 5 0.9 6.793 0.641999999999999 1916.926 1.67799999999988 0.999997656310104 0.00113582226043242 -0.000191520051275487 0.00103661184493287 0.00151196496181727 0.898865241608998 0.999997498860798 -0.000619908796525715 0.000735713126136633 0.00195894907197261 0.000489111399585312 0.897700335411374 0.999997655184613 0.00113607190282527 -0.000191349640340655 0.00103638851672129 0.001512696290014 0.898817214128348 0.999997499044741 -0.000620055310691852 0.000735809935729028 0.0019587021056643 0.000489392965463037 0.897660286259715 0.414999999999964 0.358999999999924 15.508 11.3

 8899 99 5000 5 0.9 6.686 0.979999999999999 1943.482 2.38000000000011 0.999992645360547 0.00031229257207054 0.000100117492375317 -0.00310811690211627 -0.00222289990214003 0.901827225746147 0.999990375315721 -0.00248861565119886 0.00156524377621773 -0.000381705292138722 0.00323425123565528 0.900656586686877 0.999992647394633 0.000312725701784424 0.000100127350869568 -0.00310723137618523 -0.00222316148688651 0.901753969180282 0.999990377021317 -0.00248861980126029 0.00156526697033175 -0.000382147286442779 0.0032336572192751 0.900594951934122 0.446999999999889 0.307000000000016 10.0840000000001 12.6979999999999

 8896 96 5000 5 0.9 7.46 1.241 1949.335 1.07899999999995 0.999991085346615 -0.00132477868833128 -0.00202308774239736 -0.0033835675256022 0.000729914729859503 0.897867476053859 0.999993703091313 0.000351439852192909 -0.000141792317256078 -0.000653613648701344 0.00346741285252433 0.898400843621334 0.999991084917256 -0.00132473174926371 -0.00202322214374379 -0.00338355702816695 0.000730264196687717 0.897826269656358 0.999993701020441 0.000351538302288862 -0.000141960392068157 -0.000654010724770156 0.00346791832097664 0.898355958404915 0.360999999999876 0.333000000000084 11.7329999999999 15.068

 8885 85 5000 5 0.9 6.835 2.661 1951.095 1.21699999999987 0.999993401618749 0.00024393936479752 0.000743236940913746 -0.00302210153662332 -0.00185787881763107 0.899376214932051 0.999997738916346 -0.00042689948208087 0.00172603564006635 -0.000354538081607665 0.00111131577186063 0.901480122338665 0.999993401822309 0.000243511062578079 0.000742457343753976 -0.00302226104404672 -0.00185787768259566 0.899324080193697 0.999997737337803 -0.000427891909856723 0.00172657534420051 -0.000355313689987333 0.00111126844226537 0.901410062035858 0.361999999999853 0.433999999999969 12.0999999999999 15.623

 8891 91 5000 5 0.9 6.832 1.84 1961.617 1.93799999999987 0.999996711585085 0.000604897621687997 -0.000453878999827414 0.00185066698196557 -0.00160622023989116 0.899818917206752 0.999985732416688 0.000997580678819376 0.00275298046767956 -0.000809553382992125 -0.00439380446927013 0.898736560782006 0.999996712095404 0.000604979039096804 -0.000454222689664395 0.00185006572039022 -0.00160646734264099 0.899763868484581 0.999985736476583 0.000997221927159218 0.00275262314825498 -0.000809638261939222 -0.00439317009703367 0.898689370306526 0.369000000000142 0.344000000000051 15.2360000000001 14.5260000000001

 8888 88 5000 5 0.9 7.09 1.648 1963.737 2.06799999999998 0.999991372203278 0.0035878404870708 0.00204849210403702 0.000326376757845872 0.000282980486405488 0.899894005689701 0.99999662580306 0.00233025207890896 7.320711192034e-05 -0.00105214532129369 0.000453804676605555 0.90056462162121 0.999991372081549 0.00358795655780091 0.0020483967920457 0.000325734422994301 0.000283368784468759 0.899838325716801 0.999996625035111 0.00233037401673596 7.38839638176919e-05 -0.00105238372440413 0.000454208086042709 0.900503025189878 0.337999999999965 0.385999999999967 15.268 14.0729999999999

 8881 81 5000 5 0.9 6.894 2.466 1967.983 2.79199999999992 0.999993622790976 0.00283111690303982 0.000394581458803483 0.000385674992840801 -0.00210587623862308 0.900252787460398 0.999992884142288 0.000453945429912712 0.00240371306527369 0.0028021836713947 -0.000628910570536214 0.8997851572978 0.999993623938563 0.00283073504122324 0.00039439581930086 0.00038561954786042 -0.00210588956201323 0.900193877088629 0.999992882524743 0.000453530801719731 0.00240410603841437 0.00280262847245162 -0.000628297277930932 0.899729539873581 0.404999999999973 0.451999999999998 14.5240000000001 12.4169999999999

 8900 100 5000 5 0.9 6.812 1.168 1979.594 2.37699999999995 0.99999517530164 -0.000716280033102693 -0.00182850312061655 0.00234833889375309 0.000527443963562487 0.901279747617609 0.999995442847423 0.00149771452076166 0.00236642570219791 -0.000485406909929704 0.00101761737837408 0.901833737953101 0.999995173939 -0.00071688936168951 -0.00182851790861909 0.00234885735951467 0.000526839362616953 0.901211897365484 0.999995441685913 0.00149820758826629 0.00236674411458675 -0.000485329700638489 0.00101732924615895 0.901760375316465 0.424999999999955 0.279000000000224 13.934 7.64600000000019

 8894 94 5000 5 0.9 7.69 0.777000000000001 2008.122 0.817999999999984 0.999987204906208 0.00346602348362921 -0.000382679325247342 0.000768115422996598 0.00358333089614024 0.899108543180093 0.999994079536984 0.00308581874358625 0.000868603504600776 -5.68066981479559e-06 0.00125064357132379 0.898094302416922 0.999987203770653 0.00346629800108486 -0.00038227883315809 0.000768261821220828 0.00358339361315127 0.899058467656347 0.99999407832555 0.00308604797063266 0.000868730894010609 -5.63814160582704e-06 0.00125095827378332 0.898051702277338 0.233999999999924 0.324999999999818 6.673 6.09300000000007

 8911 11 10000 5 0.9 8.821 0.924000000000001 3782.409 1.63599999999997 0.999998242367375 -0.00137641810350459 0.00125679747184745 -0.000187116384019961 -7.86316666421931e-05 0.900926613967356 0.999998113734165 -0.000753960335110989 -0.00016332512707132 -0.00174278460243255 0.000374297551047926 0.901228929116941 0.99999824204841 -0.00137656501394246 0.00125694788888106 -0.000186662860715019 -7.87898044280485e-05 0.900862298350566 0.999998112857408 -0.000754676626124773 -0.000163313440308933 -0.00174295953046044 0.000374386977178165 0.901161604316346 0.523000000000138 0.266999999999825 17.4789999999998 20.5700000000002

 8907 7 10000 5 0.9 8.331 0.745999999999999 3788.14 2.57499999999982 0.999996508725941 -0.00168078060465782 0.000687720982977621 0.00100355233277178 -0.00163628697131099 0.89876793218095 0.999999023604337 -0.000855971124125226 9.35219473606806e-06 0.000893301584420291 0.000649637301145257 0.89958106602721 0.999996509288175 -0.001680516064283 0.000687801257815446 0.00100359995783579 -0.00163615212557026 0.898720753042519 0.999999023740326 -0.000855808025519596 9.76331086300112e-06 0.000893504708047613 0.000649357400633617 0.899527950783391 0.338999999999942 0.361000000000331 19.7489999999998 17.9830000000002

 8904 4 10000 5 0.9 9.05 1.378 3860.318 1.63100000000031 0.999999002763199 -0.00139263591719712 0.00017631521971449 5.25417455024396e-05 -0.00014556825706335 0.900513961527201 0.999997143794616 0.00194271504086461 0.000818955141206556 0.000242542694198946 -0.00109943003307445 0.900899373569297 0.999999002257467 -0.00139303242164251 0.000176515345703766 5.20756942982189e-05 -0.00014517299568226 0.900452972882889 0.999997144277352 0.00194253422474867 0.000818630612953504 0.000242408801374707 -0.00109958165623229 0.900834534071439 0.572999999999865 0.246999999999844 16.6149999999998 31.5349999999999

 8903 3 10000 5 0.9 6.835 0.733000000000001 3870.905 2.3159999999998 0.999994475897893 -0.000386347211060294 0.00320864618994453 -6.34671386762833e-05 0.000774255178307934 0.899925540911572 0.999998890976142 -0.000505718974828492 0.00135209660804987 0.000299331221937088 -0.000211022242092878 0.898980333933126 0.999994477833009 -0.000385537260936118 0.0032081012512297 -6.38396541403801e-05 0.000774387092486684 0.899869880763067 0.999998890675862 -0.000505855791390147 0.00135217645022672 0.000299618152709916 -0.00021119842514228 0.898931484728409 0.369999999999891 0.367000000000189 25.9170000000004 37.7109999999998

 8901 1 10000 5 0.9 9.351 1.05 3879.109 3.01699999999983 0.999996318332654 -0.000117106995325618 -0.000839522295470126 -0.00257419920550881 0.000135306522802889 0.901050212954609 0.999996470698535 -0.00114271326482111 0.00216320408483429 0.000640433954360986 0.000814364356395586 0.900804627322733 0.999996318873003 -0.000116936814981852 -0.000839034655273093 -0.00257417255943284 0.000134991503870515 0.900984656021135 0.999996471158481 -0.00114279224223284 0.00216278257968532 0.000640645633723537 0.000814641738330941 0.90074085697649 0.347999999999956 0.313000000000102 34.2310000000002 37.8580000000002

 8906 6 10000 5 0.9 7.579 0.743 3880.396 3.80999999999995 0.999991185371187 -0.0020660960289234 -0.00226668027917546 -0.00238323961133192 -0.00159460233101153 0.900053953274587 0.999996224194758 -0.00242400851080195 0.000889466159841089 -0.000190795661605519 -0.000920991819999067 0.90030502099817 0.999991183577355 -0.0020664947140828 -0.00226681634113679 -0.00238331811461266 -0.00159489987047847 0.899996991591699 0.999996223667719 -0.00242394938605011 0.000890042053239735 -0.000190688423030754 -0.000921185510000689 0.900245787739363 0.420000000000073 0.442999999999756 34.6310000000003 36.556

 8905 5 10000 5 0.9 7.677 0.774000000000001 3894.078 5.6560000000004 0.999993546615092 0.000898881431555131 -0.0017054018384124 -0.00277486473201599 0.00122084832401959 0.898440685711836 0.999998228316566 -0.00148715126475888 0.000172110345818638 -0.000796085372051422 0.000817539573347179 0.90055977806492 0.999993547337467 0.000899227628739681 -0.00170529394292012 -0.00277455858539925 0.00122084819912288 0.898395667682823 0.999998229339002 -0.00148656479011667 0.000172084321371415 -0.000796108481276407 0.000817338521684631 0.900497704579927 0.383000000000266 0.496000000000095 37.1700000000001 34.893

 8912 12 10000 5 0.9 7.452 0.743 3901.01 6.1239999999998 0.999995997227819 -0.00143164486445488 -0.00194924359293436 -0.000461202644692701 0.00139415309673292 0.899395422999701 0.999999157855027 -0.0012509719445078 1.50874849320776e-06 -0.000239202166196028 0.000249275906924128 0.898939129482074 0.999995997060616 -0.00143156382425634 -0.00194961913702685 -0.000460653073062168 0.00139401281517001 0.899343476097888 0.999999157972587 -0.0012508571170773 1.34031417939218e-06 -0.000239014669956951 0.000249561174942634 0.898890257381402 0.507999999999811 0.48700000000008 37.1579999999999 32.2440000000001

 8910 10 10000 5 0.9 6.176 0.744999999999999 3937.643 5.08999999999969 0.999995366112916 0.00024787751993232 0.000777033442117339 -0.00292694489981238 -0.00018847284834135 0.901048063902279 0.999998482997667 -0.0012171269797673 0.000976607563015569 -0.000773811730574378 -7.57323202098481e-06 0.900081006030428 0.999995367154864 0.000247486649794264 0.000777231392587489 -0.00292657392811781 -0.000188402687968915 0.900982336926381 0.999998482939993 -0.00121720688779377 0.000976470948895209 -0.000773933525555559 -7.51590346248557e-06 0.900023385715327 0.496999999999844 0.494999999999891 34.1059999999998 22.8799999999997

 8902 2 10000 5 0.9 8.478 1.012 3953.185 6.44900000000007 0.999998805765805 -0.000989724050966631 -0.000605287047238095 0.00063091027987187 -0.000802803261660317 0.900856940434144 0.99999840672744 0.00137421415482923 -0.000689278485037515 -0.000581063691373331 0.000696662181419487 0.899238518688931 0.999998805900325 -0.000989438098492899 -0.000605014663489637 0.000631005820320464 -0.000803118350171327 0.900793259404193 0.999998407442348 0.0013738302981002 -0.000689460809722411 -0.000581109326321591 0.000696174419756294 0.899188058925047 0.403999999999996 0.35799999999972 27.2539999999999 24.375

 8908 8 10000 5 0.9 8.353 0.971 3993.648 3.3439999999996 0.999998001826485 -0.000659902451238099 -0.000359471100078902 -0.000408544922769386 -0.00180686008468487 0.899389979503763 0.999997928996304 0.000311777530999767 -0.00091975315003288 -0.00162288554709133 0.000751727688686409 0.900069141200162 0.999998002375008 -0.000659500308296733 -0.000359150930849165 -0.00040841665527603 -0.00180679599896403 0.899338273431248 0.999997928912545 0.000311700000156135 -0.00091973945786032 -0.00162296396477162 0.000751718717075782 0.900012622710265 0.393000000000029 0.360000000000127 24.991 19.6619999999998

 8909 9 10000 5 0.9 8.15 1.135 3997.104 3.39199999999983 0.999999469253647 -0.00014448117604257 -0.000856310945636601 8.94666237956321e-05 -0.00054712420986176 0.899519691016272 0.999998701252245 0.000770633736769043 0.000820311833658044 0.00016422593643037 0.00114181250879952 0.901214478385012 0.99999946950355 -0.000144723930432049 -0.000856053439158198 8.95610907320637e-05 -0.000546990788192185 0.899467067571573 0.999998701836617 0.000770660993440574 0.000820359986895192 0.000163729224386827 0.00114131895043288 0.901147610099968 0.349999999999909 0.367999999999938 23.4780000000001 19.0059999999999

 8919 19 10000 5 0.9 1.432 1.819 3872.99 1.69300000000021 0.999997112904912 -0.000964583943929479 -0.00071571574703105 0.00137265204091716 -0.00156439668905402 0.900545731358246 0.999997117382192 -0.000876946411090662 0.00209940648018762 -0.000329414875910946 0.000692943409243475 0.899438853747508 0.999997113229259 -0.000964389400376607 -0.00071570737563207 0.00137272250625222 -0.0015642512927346 0.900484329592381 0.999997116829667 -0.000876949938957525 0.00209965202740952 -0.000329231547006503 0.000693079440024623 0.899386411552836 0.317000000000007 0.228000000000065 16.0920000000001 18.8150000000001

 8916 16 10000 5 0.9 1.153 1.217 3929.356 2.65199999999959 0.999995055322902 0.00159845085387815 -0.000408571643197312 0.00181973435480069 0.00196364984250008 0.900494448023383 0.999996995182608 0.00042096869137822 -0.00143367611036909 0.000795833409885364 0.00177302935950785 0.899092337879669 0.999995055640532 0.00159814406509116 -0.000409325909508325 0.00181968654519725 0.00196362501831939 0.900434121652794 0.999996994453498 0.000421105545630779 -0.0014338432798831 0.00079600378095653 0.00177319641326904 0.899043016497709 0.277000000000044 0.222999999999956 23.422 25.9780000000001

 8917 17 10000 5 0.9 1.259 1.25 3917.87 3.41200000000026 0.999998150813577 2.08079531958646e-05 -0.000486641866532113 -0.00185332171376767 -0.000162218290886201 0.89959502493743 0.999999086263167 0.00059669097270013 -0.00118873184912567 9.29704245620493e-05 -0.000222947986490583 0.898462825651256 0.999998151085951 2.09920733109424e-05 -0.000486553632475468 -0.00185320661373065 -0.000162095099921484 0.899541949085026 0.9999990864912 0.000596331795759931 -0.00118875175411936 9.29364689952924e-05 -0.000222794151030505 0.898417607709381 0.319999999999709 0.331000000000131 25.4099999999999 25.9629999999997

 8913 13 10000 5 0.9 0.559 0.871 3974.537 4.08699999999999 0.999994947609792 -0.00258948649435741 0.000239652274359063 -0.00118170877909184 -0.0013947923625132 0.900381149030361 0.999998108214877 -0.00115254468043428 0.000841503548041931 0.000340058520034492 0.00127727812468489 0.899772187974136 0.999994947878385 -0.00258957138358801 0.000239513889148816 -0.00118164758554703 -0.00139451777897473 0.900320715282186 0.999998108236576 -0.00115268607162907 0.000841197649250966 0.000340423007662339 0.00127723794966561 0.899717166536328 0.377999999999702 0.390000000000327 26.502 25.616

 8914 14 10000 5 0.9 0.999000000000001 1.395 3979.602 4.42599999999993 0.999998156765826 0.00110144936567211 -0.00142036399099681 0.000411754392624311 0.000535068872166251 0.900735109098237 0.999997884343443 -0.000753872023097831 0.000254455747974538 -0.00186983146630519 -0.000319324555194809 0.900088199980517 0.999998157543509 0.00110113569681201 -0.0014203145629502 0.000411728783734608 0.000534411559722676 0.900671691181597 0.999997884166586 -0.000753960861329533 0.000254816239114171 -0.00186980925442615 -0.000319511200885179 0.90003110052637 0.438999999999851 0.418999999999869 22.8119999999999 15.4699999999998

 8915 15 10000 5 0.9 1.143 1.193 4021.395 2.3090000000002 0.999995432517994 0.00118801844329339 -0.00106563464530863 -0.00037329878550769 0.00253941452850257 0.900066808633581 0.999999193973088 -0.00040748377338833 -0.000687007366236595 0.00074223313929201 0.000650477513008005 0.900953854414772 0.999995431213898 0.00118819290005763 -0.00106548680466242 -0.000373278189659826 0.00253991146019834 0.900009629156776 0.999999194645422 -0.000407172634156683 -0.0006868462587834 0.000741435329782411 0.000650718696080108 0.900888406846846 0.193000000000211 0.226999999999862 25.8139999999999 33.7489999999998

 8918 18 10000 5 0.9 1.167 1.11 3995.421 2.79899999999998 0.999998783481617 0.00130267082128605 0.000617051697039941 0.000223236006949101 -0.000552717744704589 0.900628378240332 0.999996274512732 0.000104501122220868 0.000825824097638316 -0.00257974577909268 -0.000320883852598324 0.901454149224128 0.999998783300906 0.00130275575975366 0.000617407866371456 0.000223007596937799 -0.000552538936373503 0.900565824033822 0.999996275213102 0.000104416919956868 0.000826220606342896 -0.00257938430802346 -0.000320613678161556 0.901384033767012 0.279999999999745 0.254999999999654 30.098 33.7239999999997

 8928 28 10000 5 0.9 1.075 1.346 3900.849 2.60399999999981 0.999994388938621 0.000517254344695125 -0.00240953236615111 0.00218769530576142 0.00060223105455055 0.901914919143968 0.99999929241161 0.000823678124484889 -0.000671499297784803 -0.000391867243800277 -0.000363674831935411 0.900661968491009 0.999994388826353 0.000517289522331806 -0.00240949969196799 0.00218771658172426 0.000602440661252383 0.90184118542398 0.999999292573309 0.000823698926110293 -0.000671543143648861 -0.000391382358299399 -0.000363624279244612 0.900599918174947 0.399999999999636 0.385999999999967 30.1019999999999 32.549

 8931 31 10000 5 0.9 1.113 1.158 3898.958 4.61400000000003 0.999997319674364 -7.34736494683398e-05 -0.00181888068053622 -0.00103077993380198 -0.000992175140483354 0.899540368621251 0.99999559056233 -0.000942982094471767 -0.000553373638070809 -0.00275488548873405 -0.000184456571693352 0.900045620082296 0.999997320820312 -7.31269118389828e-05 -0.00181866983238423 -0.0010300893758017 -0.000992149470339815 0.8994872215033 0.999995591981031 -0.00094302462116784 -0.000553016784641467 -0.00275444268924663 -0.000184230776509373 0.89998861863024 0.371000000000095 0.364000000000033 30.962 31.5099999999998

 8932 32 10000 5 0.9 0.589 0.801 3920.336 5.65899999999965 0.999993500391733 -0.00334935546028627 -0.000131106589272617 -0.000307671746925887 -0.00129195257184266 0.901056327432785 0.999998761483709 5.38619077659207e-05 -4.41008929244087e-06 0.00122382698761412 0.000988108293031895 0.901844392743937 0.999993499123166 -0.00334956605941361 -0.000131674905525143 -0.000307753747922149 -0.00129231109678975 0.900990620602438 0.999998761948081 5.31080412434687e-05 -4.54726334818396e-06 0.00122385922716777 0.000987638474413285 0.901771457991641 0.452000000000226 0.498000000000047 29.7359999999999 23.4660000000003

 8922 22 10000 5 0.9 1.539 2.363 4009.681 5.47500000000036 0.999998969196982 -0.000415138198253589 -0.000263271132916376 0.000507189017960101 -0.00125008514144666 0.897667452666522 0.99999887154627 0.00141928531148546 -6.41080877604349e-05 0.000359346470055656 -0.000330598938223536 0.89876280518697 0.999998969296181 -0.000414863853028033 -0.000263245259130339 0.000507124063186488 -0.00125012866429532 0.897627858907174 0.999998871839287 0.00141917241658031 -6.40754759097066e-05 0.000359174761455257 -0.00033039011758564 0.898715488248563 0.367000000000189 0.385999999999967 22.4809999999998 25.7169999999996

 8926 26 10000 5 0.9 1.959 2.699 4001.206 2.93900000000031 0.999997992706779 -0.00192846796568576 -0.000350954163637231 -0.000221838059637333 -0.000351016763715144 0.901049959320975 0.999992483633861 -0.000664539602294639 -0.0029885428831101 -0.00196998192887546 0.00133373368221144 0.897935404616982 0.999997993749543 -0.00192804432655753 -0.000351099367945465 -0.000221421380312898 -0.000350490755409967 0.900984024113607 0.999992483716884 -0.000664402785339111 -0.0029884831829017 -0.00197012752833661 0.00133365830109837 0.89789405634973 0.304999999999836 0.364000000000033 26.4670000000001 36.3540000000003

 8927 27 10000 5 0.9 2.029 1.949 4006.501 5.08799999999974 0.999998216212504 0.00135145206130773 -0.00126829762243847 6.82341176367255e-05 0.000357651201503504 0.900407433853414 0.999997301141049 -0.00110060855981566 0.00139688592566288 0.00136445403698338 -0.000611020709824471 0.899575445255939 0.999998216006047 0.00135148432493689 -0.00126847056627743 6.82059159200515e-05 0.000357498556258615 0.900347575859753 0.999997302032545 -0.00110066404379677 0.0013967798598555 0.0013640882005739 -0.000610520842146057 0.899522142401219 0.404999999999745 0.27599999999984 26.1390000000001 40.6309999999994

 8929 29 10000 5 0.9 1.246 1.589 4015.434 3.49800000000005 0.999996046036167 -0.000807050371863946 -0.001838393985153 0.000771747206549202 0.00181143466210942 0.898684323660948 0.99999700596513 -3.25378663118828e-05 0.00200917617486275 0.00133474015166947 -0.00041070900880544 0.899227028761635 0.999996045919241 -0.000806935489033581 -0.00183839400895104 0.000771694094182573 0.00181157298827294 0.89863748476892 0.999997005589817 -3.21716938442951e-05 0.00200926468192547 0.00133497746687439 -0.000410447295048381 0.89917631542019 0.349999999999909 0.275000000000091 37.4860000000003 34.0359999999996

 8924 24 10000 5 0.9 2.118 1.856 4066.897 4.779 0.999998078086817 0.0012376300814484 0.00133917194359569 -0.000719929569258058 2.03561751846166e-05 0.898914346094258 0.999998327041721 -3.1302172092968e-05 -0.001487864046112 0.000210380284445826 0.00104256158062972 0.899965738030131 0.999998077464861 0.00123784482255716 0.00133925008821987 -0.000720281699814275 2.02546624740037e-05 0.898866211613064 0.999998326925298 -3.09303111282576e-05 -0.00148768207893501 0.000210319792919295 0.00104295615308041 0.899909028624775 0.432999999999993 0.458000000000084 39.1209999999996 32.6809999999996

 8920 20 10000 5 0.9 1.64 1.876 4085.399 4.55500000000029 0.999998424453513 -0.000537299424240269 -0.000566049324256505 0.000283602714517205 0.0015689351434398 0.899865218560681 0.999998741995245 0.000865529883982886 -0.00070527445027234 0.000962139005900294 -0.000586295515388108 0.898313624230475 0.999998424652652 -0.000536810118479142 -0.000565953788841678 0.000283787434994547 0.00156897677225903 0.899809342603723 0.999998741716632 0.000865423104234314 -0.000705327507683129 0.000962504089297339 -0.000586265289116333 0.898269606321352 0.570000000000618 0.4399999999996 41.6540000000005 28.1319999999996

 8923 23 10000 5 0.9 2.164 2.091 4071.602 5.52600000000029 0.999996719802775 -0.00164155586423103 -0.000732443279222435 0.00118096294714515 0.00139087432756364 0.901154781202635 0.999999511642555 0.000463403994579447 -0.000726078646733946 0.000423175262169627 -0.0002360167047803 0.9006317817699 0.999996717385482 -0.00164224588766099 -0.000732467841863592 0.00118086318594707 0.00139186913969907 0.901088012511193 0.99999951173708 0.000463561404171673 -0.000725865121808569 0.000423046241906391 -0.000236195105106913 0.90056969054824 0.567000000000007 0.502000000000407 40.6480000000001 29.2080000000005

 8921 21 10000 5 0.9 1.605 1.689 4165.876 2.45800000000054 0.999996260942163 0.00236688299458459 -0.000774794674091453 -0.00108995958286374 -0.000296053888755653 0.899253191963329 0.99999504886921 0.000129691911183746 -0.00307254370229322 0.000608732108024119 -0.000272649027384114 0.899875269216618 0.999996261143916 0.00236697543872537 -0.000774907672430334 -0.00108964158130023 -0.000295507674017628 0.89920238675933 0.999995047808329 0.000130010556360095 -0.00307287669123564 0.000609008854726122 -0.000272016779085008 0.899819869115425 0.320999999999913 0.247000000000298 14.7420000000002 18.7119999999995

 8925 25 10000 5 0.9 1.93 2.18 4147.85 2.5639999999994 0.999997984151134 0.0012259591674566 0.000116881292077421 -0.00117360765817714 -0.00106663096571351 0.900045042802242 0.999998377344807 0.000615944764074837 0.000620175184500353 -0.000416316653260254 0.001519204721412 0.899558567314175 0.999997985504088 0.00122556395940053 0.000116761595525353 -0.00117319490297412 -0.00106628382511754 0.899988645336159 0.999998377298407 0.000615976330535385 0.000620130849876927 -0.00041590438829465 0.0015193534752715 0.899505493499999 0.322000000000116 0.246999999999389 18.3910000000005 14.585

 8930 30 10000 5 0.9 0.999 0.8 4180.036 1.71399999999994 0.999995194028637 0.00198849649201614 0.000638726188242021 0.00113860832762813 -0.00198831618774206 0.899488692532285 0.999997304469182 0.00184615090996835 -4.97810968576888e-05 -0.00136748997060266 -0.000332075610021645 0.899078414876819 0.999995194353049 0.00198872369458797 0.000638682973963444 0.00113814326902134 -0.00198820593295947 0.899436042807123 0.999997303707958 0.00184640924488268 -5.00751165101168e-05 -0.00136761869030026 -0.000332357209206016 0.899029114739731 0.206000000000131 0.162999999999556 14.0570000000007 14.9949999999999

 8880 80 5000 5 0.9 1.901 2.614 1791.574 0.695999999999913 0.999992287875461 0.00075745111032486 0.00204876266131594 -0.00251038454145913 -0.00208590470235696 0.899541325396442 0.999994523276841 -0.00099225075727809 0.00042698600367864 0.00286380768851061 -0.00125902471522758 0.899392884319392 0.999992289226192 0.00075706760609498 0.00204841435122274 -0.00251041624163073 -0.00208570029962509 0.899487947100603 0.999994522156192 -0.000992892688908816 0.000426790485186641 0.00286410789897801 -0.00125879209634227 0.899341047781915 0.00500000000010914 0.00200000000018008 0.383000000000038 0.364000000000033

 8934 34 10000 5 0.9 0.573 0.788 4089.232 1.72700000000032 0.999997238724867 -0.000445102863887008 -0.00125860384934806 -0.0018043365797601 -0.000696212567458945 0.899387307294357 0.999997201113545 0.0010713531183137 0.0014092406525468 0.00150305662682801 -0.000452580525770418 0.899709316812026 0.99999723955752 -0.00044483693396976 -0.00125864197049142 -0.00180397081688387 -0.000696065460484862 0.899335707850934 0.999997201046833 0.00107152133258448 0.00140945963258395 0.00150277595625052 -0.000452579830970359 0.899654995071181 0.104000000000269 0.109000000000378 14.6570000000002 15.0890000000009

 8938 38 10000 5 0.9 2.227 2.495 4000.217 1.69300000000021 0.999997457175698 0.00163954006891013 0.000345420901923595 -0.000443071808508832 0.00144288678484785 0.899256862398856 0.999995657136442 0.00191595325206853 -0.000302130475506067 0.00205626013559044 -0.000833872185381518 0.900802147227979 0.999997458931035 0.00163892926024884 0.000344893781404976 -0.000443198803181072 0.0014424511960016 0.899205834432048 0.999995656741261 0.00191591389152366 -0.000302324345690239 0.00205628692784302 -0.000834300087268438 0.90073869638517 0.235000000000127 0.197999999999865 16.3339999999998 24.0419999999999

 8933 33 10000 5 0.9 1.112 0.787 4154.661 2.48599999999988 0.999998444262192 -0.000938254801244313 0.00071612703405155 0.000514766852049789 -0.00120554066003281 0.901219535849887 0.999994106589079 5.51732745208271e-05 -0.000610149716241964 0.00127184314198763 0.00312951679434413 0.899540904056924 0.999998444774666 -0.000938483692782212 0.000715461189227337 0.000515120654917481 -0.00120518156509052 0.90115169377579 0.999994108030086 5.5449357969457e-05 -0.000609731136393679 0.00127206349432394 0.00312904344645575 0.899487895734636 0.326000000000022 0.25 22.5999999999995 29.0149999999994

 8937 37 10000 5 0.9 2.12 3.109 4027.51 3.30099999999993 0.999999118180281 0.00108820126443498 0.000381731588234725 -6.44703813869574e-05 0.000655424467371623 0.900779878059014 0.999999571255467 0.000741737754272618 0.000377625515779905 -0.000400673760150917 6.46025863833468e-05 0.899559536582551 0.999999118262338 0.00108807261419525 0.000381733260717171 -6.42324197991787e-05 0.000655535236685863 0.900716927868376 0.999999571404869 0.000741676392019548 0.000377719498282948 -0.000400322858483458 6.46204115373513e-05 0.899506713660802 0.33199999999988 0.338999999999942 27.8720000000003 32.7660000000001

 8939 39 10000 5 0.9 1.481 1.603 4029.672 3.71099999999979 0.999999599156518 0.000695305503695217 7.75449562292497e-05 -0.000473099826146307 0.000297322039564616 0.899807627613204 0.999994752495678 -0.00139982566240263 -0.00156402982319622 0.00112885321515237 -0.00219430407032706 0.900472486382471 0.999999598886273 0.000695703414261419 7.75336644175077e-05 -0.000472940406451655 0.000297556643558826 0.899752670727013 0.999994753357909 -0.00139965547583124 -0.00156406570477358 0.00112847588961302 -0.00219418819626865 0.900411983696001 0.391000000000076 0.445999999999913 31.723 37.5450000000001

 8941 41 10000 5 0.9 1.811 1.554 4002.928 3.44900000000007 0.999999357583167 -4.30344819331897e-05 -5.98359975136354e-05 -3.33683665646236e-05 -0.00113061376764962 0.899591504047189 0.999992575942853 0.00123732285299553 -0.00120061549279143 0.00203632122289255 -0.00278010964722602 0.898781511319352 0.999999357803764 -4.29452982657662e-05 -6.0029680590087e-05 -3.29509820868024e-05 -0.00113042400477185 0.899538514026792 0.999992576476173 0.00123756717186825 -0.00120055229588011 0.00203622828391341 -0.00277990442290453 0.898734326782827 0.394000000000233 0.375 31.212 37.4490000000001

 8942 42 10000 5 0.9 1.6 1.4 4016.48 3.94900000000007 0.999996120344176 0.00108201410190753 -0.00242896285532634 -0.00042197366254974 0.000714576625855936 0.900739589596775 0.999997562175444 0.001495884114808 0.000934132353840473 8.92146139839381e-05 -0.00132567393471133 0.899134367810062 0.999996119134194 0.0010818221705766 -0.00242967469669497 -0.000421458769170771 0.000714444340540258 0.900676139261189 0.999997562467439 0.00149570578689597 0.000934129453994788 8.91535340497376e-05 -0.00132566103872884 0.899084374746357 0.389999999999873 0.382000000000062 37.8300000000004 33.9939999999997

 8944 44 10000 5 0.9 0.655 0.811 3999.565 5.67200000000003 0.999999424013653 -0.000994021982315133 0.000160816918009256 -0.000249242054137872 -0.000275515841300695 0.900064107980595 0.999998228258927 -0.00155344116312312 0.000505305824856329 -0.000757017062326106 0.000549445858075784 0.9000104622451 0.99999942443857 -0.000993839853218167 0.000160576405026803 -0.000249597726430665 -0.000274446840374805 0.900007270424837 0.999998228121459 -0.00155337553993224 0.000505066914387241 -0.000756985314652451 0.000550144545215155 0.899953931914319 0.440999999999804 0.480000000000018 37.5839999999998 31.6639999999998

 8940 40 10000 5 0.9 1.406 1.462 4076.939 5.04799999999977 0.999997528213312 0.000650378328940501 -0.00162484664721062 -0.00014816206081083 -0.00136326691176169 0.900590255157337 0.999997015744226 0.00234557547858764 -0.00017843299806071 -0.000639096258656835 0.000162775778489306 0.898769937992506 0.999997527603206 0.000650077917595464 -0.00162512357963533 -0.0001481584099426 -0.00136352800243663 0.900528841153442 0.999997015323105 0.00234579798773286 -0.000177995471724126 -0.000639062220212484 0.000162769077093909 0.898722432938947 0.452999999999975 0.484999999999673 36.3570000000004 25.7169999999996

 8935 35 10000 5 0.9 2.568 3.17 4153.872 6.21699999999964 0.999998540768079 0.000805544281036641 -0.000186629155341608 -0.000723847229042437 0.00130796592892735 0.900030181983717 0.999997514391695 7.22348644500906e-05 0.0015077969866982 -0.00143728844860152 -0.000791670839486499 0.89981913990412 0.999998540840638 0.000805122565215855 -0.000186233552024486 -0.000724116668698849 0.00130807735391589 0.899973215184523 0.999997514898515 7.24006846506699e-05 0.00150747032316358 -0.00143737727790012 -0.000791476292026551 0.899763475168285 0.492000000000189 0.473999999999251 31.4219999999996 20.0430000000006

 8936 36 10000 5 0.9 2.586 3.066 4199.617 1.69800000000032 0.999997493467253 0.000890208195272855 -0.000166419360512318 0.00185535717521021 0.000866338807341322 0.89981137330431 0.999996928351564 0.00100632220356596 -0.00149741328200433 0.0012845061490538 0.00111283443296506 0.89948147728487 0.999997494282389 0.000890174785959825 -0.000166744828399297 0.00185489522698032 0.000866358847137248 0.899756453229156 0.999996928494243 0.00100593883146956 -0.00149707489956601 0.0012849034146135 0.00111304946342622 0.899429130508885 0.264000000000124 0.231999999999971 14.6009999999997 15.1619999999994

 8943 43 10000 5 0.9 0.764 1.08 4158.278 1.6279999999997 0.999999111645094 0.000723649949582831 -0.000174730584313022 -0.000707585000489809 -0.000849607240743357 0.900872949022852 0.999997733939259 -0.000167204406458345 -0.000813614961674382 -0.000128034908321674 0.00195596441418147 0.898859805798121 0.999999111530872 0.000723846809054129 -0.000174489653432337 -0.000707868227040045 -0.000849387543147809 0.900808743429797 0.999997734319634 -0.000167153766585827 -0.000813308554877281 -0.000127985299741667 0.00195590495024742 0.898811527471882 0.251000000000204 0.302000000000589 15.3010000000004 15.2399999999998

 8946 46 10000 5 0.9 1.848 1.73 4029.68 1.63400000000001 0.999999506119651 0.000608359789056548 0.000685593163721221 0.000147065587956623 0.000354954288525385 0.899493335478374 0.999998389458102 -4.32164399679665e-05 0.000534166590165112 -0.00084705361699668 -0.0014887510756011 0.898943453523705 0.99999950602316 0.000608479699448827 0.000685670639210461 0.000146848805715105 0.00035496069485477 0.899440708315149 0.999998389119226 -4.30377399422965e-05 0.000534209370281961 -0.000846996991741432 -0.00148900072237607 0.898894743638903 0.215000000000146 0.172999999999774 15.203 15.8470000000002

 8945 45 10000 5 0.9 1.725 2.277 4092.672 2.42200000000048 0.999999397907927 0.000170618225925195 -0.000841415138397807 0.000433612884633061 -0.000528274204005439 0.900499442150386 0.999997095576911 0.00179330315546549 0.00157729721205168 0.000276907363222523 -0.000168396414112835 0.899833324698258 0.999999397369558 0.000170779229899982 -0.000841896271450928 0.000433581544303309 -0.000528500414007936 0.900438546654862 0.999997095023379 0.00179357806911304 0.00157733387539978 0.000276829165581439 -0.000168540714624611 0.899777835528031 0.404999999999745 0.333000000000538 16.7969999999996 19.7420000000002

 8951 51 10000 5 0.9 1.71 1.775 3975.417 2.34000000000015 0.999998840299323 0.000897557397744305 -0.00105136132734504 0.000413629660336025 0.000487176139198724 0.900104927144866 0.99999705776685 -0.00107874762958679 -0.000626171627049553 -0.00119563711781778 0.00170268087768073 0.899879529946347 0.999998839883274 0.00089741553375179 -0.00105171921560628 0.000413813397600975 0.000487362934732525 0.900047291645485 0.999997056480152 -0.00107952043502796 -0.00062634113631749 -0.00119535424540202 0.00170308298994482 0.899823657815125 0.30199999999968 0.431999999999789 26.922 33.5880000000002

 8957 57 10000 5 0.9 2.098 2.686 3867.2 2.67400000000043 0.999999153856727 -0.000219488640919636 -0.00123317485682852 0.000295560111666988 0.00018982770784335 0.900349182610753 0.999998290118639 0.000150207392387968 0.00073152546975133 0.00165651319301801 -0.000343557951564613 0.900297811662487 0.999999154158306 -0.000219568675427269 -0.00123282547608375 0.000295806744771358 0.000190031537747843 0.900289940611485 0.999998290896388 0.000150011507096919 0.000731503165211922 0.00165606525087916 -0.000343586750912221 0.900238509602301 0.446999999999662 0.332000000000335 26.3870000000002 34.5700000000002

 8948 48 10000 5 0.9 1.044 1.267 4082.069 3.97299999999996 0.999997811024367 -0.000834245089185622 -0.00152115324991615 -0.000740362458364063 -0.00090550418304475 0.899592437349805 0.99999909484827 0.000495906648539508 9.46140761023715e-05 0.000922942155709198 -0.00083881177255183 0.898976238785011 0.999997811739614 -0.000834038719050919 -0.00152077338721335 -0.000740739576290363 -0.000905233993661275 0.899539681328972 0.999999094393479 0.000495490929443022 9.44834113475041e-05 0.000923161406911188 -0.000839372898175204 0.898927170639325 0.288000000000011 0.360999999999876 29.4919999999993 33.7190000000001

 8949 49 10000 5 0.9 1.621 2.133 4073.1 4.33799999999974 0.999999701193216 -0.000747208078342826 -4.58321776364703e-05 0.000103620325320561 0.000162652408618491 0.899586076712163 0.999995323344927 -0.00235104594734398 0.000138827746489608 0.00122812747433381 0.00151601483904202 0.899985627591852 0.999999700854222 -0.000747602391138462 -4.62084731325376e-05 0.000103886504424503 0.0001626484002325 0.899532538321379 0.999995322512644 -0.00235137295894684 0.00013876393394206 0.00122806030514958 0.00151611691442013 0.899929556515678 0.326000000000022 0.333999999999833 32.9550000000004 30.4859999999999

 8953 53 10000 5 0.9 1.462 1.684 4019.741 5.33399999999983 0.999998305901743 0.000360887549905105 -0.000177351065070025 0.00139054979254816 0.001137045158918 0.901327205105176 0.999997797674767 0.00199870216791329 0.000128297378793103 0.000345829522892672 0.000523237024056752 0.900357857222059 0.999998306511743 0.000360637894837673 -0.000177548334467416 0.00139011233211829 0.0011370920138608 0.901258821377994 0.999997798082411 0.00199853051647636 0.000128545846906695 0.000345732530231351 0.000523116705675835 0.900297875630193 0.463999999999942 0.500999999999749 31.9670000000001 22.1950000000002

 8947 47 10000 5 0.9 1.033 1.337 4135.613 5.35899999999947 0.999997148852655 0.000913243741651769 0.00127085071548617 0.000841413108679432 -0.00159537922379268 0.899974934300219 0.999996785973401 0.00187394300159447 -0.000257642086779101 0.00163557550848097 0.000418203066921045 0.899891134121887 0.999997150394471 0.000913094254901693 0.00127055270140198 0.000841359201135828 -0.00159476404121798 0.899918725107615 0.999996786893701 0.00187370436062313 -0.000257709850586465 0.00163529856672139 0.000418112992065772 0.899835350632443 0.397999999999229 0.44800000000032 28.8760000000002 20.2350000000006

 8955 55 10000 5 0.9 1.857 2.138 4042.19 1.93499999999995 0.999999210447474 -0.000302640469014149 0.000976977138588827 -0.000712386989484607 0.000159792435366329 0.901035251323862 0.999997565317839 0.000417250695755341 0.0015553681275209 0.00136251770522069 -0.000647792977208411 0.899983011894937 0.999999210320108 -0.000302729344392337 0.00097705593447631 -0.000712347883477589 0.000160113391300466 0.900969302413769 0.999997564956906 0.000417468751048189 0.00155567453943002 0.00136257596081731 -0.000647351202235968 0.899926614089124 0.170999999999822 0.408000000000357 31.9539999999997 38.1590000000001

 8960 60 10000 5 0.9 0.942000000000001 0.788 3962.594 1.81799999999976 0.99999802085905 -0.000788103282894272 -0.000714267874497128 0.00110967655491773 -0.00126317478794297 0.899352299243261 0.999998693875049 0.000451477391969856 0.000868562623945693 -0.000911649283964712 -0.0009071443720699 0.90133013160157 0.999998021441495 -0.000788214799220513 -0.000714441913203967 0.0011094783025098 -0.00126271975339187 0.899300900271237 0.999998693918165 0.000451444031279127 0.000868691654768652 -0.000911488808330622 -0.000907151152041666 0.90126213204482 0.315000000000055 0.402999999999793 32.027 37.77

 8958 58 10000 5 0.9 1.478 1.065 3968.798 2.13300000000027 0.999999016836648 0.00030100024202855 -0.000225257774424897 -0.0013438401245661 0.000138120403901361 0.901839718117893 0.999996479281393 -0.000151025688349973 -0.000260257880092482 0.000471544955084481 -0.00259394048720435 0.899622979364252 0.999999016025125 0.000301312195304065 -0.000226135747727161 -0.00134417399917932 0.000138631256775737 0.901766826983689 0.999996479469583 -0.000151204178987998 -0.000260234826125212 0.000471564844215704 -0.00259385623542309 0.899569057949713 0.33199999999988 0.430000000000291 33.1770000000001 37.7809999999999

 8950 50 10000 5 0.9 1.753 2.105 4110.097 4.3760000000002 0.999997967198757 -0.000967038880014362 -0.000833709828401006 -0.00143471167920819 0.000613974330675847 0.900733903041839 0.999997112899484 -0.000825031285402677 -0.000738690189026535 -0.000211725326582799 -0.00212203328553506 0.900626519819649 0.999997967059333 -0.000966947021662901 -0.000833472835830806 -0.00143502998054665 0.000613923973205037 0.900671247089286 0.999997113367081 -0.000824542760731939 -0.000739029451669392 -0.000211876235775398 -0.00212186961697129 0.900564674745796 0.449999999999818 0.422999999999774 36.1809999999996 33.4979999999996

 8952 52 10000 5 0.9 1.577 1.366 4110.927 4.97199999999975 0.999996892681707 -0.00172770134160611 0.000865732317359291 0.00117327211724758 0.00105053086502154 0.899904908119308 0.999997757041128 0.00163010811271153 0.000850106814055763 0.00104951248959485 6.70983759910018e-05 0.89998585290104 0.999996891471716 -0.00172806566450305 0.000865849599984472 0.00117333777506442 0.00105091336507991 0.899848794303391 0.999997756841424 0.00163009862826926 0.000849995897094344 0.00104977366657677 6.76225298964684e-05 0.899929249119889 0.583000000000538 0.499000000000706 38.8410000000003 28.0159999999996

 8954 54 10000 5 0.9 1.83 2.05 4129.088 3.89600000000064 0.9999981125568 0.000555809526994087 -0.000843752816092934 -0.00100090345234829 -0.00132371903064565 0.898969985101084 0.999997468224501 -0.000184671501225905 -0.00103020522608569 -0.00199133880966967 5.18455499372913e-05 0.90111953876317 0.999998112823197 0.000555891100310607 -0.000844185912217036 -0.00100067153063934 -0.00132338269697392 0.89892118684639 0.999997467750403 -0.000184788662311851 -0.0010304887743154 -0.00199142974519054 5.14430512990795e-05 0.901053492955025 0.377000000000407 0.373000000000502 23.2290000000003 20.0749999999998

 8956 56 10000 5 0.9 2.391 2.346 4086.521 3.48400000000038 0.999998227450192 0.000283058410006303 0.00166372618928109 0.000522183177527881 0.000651394126011879 0.900268898655156 0.999998645354588 -0.00110866678215454 0.000712175464924263 -0.000908584595020517 -0.00038396236215994 0.899842196627339 0.999998227644315 0.000283268537700922 0.00166350016007419 0.000522358038344972 0.000651441832250779 0.900210321074844 0.999998645577659 -0.00110849667463995 0.000711931326214455 -0.000908988367163444 -0.000383369150728472 0.89978665209431 0.369999999999891 0.470000000000255 20.5019999999995 18.5150000000003

 8961 61 10000 5 0.9 0.925 0.782 4091.312 2.47199999999975 0.999998351743229 0.000501861680471151 -0.00162388803780997 -0.000386950664023432 -0.00050784102235358 0.901777525450976 0.999999540463152 0.000818750674063601 -0.000403382994028875 -0.000269358701923605 -0.000115969258702148 0.900519563400564 0.999998352096466 0.000501689950517696 -0.00162354283961447 -0.000387084013988494 -0.000508316988022552 0.901704933677788 0.999999541223929 0.000818320388494089 -0.000403022801984217 -0.000268674631413989 -0.000115283291614249 0.900458213563873 0.253999999999905 0.287000000000262 16.3830000000007 15.9340000000002

 8962 62 10000 5 0.9 1.254 1.359 4080.291 2.21699999999964 0.999997498550041 -0.000535991110615615 -0.00152687051634957 -0.00136066264813816 -0.000729979981883254 0.900047642585091 0.999998289054974 0.000918903430082335 0.000385619162950315 -0.00118357451245615 0.00101388009377089 0.900182196181145 0.999997498556665 -0.000536353888605033 -0.00152693706982991 -0.00136063961187425 -0.0007296080793962 0.89999024159462 0.999998289515499 0.000918513996080644 0.000385161626929215 -0.00118344535903169 0.00101410340658729 0.900123904476332 0.243000000000393 0.275000000000091 16.4619999999995 20.5650000000005

 8963 63 10000 5 0.9 0.612 0.806 4080.919 2.35100000000011 0.999997538109088 -7.24641855580421e-05 -0.00201730086070247 -0.000833185502340157 0.000393476633658591 0.900752331803419 0.999995820263793 0.00074800819996016 -0.00131557179683555 -0.000813854067773471 -0.00232526365828689 0.900675592010187 0.99999753682733 -7.20568365191414e-05 -0.00201793709390593 -0.000833396332915278 0.000393099888408577 0.90068927121003 0.999995819234654 0.000748840805758708 -0.00131593187915091 -0.000813892581084341 -0.00232522102548998 0.900613416735658 0.284999999999854 0.288000000000011 20.3430000000003 15.5190000000002

 8964 64 10000 5 0.9 0.576 0.809 4073.192 1.63900000000012 0.999994902800863 0.00116507760552886 -0.000303580334978352 0.00166381863316988 -0.002444690778518 0.899828784627508 0.999998193836859 0.000707372920496817 -0.000921295960734785 -0.000200988363411616 -0.00149089369197597 0.898598491768432 0.999994902226056 0.00116498806859072 -0.000303393445343618 0.00166427281917467 -0.00244468261759266 0.899773856968828 0.999998193241337 0.000707519399470602 -0.000921323001101728 -0.000201184614703332 -0.0014911804184307 0.898552576900874 0.101999999999862 0.2199999999998 20.3840000000005 19.6169999999993

 8959 59 10000 5 0.9 0.885999999999999 0.809 4184.162 1.64799999999923 0.999996792155764 -0.000291148397132318 0.00146178499395782 -0.00114149891870047 -0.00170031633627474 0.900759203323507 0.999997211972222 0.000737040056231038 -0.00175945848652747 0.00126338676651022 -0.000583934458187296 0.901399386543331 0.999996792639533 -0.000291089878031923 0.00146182702345122 -0.00114187276192172 -0.00169975459354492 0.900695950604907 0.999997211422916 0.000736847432935134 -0.0017595546866499 0.00126346858222624 -0.000584650921301488 0.901330800185769 0.297999999999774 0.412999999999556 20.7759999999998 19.9699999999993

 8965 65 10000 5 0.9 0.612 0.805000000000001 4070.991 1.69299999999976 0.999993624011678 0.00168210096888551 -0.00126332602142287 0.00196310827924705 -0.00211487247115999 0.901510381158806 0.999998863275068 -2.6598990888555e-06 -0.000902362639975188 0.000980116844190635 0.000706083660002029 0.900070386949837 0.999993624612697 0.00168181660098565 -0.00126366242419517 0.00196278484286339 -0.00211491366725038 0.901439699952836 0.999998862440379 -2.28312873181024e-06 -0.000902526305128572 0.000981076959660763 0.000705724452764573 0.900012971405657 0.1550000000002 0.186000000000149 18.0790000000002 20.6700000000001

 8966 66 10000 5 0.9 2.16 2.912 4005.839 2.2810000000004 0.999998540880374 -0.00133304182829727 -0.000693123709388544 0.00081274968071313 -1.59400834819607e-05 0.901324306462913 0.999996655383987 0.00132383461829206 -0.00211687327294803 0.000364675013367169 -0.000567928186204034 0.89939717476797 0.999998540435885 -0.00133318362182597 -0.000693259284833287 0.000812957668377105 -1.54571818789145e-05 0.901256303520505 0.999996656355951 0.00132361661166792 -0.00211642773348835 0.000364701992675971 -0.000568367917576415 0.899345478926404 0.31899999999996 0.340000000000146 19.9570000000003 17.9110000000001

 8969 69 10000 5 0.9 2.224 2.853 3988.45 1.70100000000002 0.999999155245959 -0.00109599209122928 0.000671568947947716 3.91405385188731e-05 -0.00018913452949907 0.900143864485304 0.999999555610118 -0.000647724703895295 0.000620766511831538 0.000196678294205521 0.000212600239130623 0.899856846598838 0.999999154961722 -0.00109617006008372 0.00067169141134642 3.94296103502979e-05 -0.000189111063013503 0.900085835348021 0.999999555487294 -0.000647920753184906 0.000620555411315355 0.000196677552208324 0.000213196703159207 0.899801716459202 0.260999999999967 0.190999999999804 18.319 19.9199999999996

 8973 73 10000 5 0.9 1.152 0.829 3957.361 2.4699999999998 0.999998402267526 -0.000836201851617821 -0.000674184879316644 0.0010080644563353 -0.00101267450770546 0.901524948468574 0.999998968169506 -0.000700693020557764 0.00119806499981255 -0.000190981143085937 0.000317577822987727 0.900126305936552 0.99999840201919 -0.000836191420669982 -0.000674466111685714 0.00100821213189774 -0.00101259406268979 0.901454676713047 0.999998968493813 -0.000700803599755983 0.00119760927746762 -0.00019096505135282 0.000318040864966854 0.900068798048857 0.255999999999858 0.25 20.8340000000003 17.8719999999998

 8968 68 10000 5 0.9 2.491 2.528 4066.27 1.66800000000012 0.999997615777011 0.00044639270155689 0.00182606654790681 0.00107043567004064 -0.000298030684011914 0.899565509744639 0.999995120515974 -0.00134031893511905 0.00142708912929247 0.00179222550709322 -0.00164737176859922 0.900296966725552 0.999997614290682 0.000446748198001289 0.00182659307414418 0.00107080933487263 -0.000297916266204256 0.899512709957365 0.999995120168796 -0.00134043950869231 0.00142719398365196 0.00179188148052305 -0.00164776776605607 0.900237300483883 0.262000000000171 0.340000000000146 23.462 29.5349999999999

 8967 67 10000 5 0.9 2.128 2.371 4091.798 1.69300000000021 0.999998741931405 -0.000805019601312688 -0.000782553638146486 0.000981630201327631 -0.000540454438755509 0.899865321741992 0.999999466818825 -0.000591736436865164 0.000221571694470451 -0.000656252144592046 -0.000486260385546215 0.899097298431364 0.999998742259156 -0.000805078672564478 -0.000782704273468285 0.000981183545402252 -0.000540352946722046 0.899809918843546 0.99999946685446 -0.000591608334444628 0.000221824266459461 -0.000656070958133128 -0.000486472267179112 0.899047880576779 0.339999999999236 0.372000000000298 24.0389999999998 29.0259999999998

 8972 72 10000 5 0.9 1.511 1.581 4015.717 3.48399999999992 0.999992477833753 0.00308725774945576 0.001735611460221 0.00157457415175473 -0.000146576258056128 0.899929190987869 0.999997700614545 9.61118483582291e-05 0.000339619515164457 0.00204237086718053 0.000550370749231839 0.900109300612235 0.999992478649156 0.00308731208314297 0.00173525638514752 0.00157434034662976 -0.000146584341304426 0.899873215078977 0.999997700828855 9.63548650798025e-05 0.000339744729724348 0.00204228232961979 0.000550190102606011 0.90005147709595 0.319999999999709 0.376999999999953 26.3470000000002 26.7660000000001

 8970 70 10000 5 0.9 2.255 2.413 4075.142 3.91700000000037 0.999999088929117 -0.000413865897648136 0.00123970050396822 0.000336357525380421 2.93637662607985e-05 0.900368268687994 0.999995926002963 -0.00162011396140727 0.0016888104058954 -0.000750334026359 -0.00145193887300514 0.899667472851249 0.999999089396306 -0.000413856007108726 0.00123934764610912 0.000336274184111061 2.94423137556751e-05 0.90030891530575 0.999995925424116 -0.00162005078108261 0.00168886985317294 -0.000750414836137282 -0.00145229708612541 0.899613536693216 0.404000000000451 0.386999999999716 24.607 19.558

 8971 71 10000 5 0.9 1.559 1.715 4090.324 2.03900000000067 0.999995882804316 -0.0018015646173065 5.37847008797428e-05 -0.00188773947671658 -0.00119259641995852 0.900237363809789 0.9999940200877 -0.00218541783343688 0.00121046874305716 -0.0001571399075607 0.00238617061515079 0.900444167748281 0.999995883242585 -0.00180127018413814 5.34331501031403e-05 -0.00188763167919573 -0.00119286007092333 0.90017863528307 0.999994020536354 -0.00218532582635643 0.00121051870688376 -0.000157640323685961 0.00238600849929899 0.900383973302802 0.252000000000407 0.266000000000531 19.2929999999997 19.8899999999994

 8975 75 10000 5 0.9 0.819 0.809 4046.975 1.80299999999988 0.999997005947644 -0.000437164764285417 -0.00109559933547319 -0.0021416289680191 -0.000100350266622028 0.899732556901263 0.999994341073287 -0.000617326875328141 -0.00183896673402641 -0.00268957677295767 -0.00056666309664915 0.901648632452904 0.999997006150173 -0.000437083391515617 -0.00109543254939669 -0.0021416447273924 -0.000100170807031114 0.899678293662802 0.999994340709401 -0.000618274357243479 -0.00183896262750743 -0.00268952608721818 -0.000566526143515953 0.901577500749552 0.240999999999985 0.248000000000047 19.5729999999999 19.0599999999999

 8974 74 10000 5 0.9 0.806 0.8 4147.227 1.60999999999967 0.999996323132264 0.00203919395593757 -0.00160935053111659 -0.000738421183735799 -0.000245224358430595 0.899845246622878 0.999997993976294 -0.00123056853369984 -0.000487059285306802 0.00140581439823445 -0.000533107496861607 0.901025907349362 0.999996324029303 0.00203870449493734 -0.00160949146608588 -0.000738377324904004 -0.000244842826653357 0.899789856862286 0.999997994569857 -0.00123063226361635 -0.000486788566576582 0.00140537754828159 -0.000533246035441857 0.900959850237007 0.144000000000233 0.240999999999985 18.3410000000003 19.6579999999994

 8976 76 10000 5 0.9 0.71 0.800000000000001 4086.491 1.69300000000021 0.999998812148349 -0.000325743723220385 -0.00101602955139464 -0.000310098601424879 -0.00106823018421184 0.89988708648116 0.999997739715362 -0.000219646342997173 -0.00011229764314893 0.00121168464875486 0.00172960377034391 0.900437402307736 0.99999881231098 -0.000325687854607471 -0.0010158311034991 -0.000310364339699879 -0.00106820653291206 0.899831426294753 0.999997740144187 -0.000220043550854244 -0.000111955102478851 0.00121162664500518 0.00172936817463146 0.900377103627123 0.211999999999989 0.223999999999705 19.0110000000004 19.1330000000007

 8978 78 10000 5 0.9 1.824 2.305 3862.106 1.51400000000012 0.999998782758886 0.000111936372587705 -0.00101665399677714 0.0010579411561612 0.000518773704516378 0.89935404651726 0.999998054332516 -0.00159387647912361 0.000923983976564225 -0.000634911869582028 -0.000306642269865545 0.899395168015547 0.999998782803934 0.000112272420578181 -0.00101650126478006 0.00105797491257346 0.000518844694609275 0.899302560411744 0.999998054659598 -0.00159382432585761 0.000923881586587396 -0.00063477565135311 -0.000306437147372312 0.899343073948924 0.175000000000182 0.230999999999767 18.7520000000004 19.0630000000001

 8982 82 10000 5 0.9 1.579 1.729 3782.523 1.49600000000009 0.999999931077466 -4.90012534355895e-05 -7.21245615492877e-05 0.000156280516893539 -0.000325297385797712 0.899872115227561 0.999999158257434 0.000142921319575047 -0.00105360404656373 0.000661952058034079 0.000338815444638572 0.900873940387017 0.999999931009066 -4.92175452661957e-05 -7.23049193640046e-05 0.000156371711683183 -0.000325391123381697 0.899816583111894 0.99999915840856 0.000143053829265403 -0.00105364637643831 0.000661797825572658 0.000338482976232048 0.900809403369642 0.213000000000193 0.278999999999996 18.9670000000001 19.549

 8977 77 10000 5 0.9 1.202 1.267 3961.241 1.53899999999976 0.999995390208183 0.00217914714886621 0.00174650253860131 -0.00111523632572277 -0.000420543587199807 0.900176673469711 0.99999795934867 0.000461308152815948 -0.000792249875352477 -0.000507124576053042 -0.00172732686046107 0.899841788964732 0.999995391264118 0.0021786624435529 0.00174672244654536 -0.00111510830791815 -0.000419969804955023 0.900118482718138 0.999997960055549 0.000461012395858456 -0.00079180593536679 -0.000507351613576581 -0.00172713346668215 0.899786439172716 0.195999999999913 0.187999999999647 18.752 30.9630000000002

 8987 87 10000 5 0.9 1.682 1.783 3750.199 1.49000000000024 0.999998858377431 0.000654735332942349 0.00079501814561355 -0.000314556053891183 -0.00105998401683736 0.9009697598337 0.999999674166636 0.000342078453979881 0.000454994005650911 0.000214086882381612 0.000530844811997416 0.898601236142005 0.999998859040928 0.000654887017158838 0.00079457600449116 -0.000314359305373794 -0.00105965420599788 0.90090467376019 0.999999674001284 0.000342053181704982 0.000454941003114581 0.000214190950403414 0.00053117592794865 0.898555423671119 0.230999999999767 0.192000000000007 24.2000000000003 31.6469999999999

 8981 81 10000 5 0.9 1.858 2.139 3867.654 2.53500000000031 0.999996690829891 0.0012768789002837 0.00165402934990814 0.000417611982871953 -0.00144142175762373 0.900561893663311 0.999996419011619 0.00204231843963338 0.000193557853957509 0.00169082900341108 -0.000307460514002081 0.89975843874019 0.999996691662607 0.00127642990081992 0.0016542576276519 0.000417187443702062 -0.00144110266408134 0.900501289414426 0.999996419503891 0.00204203201114297 0.000193461292389708 0.0016909631536997 -0.000307084686580644 0.899703034194761 0.391999999999825 0.298999999999978 27.2059999999997 31.4639999999999

 8980 80 10000 5 0.9 2.148 2.584 3891.386 3.51499999999987 0.999998794034131 -0.000897892245314937 0.000431632434325804 -0.00108719547163689 0.000487256859304887 0.900241779721398 0.99999914986956 0.000142930258493648 6.25101084010301e-05 0.00115533333128427 -0.000584062049580252 0.900059687893142 0.999998794573316 -0.000898345422932692 0.000431289669877189 -0.00108646291682904 0.00048725246697453 0.900183269128639 0.999999149791639 0.000142561287446762 6.26570982983301e-05 0.00115559337026425 -0.000583755368033409 0.90000256717359 0.393999999999778 0.393999999999778 32.0700000000002 28.2549999999997

 8984 84 10000 5 0.9 1.882 2.284 3848.143 4.58899999999994 0.999998802990513 -0.000389774733358571 0.00012318920260493 0.00101786202678243 -0.00109127197057162 0.899262344676912 0.999997275882936 0.000808224359810305 0.00183953500214741 -0.000946635121262735 -0.00071763013754352 0.898808392670841 0.999998802827534 -0.000389699064594638 0.000123520193661099 0.00101805934914391 -0.00109122686090919 0.899211789820685 0.999997275196645 0.000808231651018809 0.00183974508609538 -0.000946800419083906 -0.000717821612960545 0.898760476902061 0.375 0.373000000000047 31.6549999999997 28.6710000000003

 8986 86 10000 5 0.9 2.242 2.316 3805.166 4.5630000000001 0.9999959328839 -0.000407091776601216 0.000623201957448567 0.00273466674783503 -0.000318918553045479 0.901082827326632 0.999994887813029 -0.00201984386999324 -0.000333373418802945 -0.00230209921241616 0.000856609553848719 0.901398043332302 0.999995933487434 -0.000407483571903021 0.000623450622468631 0.00273439413764777 -0.00031837674988969 0.901016750914249 0.999994888090134 -0.00201973747402143 -0.000333531652212424 -0.00230203881473606 0.000856637653522885 0.901328588044534 0.327999999999975 0.416000000000167 29.1080000000002 27.9879999999998

 8979 79 10000 5 0.9 2.006 3.138 3945.931 3.47000000000025 0.999998513446141 -0.000621232733425258 -0.000683919939913027 -0.00138004730977883 0.000463571285748732 0.89923507105433 0.999997989692748 -0.000854934639677738 0.00119866440413661 0.000236634464491334 -0.00134048685255005 0.899129886769174 0.999998513774518 -0.000621252999440752 -0.000683976232697388 -0.0013797846100239 0.000463534690004848 0.899184447643014 0.99999798962963 -0.000855143048749359 0.00119854337872325 0.000236090569647443 -0.00134060511556233 0.899079734437989 0.336999999999989 0.329000000000178 28.0679999999998 26.8780000000002

 8983 83 10000 5 0.9 1.068 1.72 3903.372 3.529 0.999997159658273 -0.000555254085156233 -0.00211195563939845 -8.0925072079884e-06 -0.000954958730243542 0.899729903890619 0.999996095512702 -0.00170384479681156 0.00171967769132462 0.00100370757062434 -0.000970129892864132 0.900579185459715 0.999997159702401 -0.000555394620703248 -0.00211198514429012 -7.76513312149598e-06 -0.000954768243903276 0.899675525296574 0.999996093906538 -0.00170378122096665 0.00172036755558216 0.00100440115715748 -0.000969956187782647 0.900517247967438 0.367000000000189 0.358000000000175 28.317 27.4689999999996

 8993 93 10000 5 0.9 1.143 1.109 3715.194 3.55600000000004 0.999995488743328 -0.000284713520331312 -0.0024192393856774 0.00146168834097284 -0.000975796696734289 0.901610075249649 0.999991734377498 -0.0030383873014479 0.00155211343561218 -0.00109639768415654 0.00192047788076659 0.900150599106544 0.999995488303465 -0.000284515437449796 -0.00241937184086081 0.00146195617981771 -0.000975575575662895 0.90153870924309 0.999991733868442 -0.00303840909853058 0.00155217647975394 -0.00109621012245684 0.00192076455607713 0.900093003364513 0.364000000000033 0.369000000000142 27.7309999999998 19.8679999999999

 8990 90 10000 5 0.9 1.284 1.347 3821.108 4.60799999999972 0.999994908152849 0.00143643799173591 -0.00235011597398788 0.00100361935173694 0.00126095891163815 0.900727946087861 0.99999567308832 -0.0014718259601791 0.00217549407615307 -0.000809127380710484 -0.00104884288011787 0.899484759457439 0.999994909682851 0.00143665849963164 -0.00234947352997425 0.00100360063337657 0.00126070640638551 0.900665114579103 0.999995673108392 -0.00147242132687156 0.00217507218717976 -0.000809079453020707 -0.0010489000664028 0.899432147221812 0.396999999999935 0.214999999999691 19.8580000000002 7.12700000000041

 8992 92 10000 5 0.9 1.223 1.167 3819.61 1.53900000000021 0.999996414085252 0.00120667189849808 0.00117838165212901 -0.00122399185153743 0.00168196914258691 0.899269272922374 0.999999460653116 -0.000412417934548119 -0.000711422764570686 -0.000606116580156969 -0.000187363993677923 0.900964086331666 0.999996413160143 0.00120645525783601 0.0011784757628568 -0.00122419794745753 0.00168245856477592 0.899218524731146 0.999999460684724 -0.000412092860677466 -0.000711329071809812 -0.000606276309214435 -0.000187749098440458 0.900898881193165 0.11200000000008 0.103000000000065 14.7709999999997 21.0640000000003

 8991 91 10000 5 0.9 1.264 1.372 3850.745 1.47199999999975 0.99999493955989 -0.00032524615242326 -0.0025207247678269 -0.000862139717293935 0.00170813679321507 0.899252263824629 0.999998334633542 0.000362153850050294 -0.000677314985579848 -0.000660856409280776 -0.00151792224718817 0.898344834537598 0.999994939503774 -0.000325551367667911 -0.00252090368365138 -0.000861773481348083 0.00170803226965444 0.899201514932031 0.999998335131962 0.000361813747155145 -0.000677447057480739 -0.000660912351542784 -0.0015175916660112 0.898300453761854 0.144999999999982 0.164000000000215 16.386 19.5039999999999

 8988 88 10000 5 0.9 1.666 1.425 3907.129 1.73199999999997 0.999996398279368 0.000173165871645245 0.000638936156893875 -0.000881412571522177 0.00244710325480183 0.901120405832931 0.999999378547003 0.000918971077728208 -0.000176869839205888 -0.000434824805221965 0.00042195048877152 0.90033100107105 0.999996398851907 0.000173571998561695 0.000638367690728873 -0.000881287122870237 0.00244703405743327 0.901054517282326 0.999999378256218 0.000919226983641777 -0.00017663596411269 -0.000434800834574691 0.000422204809279531 0.900271261351254 0.262000000000171 0.257999999999811 20.1600000000003 10.3130000000001

 8985 85 10000 5 0.9 2.235 2.52 3961.272 1.54599999999982 0.999997359577157 -0.000924659066589158 -0.00182444707273413 0.00084926910830246 -0.000613171416678805 0.901367503118933 0.999997101324541 8.57163792609079e-05 0.00144021068223704 0.00122709227840811 0.00148661795683859 0.900879476994937 0.999997360252594 -0.000924910877530297 -0.0018239636981521 0.000849383786476339 -0.00061296926717089 0.901298452312063 0.999997101108457 8.52909359810427e-05 0.00144049185492982 0.001227009526767 0.00148658365947324 0.900815156955304 0.118000000000393 0.0890000000003965 7.49099999999999 7.49800000000005

 8989 89 10000 5 0.9 1.516 1.318 3959.919 1.4369999999999 0.999999401083663 -0.000710146730765091 -0.000101954814935591 2.51500500374139e-05 0.000826133540217576 0.900171954624475 0.999998963625049 0.00136876093715658 -0.000425080141706799 -0.000124002479425827 5.63256815338502e-05 0.900438212725808 0.999999400820427 -0.000710017398112829 -0.000101844951097478 2.54990977562695e-05 0.000826566078868059 0.900113823952459 0.999998963785678 0.00136858454738385 -0.000425297950149954 -0.000123931813867093 5.62713627924166e-05 0.900377144153833 0.175999999999931 0.0989999999997053 7.30699999999979 7.33999999999969

 8995 95 10000 5 0.9 0.726 1.133 3824.085 1.51099999999997 0.99999494280273 0.000844914886193156 -0.00259790732842766 -0.00155945594243275 0.000468468223807091 0.899879922081808 0.999998197844416 -0.000846308799200161 0.000554929863547813 -0.000628889701664098 -0.00147804598254807 0.900246272587049 0.999994942933428 0.000844932351185129 -0.00259796392640747 -0.00155914697327803 0.000468872098990196 0.89982434209529 0.999998198031775 -0.000845898252546016 0.000554600751882523 -0.000628957920231286 -0.00147824872418081 0.900187588948747 0.0899999999996908 0.0850000000000364 6.88400000000001 10.1879999999996

 8994 94 10000 5 0.9 1.208 1.467 3877.878 1.46699999999964 0.999999497179294 -0.000233019196468951 0.00033929471451955 0.000319176564515706 0.000856941439382749 0.901151511719673 0.999996062028632 0.00220462608178273 0.00167368005146194 0.000124347280444518 0.000445964020502051 0.898228176009915 0.999999497258638 -0.000233021306768621 0.000338904788592188 0.000319170748585959 0.000857004736891177 0.901084765367876 0.999996061312143 0.00220477179573551 0.00167387631572702 0.000124212892287122 0.00044615105711835 0.898184547021198 0.155999999999949 0.135000000000218 10.212 10.0080000000003

 8996 96 10000 5 0.9 0.672 0.795999999999999 3847.857 1.48999999999978 0.999997637815743 0.000888152199980141 0.00179537771968422 -0.000354792606168378 0.000765695535852552 0.900172490963773 0.999993971424273 -0.000488725181092759 -0.001534018233878 -0.000805906310854695 0.00296910186492371 0.900333833211567 0.999997637639184 0.000888194840228958 0.00179535957609988 -0.000354794030199857 0.000765918510685128 0.900114830430703 0.999993970679371 -0.000488781845112343 -0.00153406767596722 -0.000806518253892043 0.00296915171137184 0.900274196877722 0.147999999999683 0.150000000000091 9.77300000000014 6.98099999999977

 8997 97 10000 5 0.9 1.256 0.794 3548.201 1.45600000000013 0.999998851909111 -0.000500976228078013 -0.000678133822358573 -4.79850922890991e-05 0.00125818727885327 0.901276825634388 0.999998626976191 -0.000646509545402401 -0.000535625873020455 0.000240180261983726 0.00140836412393709 0.899296763415077 0.999998851432513 -0.000500789748303174 -0.000678266362170438 -4.83645557275326e-05 0.00125855428705955 0.901209022261127 0.999998626935178 -0.000646466735686293 -0.000535687409959975 0.000240058039639807 0.00140841032854447 0.899245560867286 0.0829999999996289 0.0739999999996144 7.08199999999988 6.8119999999999

 8998 98 10000 5 0.9 0.777 0.806 3584.119 1.42399999999998 0.999996983092117 -0.00187860573717142 -0.00105619711515888 -0.000609533861553002 0.00100874341298584 0.899153600186016 0.99999879941018 -0.0010754952882309 -0.000363278973244041 0.000595145319434414 0.000870814860297083 0.900084567125358 0.999996983118883 -0.00187872601193073 -0.00105609609249794 -0.000609404195376168 0.00100867699240989 0.899104019303439 0.999998799961575 -0.00107513965021557 -0.000363097952150937 0.000594826958695236 0.000870913835769288 0.900027605915399 0.0749999999998181 0.0819999999998799 6.96300000000019 6.72699999999986

 8999 99 10000 5 0.9 1.31 0.983 3627.012 1.45299999999997 0.999994772905537 0.00177176614931823 0.00208786614906676 0.00171061472926563 0.000172100284693534 0.899692139398801 0.999996458803916 -0.000752948183093294 0.00120295316180946 -0.000676009923101897 0.00214740842305796 0.900041023658156 0.999994774401677 0.00177170465140228 0.00208729359181875 0.00171047803497142 0.00017234361124192 0.899637739143879 0.999996458734296 -0.00075280950088151 0.0012033782265379 -0.000675952643016108 0.00214726933352825 0.899984032420145 0.112999999999829 0.114999999999782 7.91400000000021 0.582000000000335
