
 456 56 1000 10 0.9 1.816 0.759 0 0.494999999999999 0.999969670554732 0.00102001299496779 -0.000324438640616536 -0.00289942031306657 -0.00064482681951348 0.000114320463482351 -0.00653771257260183 -0.00277610656740616 -0.000384259412695722 0.000284017815635357 0.898379360246542 0.999968531213683 -0.0012276125614618 0.00396792653470445 -0.00300324926049662 0.00148413501502902 -0.00282478118645228 -0.000931657899160004 -0.00180466611595803 -0.00439586271700287 0.00174216586225505 0.896475772562726 0.999969671166313 0.0010203413667867 -0.000324653603135347 -0.00289946376228652 -0.000645004852085543 0.00011448926586729 -0.00653751900927632 -0.00277607984048655 -0.000384199967788599 0.000284320621202866 0.898359876138917 0.999968534317805 -0.00122732016000447 0.00396706106158737 -0.00300303741268509 0.0014846128390289 -0.00282497682489256 -0.000931709240640767 -0.00180453110904824 -0.00439569490844516 0.00174273768954285 0.896526179052719 0.720000000000001 0.562999999999999 7.763 9.22

 446 46 1000 10 0.9 1.229 0.892999999999999 0 0.991 0.999928875927669 -0.00126610603427881 -0.00554015964279117 0.00541749348402606 0.00364219188236409 0.00246992665489094 -0.00385227697833876 -0.00604328242273336 -0.00247115762331135 0.00193995806009591 0.897884669413418 0.999964165805534 -0.00352612597043172 -0.00190207882342351 0.00275447477302985 0.00227660512520103 -0.00415105396373194 0.0017316596583712 -0.00244169647379227 0.00150131738908331 0.00379471273040724 0.898912243146662 0.999928878416732 -0.00126610468983415 -0.00554001570271486 0.0054174856006735 0.00364227125782252 0.00247006300461529 -0.00385190808502991 -0.0060431403820431 -0.00247132384609975 0.00193974963958173 0.897866635251681 0.999964164555313 -0.00352630208146669 -0.00190213748580052 0.0027546094421644 0.00227674212812015 -0.00415089153454504 0.0017315656837154 -0.00244169912979733 0.0015015317725777 0.00379480320438516 0.898891070863688 1.036 2.123 19.159 13.082

 429 29 1000 10 0.9 2.114 6.812 0 3.27500000000001 0.999961377131562 0.00284411605629097 0.00152230114151288 0.00112994708558365 0.00642368157869069 -0.00117681047387448 0.00329838644072898 -0.000681993171694382 0.00251918921086354 0.00228510783829403 0.897986468075166 0.999916497172823 0.00183044462525741 0.00172100515407066 0.00293956037037888 8.97876420189591e-05 -0.00282286966528756 -0.000269038956286104 0.0070132273515678 0.00584990220600853 -0.0077839276436131 0.897133395849208 0.999961379336993 0.00284407779155305 0.00152228703845317 0.00112998389702735 0.00642359162806733 -0.0011765261718377 0.00329821474532849 -0.000681902910246156 0.00251913050802763 0.00228492028307829 0.897967812030676 0.999916498910544 0.00183041248601513 0.00172090777476925 0.00293947429225505 8.98298693782767e-05 -0.00282292264517091 -0.000269162174780526 0.00701327801109133 0.00584970683990769 -0.00778384322877059 0.897143361805578 3.607 3.339 5.69799999999999 0.161999999999992

 451 51 1000 10 0.9 2.232 1.172 0 2.177 0.999981090904086 -0.00253686743273355 -0.000140472576994714 0.000801443920322023 -0.00159078223380537 -0.0042941758996945 0.0023636359640836 0.00199547146134838 -0.000266058996683699 -0.00033179739795556 0.899270098729742 0.999954528979417 0.00416132959366274 0.0026363024837669 0.00109112671909135 0.00162468675132647 0.00418652087820557 -0.00119269827986375 0.00439833556353424 -0.0048389032038173 -0.00106453183469374 0.907174752653357 0.999981091702534 -0.00253677145884746 -0.000140689019953953 0.000801281337185268 -0.00159090111975792 -0.00429399148970569 0.00236342844246086 0.00199576375318042 -0.000266304812810914 -0.000331765417161631 0.899247888366421 0.99995452772995 0.00416098918142999 0.00263763986271918 0.00109105768919788 0.00162444879068704 0.00418640562474676 -0.00119247793490546 0.00439783363208154 -0.00483952253881794 -0.00106411553220248 0.907109756591464 3.105 3.979 54.802 10.942

 458 58 1000 10 0.9 1.782 0.769 0 0.41 0.999860251064199 0.00214750455324339 -0.00356523752925969 -0.0110493382844715 -0.00401180687777475 -0.00134110179312945 -0.00348751544568733 -0.00706436196592544 0.0063313933462324 0.00447438339302831 0.898147095687767 0.999945734001563 -0.00571797590832782 0.00269586707783694 0.00382919442722925 0.00389379032266409 -0.00155062831030179 -0.00360289862872571 0.00236253178389432 0.00421281997938339 0.000164426132709574 0.902057535179331 0.999860247201194 0.00214747868449771 -0.00356521092359125 -0.0110495533714261 -0.0040116839668106 -0.00134104972998212 -0.0034875315248746 -0.00706445131366015 0.00633154746622151 0.00447450321076119 0.898128254889447 0.999945728157338 -0.00571842454935078 0.00269649152737532 0.00382961816360174 0.0038936159961797 -0.00155047030622622 -0.00360270197808596 0.00236290356953091 0.00421300803728803 0.000164022827455261 0.902024533890447 1.079 1.788 69.466 49.302

 454 54 1000 10 0.9 0.851999999999999 2.217 0 0.269 0.999956177322456 -0.00123129644326877 -0.00608276089443672 -0.00065834431206873 -0.00205106717130687 -0.00398282617298966 -0.000331859983443079 -0.00103720286216034 -0.0041390739195922 0.00321034449787569 0.901334323324238 0.999910749644754 -0.00432458667744657 -0.00193614314299778 -0.00276936766816977 -0.00923681602887786 -0.00249868150996594 -0.00724432169898199 0.00169595115402991 0.000725726138611755 -0.000962986043359339 0.899742158499377 0.999956176904853 -0.00123126593534434 -0.00608253595362394 -0.000658668611022934 -0.0020512436090611 -0.00398275457196679 -0.000331443730783395 -0.00103753675498199 -0.00413939085452195 0.00321034852085463 0.901304137318636 0.99991074928976 -0.00432458742223718 -0.00193594129896954 -0.00276924662607889 -0.00923669221205812 -0.00249841764665555 -0.00724460720300334 0.00169646534011446 0.000726152432613225 -0.000962602483114282 0.899718963461955 0.488999999999999 1.234 53.254 62.14

 444 44 1000 10 0.9 1.839 1.898 0 1.905 0.999928396613171 0.00412180990140002 -0.000245740864979722 -0.0023545954216568 0.000694313991400304 -0.00405716911999375 -0.00875363015083935 -0.0023041370893891 -0.00316164967829377 -0.00342549429391609 0.904934418710608 0.99994115243142 -0.00559986035583709 0.00455290995609463 -0.000512530738599909 -0.00318915509209423 0.00153247158888294 -0.00170216759565299 0.00676373615594839 0.00119154283392233 -0.00166045363807534 0.903179212753773 0.999928399370614 0.00412212152128979 -0.000245469402698865 -0.00235398271298384 0.000694720709137532 -0.00405657091299085 -0.00875333104382132 -0.00230428586571242 -0.00316213696021675 -0.00342559544302349 0.904885068813906 0.999941157825947 -0.00559884223502262 0.00455329211202509 -0.000512358616565299 -0.00318859830566346 0.0015319543388636 -0.0017021424551131 0.00676398324080965 0.00119068833823273 -0.00166082230602129 0.903140342597882 2.794 3.919 64.724 38.542

 457 57 1000 10 0.9 2.404 1.632 0 3.958 0.999976015555125 0.00327391023648316 -0.00175912223042039 -0.001417938326207 0.001408403488769 0.000582976671826125 -0.00392878293177068 0.00171706623324061 -0.00225977320024465 0.0025161632029061 0.901738530307882 0.999976714528494 -0.00247119966693192 -0.0016684313191783 -0.000454019030601753 0.00248449871139524 0.00192418698490544 -0.000505633653296392 -0.00483061520980251 -0.000488807955098117 0.0019414183847955 0.902002636144227 0.999976017253242 0.00327407646193724 -0.0017587259361233 -0.00141806018114881 0.00140853488799131 0.000582940214449443 -0.00392844724831217 0.00171755488213931 -0.00225987832825657 0.0025155114053102 0.901706849512991 0.99997671548563 -0.00247107600040453 -0.00166862909789841 -0.000454301082252767 0.00248484120024452 0.00192409016907969 -0.00050536246372414 -0.00483047159749059 -0.000488440922443336 0.00194102474309026 0.901969825046861 4.046 4.971 45.954 50.179

 432 32 1000 10 0.9 1.05 1.78 0 3.13 0.999944237431558 0.0032260225956503 -0.00154072772340063 -0.00285373818872239 -0.00101716069311027 -0.00460768341296247 -0.00568527628538334 0.00406896032116852 -0.000788552535866323 0.00433948846260609 0.90356386592074 0.999964598151894 0.000867536313441305 -0.00540916727241339 0.000265818981968696 0.00106898637277424 0.00130293040310485 0.00348604244274992 -0.000572457650828406 -0.00390702156786176 -0.00318350383186314 0.897586683652176 0.999944236521547 0.00322645323550826 -0.00154090137634258 -0.00285444066110929 -0.0010170427078849 -0.0046073380231359 -0.00568517989418004 0.00406944005579659 -0.000788025901633546 0.00433902076192366 0.903522013989872 0.999964598134488 0.000867522418009237 -0.00540925238859452 0.00026605306941078 0.00106900636543656 0.00130305280964127 0.0034861145860112 -0.000572362604527801 -0.00390685686104362 -0.00318343231793232 0.897569956287036 2.964 4.58 74.349 18.024

 430 30 1000 10 0.9 1.858 0.657 0 0.459 0.99991032761467 0.000263372291774806 -0.00698187621047896 -0.00100307884872829 0.00355675616679241 -0.00377576182410378 -0.00361665912477462 -0.00198474688111387 -0.00913503367661242 -0.00146267785318523 0.899671432856222 0.999909332421585 -0.00151837756352443 0.00726031660164416 0.00732793748270784 -0.00192339501737053 -0.00126609196824022 0.0018697997557441 -0.000127571282017003 0.005979200480228 -0.00529574354389083 0.903673653409864 0.999910329186012 0.000263522929062442 -0.00698175117767954 -0.00100304009795727 0.00355704561427052 -0.00377590200387874 -0.00361670309979603 -0.00198464223517046 -0.00913477190533885 -0.00146280228382393 0.899647929508315 0.99990932595748 -0.00151840429975387 0.00726044487198266 0.00732831276032429 -0.00192357185159905 -0.00126521641190205 0.00187009381999638 -0.000127416146485809 0.0059793936904781 -0.00529608799726382 0.903632285464123 0.998000000000001 2.451 69.49 48.572

 449 49 1000 10 0.9 2.175 0.718999999999999 0 0.455 0.999974626589888 0.00373384368761868 0.00164406786409756 -0.00257152733275586 -0.00231294144397691 0.00176826438995745 -0.00370295575249705 0.00220684978028686 0.000580930779392494 0.000304747207614219 0.900789006134539 0.999949602419025 0.00169581697807725 0.000175427349333959 -0.00405658293186914 -0.00449142520383128 -0.00259683109511716 0.00444490892315477 -0.00166345805175454 0.00489255311695769 -0.00283766996799457 0.902180066767538 0.999974622747084 0.00373384372205408 0.00164426819884957 -0.00257161500024062 -0.00231348548101639 0.00176852964555702 -0.00370337426066014 0.00220687716835095 0.000580914648377531 0.00030461370671596 0.900761082563353 0.999949600854455 0.0016960458140603 0.000174824451804705 -0.00405635876724604 -0.00449138445482213 -0.00259670620991913 0.00444537518181678 -0.00166324729113195 0.00489258661829933 -0.00283795634862011 0.902146375393375 1.169 1.719 67.809 50.865

 450 50 1000 10 0.9 0.885999999999999 0.749000000000001 0 1.834 0.999943730733884 -0.00171433430311151 -0.00504098884157573 0.00373680807172197 0.00340100155475143 -0.00426495821587128 -0.00334645475491725 -0.00428236840965842 -0.00313039005558326 0.00106191343876835 0.899575580873434 0.999982355525513 -3.31345772742395e-05 0.000192899295290274 -0.000396228578987298 0.00272964658773177 -0.00437945875463313 -0.0019897502954197 -0.00172224322216057 0.00123189484306606 0.000141103455785969 0.901519397626816 0.999943733723389 -0.00171432524717289 -0.00504094035818924 0.00373708191141092 0.00340083834402876 -0.00426452000459804 -0.0033460412600183 -0.0042823047110211 -0.00313049061323128 0.00106192552640378 0.899552090186807 0.999982354752668 -3.34551599730671e-05 0.000193143516912971 -0.000396476194376032 0.002729753878222 -0.00437941270108012 -0.00198959520123727 -0.001722699928598 0.0012319735510833 0.000140753291143443 0.901488578701279 2.472 4.488 76.202 31.136

 445 45 1000 10 0.9 1.37 1.225 0 3.837 0.999956408649236 0.00585222010890888 0.00394135467684671 -0.00156544472395317 0.00034164121598379 0.00335932735009779 -0.000176569894206211 0.00148021928817967 -0.00460978621757881 -0.000270690303158774 0.905301426077154 0.999938999748265 0.00188779431695968 0.00554936965650926 5.39612136050621e-05 0.00439442289942971 -0.00799865536046684 -0.000213103171857951 0.000663527151192358 -0.00192588192551504 -0.000387887910353611 0.901965692574135 0.999956407899444 0.00585253906492423 0.00394174325953282 -0.00156555181671145 0.000342145844055893 0.0033589795288016 -0.000176618286038069 0.00148026581927928 -0.00460932883182322 -0.000271467255730448 0.905249673849241 0.999939003651022 0.00188744409983121 0.00554874077081723 5.36470423704995e-05 0.00439445697802165 -0.0079986691382162 -0.000213053212874229 0.000663454616212962 -0.0019260094434098 -0.000387419457308107 0.901932642704176 4.23 1.569 62.161 51.639

 438 38 1000 10 0.9 1.006 3.553 0 0.473000000000001 0.99998434718268 0.000103218370925186 -0.00125066804288107 0.00162939394548221 0.000851806107664523 -0.00110549532437896 0.000745361280185171 0.00127749570849254 0.00258391548523098 0.00403283633435688 0.896751299209114 0.999961859576439 0.00606670590405281 0.00135565247028331 -0.00194353581025704 -0.0024283666271127 -0.00208559124583955 -0.00301306847751104 0.0037218363256256 -0.000550159108329009 0.000615929531684998 0.899705394840621 0.999984346633464 0.000103624419406724 -0.00125055494508985 0.00162956503390312 0.000851736702498908 -0.00110628864612043 0.000745784392615251 0.00127801060459697 0.00258390769264565 0.00403248877801069 0.896785654092959 0.999961857957199 0.00606670614995571 0.00135572360779558 -0.00194371186923859 -0.00242841649627793 -0.00208534198408915 -0.00301305854591044 0.00372217691005799 -0.0005502692986969 0.000616383017062281 0.899681283083011 1.134 2.466 67.711 67.596

 437 37 1000 10 0.9 2.111 1.817 0 3.247 0.999908112747469 -0.00062020451956645 0.00778414916070304 -0.00461979144564317 -0.00117438497706971 -0.000300657731763173 0.00126955396891815 0.000803382653365669 -0.00665024519372238 0.00731392027167842 0.897231262777928 0.999978911991517 0.00371153103615795 -0.00305721059313474 0.00193148550722761 -0.000438152675501094 -0.000807112582339316 0.001112428122674 -0.000967037098148133 0.00277383596930937 -0.00214772093278842 0.905215525635893 0.999908112548093 -0.000620207459591979 0.0077841574020834 -0.00461980024991349 -0.0011743798766883 -0.000300667372916586 0.00126954849802965 0.000803374829558336 -0.00665024262788663 0.00731393751192268 0.897234625324683 0.99997891212135 0.00371170041856774 -0.00305712698192269 0.00193117700630473 -0.000438132917749255 -0.000807669844196119 0.00111217854824365 -0.00096636999645705 0.00277420398104347 -0.00214751291949623 0.905165276571991 4.325 3.415 65.445 44.952

 448 48 1000 10 0.9 1.883 0.879 0 0.269 0.999932290963149 -0.00404697819851417 -0.00106806649090673 0.00618465530287598 -0.00407488750321125 0.0043859748924447 0.000678318490307114 -0.00185852241323865 -0.00631523062474752 8.29825583323681e-05 0.900637761350482 0.999910927128709 0.00107496575324069 -0.00372867703116992 0.00583358475700917 -0.00367310286085947 0.00962385757431888 -0.00355276302775996 0.00260028355387484 0.00139125492450963 -0.00127240108482013 0.902133341321882 0.999932287407645 -0.00404679218972354 -0.00106751827285475 0.00618486633102348 -0.00407510355636444 0.00438574108270589 0.000678466303882568 -0.00185869319317725 -0.00631575815475375 8.27893234654757e-05 0.900610466832047 0.999910926173163 0.0010746365407535 -0.00372846917569333 0.00583272440972726 -0.00367367007408247 0.00962445840479242 -0.00355292556631022 0.00260012761863199 0.00139061241829748 -0.00127236841727162 0.902099614727936 0.470000000000001 1.031 69.611 69.263

 436 36 1000 10 0.9 2.506 1.203 0 2.332 0.999971782460469 -0.00173318492318793 0.00590653959828454 -0.000581009056508208 -0.00090980939139409 0.00117840378208122 -0.000321408408114161 0.00310260121274468 -0.00198639402657481 0.00152117843251691 0.896977563306592 0.999974222102547 0.00451082514818516 -0.00396549027266262 0.000942531709097471 0.00318385851949348 -0.00036525604859144 0.000387179337024695 -0.0016474003009248 0.000489997286733552 0.00110444908364774 0.899112261239629 0.999971780761534 -0.00173325478724413 0.00590682572096314 -0.00058125486887878 -0.000909443925335538 0.00117857065544308 -0.00032132916777275 0.00310244581054092 -0.001986431367596 0.00152138491682259 0.896997469982357 0.999974221905785 0.00451079353762815 -0.00396572016355148 0.000942385561989745 0.00318372271018021 -0.000365057458168929 0.000386783429150323 -0.00164727540611253 0.000490111530247722 0.00110478702797753 0.899090469684899 3.124 3.781 77.383 40.565

 440 40 1000 10 0.9 1.873 1.923 0 1.4 0.99994426545937 8.28027834766986e-05 2.03612959865593e-05 0.00249980531824502 0.00107585132142588 0.00202339802436682 -0.00705906609509661 -0.00186278871466616 -0.006229655813151 0.00280161994148123 0.902257152884817 0.999967634906224 0.000823191565838467 -0.00659315923148278 0.00216372220611048 -0.000408020204201752 -0.000331053799260289 0.0030055659432915 0.00109948442245213 -0.00195382307131901 0.00125070337363526 0.89533556426091 0.999944267071236 8.27737570520318e-05 2.01524090372542e-05 0.0024995621159581 0.0010760500634278 0.00202337947659203 -0.00705854507276418 -0.00186231171238977 -0.006230101331979 0.00280184022976405 0.902223055809437 0.999967641492361 0.000823135964044361 -0.00659329738192057 0.00216123216616014 -0.00040679946519779 -0.000331569991175499 0.00300543963709903 0.0011006112662119 -0.00195229322489556 0.00125101345952303 0.895453125785321 2.665 3.997 73.666 52.481

 439 39 1000 10 0.9 2.022 0.823 0 0.321 0.999942305803567 0.00335673621309793 -0.00327557567754253 0.0039994235804657 0.00237487045398705 -0.000321424123261933 -0.00332354439160946 -0.00153621131337623 -0.00678186853368036 0.00349994925320065 0.900274205896011 0.999976656660225 -0.000483429306825843 0.000326848447137611 -0.00469518000645867 0.00291822947508775 0.00297328533060685 0.000469793152817919 0.000773125477683655 0.00100508141443312 -0.00226180886849978 0.898488037667259 0.999942304971453 0.00335639654085768 -0.00327548351282563 0.00399970283744848 0.00237506640212915 -0.000321561905132917 -0.00332387177714106 -0.00153593666210218 -0.00678186113468003 0.00349995823739241 0.900248293529546 0.999976657311702 -0.000483397817475049 0.000326810043385998 -0.00469491707146434 0.0029183952345047 0.00297321925319685 0.000469880278719091 0.000773083000673192 0.00100501206233232 -0.00226197914049063 0.898468269763708 1.022 1.912 76.244 61.103

 461 61 1000 10 0.9 2.002 1.798 0 1.414 0.999949889626195 -0.00309480321126982 0.0075019528313258 -0.00262297171417738 -0.00286213260253681 -0.00197626590726514 -0.00328775390467745 0.000617316981545619 0.00204651745610114 -7.12957504930068e-05 0.902072689955155 0.999960672384089 0.00618325107861732 -0.000991174856387763 0.00463001787060172 0.00031877273750328 -0.00139102447837606 -0.000800509981606353 0.00115966464510305 0.00255705003646471 0.00272779944570946 0.90031403217004 0.999949887647255 -0.00309470509952896 0.00750181499495243 -0.00262322824749874 -0.002862612665133 -0.00197662843430254 -0.0032876875130488 0.000617155640832013 0.00204693951622132 -7.13935817081188e-05 0.902038930484296 0.999960674532586 0.00618324123922099 -0.000991278578308496 0.00462961159944941 0.000318707710436711 -0.00139109379097724 -0.000800594824527725 0.00115966174321518 0.00255675891352355 0.00272790747960556 0.90028802294857 2.325 3.421 84.934 42.688

 433 33 1000 10 0.9 2.395 1.54 0 1.324 0.999957406018686 0.00361917446183854 -0.00383940636628658 -0.00590310724292282 0.000450970829665207 -0.00302551065902619 -0.00296889657998562 0.00166527897594285 0.0012305004046427 -0.000203190982408499 0.90011820993282 0.999988141806558 -0.000836982266546817 -0.00241522619908294 0.00191797111095174 0.0026574469174003 0.00180466088741542 -0.000478810262535224 -0.000762828068900518 0.00151592251006104 0.000275252891620861 0.904113876243745 0.999957406190655 0.00361938869025773 -0.00383939981883996 -0.00590289372797073 0.000450986448113141 -0.00302558215111076 -0.00296921084640134 0.00166489522329027 0.00123031070634547 -0.00020345740212471 0.900093151917408 0.999988142917742 -0.000836931738279207 -0.00241513293555396 0.00191872411385784 0.00265628326304946 0.00180484586563444 -0.000478246875716372 -0.000762807234996645 0.00151641819974847 0.000275266034699591 0.904070715576808 2.657 2.984 82.191 45.626

 455 55 1000 10 0.9 1.583 1.056 0 0.561 0.999937137890123 0.00640267164058645 -0.000246553334079973 0.00490843388672226 -0.00351377153983516 -0.00410545267332663 -0.00147528318216075 -0.00379363291887657 -0.000433409682707147 0.00382299162629038 0.897672874925578 0.999970469352278 0.00182327555227593 -0.000100935826026441 0.00622749806572449 -0.000393410158933781 -0.000621323427860266 0.00230625501069023 0.0027055809730123 -0.0019398442233859 -3.71336078409354e-05 0.898388191669388 0.999937135915981 0.00640270644140092 -0.000246514635750975 0.00490868275674727 -0.00351409341116732 -0.00410539899316544 -0.00147546304445767 -0.00379355281779111 -0.00043352563323658 0.00382289137319276 0.897655139397765 0.999970469984846 0.0018234987180972 -0.000100641572211828 0.006227615920906 -0.000393588152844555 -0.000621180830935491 0.00230589672088558 0.00270549979491574 -0.001939490702281 -3.73048968213665e-05 0.898368906147992 1.095 2.549 76.674 56.189

 441 41 1000 10 0.9 1.736 0.793000000000001 0 1.762 0.999962502109911 0.00182685657808496 0.00122514789413737 -0.00109681034077289 -0.000126862006408844 -0.00191191441585457 0.000492427972810158 0.00360203682226427 -0.00721553043232766 -2.10747129571627e-05 0.905799133207975 0.999917522879079 -0.00197605872726092 -0.00240984386942102 -0.00275947407442625 0.00941738085937191 -0.000457962167628928 -0.00270874782970576 0.0015954620835254 0.00241357400274707 0.00655863106914519 0.901493902498248 0.999962502621585 0.00182730444632226 0.00122513412689103 -0.00109663301417648 -0.000127068923523672 -0.00191202924493861 0.00049288476434527 0.00360149216931701 -0.00721557996083142 -2.17689521345585e-05 0.905745148739776 0.999917523232241 -0.00197587843471392 -0.00240987667984852 -0.00275968039064436 0.00941769190161634 -0.000458123784101856 -0.0027086436667444 0.0015953804624439 0.00241355954693374 0.00655814294345262 0.901463143002761 2.124 3.386 78.033 57.436

 460 60 1000 10 0.9 1.972 0.686 0 0.904 0.999964757133977 -0.00600373803795365 0.00211046445853703 0.00391772204324664 -0.00229096567133028 -0.00150683858672034 0.00193706450393139 0.00133329637143832 -0.000263600985802386 -0.00123229196963379 0.899200051198006 0.999968194179302 -0.00370217374769004 0.00110898184282227 0.00232163818309495 0.001248495538731 -0.00403825595078447 0.00331274901871595 -0.000543895634401701 -0.000297741539271665 0.00374962184308361 0.900053875416392 0.999964758584447 -0.00600357569316966 0.00211043428388002 0.00391778563412553 -0.00229099634330649 -0.0015069576612964 0.00193657326549691 0.00133314253125251 -0.00026371085887934 -0.00123246777915511 0.899177790179754 0.999968193716114 -0.00370212758244758 0.00110887692972185 0.00232149790316093 0.00124842730773054 -0.00403823847327616 0.00331277129429848 -0.00054365171159134 -0.000298117162378783 0.00374993620633374 0.900028782536116 1.343 2.806 79.522 53.17

 459 59 1000 10 0.9 2.085 0.955 0 1.872 0.999931908787678 -0.00791344093187194 -0.00207662760278858 -0.00500865906983905 0.0039740040974804 0.000640748590358015 0.00146368848955543 -0.00301785293124479 -0.00401593283838967 -0.000758543852596561 0.899572314709171 0.999924519054476 0.00199109042903957 -0.0088210058696147 0.00041447262348828 0.00160289140312202 -0.00450009486072129 -0.00515833479615526 -0.00362634577982266 0.0021075623510107 0.00141034932471525 0.900830619768193 0.999931907041162 -0.00791350602767808 -0.00207633695133683 -0.00500905488957974 0.00397381383272624 0.000640680227648378 0.00146355029274663 -0.00301801881142746 -0.00401603937997821 -0.000758446117808699 0.899548739437481 0.99992452042781 0.00199132896728119 -0.00882081358992151 0.000414238690672212 0.00160301100263165 -0.00450030190393691 -0.00515826083849153 -0.00362614286605792 0.00210750927630462 0.00141038514711145 0.900802599922303 2.316 3.788 78.527 47.46

 442 42 1000 10 0.9 2.249 1.103 0 3.213 0.999977605812081 0.000590249842381244 0.00303807011417395 0.00166129034386696 -0.000516957400868525 -0.000316386381834482 0.00192847341635144 -0.000956265573556168 -0.00511337414082677 0.00114119668389755 0.90515609006134 0.999939333037478 -0.00229329151747681 -0.00170025096662461 0.00321018718262216 -0.00246025546977365 -0.00515539629647748 -0.000902337685626415 0.00712220254874398 -7.88654657697253e-05 -0.00432408757162166 0.898612213987516 0.999977602563371 0.000590518933860311 0.00303776872891017 0.00166090201333042 -0.000517341017965704 -0.000316544418082868 0.00192758007027948 -0.000956345059665774 -0.00511462476958301 0.001140892291524 0.905105169124334 0.999939332622125 -0.00229324335830639 -0.00170037603354979 0.00321028650647009 -0.00246030849123561 -0.00515501944899698 -0.000902529841440326 0.00712239950484762 -7.88260635881724e-05 -0.00432414156197034 0.898592201703006 3.744 2.364 82.012 40.545

 431 31 1000 10 0.9 1.103 1.794 0 2.127 0.999872883949588 0.000439839314747204 0.000483851358381089 0.00420805466078739 -0.00408953389911975 -0.0119258149459828 -0.00253553133482993 -0.00464515372308855 0.00357084009579895 0.00603108834769896 0.894970045656185 0.999965428859151 0.00349731092556319 -0.00105893975786281 -0.00214397936308434 0.000773259785628689 -1.93621147026241e-05 0.00342428832019787 -0.00304237794934449 -0.00483502024050926 -0.00249687034200902 0.900768608726578 0.999872897581063 0.00043948479988469 0.000485301882186053 0.00420838302127451 -0.00408689010595392 -0.0119250744457798 -0.00253634940076689 -0.00464318933787376 0.0035712278247671 0.00603270382383659 0.895110916586437 0.999965422931459 0.00349812717654191 -0.00105879414610573 -0.00214437547210524 0.000773485345243371 -1.97239602620088e-05 0.00342444586209872 -0.00304238794465303 -0.00483510488998422 -0.00249735755873143 0.900741243331761 3.205 4.184 75.165 43.963

 435 35 1000 10 0.9 1.706 1.234 0 1.595 0.999981797760945 -3.14989420706569e-05 0.00211689000371738 -0.000718043691842662 -0.000608845001492803 -0.00299988891553728 0.00325265111598415 -0.0012051917376809 -0.00266776674597612 -0.00169915067452225 0.90101070144629 0.999941064191565 -0.00589955526160455 -0.00110401134361318 0.0012841294777832 -0.00118675493594197 -0.00640865086057173 -0.00146106155563412 0.00118189379528227 -0.00559208896152694 0.00170684964053175 0.898334777002734 0.999981796576 -3.14545875667008e-05 0.00211657486835442 -0.000718197610652213 -0.00060911184816578 -0.0029998999017965 0.00325262801512224 -0.00120511990407669 -0.00266807489293629 -0.00169967260845072 0.900981874677671 0.999941065433959 -0.00589928050183497 -0.00110410433987781 0.00128392603251475 -0.0011866246818827 -0.00640885558340708 -0.00146088636869841 0.00118192880781277 -0.0055920897323773 0.00170660939334496 0.898315718632926 2.733 3.87 78.282 50.345

 452 52 1000 10 0.9 2.216 0.898 0 1.33 0.999969598353594 0.000992374206935915 -0.00281668649370554 0.00144611132959149 -0.0036214996666184 -0.00417671808493825 -0.000850190142552653 0.00227163777200708 0.00025548480421627 0.00364471308571921 0.89823393259663 0.99997166026943 -0.000637835282375801 0.00158405174020404 0.00468250475722676 -0.00131488066358037 -0.00192096615628653 -0.00400362266090709 -0.00251412912758605 0.00184446964950172 0.000815979982740283 0.900768588794835 0.99996959892497 0.000992292392357669 -0.00281673917825035 0.00144576625571396 -0.00362186036097092 -0.00417666058857934 -0.00085012272664699 0.00227183161307169 0.000255701454891369 0.003644261937532 0.898214893132816 0.999971659047166 -0.000638160212233756 0.0015841117222461 0.00468266152949707 -0.00131490099641403 -0.0019211494213134 -0.0040036081737095 -0.00251405396582749 0.00184476217834342 0.000815384619660504 0.900740758993784 1.902 2.851 78.359 55.084

 447 47 1000 10 0.9 1.016 1.648 0 1.789 0.99997094232307 -0.00594169471066452 -0.000788590363592675 0.00282274700080996 -0.000171003215450452 -0.00262679238142354 0.00140630075905047 -0.00190499449284161 -0.00111248855676173 0.000668880511644478 0.901813576012051 0.999969845467705 0.00421481694925594 0.00237112020887861 -0.00325680969883282 -0.00296025967764707 0.000166564513543085 -0.00136846620618382 -0.000487299613571648 -0.00390550255422893 -0.000400575775494546 0.900359831912038 0.999970937861138 -0.00594195497964508 -0.000788886863271066 0.00282319747962162 -0.000170899802542043 -0.00262703328892665 0.00140625153910122 -0.00190551311630922 -0.00111241236644324 0.000668821425888897 0.90178111663838 0.999969846040618 0.00421468397207735 0.00237110837561841 -0.00325696659212659 -0.00296009148534803 0.000167106557583988 -0.00136810547767788 -0.000487594970277225 -0.00390555156240789 -0.000400751223628127 0.900333476501311 2.799 3.933 80.032 49.247

 434 34 1000 10 0.9 1.694 0.702 0 2.097 0.999951961316128 0.00222931589615701 -0.00324361917549593 0.00266760118268848 0.00562651182405472 -0.00140718047448571 -0.00214720448881047 0.00471219827759953 0.00197404245799187 0.00301962144887872 0.897702690389675 0.999959944258825 0.00568993384225514 -0.00142307481672654 -9.64696618014717e-05 0.00230087189409811 0.00256127800102056 -0.00215189842284726 -0.0037379728185028 0.0021811886330164 -0.00323809117999222 0.894361243637402 0.999951962914991 0.0022295741618218 -0.00324372090709392 0.00266732333602744 0.00562632795291325 -0.0014072139524271 -0.00214696663566298 0.00471228924547694 0.00197395245349861 0.00301945046544584 0.897685347120516 0.999959952843427 0.00569047578515281 -0.00142327948755307 -9.75441138464591e-05 0.00229903064534293 0.00256125086814394 -0.00215172463568775 -0.00373718695526089 0.0021791317595016 -0.00323810237138483 0.894533644660668 2.152 3.7 79.128 51.963

 453 53 1000 10 0.9 0.745000000000001 2.309 0 4.691 0.999989381049738 0.00180160335084307 -0.00255247298412252 3.0237346922148e-05 0.000451574823451534 -0.00159617406279091 -0.00150732025262516 0.00221385473905188 -0.00114723991672048 0.000484729265832601 0.900247173076026 0.999960097082291 0.00283715002035003 -0.00258407290568826 -0.00206060416883518 0.00472477364701494 0.00212025708968157 0.00399678110205463 0.00257915960235997 0.00334731422351268 -0.000426014704761935 0.901443093753642 0.999989380786879 0.0018017573516622 -0.00255215190364787 3.04025470508588e-05 0.000451603720489852 -0.00159629944811702 -0.00150744520174126 0.00221398754331304 -0.00114730185893404 0.000484797878362821 0.900221133371331 0.99996009834208 0.00283727578939252 -0.00258377403454625 -0.00206084145024561 0.00472470724603852 0.00212016697215482 0.00399661987402733 0.00257903911140988 0.00334738682401254 -0.00042574146076566 0.901412908043527 3.841 6.005 71.291 37.883

 443 43 1000 10 0.9 1.651 1.86 0 4.319 0.999952716596867 0.00244739272032355 -0.0030057005989476 -0.00140388413803461 0.00533171031500755 0.00626391735428418 0.00204460590741655 3.8364652309716e-05 0.00157577572819664 0.00180026743601787 0.900285279074577 0.999965322615516 0.00244433092895311 0.00152440847489336 0.00535651593349464 -0.000314300247393316 0.000900967775525763 -0.000965198633542339 0.00436412339925087 -0.00294119575561417 -0.00168059129973692 0.894884229144828 0.999952715027536 0.00244726711817701 -0.00300574692789253 -0.00140405863737385 0.00533151442699382 0.00626423475407604 0.00204460334292102 3.88889083463835e-05 0.00157557970586725 0.00180073533150488 0.900259141567455 0.999965300512753 0.00244561216830963 0.00152480962490526 0.00535936573976612 -0.000314019764535942 0.000900188875801758 -0.00096733064364148 0.00436428293569144 -0.00294175839989906 -0.0016802740882631 0.895028934469467 3.984 1.221 78.852 43.328
