
 1017 72 100 10 0.95 0.0129999999999999 0.325 0 0.0249999999999995 0.999811986463245 0.00427459414367963 0.000845348376664066 -0.00452278925265776 0.00529925374910888 -0.000498630149159845 0.00495896184954351 0.00220000490028247 -0.00160826154021032 0.0166192894292394 0.95398992805907 0.999878695279723 0.00513442300152204 -0.00108419686456886 -0.00826027498206921 0.00661353738636446 0.00266412001874631 0.00221243812673057 0.00125600949098865 -0.00510447006554682 -0.00796619930387905 0.954129571926095 0.999811948725419 0.00427394162983674 0.000845331682311704 -0.00452321023832059 0.00529930131238168 -0.000496455272337761 0.00496027603999213 0.00219938433752985 -0.00160798669733014 0.0166213801773428 0.953933759930304 0.999878692524817 0.00513354080028278 -0.00108178123939359 -0.00826349507675616 0.00661425171881425 0.00266357896363235 0.00221155565554922 0.00125879324119387 -0.00510175227262573 -0.00796523686978497 0.95407078167711 0.0279999999999996 0.00300000000000011 0.024 0.0259999999999998

 998 53 100 10 0.95 0.00999999999999979 0.327 0 0.0279999999999996 0.999858598929028 0.0050761844421559 -0.00144537210942248 -0.0143422241575756 0.00505891315048388 0.00265775257163495 -0.000881860774110301 0.00366852346291395 -0.00145073997235539 -0.000478920225707118 0.95273266981815 0.999849704567364 -0.00455710236771013 0.00177972424944297 -0.00240486239667058 0.00491377845895896 0.0126640830982488 0.00899770656949996 -0.00100634567835221 0.00101233627837575 -0.00182477770558219 0.955378057281891 0.99985860744444 0.00507647385552227 -0.00144703718941498 -0.0143416075234484 0.00505978978114128 0.00265651878064331 -0.000882732133159008 0.00366699726843452 -0.00145058110866862 -0.000479660583866622 0.952690779134264 0.999849726897856 -0.00455912910053644 0.00178032376915316 -0.00240392422879802 0.00491227999798527 0.0126619603982155 0.00899874567758215 -0.0010051722387655 0.00101065985216102 -0.00182334732453804 0.955304577994714 0.0230000000000006 0.0800000000000001 0.0250000000000004 0.0229999999999997

 999 54 100 10 0.95 0.0129999999999999 0.325 0 0.024 0.999930197579416 0.00398243728248328 -0.00192585806307608 0.000923250279942724 -0.00129828640506389 0.00208130897670154 -0.00194811141684731 0.00972827697921835 -0.00342937246925671 0.00172230672817486 0.947863625047715 0.999852974212056 -0.0107258158383499 -0.00811508363526672 0.00587030748277713 -0.00501331509959103 -0.00399008171503353 -0.00174373903217231 -0.00547717420138406 0.00123769667754236 0.00174519485089911 0.953241327478629 0.999930279706334 0.00397921553443041 -0.0019286974060058 0.000935351908551435 -0.00129889701054174 0.00208811478134364 -0.00194054071283257 0.00971909928902833 -0.00342895236118209 0.00172486316525446 0.948155071877849 0.999853004184285 -0.0107248219960118 -0.00811409720534609 0.0058714335806318 -0.00501204408675145 -0.00398926262317847 -0.00174463010284797 -0.00547465995020753 0.00123820692240301 0.00174708806639955 0.953197047230799 0.0510000000000002 0.0800000000000001 0.0270000000000001 0.0230000000000006

 992 47 100 10 0.95 0.00899999999999945 0.315 0 0.0220000000000002 0.999758415259048 -0.00323427037662919 0.00384685553453993 0.00491176954064143 0.000948280370965083 -0.0168322742357722 -0.0100782879626546 0.00589556332348122 -0.00361371988485132 0.000337072912268327 0.947352509322771 0.999897577222871 0.00918624931565387 -0.00213038931319602 -0.000250041400087967 0.0010741617990604 -0.000953692454419211 0.00736027542930506 0.00594898782984023 -0.0041917535718518 0.00257847756358295 0.953147104561554 0.999758219625844 -0.00323338744143496 0.00384629894636652 0.00490884458800643 0.00095851250381622 -0.0168391501264565 -0.0100814331007168 0.00590680015677834 -0.00361144156181298 0.000336021771780903 0.947052807909969 0.999897601446187 0.00918599987269545 -0.0021319885271404 -0.000249578684448333 0.00107612938822694 -0.000951677651069655 0.0073578377695312 0.00594848605080384 -0.00419140521001567 0.00257730062579981 0.953097942839765 0.085 0.219 0.0230000000000006 0.024

 996 51 100 10 0.95 0.0110000000000001 0.326 0 0.0270000000000001 0.999824127799993 0.000743778118784774 -0.00491087013670138 -0.00373620715962618 -0.0027772979347925 0.00288118463883362 0.00292060838530271 0.0163850479277253 0.000709958927298718 0.0044233442438315 0.945214000277775 0.999862542084897 0.00106081680394049 0.00388494336070703 0.00823292618030563 -0.00738165677905618 -0.00182207452867411 -0.00399848241296172 -0.0101094554843431 -0.00272552425803047 0.00273340413424816 0.95007935103471 0.999823967969468 0.000748405405116489 -0.00492143228634891 -0.00373516987431115 -0.00277228804129628 0.00286732731296828 0.00291526573031952 0.0163957053540181 0.000713406979040949 0.00442345437896144 0.945023258246959 0.999862528318706 0.00106255168898517 0.00389114622885812 0.00823160594165903 -0.00738089027676333 -0.00182449783574949 -0.00400146579123078 -0.0101083301962905 -0.00272740952661546 0.00273128696560813 0.950180380096343 0.0350000000000001 0.153 0.0279999999999996 0.0249999999999995

 1016 71 100 10 0.95 0.0110000000000001 0.333 0 0.0270000000000001 0.999868931120312 0.00350397327091393 -0.00869508105028259 -0.00247586312018382 -0.00390925912593848 0.00171216173706354 0.0038541922097341 0.0104511976126697 -0.00507631104387836 -0.000208209775060014 0.953489454488862 0.999739647486729 -0.0105605768306952 0.00276094851087402 0.00370529019644648 0.00380422456959312 -0.000670835169407408 0.00728473527486985 -0.00459348325096354 -0.0172555860545625 -0.000956345704399267 0.952636690025579 0.999868941208926 0.00350471424386121 -0.00869431057485073 -0.00247589644707116 -0.00391082936214811 0.00171207692299097 0.0038544152377679 0.0104503096996145 -0.00507548575725266 -0.000210820342212211 0.953437682139548 0.999739658482753 -0.0105589717861518 0.00276078692412833 0.00370528322273629 0.00380465968283063 -0.00066747870602147 0.00728392442552092 -0.00459239095037319 -0.0172565050594985 -0.000958521640967525 0.952596749085908 0.0200000000000005 0.15 0.0249999999999995 0.0249999999999995

 1005 60 100 10 0.95 0.0120000000000005 0.327999999999999 0 0.0260000000000007 0.999906143807993 0.00277664320890241 -0.000899489305845364 0.00782988059383568 0.00667747121716673 -0.00750724537192844 -0.00376653716439165 0.00105363638898434 0.00125370123849379 -0.000248279716391245 0.955922961012722 0.999859973422658 -0.00810579414688778 -0.00348456723421205 0.00387391301271914 0.00410273420147694 -0.00430034130506799 0.00289873434331731 -0.0109845720486592 -0.00312316037269874 0.00361071458075286 0.953381299194694 0.999906110253863 0.00277734425744569 -0.000899311042684208 0.00783322506350556 0.00667430489903979 -0.00751129599008846 -0.00376605218817693 0.00105207654393787 0.00125354064451216 -0.000248131006119363 0.955837770164567 0.999859967757974 -0.00810548624345463 -0.00348445852162258 0.00387390248956574 0.00410173878330753 -0.00429856982847426 0.00289800715545946 -0.0109872253086404 -0.00312112541566066 0.00361060149559349 0.95333207416864 0.0190000000000001 0.153 0.0259999999999998 0.024

 1003 58 100 10 0.95 0.00999999999999979 0.324999999999999 0 0.0250000000000004 0.999912607766264 -0.00275434790571193 -0.00404052514243195 0.00173763135551574 -0.00432487128736961 -0.00203516154083281 0.0016647766743295 -0.0017018659729331 0.0089132601192747 0.00631543840604121 0.949653044784826 0.999939754210009 -0.00443263440706983 -0.00414960013005694 0.00136960201756997 0.0034025883088878 -0.000762379620908714 -0.00725829427397884 -0.00377295784382203 -0.00114097239518653 -0.00116876736858937 0.954877618429918 0.99991267705431 -0.00276087779201026 -0.00404209367927859 0.00173529597662906 -0.00431787092293739 -0.00202283978972889 0.00166201523984264 -0.00171196466629965 0.00891135341143785 0.00631069085278797 0.949806012689795 0.999939727548905 -0.00443526508721921 -0.00415144307276788 0.00136750532545674 0.00340416542042732 -0.000758742525611457 -0.00725870718868432 -0.00377269161449719 -0.00114351875481589 -0.00117108624161552 0.954805793489068 0.0309999999999997 0.177 0.0279999999999996 0.0249999999999995

 1007 62 100 10 0.95 0.0129999999999999 0.325 0 0.0229999999999997 0.999762354679887 0.00543850235822652 -0.000891489994219309 -0.0069742449226519 -0.0110952323318159 -0.0028836743152035 -0.00248941180604033 -0.0122723449118472 0.00213657957926509 0.0101700373278035 0.955370624508943 0.999901178954339 0.00384313609696357 0.00460074889515668 0.00746943899419513 -0.000312893433035811 0.00297007857042752 0.00352018711307664 0.0024583637972807 -0.0021622855752275 0.00859495221528562 0.948464493379617 0.999762357914499 0.00544058361202822 -0.00088984433377523 -0.00697430986988359 -0.011097850954295 -0.00288229116390558 -0.00249088821069008 -0.0122693485280844 0.00213558845589454 0.0101697026756322 0.955290353043924 0.999901254137375 0.00384907009662037 0.00459446602470437 0.00747354183311967 -0.000295665352205186 0.00296694460173517 0.00351934801628412 0.00246063993604886 -0.00215635932150574 0.00858621366863344 0.948706930433046 0.0259999999999998 0.155 0.0260000000000007 0.0249999999999995

 1021 76 100 10 0.95 0.0129999999999999 0.327 0 0.024 0.999954581290937 0.000736942053141426 -0.00553055591455073 0.000208850547928629 0.00121280880304761 0.00241536688217312 -0.00310163141697564 -0.000552677562656179 -0.00409649183941564 -0.00506457172012144 0.95020117049173 0.999891455527461 -0.00427791557796658 0.0111132290575885 -0.004347851172863 -0.00446295089754347 -0.00454378351267688 0.00294059408974323 0.000784397541822103 0.000473677230059596 -0.00251362070121831 0.95207896369065 0.999954597109119 0.000734879466375972 -0.00553150934862514 0.000208339377397422 0.00121342631876059 0.00241596984333228 -0.00309868507205741 -0.000550651790912953 -0.0040943647772902 -0.00506403676173533 0.950291033752545 0.999891437652024 -0.00427879367050497 0.0111150864924265 -0.00434967976084645 -0.00446098562979389 -0.00454275548964824 0.00294024998365716 0.000783800032033267 0.000475122961369632 -0.0025135231497347 0.952041752010782 0.0110000000000001 0.111999999999999 0.0259999999999998 0.0249999999999995

 1012 67 100 10 0.95 0.0110000000000001 0.327 0 0.0259999999999998 0.999951261219928 -0.00355001914683628 0.00241188642264045 -0.00514392273764985 -0.00476484197608317 -0.00539855784919521 -0.000140090642639228 0.000401160982373808 0.000641116424204786 0.000394562780038878 0.949235715506742 0.999900908827402 -0.00503042742279093 -0.00253989028546811 -0.00232383076970196 0.00668584530146337 0.003018745708945 -0.00767044328407601 -0.00458128340956589 0.00523052650021517 -0.000143092972888847 0.948572782098365 0.999951179303162 -0.00355079467888407 0.00242124075605002 -0.00514788925805333 -0.00476790968620679 -0.00540140514521832 -0.000142936851995902 0.000399138015806004 0.000645956922735943 0.000403179846262556 0.949418702120495 0.999901000458249 -0.00502549665570557 -0.00253881542126028 -0.00233907171640919 0.00667818238799835 0.00302149677398995 -0.00768176700683205 -0.00457404727497218 0.00520928530890881 -0.000145453446816187 0.948814737427532 0.0279999999999996 0.121 0.0289999999999999 0.0270000000000001

 993 48 100 10 0.95 0.0120000000000005 0.321000000000001 0 0.024 0.999811508264364 0.00729060342790299 -0.00691762708922189 0.00929482703638615 0.00363703018559688 -0.0087043069696157 -0.00766681709763328 0.00513138572274121 -0.00210058294890846 -0.00332130526313833 0.952698607910252 0.99984583607574 0.0106287636002279 0.000983232134728857 0.00521395005134075 -0.00216111392515503 0.0031688729613734 0.000319886986643835 -0.0028352303753528 -0.00748072010413105 -0.00940038532627546 0.942350564335998 0.999811511381285 0.0072919156228485 -0.00691692049978942 0.00929301296254721 0.00363568012345189 -0.00870434534428587 -0.00766785811105692 0.00513232860449649 -0.00209928599238097 -0.00332237151325624 0.952656026186042 0.999845822333948 0.010628414695715 0.000989178484254104 0.00521378181148584 -0.0021596502855516 0.0031678564960565 0.000319977044355222 -0.00283788869718894 -0.00748197751620311 -0.00940058393405997 0.942279084821397 0.048 0.154999999999999 0.0259999999999998 0.024

 1020 75 100 10 0.95 0.00999999999999979 0.327999999999999 0 0.024 0.999919501709317 0.00234413549618788 0.00861464870756266 0.0022165205736863 0.00112271222420462 0.000247894403952635 -0.00161992387438287 -0.00245916355870876 0.0080673966064871 0.00113733601527026 0.952489564601931 0.999909197901562 0.000253767844720516 -0.00671077458236042 -0.00213604353043111 0.00719904334631344 -0.00136514065194667 0.00370185690748105 0.0047842362499257 -0.00598136818509065 -0.00242386380631907 0.95566915250855 0.999919503982861 0.00234618639828965 0.00861428454585511 0.00221829867199157 0.00112168291129241 0.0002482182917812 -0.00161812885928021 -0.00246037228890008 0.00806659570617976 0.00113696651314283 0.952450267938871 0.99990918515941 0.00024898368702018 -0.00670610935024697 -0.00213664935402611 0.00721037758213709 -0.00136514844019137 0.00370557222154046 0.00478333705610973 -0.00597538716955131 -0.00241914489855279 0.955581889928471 0.0110000000000001 0.16 0.0260000000000007 0.0269999999999992

 1000 55 100 10 0.95 0.0129999999999999 0.328 0 0.0270000000000001 0.999926619982878 -0.00243841061910672 -0.00756484162704674 0.00517081406147688 -0.00554033461758071 -0.000176397858135726 0.00330720443007107 0.00195941116099807 -0.00277900632108226 -0.00190222583244419 0.947800405039611 0.999886396282914 -0.00626754141874468 -0.00178596219711978 0.00197287639656845 0.00573834787637446 -0.0016122120733866 -0.000334958702221641 0.00678802402848055 -0.00941833508857038 0.00322617159832551 0.951820365884015 0.999926483316933 -0.00246020627474471 -0.00756958506825231 0.0051812070655131 -0.00554083835412714 -0.000186626006203188 0.00329807225171937 0.00195859655816122 -0.00279069938447472 -0.0018959743439237 0.948108771468169 0.999886419512955 -0.00626677869412436 -0.00178588118116473 0.0019723261661407 0.0057370647077567 -0.00161103512068751 -0.000334902631151731 0.00678662038651099 -0.00941827859957457 0.00322682860089289 0.951788085719073 0.109 0.16 0.032 0.024

 995 50 100 10 0.95 0.0140000000000002 0.325 0 0.0229999999999997 0.999804506444853 0.00773229202972883 -0.000547411475095175 -0.00156048543073063 6.86335535130432e-06 0.0150946220862133 0.00575106537452723 -0.00186473693657403 0.00420137175219717 -0.00680988942727194 0.949133646885397 0.999903057708012 -0.00461938434147991 0.0057279192671167 0.000509732957405077 0.00735777582968453 0.000303723833896385 -0.00230403930585305 0.0017055307019911 -0.00296056540752128 -0.00826172468050842 0.948383837000911 0.999804295060084 0.00774121493032956 -0.000554214189408748 -0.00155118107661432 5.02149162663216e-06 0.0150954795737024 0.00576895506951066 -0.00186285422147109 0.00420556650715551 -0.00681325677229556 0.949324405858513 0.99990315774364 -0.00461712018009282 0.00571377957167649 0.000506105580074145 0.00735935399621638 0.00029799576433949 -0.00230667454193554 0.00169928678898616 -0.00294912378588335 -0.00826434321844206 0.948650010859518 0.0190000000000001 0.133 0.0270000000000001 0.0269999999999992

 997 52 100 10 0.95 0.00800000000000001 0.325 0 0.0229999999999997 0.999929420800732 -0.000627070547064737 0.002809904029631 0.00600261575720085 -0.00292701505490125 -0.00215443492663879 -0.00660039159263778 0.00134351656985352 -0.00514255130128304 0.00343630560865708 0.941690188436251 0.99972660117505 0.00799416985831981 -0.00375792377756254 0.00576224335915131 -0.00408098906362339 0.00282755425488474 -0.0120538594312897 -0.0135432634522356 0.00364276550895698 0.00829794698279878 0.954981982137985 0.999929390910547 -0.000624721230584801 0.00280842317427508 0.00600288541865644 -0.00292864547910232 -0.00215555500966027 -0.00660317136887116 0.00134592085678968 -0.00514464694710036 0.00343466061500749 0.941639009979401 0.999726535315756 0.0079917497475399 -0.00376021345196185 0.00576250462936714 -0.00407805499760455 0.00283093961200879 -0.0120572591629841 -0.013545360331263 0.00364607189067993 0.00829746827717789 0.954909491321522 0.0279999999999996 0.154000000000001 0.0260000000000007 0.0250000000000004

 1009 64 100 10 0.95 0.0110000000000001 0.323 0 0.0250000000000004 0.999925412009103 -0.00501537683188922 -0.0032288613315144 -0.00809939253770696 -0.00271319940612976 -0.00313066736393952 0.00364892647620216 0.00053658490025033 0.00329882806965882 0.00251859585962061 0.951626750619369 0.999894347321394 0.0069245145332975 -0.000764889237645079 0.00344697176033493 -0.00316657909305841 0.00263345818337136 -0.00401167542586508 0.00176945304408901 -0.00899817006082134 -0.00580729971174803 0.954923079503972 0.999925409747691 -0.00501452283284961 -0.0032295805890423 -0.00809909840246364 -0.00271418503564446 -0.00313303306135717 0.00364835772953484 0.00053633058695529 0.0032981491548723 0.002518981325271 0.95159527728497 0.999894278941097 0.00692766794382164 -0.000764724181754982 0.00345261141948154 -0.00316758314880285 0.00263473489890424 -0.00401483857689152 0.00176816171147863 -0.0089990554588993 -0.00580769267912119 0.954853142667086 0.178 0.119 0.0280000000000005 0.024

 1002 57 100 10 0.95 0.00900000000000034 0.326000000000001 0 0.024 0.999788002330272 0.0014411772815555 0.00785930432545279 -7.95645502491758e-05 0.00458666502735546 0.0157318129817168 -0.000572341104581716 0.00399069987172876 0.00184194717570548 0.00848085753449158 0.957113756334452 0.999865260176117 -0.00474431421135215 -0.00759126384396722 -0.00353387121223625 0.0050571763948849 -0.00659479419536192 -0.00422127716173009 -0.000618571455687281 -0.00629680890202114 0.00706537229573611 0.948253697661661 0.999788094324481 0.00143776885445503 0.00786469929666036 -8.0909800442579e-05 0.00459545438337719 0.0157221447436031 -0.00056977872358843 0.00398911240430707 0.00185104023941206 0.008477686857728 0.956998447368924 0.999865251730147 -0.00472860903676324 -0.00759043291812027 -0.00352751367746453 0.00506062525449178 -0.00659813915756745 -0.00423164029646216 -0.000628223927883818 -0.00630285706328067 0.00706312920636344 0.948512192498388 0.0869999999999997 0.179 0.0289999999999999 0.024

 1018 73 100 10 0.95 0.00900000000000034 0.347 0 0.0249999999999995 0.999805173277628 -0.00193097227537946 0.00163054018324118 -0.00996438043699569 -0.00868069214265514 0.00144732793914498 -0.00693534978334564 0.00370969594106149 0.00534987686152493 0.0107707018023874 0.950671774489558 0.999815700743673 0.00289257804659321 -0.00113743401445698 -0.00153846709098531 0.00344561915639526 -0.00252176923637756 0.0141328805087324 0.00300618557872293 -0.00967295931744746 0.00599697298133612 0.953754654497778 0.999805148804048 -0.0019305337229983 0.00163150047669041 -0.00996583375144504 -0.00867943643975868 0.00144541092434904 -0.00693606665728116 0.00370966638345818 0.00535057916123213 0.010772031188673 0.950716123104163 0.999815731936301 0.00289223699559466 -0.00113643183394718 -0.00153985282188827 0.00344435897277333 -0.00252277607695124 0.0141321774445809 0.00300803255291591 -0.00967151480001794 0.00599513204654312 0.953700739626465 0.0830000000000002 0.0949999999999998 0.024 0.0229999999999997

 1022 77 100 10 0.95 0.00999999999999979 0.324 0 0.024 0.999875852940669 0.00534525008030266 -0.0030805306741017 -0.00677144566717506 -0.00434194335486792 -0.00212487985966972 -0.00233118354585333 0.00817761355702579 -0.00141808166667557 -0.00816569285176322 0.95299946015888 0.99990793996694 -0.00643685019523285 -0.00403776831832025 0.000533580390006058 0.00740507274728891 0.00598106862379602 0.00214923879782398 7.62833001542144e-05 0.00393607148656387 -0.00391972958695608 0.943372926284044 0.999875852510047 0.00534505566363245 -0.00308100287234065 -0.00676997703319168 -0.00434207056687999 -0.00212552673370277 -0.00233022365823059 0.00817872926027651 -0.00141921156056784 -0.0081656367028872 0.95295410025795 0.999907933738838 -0.00643695656823883 -0.00403363746938912 0.000534273070332073 0.0074074241025671 0.00598334875154725 0.00214636628051999 7.41359648254074e-05 0.00393372529188555 -0.00392134979016007 0.943270885699207 0.093 0.107 0.0260000000000007 0.0259999999999998

 1010 65 100 10 0.95 0.00800000000000001 0.342 0 0.0259999999999998 0.9998775331384 -0.00194355382749409 0.0067591467200156 0.00145903524640922 0.005069422578506 0.00675864931062179 0.000695473833644217 -2.60696595491738e-05 -0.00656322130844081 0.00885369144186902 0.948713474263949 0.999857487724553 -0.00241110485124167 -0.000501897365150892 -0.00038561727890776 -0.00897769687445103 0.00299100281516855 -0.00391413192252163 0.00587615932815215 0.0101513729684499 -0.00602868340357732 0.947406148412609 0.999877383562073 -0.00195544541591209 0.00676225356021433 0.00146492692877971 0.00508207887855565 0.00675757673137734 0.000714010627569637 -2.01394864217181e-05 -0.00656472631508254 0.00885560685631524 0.948935595274435 0.999857500811577 -0.00241326373005756 -0.000502608424148192 -0.000396675008880483 -0.0089710798247949 0.00300538198071005 -0.00390957721809084 0.00587214527836263 0.0101564730215789 -0.00602584767478408 0.947089972703514 0.0670000000000002 0.114 0.0289999999999999 0.0229999999999997

 1008 63 100 10 0.95 0.0119999999999996 0.325 0 0.024 0.999937338228866 0.00588786132745541 0.000258722633510194 -0.000964917550912637 -0.00309741204335424 -0.00600348152263268 0.00591779426277569 -0.000869155361561953 -0.00249072677548127 0.00142811409590115 0.950508390339756 0.999891664559458 -0.0071223698237123 0.00226019499195921 0.00752336883048528 -0.000356934554102356 -0.00233379785866111 0.00122555902167323 -0.00157410177802941 0.0075567190189426 -0.00612891705559957 0.949595832474245 0.999937346051837 0.00588693708310694 0.000262008090129714 -0.000965617411838601 -0.00309945930709467 -0.0060022702655776 0.005917141316214 -0.000869436602800018 -0.00249042511926715 0.00142908445797882 0.950569149275966 0.999891722405483 -0.0071121975628875 0.00226000437626347 0.00752356975448248 -0.000356398726323067 -0.002330831490426 0.00122013341577676 -0.00157551403265343 0.00755826382822958 -0.00613109057072424 0.949744591124517 0.0489999999999995 0.23 0.024 0.0220000000000002

 991 46 100 10 0.95 0.00899999999999945 0.334 0 0.024 0.999906589768017 0.00451873485825228 -0.00802302544624718 -0.00151981156346839 -0.00456769847081905 0.0057929681006629 -0.00227968652437849 -0.00273408521501841 -0.00440875199200907 0.00363075388883702 0.948733742442033 0.999842545123002 0.000539790306890858 -0.00269815548321944 0.00660169029423344 -0.00156904041473259 -0.00504900376500704 0.006817581763552 -0.00810421143480946 0.0106920577137868 0.00304944938462508 0.945945266078485 0.999906382002099 0.00451223456259663 -0.00803086243737146 -0.00151660447800744 -0.00458147082751395 0.00580601864455319 -0.00228366643042104 -0.00274147121260503 -0.00441033712306744 0.0036318772468861 0.948962708276378 0.999842405844551 0.000540616588283868 -0.00269602395213736 0.0066049661246247 -0.00156464438515013 -0.00505191980939018 0.00681717462423552 -0.00810484678332073 0.0107032574060599 0.00304712157208668 0.945719578097804 0.0499999999999998 0.132 0.0270000000000001 0.0220000000000002

 1006 61 100 10 0.95 0.00900000000000034 0.321 0 0.0229999999999997 0.999934186062877 -0.00101670775256087 0.00387937234455042 0.00493139061608324 0.0056067669993509 0.00116199238362238 -0.00371000528664387 0.00480551523687632 0.0030872104739165 -0.00347097363977696 0.944951268884358 0.999887418624138 0.00282612529735881 -0.00327543140800986 0.0079357265122496 -0.00330275416667856 -0.00424557868915942 0.00602704340870682 0.0046243233782199 -0.00264818776809816 -0.00705714148022873 0.942457050853731 0.999934194807932 -0.00101852435661978 0.00387774612934025 0.00492793068300287 0.00560756277986047 0.00116330443340615 -0.00370988936592836 0.00480790792043693 0.00309312829473478 -0.00346446362751306 0.944778091740611 0.999887389074158 0.00282623543600884 -0.00327791091244927 0.00793312657089439 -0.00330081751751599 -0.00424345933903791 0.00603065049155191 0.0046262026714441 -0.00264960180341566 -0.0070603921217284 0.942383232208266 0.224 0.155 0.0259999999999998 0.0279999999999996

 1019 74 100 10 0.95 0.00999999999999979 0.33 0 0.0309999999999997 0.999939011299442 0.00633272302013691 -0.000705260444165814 -0.00184672290739022 0.00115946395490997 -0.0058431109378451 -0.00159753539502801 -0.00603649737026508 -0.00070016422038299 0.0017304828761396 0.951496328163276 0.999906955275791 -0.00192135362447225 -0.00971040701997052 -0.0077865623584714 -0.0012153302660388 0.00239532151702337 0.00248742331249982 0.00133231070954192 0.00248966088404418 0.0024680564795964 0.9589832657212 0.999939004494531 0.00633236972807895 -0.000706144132637405 -0.00184748544549544 0.00116041602465019 -0.00584470337355908 -0.00159869586391185 -0.00603595206674666 -0.000700977070360542 0.00172901838039247 0.951465892591078 0.999906962031719 -0.00192462215146282 -0.0097061876680223 -0.00778818788667999 -0.00121475664026896 0.00239936411766529 0.00248856879016854 0.00133097411584929 0.00249273472478732 0.00246706008720712 0.958824400762524 0.0449999999999999 0.0449999999999999 0.0270000000000001 0.0230000000000006

 1001 56 100 10 0.95 0.0110000000000001 0.323 0 0.0289999999999999 0.999808127489679 0.0107576612871513 -0.00340935210786404 -0.00484839704617455 -0.00253828770509458 -0.00395128985315964 -0.00118455164477986 0.000516530486466277 0.0144489095696169 0.000594763337832317 0.946042253782016 0.999829249239548 0.00163097666365033 1.54652569199972e-05 0.00462305962043862 0.00218204081258493 -0.00252678827612349 -0.00228132893768891 0.00563849402466544 -0.0124160084879762 -0.010730286870104 0.944402741580857 0.99980806879271 0.0107600074539911 -0.00341026934426557 -0.00484313945013231 -0.0025356860792976 -0.00395406657730955 -0.00118942316287194 0.00052631496908784 0.0144518334150882 0.000591869488951289 0.945810887676154 0.999829281234744 0.00162907898340505 1.34967081513789e-05 0.00461970153891414 0.00218510204946618 -0.00252624066815384 -0.00227393581052956 0.005637662213139 -0.0124126068414474 -0.0107344898356482 0.944256957512014 0.199 0.197 0.0259999999999998 0.0220000000000002

 1013 68 100 10 0.95 0.0170000000000003 0.333 0 0.0250000000000004 0.999939316014745 0.00226627085021843 0.00813800412408159 0.00532931103101713 0.00016958100536159 1.69926157530938e-05 -0.00041614104016545 0.00379152846718177 0.00209306214319366 0.00162506003694791 0.948749037283556 0.999914973245576 -0.00251695568421768 -0.00329659518268087 0.00204806864009647 0.00689652868822796 -0.00496519159054151 0.00826898879699987 0.00280435052728018 0.000380588231727941 -0.000220108939202355 0.954565708027018 0.99993912302516 0.0022673482738943 0.00814581762540429 0.00533218172412554 0.000169871249787902 1.57811813034389e-05 -0.000413988065927141 0.00381033602783658 0.00210598883793165 0.00163356289018718 0.948975336294881 0.999915002097831 -0.00251647169808438 -0.00329348344134875 0.002050196516614 0.00689781420353259 -0.00496312441606748 0.00826717922084402 0.00280286656817056 0.000377378741943773 -0.000220086832312692 0.9545023171276 0.0289999999999999 0.162999999999999 0.0280000000000005 0.0219999999999994

 1011 66 100 10 0.95 0.00899999999999945 0.329 0 0.024 0.999785181708054 -0.00194794580817719 0.00463185270715632 0.00566109960440763 0.00380690153318131 -0.00254541770873326 -0.00345918957576296 -0.00451832143397861 0.000166833447317079 -0.0178581390629945 0.941257933409272 0.99996231853286 -0.0028253732289484 -0.00156276994449952 -0.000132859454280014 0.00278033685243012 -0.0055461528302721 0.00377048502001027 0.0012133314338595 -0.00123458943974234 0.00303576237546146 0.950864402471125 0.999785176314763 -0.00194865448769545 0.00463215403582274 0.00566020981381005 0.00380776830575121 -0.00254360402186639 -0.00345826697414405 -0.00451750455205881 0.00016724589769278 -0.0178590226741474 0.941216966515522 0.99996231563725 -0.00282471267095962 -0.00156329658804394 -0.000132939253111381 0.00278035102522593 -0.00554619407959388 0.00377140874028435 0.00121238182998971 -0.00123442973765897 0.00303626475963402 0.950888994836841 0.0780000000000003 0.0789999999999997 0.024 0.0199999999999996

 994 49 100 10 0.95 0.00699999999999967 0.35 0 0.0249999999999995 0.999884919593762 0.00578596790234995 -0.00380398968852654 -0.0103214424946649 0.00327692399948447 -0.00508372488223274 -0.00501964694369787 9.49421829347474e-05 0.00133832121558833 0.00347680442046679 0.95586382579765 0.999872007181244 0.00349258909088969 0.000280425170608613 -0.000770360108476296 -0.000813228290163969 -0.0114185491070496 0.00822488435258737 -0.0040737022418642 0.00520507150727545 -0.000847253146159581 0.945627510103729 0.999884974905768 0.00578453860621598 -0.00380430547307887 -0.0103188656834532 0.0032773295502177 -0.00508114015055479 -0.00501994465568693 9.21603918768366e-05 0.00133734838543112 0.0034739932183157 0.955779252727857 0.999871850919973 0.00350324149286498 0.000278479109007564 -0.000768177700263048 -0.000815048023938723 -0.0114300711069565 0.00822171674354838 -0.00407589070380488 0.00520615039298424 -0.00084678649614326 0.945414896036785 0.202000000000001 0.248 0.0249999999999995 0.024

 1004 59 100 10 0.95 0.0140000000000002 0.33 0 0.0270000000000001 0.999864925240713 0.00866003397716505 0.00037485115201111 -0.00860531223323813 -0.00307226777363101 -0.00113708984027645 0.00121461396135789 0.0103979506537841 -0.000740463297691893 -0.000265366791043368 0.948421788269812 0.999862851198137 -0.00355508055873253 -0.0143812707460012 0.0015707770862495 0.0010606460577234 0.00122758493710259 -0.00538644375177355 0.0024918636496949 0.00369099190096601 -0.000934553604125996 0.949382077683443 0.99986484024442 0.00866128414901425 0.000370100955537462 -0.00860274537628135 -0.00307880951840881 -0.00114224046474102 0.00121388184151562 0.0104042917982712 -0.00074952926255989 -0.000266129237058377 0.94866723537008 0.999862877019964 -0.00356012070637634 -0.0143811053754675 0.00156813469805513 0.00106621541940684 0.00122422751219295 -0.0053818544831041 0.00249292898084577 0.00368525570601976 -0.000939014985295589 0.94954510987643 0.306999999999999 0.129 0.024 0.0249999999999995

 1015 70 100 10 0.95 0.0140000000000002 0.327 0 0.0270000000000001 0.999933991356264 -0.00188912817765942 -0.0057700306960917 -0.000426222637805738 -0.00307050141293004 -0.00234886179098771 -0.00785451381703213 9.42108062205632e-05 -0.00185483516150249 -0.00385764150666788 0.951352820643951 0.999923952850068 -0.00443364407225023 -0.00507795157102886 0.0021574500602021 -0.00236519263653788 -0.00139056846788613 0.00785769919703955 -0.00349648738720385 -0.00214603616571507 0.00398609899515497 0.948315285198151 0.999934000696763 -0.00188872216525499 -0.00576995776637606 -0.000426547067519331 -0.00306879249635881 -0.00234743210359951 -0.00785547232354185 9.37506995784826e-05 -0.00185401603347086 -0.00385617546056564 0.951326468283439 0.9999240579886 -0.00443268038285968 -0.00507785223363177 0.00215498947953125 -0.00236099916221604 -0.00139189182311734 0.00785058761732537 -0.00349636081977401 -0.00213242439299557 0.00398570679662431 0.948563625930785 0.24 0.0880000000000001 0.0229999999999997 0.0220000000000002

 1014 69 100 10 0.95 0.00899999999999945 0.337 0 0.024 0.999905476756743 0.00390081960793042 -0.00581409499343005 -0.00398084914370958 -0.00481247704215696 0.00531507132002052 -0.00158671408248897 0.00365434778691271 -0.00608176231433837 0.0044610118992074 0.948998627238332 0.999893846482046 -0.0028748470357213 0.00587931524250177 0.000652783331242529 0.00123417427263724 -0.00950983654570968 -0.00581402767616775 2.87411349464698e-05 0.0021350458898605 0.00622223480554996 0.949518585913991 0.999905323654921 0.00390780137766121 -0.00582413257308422 -0.00398407773306939 -0.00481546716994339 0.00531541310357997 -0.00158821273912213 0.00365330814827586 -0.00608518391582918 0.00446525871387718 0.949192209266711 0.999893887167902 -0.00288001818819076 0.00588259264323509 0.000651998138510368 0.00123109116163086 -0.00951420057521602 -0.00580170379545913 2.36646414616786e-05 0.00212786646270289 0.00621821204665181 0.949676097382103 0.232 0.222 0.0250000000000004 0.0229999999999997

 990 45 100 10 0.95 0.00599999999999978 0.227 0 0.0150000000000001 0.999856418616213 0.00653061875858845 -0.00694314464523903 -0.00336639812453043 0.00467998949922808 -0.00112576103700428 -0.00265945906967812 0.00249821079922927 -0.0110826200893356 -0.00506412769204088 0.950281257538869 0.999930203596926 0.00133858594621143 -0.00479418551005995 0.00457143793410591 -0.00793411461673581 0.00126417111688189 -0.00320525596457079 0.00340330208936427 -0.00106896124129905 0.00252324203668147 0.95212184628085 0.999856452377558 0.00652829062215162 -0.00694404074900366 -0.00336704330530027 0.00467885686061367 -0.00112874106187655 -0.00265958572690673 0.00249965153765043 -0.0110809763336817 -0.00506200844629852 0.950367170591409 0.99993021033504 0.00133911197152121 -0.00479572025472876 0.00457022977409357 -0.00793342984447302 0.001263770569444 -0.00320382194138953 0.00340349247684127 -0.00106848651075034 0.00252368398507112 0.952085112595011 0.00200000000000022 0.00099999999999989 0.0150000000000001 0.0140000000000002
