
 914 58 5000 5 0.95 20.132 0.545999999999999 27189.911 0.757999999997992 0.999997625858717 -0.00181008101136373 0.000510038535091982 -0.000851176009991155 0.000698028477604626 0.950087058923065 0.999999833656678 -0.000458905663459062 -9.6105846374988e-06 -8.42372918572978e-05 0.00033897481252844 0.950139071918178 0.999997626124294 -0.00180998606319075 0.000510063135405673 -0.000851174147354861 0.000697878497347137 0.950102346819681 0.99999983369753 -0.000458840424107378 -9.51937581096953e-06 -8.41889325163315e-05 0.000338957198337789 0.950147202829405 0.574000000000524 0.815999999998894 10.9459999999999 10.9300000000003

 895 39 5000 5 0.95 18.573 0.641000000000002 27272.172 0.794000000001688 0.999998695819938 -0.000718334017368206 0.00114368259363224 -0.000883815401858237 -5.67020589742713e-05 0.950635176407355 0.999998807050491 -0.000228433186215832 -0.00117378429938865 0.000829604529474608 -0.000517399862295465 0.949353634313419 0.999998695718612 -0.000718479045010706 0.00114385633602034 -0.000883560363303166 -5.71200758703417e-05 0.950592535560857 0.999998808607065 -0.000228597962432713 -0.00117284592658145 0.00082909132253047 -0.000517269207964718 0.949468504695666 0.585999999999331 0.511000000002241 12.1489999999976 12.5159999999996

 910 54 5000 5 0.95 20.513 0.477 27350.413 0.792000000001281 0.999999111490147 -0.00106790375573036 0.000660833214068344 0.000304824856038809 -0.000327080654629411 0.949333758081416 0.999998910505701 -0.00106084630103512 5.61719407870204e-05 -0.000989430009337843 0.000267330330289904 0.950112356941271 0.999999109694093 -0.00106826234603196 0.000662062989376298 0.000306504162955767 -0.000327344434057816 0.949450955846705 0.999998910627817 -0.00106076553226284 5.62395238341637e-05 -0.000989388258784894 0.000267334347919405 0.950124109660013 0.436000000001513 0.544999999998254 11.3810000000012 9.91700000000128

 916 60 5000 5 0.95 18.936 0.619000000000003 27402.74 0.778000000002066 0.999997970503116 0.00180641144208702 0.000412182721931712 -0.000784526003822347 -0.000102429016803379 0.950210010132499 0.999999449582476 -7.60600369684115e-05 -0.000189842449775383 -0.000520451032673343 -0.00088777259678865 0.950702707934447 0.999997970486926 0.0018064114759297 0.00041219916128381 -0.000784539529365932 -0.000102416733552977 0.950208037769889 0.999999450071928 -7.62545980449919e-05 -0.000189914579494584 -0.000520323268452354 -0.00088726389860691 0.950659564563886 0.49199999999837 0.854000000002998 9.8839999999982 11.969000000001

 912 56 5000 5 0.95 20.557 0.477999999999998 27484.07 0.807999999997264 0.999999141434234 -0.000793082893826806 0.000731675733271967 -0.000702986896745309 0.000242095774314342 0.951155587728082 0.999999461712018 -0.000349826336696579 -0.000319758472573645 -0.000809655362933289 0.0004431815885556 0.949218818862298 0.999999141358786 -0.000792899362584077 0.000732065768912098 -0.000702872240791158 0.000242162372301987 0.951106978163393 0.999999461791206 -0.000350580013835553 -0.000320567375181167 -0.000809142873053601 0.000442758760711142 0.949351072847831 0.504000000000815 0.579999999998108 9.86700000000201 9.38899999999921

 921 65 5000 5 0.95 20.747 0.478999999999999 27686.808 0.790000000000873 0.999999509731867 0.000357255757881078 0.000597492010333557 -0.00016396097385373 -0.000684853593888388 0.949847007199015 0.999998011037316 -0.00172360090192982 -0.000285568149026789 0.000846261474610881 0.000457617406663415 0.949711632578813 0.999999509596012 0.000357550925908886 0.000597664696683545 -0.000164347170404837 -0.000684654648500689 0.949895710489565 0.999998010435564 -0.00172427430860966 -0.000285631055094914 0.000845339409095409 0.000458060265536041 0.949778892811984 0.457999999998719 0.54399999999805 8.9429999999993 9.1140000000014

 923 67 5000 5 0.95 19.874 0.483000000000001 27717.772 0.763999999999214 0.999996304917953 0.00029750688738149 0.00150762112960676 0.00159511957444748 0.00157617009427188 0.951890843049384 0.999999224083185 0.000192147684756212 -3.56027143081284e-05 0.000414170496322893 -0.0011584936518858 0.949240970870785 0.999996306131422 0.000297687632966169 0.00150760266659163 0.00159489098034739 0.00157561497389105 0.951831483797983 0.999999224772149 0.000192179262850896 -3.60280388798693e-05 0.000413425526522558 -0.00115814659950923 0.949370398231776 0.39600000000064 0.475999999998749 9.37999999999738 9.97999999999956

 913 57 5000 5 0.95 19.944 0.489000000000001 27735.48 0.985000000000582 0.999999095697131 -0.000314260660126892 0.00120657041309745 0.000484628739512275 -0.000138448481179012 0.949436070861962 0.999999285104935 0.000164439127199945 0.00100057577673325 0.000575290778717249 -0.000265778154993145 0.95023933105024 0.999999095349852 -0.000313973052713766 0.00120693517841963 0.000484580607257384 -0.000138598374691538 0.949540556996908 0.99999928508021 0.000164442415855968 0.00100060276077265 0.000575277073941793 -0.000265797221861235 0.950233207256611 0.316999999999098 0.34400000000096 9.23099999999977 10.0329999999994

 898 42 5000 5 0.95 20.497 0.513000000000002 27748.314 0.795000000001892 0.999999945012992 0.000104092510480375 0.000181687242229394 0.000249626688655209 6.17658917642885e-05 0.95002185327458 0.999999171286937 0.0010688600771044 0.000249088722224116 0.000109485150320439 -0.000664026644533635 0.949355401530604 0.999999945069688 0.000103968924856436 0.000181498492787539 0.00024961566592201 6.16554937701273e-05 0.950046521001215 0.999999171476531 0.00106898918191497 0.000248995283754431 0.000108894798133755 -0.000663665316801676 0.94947074007566 0.527000000001863 0.403999999998632 9.34999999999854 8.5109999999986

 908 52 5000 5 0.95 20.202 0.515000000000001 27820.838 0.761999999998807 0.999999216489282 0.000196314236403868 -0.00059682425848222 -8.45270696880923e-05 -0.00107941536092056 0.951048735432407 0.999999036863411 0.000915698309497134 0.000600629471051072 -0.000239177820976732 -0.000818417415303431 0.95043125531764 0.999999216530536 0.00019619694012124 -0.000597070622707489 -8.4940807069433e-05 -0.00107922972816945 0.951000858354744 0.999999037202316 0.000915723792646982 0.000600775032157152 -0.000239056911333706 -0.000817903129778935 0.950397692246211 0.25 0.320999999999913 9.25200000000041 8.69099999999889

 896 40 5000 5 0.95 20.009 0.584 27891.192 0.773999999997613 0.999998765413517 0.000380087513910356 -0.000799310511705649 -0.00124167565883851 -0.000379538125075622 0.950159034452317 0.999998783613419 0.00108914701752794 0.000328029577588432 -0.00105918035179716 -0.000130629381812208 0.949000105538414 0.999998765468349 0.000380084747819217 -0.000799319961952417 -0.00124161254442923 -0.00037958299667059 0.950164259363331 0.999998784417378 0.00108917372342841 0.000326407506440169 -0.00105879949056814 -0.000131400706746149 0.949161507927602 0.263000000002648 0.216000000000349 8.27200000000084 9.69200000000274

 897 41 5000 5 0.95 20.37 0.563000000000002 27915.156 0.786000000000058 0.99999786260825 0.000992520266892697 0.00144559627173231 0.00107784458786671 0.000195409605339283 0.950474450939417 0.999996622190046 0.0015498201245811 -0.000185395439443292 0.0017801797241246 -0.00107249930571248 0.949742505570034 0.999997862495354 0.000992951753104025 0.00144553836530937 0.00107768163157637 0.000195122202438692 0.950434171493287 0.999996624171418 0.00154929641635914 -0.000185632948203478 0.00177970279423966 -0.00107215892209934 0.949805476113091 0.298000000002503 0.276000000001659 7.39400000000023 7.17099999999846

 894 38 5000 5 0.95 20.358 0.481999999999999 27959.985 0.765999999999622 0.999996070258423 0.000258362363645467 0.000309490120759046 -6.24180959661597e-05 -0.00277363235622497 0.950339134716956 0.999999680428048 0.000611729643646269 0.00037201358984895 -0.000217103621923553 -0.000281784581727933 0.949669642167051 0.999996070190294 0.000258435943088632 0.00030965805937703 -6.24613496671356e-05 -0.00277363034612952 0.9503186718494 0.999999680983261 0.000611059734865938 0.000372299836372057 -0.000217141333655295 -0.000280859128824527 0.949742432694895 0.226000000002387 0.175999999999476 7.13600000000224 7.11499999999796

 905 49 5000 5 0.95 20.35 0.545999999999999 27977.335 0.824000000000524 0.999999558018555 0.000616632856179534 0.000638887980869715 -0.000308751481220837 -1.48757136743529e-05 0.950119551094843 0.999998888002392 -0.0014370414910539 -0.000270931290994579 0.000258029301656415 -0.000137560338903541 0.949580860709056 0.999999558083777 0.000616536715865536 0.000638892174374067 -0.000308726979467797 -1.48044174844423e-05 0.950130285030275 0.999998889005096 -0.00143617048323769 -0.000271209093375411 0.000258247636126616 -0.000138407739279799 0.949664757020676 0.212999999999738 0.186000000001513 7.93100000000049 10.992000000002

 899 43 5000 5 0.95 20.281 0.483000000000001 27983.356 0.973999999998341 0.99999971789375 -0.00017920758168813 -0.000726000384140493 -3.80055906293464e-05 5.98003404078949e-05 0.949177026632685 0.999999623946084 -0.000631126406422796 9.10811864950718e-05 0.000245108574121209 0.000534240726255172 0.94930462455234 0.999999718279479 -0.000177750661304259 -0.000725897446430367 -3.73177287150503e-05 5.93797052193701e-05 0.9493153036964 0.999999623740429 -0.000631924578442468 9.08953219959537e-05 0.000244671249805373 0.000533914175956885 0.949426767739734 0.30199999999968 0.30199999999968 9.03499999999985 8.87099999999919

 920 64 5000 5 0.95 16.448 3.467 28000.059 0.781000000002678 0.999997442761019 -0.000914029552830614 -0.00132919128045424 -0.000255846848053189 -0.00156422962781584 0.950663320435255 0.999999276526221 -0.00078692934970945 0.000180378922073433 -0.000119201932427767 -0.000883710120234874 0.949389814980022 0.999997441940173 -0.000914217780583188 -0.0013289673025335 -0.000256041390030828 -0.00156480275907687 0.950620605874496 0.999999276831255 -0.000787686262083517 0.000180081490380905 -0.000118466541585141 -0.00088284973483195 0.949500243871656 0.261999999998807 0.28099999999904 7.07200000000012 6.12900000000081

 903 47 5000 5 0.95 20.747 0.510000000000002 28023.567 0.759999999998399 0.99999942169307 -0.000981094332292834 0.000348234745761605 -0.000267137891744617 -3.79123461553545e-05 0.949642424019669 0.999999297391365 0.000243306377593762 -0.00019854573904814 0.000932805635572444 0.000660660290697035 0.949949887784709 0.999999422464795 -0.000980297188331374 0.000347845841543352 -0.00026769430590495 -3.78223288554434e-05 0.949719068756388 0.999999297172961 0.000243721103902991 -0.000198410115571979 0.000932706610607418 0.000661018465051792 0.949984246071034 0.172999999998865 0.0970000000015716 5.93700000000172 5.5089999999982

 900 44 5000 5 0.95 19.551 0.526 28056.014 0.759000000001834 0.99999872976802 -0.000288562156890414 0.000894495091878243 -0.00128561138300598 6.53921305511542e-05 0.94955166614227 0.999999228367713 8.7334299280929e-05 0.000586585514636816 -0.00106559606235997 -0.000236768166850567 0.949455921434709 0.999998729517845 -0.000288842514496406 0.000894622877660822 -0.00128567229439645 6.50335029446658e-05 0.949640477429883 0.999999229057826 8.69813266033848e-05 0.000585856790959903 -0.00106517686321771 -0.000237672197168898 0.949557414425026 0.236000000000786 0.33100000000195 8.44600000000355 10.4170000000013

 909 53 5000 5 0.95 19.329 0.843 28056.75 0.75 0.999997598412151 0.000836022775115638 -0.000457795652644754 -0.00194478931455157 -0.000335340890429816 0.949295734467214 0.999998103593063 0.00172288147801604 -2.98987994187513e-05 0.000413569899376265 0.000807809192388311 0.950392017504942 0.999997600609314 0.000836996828355609 -0.000458383125920568 -0.00194285996001189 -0.000336737301713201 0.949417448428737 0.999998103643354 0.00172276132102651 -2.9815601842474e-05 0.000413631069825665 0.000807974934494219 0.950363713308914 0.224000000001979 0.265999999999622 9.51499999999942 11.2459999999992

 906 50 5000 5 0.95 20.266 0.598000000000003 28071.75 0.776000000001659 0.999998614817834 0.000586082799918535 0.000921854490934144 -0.00103388524973822 -0.000712835853193682 0.949653786265599 0.999999108639671 0.000310986052170032 0.000673920874784246 0.000342098047246834 -0.00105584426836895 0.950425345467081 0.999998614372739 0.000585590975562711 0.000922436042266735 -0.00103444400525046 -0.000712301312842257 0.949729138552793 0.999999108972437 0.000311235915253848 0.000673640997397746 0.000341827803919734 -0.00105572159991088 0.950392672948332 0.352999999999156 0.294000000001688 7.91800000000148 5.32500000000073

 917 61 5000 5 0.95 20.662 0.509 28095.151 0.770000000000437 0.999998719632491 4.21584245414774e-05 -0.000268399226721972 -0.00128355028024268 0.000916196801393258 0.949457443265411 0.999999013608774 0.00124118850008047 -0.000376170829054053 -0.000173075277892345 -0.000510659418388539 0.9505240190274 0.999998717807882 4.13799419657004e-05 -0.000267183987704909 -0.00128461699585062 0.000917083520128627 0.94955857291404 0.999999014086878 0.00124107559006382 -0.000376265181605852 -0.000172415752447486 -0.000510150931926382 0.950482664588104 0.127000000000407 0.0979999999981374 5.49599999999919 5.76199999999881

 902 46 5000 5 0.95 20.053 0.491999999999997 28114.339 0.761999999998807 0.999996771870709 0.000767351910752891 0.00160493563515585 -0.00153307052042 -0.000970203891835205 0.949039868603402 0.999999420167491 0.000451804111043022 -0.000273657015105117 -0.000356331091537121 -0.000868146138682768 0.948705001406419 0.999996772019061 0.000766587731355752 0.00160640189377446 -0.00153254428746246 -0.00096905916804974 0.949194909325051 0.999999421012564 0.000450591857548673 -0.000274012825797934 -0.000356741878701016 -0.000867521595383757 0.948903603871282 0.129000000000815 0.0960000000013679 5.83799999999974 5.6720000000023

 919 63 5000 5 0.95 20.397 0.488 28145.116 0.778000000002066 0.999999008886145 7.50001494165956e-05 0.00136782214660475 0.000311641548406866 9.24328189446468e-05 0.950032106876005 0.999997555066294 0.00086817372316218 -0.00123967731216167 -0.000656502502385536 -0.00147252858927291 0.949952603174973 0.999999008642387 7.52138610736815e-05 0.00136803110857777 0.000311511302847767 9.2242683695984e-05 0.950055215514511 0.99999755548677 0.000867917930583919 -0.00123971093637405 -0.00065642622028043 -0.00147239952491955 0.949986744251761 0.132999999997992 0.0980000000017753 4.23099999999977 4.20200000000114

 893 37 5000 5 0.95 20.512 0.471999999999998 28240.476 0.770000000000437 0.999999064519512 -0.00081358427010514 -0.000812507652116997 -0.000133811175480797 -0.000728674563842067 0.949912955943916 0.999998490956017 0.000641144586842781 0.00011216000098998 0.000313396917371088 -0.00157994361071586 0.949761028789632 0.999999063761506 -0.000814140783398908 -0.00081248052988088 -0.000134056268312272 -0.000729078323967916 0.949952334557347 0.999998491826263 0.000641275038949885 0.000112589563549284 0.000313022795153669 -0.00157938337460431 0.949821245755674 0.140999999999622 0.0929999999971187 3.26400000000285 3.43199999999706

 922 66 5000 5 0.95 20.439 0.481999999999999 28254.12 0.977999999999156 0.999998016308327 7.24992072980336e-05 -0.00180147225443189 -0.000335066501484288 0.000777529056054286 0.950522148985759 0.999999509455004 0.000172203843547514 -0.00097253926983292 6.68732318648609e-05 3.36292693128964e-05 0.949562471438908 0.999998016274246 7.19687392379581e-05 -0.00180155337746997 -0.000334947210700232 0.00077748560574441 0.950481113892392 0.999999509082413 0.000172645822343817 -0.000972894718394417 6.59467484376672e-05 3.39889028057262e-05 0.949649787588957 0.119999999998981 0.0930000000007567 3.31999999999971 3.32700000000114

 918 62 5000 5 0.95 20.692 0.506999999999998 28267.467 0.764999999999418 0.999997403247497 0.000364304393260093 -0.000175648409548556 -0.00204297092177424 0.000925309688920107 0.949411434972559 0.999999356494038 0.000497951467598884 0.000480758640584298 -0.000731734800916351 0.000522006854518623 0.950763673385306 0.99999740472429 0.000364149679010418 -0.000175583145091723 -0.00204285308963363 0.000924046270441684 0.949518607022618 0.999999356609641 0.000498146657781383 0.000480521122493409 -0.000731493309437118 0.000522156298981758 0.950719519043618 0.13799999999901 0.0930000000007567 3.28800000000047 3.79699999999866

 907 51 5000 5 0.95 19.694 0.475000000000001 28331.516 0.765999999999622 0.999997896173443 0.000281172684311028 0.00194754696377335 0.000566255678737732 0.000122498735191763 0.950139162141447 0.99999783790344 -0.000669356895801984 -0.00159377090193789 -2.90482309704043e-05 0.00115550867750442 0.949904550105654 0.999997896017487 0.000281334665477298 0.00194759397074573 0.000566293177653479 0.000122479250173003 0.95014727915578 0.999997839306181 -0.000668541468320182 -0.00159343209986838 -2.94019426471583e-05 0.00115522506209757 0.949945278765133 0.13300000000163 0.092000000000553 3.67900000000009 3.68999999999869

 904 48 5000 5 0.95 20.707 0.494 28383.171 0.754000000000815 0.999998599197978 -0.00160779448677848 -8.85387094355963e-05 0.000134450455194801 -0.000436672579662075 0.949712941924248 0.999999192055788 0.000352509337868958 -0.000903789949197896 0.000476936233038573 0.000668820226574539 0.949787224279769 0.999998598089782 -0.00160827192720734 -8.87784044355895e-05 0.000135179508924131 -0.000437178195901199 0.949780067429438 0.999999191856222 0.000352742813054048 -0.0009037619006575 0.000475905915336781 0.000669766674442922 0.949844874473119 0.123999999999796 0.0910000000003492 3.71500000000015 3.29199999999764

 892 36 5000 5 0.95 20.693 0.478000000000002 28406.624 0.774999999997817 0.999997646661184 0.00118870604001221 0.00046659812139314 -0.00169181928895219 -0.000462259377117019 0.949088082620456 0.999999432577308 0.000217327829525645 -0.000732883973001402 0.000734146609716857 0.000107347631070475 0.949735240126389 0.999997645874044 0.0011880064366704 0.000467406978368643 -0.00169195664612405 -0.000464435680253893 0.949237189840384 0.999999432867062 0.000217768962021077 -0.000732991417260588 0.000733474100710871 0.000107617654919679 0.949798853658835 0.120999999999185 0.092000000000553 4.29100000000108 3.83399999999892

 911 55 5000 5 0.95 20.684 0.492000000000001 28491.294 0.769000000000233 0.99999926177589 -0.000782299016519538 0.000554604253812466 0.000741373367419112 -8.50621876246854e-05 0.950843881269289 0.999999891234607 8.51842437648794e-05 -7.91901699362767e-05 -0.000159902126279812 0.000422415253140625 0.949980100508357 0.999999261809508 -0.000782239669351309 0.000554458113473891 0.000741528132918929 -8.48160735292291e-05 0.950799036333509 0.999999891419589 8.52738205496831e-05 -7.92119868301087e-05 -0.000159580290913659 0.000422076743660974 0.950010272353033 0.110000000000582 0.088000000003376 3.27600000000166 3.09000000000015

 915 59 5000 5 0.95 20.622 0.501999999999999 28551.531 0.745000000002619 0.999998275951744 -0.00103181080910485 0.000969454950986626 0.00089235368346639 0.000804563232912152 0.950313787986606 0.999999785088914 -0.000227844034941624 -0.000209992762108799 0.000493996620470089 -0.000299632441583257 0.950280386781464 0.999998276192822 -0.00103182574840536 0.000969401803942314 0.00089223651539364 0.000804438407641195 0.950296943237598 0.999999785013658 -0.000227768959761357 -0.000210038371834954 0.000494129186155658 -0.000299690119886633 0.950268460636234 0.13300000000163 0.091999999996915 3.05500000000029 3.04000000000087

 901 45 5000 5 0.95 19.957 0.518000000000001 28583.833 0.753999999997177 0.999997048767047 0.000310779110675669 0.000351860029133258 -0.00238236805020286 -7.9940821408726e-05 0.949938560055342 0.999998941068 0.000215694905899113 0.00131575436943076 -0.000504741246445716 0.000292173407635866 0.949658027669074 0.999997048175199 0.000310871264292084 0.000351787265597552 -0.00238261268829841 -8.00152638173058e-05 0.949974879242567 0.999998941387276 0.00021547262990046 0.00131551266640704 -0.000504870944473798 0.00029210893186061 0.94973265242909 0.119999999998981 0.092000000000553 3.28299999999945 3.36599999999817

 894 49 10000 5 0.95 26.925 2.561 0 3.601 0.999999726008201 0.000266155045481465 -6.65893140064891e-05 -0.000549155193527535 0.000413690042219508 0.950490103190028 0.999998697374019 -0.00119660947388775 0.000464630727223194 0.000747036101348924 0.000632005841311811 0.94990676321775 0.99999972618064 0.000265604184252978 -6.66709803610411e-05 -0.000549144464351518 0.000413628336476699 0.950449116899161 0.999998697775428 -0.00119629011761578 0.000464651726355294 0.000747093626863373 0.000631891832857077 0.949946942785861 0.928999999999995 0.834999999999994 129.947 209.984

 903 58 10000 5 0.95 26.944 2.136 0 3.187 0.999999121566987 0.00114049043299209 -0.000223009677833604 0.000329298309711191 -0.000545871902089568 0.950194108132749 0.999998959670021 -0.000124710925450698 8.31301350303025e-05 0.00021006511481586 -0.00141917866685891 0.949767659129032 0.999999121567713 0.00114049042590578 -0.000223009719909944 0.00032929752357713 -0.000545871044483532 0.950194342301533 0.999998959496724 -0.0001244786214606 8.30989932115685e-05 0.00021019711235061 -0.0014193034467723 0.949827531380945 0.978000000000002 0.804000000000002 155.755 223.089

 892 47 10000 5 0.95 26.303 2.836 0 3.282 0.99999914296091 -0.00109000000644319 -0.000107606089109774 -0.000209036026156248 0.000686077475065994 0.950276623152559 0.999999209783446 0.000711741737285754 2.27316981442687e-06 0.00101423242094411 0.000212564370001087 0.950109194449211 0.999999142950903 -0.00109007359095647 -0.000107627702815469 -0.000208999891490227 0.000685982761680154 0.950265196679116 0.999999209683809 0.000711811956917338 2.28599416341345e-06 0.00101427532849344 0.000212593105353326 0.950121463402842 0.993000000000002 0.961000000000006 180.725 207.044

 908 63 10000 5 0.95 25.821 1.508 0 3.63 0.999999169834791 -0.000980683105834025 0.000704810370805378 -0.000163998635096328 0.000418254901934203 0.950318515699042 0.999999029994315 0.000231605850495079 -0.000615260179032329 -0.00035877400419056 -0.00117435313489518 0.950386596762624 0.999999170008418 -0.000980549587201482 0.00070476117637679 -0.000163951676125068 0.000418254127372829 0.950300979443505 0.999999029805289 0.000231897247697343 -0.000615433459294841 -0.000358830947654621 -0.00117434839589987 0.950359416048559 0.990000000000002 1.76 196.3 191.01

 909 64 10000 5 0.95 26.148 2.907 0 3.224 0.999999601430239 -0.000304918220116845 0.00050390762510667 -0.000517688216328598 -0.000426896074599358 0.949896280245322 0.999999699550694 5.96434557012872e-05 -0.00047290660244541 4.96776234507505e-06 -0.000611290312573017 0.949311338616592 0.999999601473062 -0.000304938718164959 0.000503761188212782 -0.000517477543121661 -0.000427209261876757 0.949938220216437 0.999999699934569 5.90632280788575e-05 -0.000472897799100418 5.40582251084668e-06 -0.000610721504321748 0.949431603624505 0.867999999999995 1.02 194.376 200.637

 895 50 10000 5 0.95 26.076 3.201 0 4.839 0.999998678427792 -0.00012017395943219 -0.000289558817677688 -0.000932899562889031 -0.00129404597531304 0.950132312119015 0.999999484532694 -0.000480865642349599 -0.000148062686514383 1.32783859245204e-05 -0.000881818407924865 0.950260492760653 0.999998678428714 -0.000120222002378204 -0.000289603618369579 -0.000932895085818735 -0.00129403400252535 0.950141276435412 0.999999484588294 -0.000480778873296053 -0.000148104768601063 1.32416040914887e-05 -0.000881796154603909 0.950251353141812 1.054 2.25 195.402 195.977

 893 48 10000 5 0.95 26.997 3.082 0 3.228 0.999999361263163 0.000165277297597892 -0.000814985604813782 0.0001228663774706 0.000755552114843199 0.949771941702826 0.999999746282986 2.70043659327368e-05 -8.0972580427787e-05 0.000540103480263719 -0.000456548354341916 0.949547362538026 0.999999361464672 0.000164910291752576 -0.000814973706052392 0.000123062746011803 0.000755346452631355 0.949831022536802 0.9999997469653 2.77842401197502e-05 -8.05113723196709e-05 0.000539564071991099 -0.000455725688479656 0.949636912078863 0.893999999999998 0.935000000000002 187.743 217.071

 913 68 10000 5 0.95 25.813 2.866 0 3.263 0.999998340115641 -0.000332749549145704 -0.00050527557392579 -0.00131672561953279 0.00110452430396227 0.949946489911912 0.999998705262484 -0.000834701086451597 0.000747447158486168 0.000814616703808944 -0.000818822217695543 0.950300491042415 0.999998340157257 -0.000332764820785991 -0.000505069712659311 -0.00131673286656725 0.00110456753918025 0.949981647885852 0.999998705233787 -0.000834712300577677 0.000747467926512723 0.000814542267069763 -0.000818900921263763 0.9502855616406 0.845999999999997 0.920999999999999 222.318 192.56

 900 55 10000 5 0.95 17.544 1.278 0 6.374 0.999999643757113 0.000566370723042776 -0.000413910807642261 0.00039937759446123 0.000246749330173528 0.950028312999466 0.999999580865233 0.000106164252667654 0.000792061426620318 0.000426240392996491 -0.000134001247749791 0.950028216979701 0.999999643897344 0.000566186596206214 -0.000413985215488033 0.000399340111500481 0.000246539326393659 0.950051931422034 0.99999958097959 0.000106066088636469 0.00079190862647185 0.000426238867854728 -0.000134133459865421 0.950051768280653 2.059 2.687 203.718 198.709

 923 78 10000 5 0.95 27.022 1.335 0 4.176 0.999998939572461 0.001112475153537 0.000177148895280106 0.000675453977614492 0.00062899378325239 0.949925269333686 0.999999538635296 -0.000419605478868672 0.000768200127828883 -0.00030547080817081 -0.000251429087415285 0.949798329803288 0.999998939873045 0.00111245326631611 0.00017704503283985 0.0006754603644511 0.000628576860166937 0.949963264427274 0.999999538478368 -0.000419564503262731 0.000768362305827307 -0.000305477491677324 -0.000251617860632943 0.949853806602817 0.969999999999999 1.838 213.587 197.764

 916 71 10000 5 0.95 25.009 1.282 0 7.509 0.999999353454851 -0.000584784175917966 0.000100776662892659 0.000952546933226505 -0.00018334599136085 0.950165407539867 0.9999985874385 -0.00119800707431115 0.000593416842915982 0.000156324689247915 0.00100663752039772 0.950256535682962 0.999999353424747 -0.000584818477341117 0.000100802209667852 0.000952552170363995 -0.000183359520885608 0.950169784510479 0.99999858749841 -0.00119798251701429 0.000593427068182624 0.000156256070760243 0.0010066118558691 0.950247974397151 3.208 3.51000000000001 201.722 190.55

 921 76 10000 5 0.95 26.633 2.826 0 3.289 0.99999988161885 -9.20701558120539e-05 -0.000450107206350135 -2.71472871974568e-05 0.000157961707228228 0.949495117366549 0.999999492453721 -0.000346105918653501 -8.31336688953077e-05 0.000649353770464543 0.000683177477996462 0.950231916746029 0.999999881791468 -9.21220009144942e-05 -0.00044954489757668 -2.74646387592266e-05 0.000158384547226269 0.949591652274772 0.999999492467065 -0.000346133732273317 -8.30997141281381e-05 0.000649349030885383 0.000683152490913589 0.950226837423921 0.789000000000001 1.211 234.461 181.543

 902 57 10000 5 0.95 26.649 1.725 0 8.845 0.999999153579339 -0.000548956891930599 -0.000424892506212835 0.000556756160485773 0.000949197488716156 0.950224953209175 0.999999621603746 8.7370091258902e-05 0.000278302341287809 0.000810788947399569 -0.000119699298574261 0.950322512934657 0.999999153546497 -0.000548981645273982 -0.000424886772504299 0.000556787290317427 0.000949202078347195 0.950220860839885 0.999999621711327 8.72973036805287e-05 0.000278298091788584 0.000810667207984067 -0.000119688066207525 0.950304445555116 2.963 3.04300000000001 207.843 198.4

 907 62 10000 5 0.95 14.658 1.283 0 10.008 0.999999597044821 -3.04553450806856e-06 -4.91781728443399e-05 0.000206494455694894 -0.000872262842928933 0.950160746889625 0.999999486867101 0.000327019502340994 0.000246533292821303 -0.000637666066769794 0.000672255236513388 0.949967392175139 0.999999597044391 -3.01791121394794e-06 -4.91709859235353e-05 0.000206494695944592 -0.000872263780886834 0.950165708326168 0.999999486789623 0.000327194405976237 0.000246725677678481 -0.000637753656824787 0.000672131701208931 0.949999562512328 2.868 2.553 196.176 205.726

 901 56 10000 5 0.95 18.244 1.28100000000001 0 10.924 0.999999994470351 -6.90741448206216e-05 -7.45337238433534e-05 -1.61017950530899e-05 2.17604180598081e-05 0.949833970571762 0.999999553845059 -0.000684257111537503 5.94927299068196e-05 -0.000587853913053109 -0.000273843531782886 0.950159306050779 0.999999994406709 -6.96675113660031e-05 -7.4609311208899e-05 -1.6166331839883e-05 2.24748956215108e-05 0.949884244366105 0.999999553850892 -0.000684252092513997 5.95028461458012e-05 -0.000587821276272134 -0.000273902627964484 0.950164533574815 2.69 2.015 224.065 176.505

 917 72 10000 5 0.95 25.506 2.845 0 3.263 0.999999061907541 -0.00133924472415488 -9.62084541978182e-05 -4.11263882948211e-05 -0.000267694154597147 0.949999591884897 0.999999450906109 6.75783770348552e-05 -5.15680237349188e-05 0.000993239548539297 0.000323166493163979 0.949742127861345 0.999999061859522 -0.00133929958434949 -9.58869105293234e-05 -4.10380774025783e-05 -0.000267727990057138 0.950027163910485 0.999999450636304 6.72584396786091e-05 -5.16488928063218e-05 0.000993448063795645 0.000323414175973413 0.949805682006424 0.839999999999996 1.11499999999999 218.673 213.874

 915 70 10000 5 0.95 25.788 2.77 0 3.26 0.999999698670932 -0.00024387366534361 -0.00027433940712623 0.000566754913722641 -0.000383027984989671 0.950056379671289 0.999998951336566 -0.000886687621803704 0.000915245870028988 -0.000199167684058774 -0.000658610705565079 0.949829848846753 0.999999698850045 -0.000243985857557219 -0.000274390406322447 0.000566463606177696 -0.000382883283018328 0.950076095554471 0.999998951457178 -0.000886718269001083 0.000915279129510923 -0.000199062022592869 -0.00065837199355103 0.949880867987322 0.820999999999998 1.183 223.476 207.033

 905 60 10000 5 0.95 22.252 4.404 0 3.218 0.999999712157426 -0.000564754155749399 9.94183066208849e-05 0.000496796047034311 -6.89177800538443e-06 0.950492447077925 0.99999958563357 0.000139916931033701 0.000142581952025302 -0.00054118152171108 -0.000704236386437324 0.950806755143875 0.999999712280587 -0.000564439837451601 9.99192278918868e-05 0.000496813143652407 -6.26583563816231e-06 0.950451394736702 0.999999585650013 0.00013990673344383 0.000142692356110012 -0.000541087381321101 -0.000704265038887566 0.950762500664166 0.725000000000001 0.807000000000002 230.868 207.607

 898 53 10000 5 0.95 24.729 3.786 0 3.268 0.999999782569866 0.000453866555725658 -0.000475338906609668 -5.39795551627409e-05 2.12165346793276e-06 0.950814761830468 0.999999234226548 0.00112791906624868 -0.000208120988615308 0.000355870911689289 0.000298975661844481 0.950032642581052 0.999999782580307 0.000453747207993525 -0.000475392059884795 -5.43197922218401e-05 2.13534820697461e-06 0.950770603578333 0.999999234050971 0.00112804492246832 -0.000208174448297337 0.000355878560726367 0.000299041757078268 0.950055803130255 0.547000000000004 0.840000000000003 235.925 201.808

 918 73 10000 5 0.95 26.497 2.529 0 6.38 0.99999941775532 -3.27769665091131e-05 -0.00058378467487384 0.000210911857908693 0.000882114693813826 0.949863030983044 0.999999866357102 -0.000179755827654983 0.000405729014943728 0.000260043876403883 5.22950216700632e-05 0.949884021097428 0.999999417651966 -3.27504336702442e-05 -0.000584057531328084 0.000211067495671423 0.000882014994550233 0.949909483636766 0.999999866285224 -0.000179730814393999 0.000405989706804718 0.000260010938588455 5.18944915990603e-05 0.949927545086758 1.999 2.945 217.176 193.409

 910 65 10000 5 0.95 25.891 3.044 0 3.237 0.999999556824768 0.000373836614095344 0.000357302977116116 0.000463957308459863 0.000635353957866442 0.950980357925069 0.999999790469046 1.25022678282743e-05 -0.000433881780551149 0.000461295520353891 0.000133636073535959 0.950249710727107 0.999999556804782 0.000373915078995936 0.000357688250594281 0.000463746352103699 0.00063527646637228 0.950933489949595 0.999999790409829 1.25357654077891e-05 -0.000433909976519314 0.000461411319381307 0.000133584726920631 0.950242071532604 0.967999999999996 0.994999999999997 240.826 194.254

 914 69 10000 5 0.95 17.722 1.238 0 8.405 0.999998870713589 -0.00122570487013971 0.000126126387534595 0.000105437904632164 0.000853928627844366 0.950094696958499 0.999999757412182 -0.000228394021296675 0.000553591912080528 0.000210906449573399 0.000286472009035543 0.949965555315952 0.999998870659444 -0.00122571581011131 0.000126103642187166 0.000105367314841875 0.000853988401555812 0.950109031633201 0.999999757437512 -0.000228300611870013 0.000553703467241531 0.000210937947839344 0.000286219146271525 0.949997625759377 3.289 3.272 215.947 194.403

 897 52 10000 5 0.95 27.983 1.557 0 3.67 0.999999795806638 -0.000505200147611459 -0.000123492408374525 0.000347608202668057 -0.000130681503737185 0.949475438937619 0.999999533919931 0.000771765628343128 0.000407064436410138 0.000402915840284513 9.21688933469583e-05 0.950033057877379 0.999999795520804 -0.000505490118582153 -0.000123335656977058 0.000347826561988443 -0.000131312942172055 0.949574550115747 0.999999533952756 0.000771744004324579 0.000407158584387522 0.000402816441734692 9.20123008830277e-05 0.950056022185074 0.871000000000002 0.804000000000002 238.065 199.168

 912 67 10000 5 0.95 25.691 2.492 0 8.146 0.99999985556197 -0.000314464439438574 -0.000335172372495453 -8.03508117064078e-05 -0.000266817134609037 0.950035615179146 0.999999645656161 -0.000532586158744188 0.000137495507493612 -0.000467599912992168 -0.000432995199720206 0.949540891237035 0.999999855604846 -0.000314548262779359 -0.000335017623104404 -8.04785909531341e-05 -0.000266713454375837 0.950058245705904 0.999999645644171 -0.000532708043598717 0.000137004007138932 -0.000467920117634649 -0.000432682721848231 0.94963054774115 3.401 3.19199999999999 207.228 203.545

 896 51 10000 5 0.95 27.17 1.935 0 7.33000000000001 0.999999914176169 0.000200369925674176 -0.000181286285955561 0.000301433947146599 -8.81612460512134e-05 0.949513592682372 0.99999900565411 -0.000728784165569489 -0.000424967798292431 -0.000447090745349157 0.00103782304217806 0.949969309839151 0.999999913977819 0.000200840507568431 -0.000180842921773192 0.000301934557213491 -8.85370350831549e-05 0.949608067556384 0.999999006139068 -0.000728333089896224 -0.000424806719428037 -0.000447222272128486 0.00103768168332282 0.950001197331434 2.364 2.47900000000001 219.704 193.754

 906 61 10000 5 0.95 26.904 2.54799999999999 0 3.24 0.999997994976944 -0.00136603466321529 -0.00140193563639813 -0.000368565725141004 -0.000206705510677027 0.949302847026028 0.999999756003361 0.000528182370423799 -0.000304035562268317 -0.000312727789245737 -0.000137041266681468 0.950332189540411 0.999997995294641 -0.00136631834681216 -0.00140136671255781 -0.000368718558459303 -0.00020687879419509 0.949423499751089 0.999999756209367 0.000528004508289996 -0.000303956826812012 -0.000312523907765684 -0.000136863073493365 0.950312654020165 1.015 0.817999999999998 238.842 194.684

 919 74 10000 5 0.95 25.971 1.429 0 6.77 0.999999579314601 0.000345107596303466 0.000741624869871643 7.22715556379746e-05 0.000408706182269891 0.950227276216626 0.999999307561328 -0.000835556422800375 -0.000110757922422113 0.000817988934731756 -7.31376369660386e-05 0.950652691244453 0.99999957929347 0.000345142397089612 0.000741631229613013 7.22630573532884e-05 0.000408718458290564 0.950222854723839 0.999999307824749 -0.000835520580144233 -0.000110578924456588 0.000817723302152251 -7.31866560797814e-05 0.950609727395837 2.07700000000001 3.32 212.79 201.126

 911 66 10000 5 0.95 27.117 2.471 0 3.24 0.999999856850884 -0.000105021893504898 0.000437217887810599 -0.000106283283213972 0.000269838831608884 0.948890724238451 0.999999339732393 0.000668545331518703 -0.000901175916589517 0.000171877268815262 -0.000178667540430897 0.949886498419272 0.999999857341665 -0.000104532386913037 0.000436790141466299 -0.000106468113796069 0.000268828091544549 0.949064005313584 0.999999339377497 0.000668755033055369 -0.000901489735665126 0.000171863228632698 -0.000178299083392876 0.949929591572949 0.741999999999997 0.879000000000005 238.575 197.771

 899 54 10000 5 0.95 24.692 3.47199999999999 0 5.561 0.99999918784205 0.00069465897112256 0.00104188002179972 0.000112826070736199 0.00020861555938358 0.95007648672755 0.999999296857332 -0.000138763442856956 -0.00034745001387381 -0.00111842858165809 0.000124199611337103 0.950507841449812 0.999999187772143 0.000694648526683098 0.00104195857032462 0.000112932034844179 0.000208535782580326 0.950093441200378 0.999999296780745 -0.000138787822076094 -0.000347648725116528 -0.00111845473994805 0.000123997238263947 0.950467124852736 1.572 3.036 218.963 203.254

 922 77 10000 5 0.95 13.194 1.371 0 13.358 0.999999949356436 -7.60750559508224e-06 -0.000134863766183266 0.00027195171679718 9.53062370519799e-05 0.949459171068969 0.999999530872937 0.000208569847120739 -0.000421127900482659 0.000107598713186593 -0.000840134711450177 0.949730140042132 0.999999949619942 -7.75683505389939e-06 -0.000134319759647812 0.000271371155348733 9.49517944980046e-05 0.949559624026441 0.999999530339489 0.000208827479752787 -0.000421694203535299 0.000107740392473517 -0.000840403410392844 0.9497947888033 3.37100000000001 3.806 229.568 163.915

 904 59 10000 5 0.95 25.631 2.978 0 6.296 0.999998632137128 -0.000621842147475262 -0.000870895994904459 0.00125040055156165 -0.000164544353126093 0.949225850747093 0.999999665437746 2.44383083594974e-05 -0.000652409920097104 0.000437524874595402 -0.000226848946794557 0.950789518624051 0.999998629883008 -0.000621964112509521 -0.000871651693368265 0.00125153189873868 -0.000165178636862604 0.949356764666082 0.999999665205689 2.43457919741669e-05 -0.000652533812883893 0.000437702311682965 -0.000227182969480536 0.950745549289812 1.572 3.078 231.222 190.666

 920 75 10000 5 0.95 25.73 3.145 0 5.611 0.99999945590685 0.000277332620277696 0.000251917937673192 -0.000375231788176262 0.000898337953609442 0.950690023700373 0.999998953472232 -0.000190095730832759 -0.000628694202390481 -0.00127142218674374 -0.000212478885262026 0.951090355269927 0.999999455986073 0.000277468890159793 0.000252322112555044 -0.000375234993915568 0.000898092881484107 0.950646771758707 0.99999895333476 -0.000190679643439746 -0.000628809661183557 -0.00127138607846629 -0.000212477074659768 0.951042607622301 1.662 3.225 243.305 180.151
