
 6149 49 500 5 0.8 0.00300000000000011 0.32 10.942 0.0749999999999993 0.999740637516275 -0.00192557142342958 -0.0189908490320571 -0.00356115478005393 -0.0119002396160255 0.800328065651912 0.99998443854506 -0.0018412099785179 -0.0048053956261724 0.000789087692656935 0.00200452663360492 0.812602026313795 0.999740603137922 -0.00192646890072609 -0.0189914225032394 -0.00356380904187027 -0.011901272680494 0.800256731385445 0.999984442818606 -0.0018443160898373 -0.0048040045575842 0.000785442947943329 0.00200430499412699 0.812439557492613 0.00199999999999889 0.000999999999997669 0.0339999999999989 0.0330000000000013

 6148 48 500 5 0.8 0.00199999999999978 0.279 11.004 0.0739999999999981 0.999720839020186 0.00244840369853668 -0.0219116069545234 -0.00828145502635879 -0.00188370152109965 0.810738943956925 0.999958895520767 -0.000911161561904213 0.0014603205262826 0.00380892730087097 0.00804590518673756 0.806592599721598 0.999720789029146 0.00244905298198225 -0.0219133526033705 -0.00828258573580375 -0.00188411083631819 0.810594844510076 0.999958905601821 -0.000911975185258019 0.00146434282097271 0.0038110564754787 0.00804282024627747 0.806482096345622 0.00199999999999889 0.00100000000000122 0.0340000000000025 0.032

 6141 41 500 5 0.8 0.00300000000000011 0.274999999999999 11.05 0.0719999999999992 0.999544844317231 0.00585507001063742 -0.0101359268513475 -0.0150925032284282 0.0233516955953207 0.801788417148542 0.999917407034288 0.0116229217408451 0.00510221889533742 0.00174020196160631 -0.00101284722852859 0.791715389261442 0.999544805343143 0.00585331505906116 -0.0101396022752097 -0.0150932175030904 0.0233517465184731 0.801707624057746 0.999917416175344 0.0116220908921653 0.00510230232408329 0.00173978445042103 -0.0010136535791077 0.791677818327767 0.00199999999999889 0.00100000000000122 0.0339999999999989 0.0329999999999977

 6122 22 500 5 0.8 0.00299999999999923 0.281000000000001 11.246 0.0720000000000027 0.999823330549447 0.0102412864980219 -0.00726355466824221 -0.0127138990152553 0.00583277680757449 0.812275870849774 0.999817660675325 0.00924330264983909 -0.0105964538856501 0.0110821059924707 0.00664144936480768 0.791014428475769 0.999823357887146 0.0102412438484042 -0.00726070465738017 -0.0127133834845696 0.00583283772801734 0.812116475102057 0.999817646971398 0.00924374138589908 -0.0105974547764279 0.0110824645273344 0.00664070644061163 0.790980078837653 0.00199999999999889 0.00100000000000122 0.0350000000000001 0.032

 6121 21 500 5 0.8 0.00300000000000011 0.296 11.635 0.0719999999999992 0.999842326311614 -0.000264971522965082 -0.0157991001623861 -0.00203280679909349 0.0078427314404969 0.799499713060973 0.999795635217145 -0.00324609850385279 0.00900859321083158 -0.00336231820112153 0.0174840129811377 0.800634057180605 0.999842343270157 -0.000265661294829267 -0.0157983637317528 -0.00203318725787445 0.00784193095429299 0.799431595178176 0.999795582237716 -0.00324608471292628 0.00901076554016782 -0.00336071723216935 0.0174862333293591 0.800562690107884 0.00199999999999889 0.00100000000000122 0.0350000000000001 0.032

 6123 23 500 5 0.8 0.00300000000000011 0.28 11.383 0.0719999999999992 0.99976646681523 0.00779492900045293 0.0129021975141253 0.00472746899424145 0.0147456858058524 0.807027377509718 0.99979706912878 -0.00608148495950066 0.00226512391255254 -0.0171921422871793 -0.00825442665650258 0.796315656222565 0.999766510858016 0.00779450237304101 0.0128953582442106 0.00473042553744898 0.0147479595040669 0.806912962427338 0.999797041288384 -0.00608290700784735 0.00226549554410302 -0.0171929976081352 -0.00825486744368366 0.79626155847896 0.00200000000000244 0.00100000000000122 0.0350000000000001 0.0330000000000013

 6128 28 500 5 0.8 0.00300000000000011 0.3 11.7 0.0719999999999992 0.999601391107241 0.00168902445618961 -0.0117972460871654 -0.0248614570779619 -0.00607774872586541 0.808180385820835 0.999795457274114 -0.0077277878028126 0.00416759537991536 -0.0128000065527538 -0.0129659512076177 0.810287051728866 0.999601400508082 0.00169092775623842 -0.0117960533131674 -0.0248611287769392 -0.00607933119464223 0.80805768277996 0.999795433742275 -0.00772635644584651 0.00417236724709823 -0.0127966662938819 -0.0129703803909888 0.810142716958052 0.00200000000000244 0.000999999999997669 0.0330000000000013 0.0350000000000001

 6129 29 500 5 0.8 0.00300000000000011 0.281000000000001 11.372 0.0740000000000016 0.999778263491881 -0.002197664419859 -0.0130388033043583 0.0160112860611892 -0.00349606168624778 0.816290672483072 0.999687491823374 0.0105890030050128 -0.00835103902333237 -0.0117620915147475 -0.0174558029800994 0.796489434805152 0.99977835787067 -0.00218964728114305 -0.013030995803897 0.0160125300802748 -0.00349751440281459 0.816092959535242 0.999687522435972 0.010592253039247 -0.0083503065595 -0.0117604760465272 -0.0174535166915405 0.796436491073788 0.00200000000000244 0.00100000000000122 0.0350000000000001 0.032

 6143 43 500 5 0.8 0.00299999999999923 0.288 11.493 0.0730000000000004 0.999952814090216 -0.00189244807894191 0.00319997179267042 -0.00884454071927844 0.00152397943474925 0.807986588533428 0.999809545449901 0.000745369463170969 0.00285727779202768 -0.0182477924441122 -0.00625869684211907 0.79646072945642 0.999952791987714 -0.00189043552622235 0.00319699476755986 -0.00884845727945303 0.00152449261245935 0.807862997249568 0.999809578671913 0.000748323191202757 0.00285722165454248 -0.0182461990093267 -0.00625770840014867 0.79640751968777 0.00199999999999889 0.000999999999997669 0.0350000000000001 0.032

 6142 42 500 5 0.8 0.00300000000000011 0.279 11.358 0.0730000000000004 0.999868833762349 -0.00248652472207207 0.00649474165999524 0.0107003567250756 -0.00997262063113295 0.806111533607685 0.999738212812301 0.0092684769484044 0.0178458996552521 -0.00589517282464518 0.00918542218880657 0.794172509229546 0.999868838265757 -0.00248598558361085 0.0064954506038182 0.010702514401191 -0.00996952595208259 0.806007904365746 0.999738221733991 0.00926787388368945 0.0178463143605516 -0.00589420636144098 0.00918487413881477 0.794126528829324 0.000999999999997669 0.000999999999997669 0.0350000000000001 0.032

 6126 26 500 5 0.8 0.00300000000000011 0.282 11.529 0.070999999999998 0.9998075145718 0.00487209204481645 -0.00246099294419951 0.00355003908639794 -0.0185077621845592 0.800567219505494 0.999580303533962 -0.00694953021331922 -0.027096882131124 -0.000410821247466122 0.00751738128881332 0.790195612202881 0.99980759293394 0.00487245423068739 -0.00246042013343407 0.00354727589061901 -0.0185040392329069 0.800494152790477 0.999580316203111 -0.00695025235422091 -0.0270959994623581 -0.000411399056267329 0.00751817899856718 0.790164294376002 0.00200000000000244 0.00100000000000122 0.0339999999999989 0.0309999999999988

 6131 31 500 5 0.8 0.00400000000000045 0.277 11.5 0.0689999999999991 0.999874100997515 -0.00700093683784854 0.0101662206415992 0.00480765890939194 0.00873518239536379 0.800917200522009 0.999921292934655 -0.000288165473621877 0.00928028474821125 0.00198526907117205 0.0082012144378549 0.792537605282351 0.999874101783924 -0.00700103962209382 0.010167162942123 0.00480862928007212 0.00873337896559631 0.80084422335759 0.999921310923571 -0.000288431093688094 0.00927998887440155 0.00198542479761393 0.00819930870601422 0.792499372605467 0.00199999999999889 0.00100000000000122 0.0330000000000013 0.0300000000000011

 6134 34 500 5 0.8 0.00499999999999989 0.276000000000001 11.479 0.0700000000000003 0.999899841361757 0.00109323173321903 -4.17858887569241e-06 0.00924302066370431 -0.0106620186015442 0.790658862707171 0.999921486507063 -0.0023856018614356 0.00152720349987719 0.00655205005920024 -0.0102989326998283 0.80303233655358 0.999899837469327 0.00109318504469476 -3.80571224839184e-06 0.00924370572812988 -0.0106617946519649 0.790625876537296 0.999921459706719 -0.00238660152296164 0.00152869991865542 0.00655373716691356 -0.0103000076146199 0.802941613844952 0.00199999999999889 0.00100000000000122 0.032 0.0339999999999989

 6146 46 500 5 0.8 0.00300000000000011 0.275 11.504 0.0700000000000003 0.99967629153041 -0.0101377164705486 0.0052072992576953 -0.00934341066306985 -0.0207394206378073 0.809247393179022 0.99998238033041 0.0058228044277705 -0.000976453135243938 -0.000598461932998255 0.000149532313880095 0.796296559365282 0.999676375311439 -0.0101385096819861 0.00520665285278414 -0.00934629805397359 -0.0207338550291215 0.809116282252465 0.999982371149767 0.00582402181681439 -0.000977975927177825 -0.000599699563149636 0.000148603793262614 0.796243330922487 0.00199999999999889 0.00100000000000122 0.0340000000000025 0.0309999999999988

 6124 24 500 5 0.8 0.00299999999999923 0.298 11.882 0.0700000000000003 0.999822973260998 0.0121569915578476 0.00133371675180279 -0.00999499445135696 -0.0102250174251416 0.807222464882011 0.999966719211206 0.0052867191603039 -0.00396429112758055 -0.00343898149098544 -0.0033269915324486 0.786531838460753 0.999822912448908 0.0121568050080518 0.00133168379903254 -0.00999402114815821 -0.0102323992166894 0.807108110977127 0.999966724697099 0.00528705680278038 -0.00396348488848941 -0.00343880291136071 -0.00332595114151166 0.786509388459446 0.00199999999999889 0.00100000000000122 0.0330000000000013 0.0310000000000024

 6132 32 500 5 0.8 0.00399999999999956 0.298 11.996 0.070999999999998 0.999956963726771 -0.00107267354327525 0.00825495977872515 -0.00380218765047533 0.00152285059316507 0.802203594949121 0.99980320501509 0.0115501559400599 -0.00431232412268083 -0.0106887605850621 0.0112827034495984 0.805547269054049 0.999956936962769 -0.00107184451939725 0.00825702476705601 -0.00380394848492195 0.00152541380694882 0.802122580947311 0.999803136164316 0.0115504902189144 -0.00431312076423135 -0.0106894919516493 0.0112874639662859 0.805443074480857 0.00200000000000244 0.00100000000000122 0.0330000000000013 0.032

 6138 38 500 5 0.8 0.00300000000000011 0.28 11.614 0.0719999999999992 0.999929130551912 0.0111594429505907 -0.000399296874835286 -0.00372259947591175 -0.00178424266193609 0.813372381542013 0.999664648377711 -0.00990089432894889 0.0107873920203339 0.0118763630913759 0.0177523871205161 0.803844101947045 0.999929074225046 0.0111621787598974 -0.000403630508582394 -0.00372619183703514 -0.00179021271928747 0.813199693276861 0.999664688239866 -0.00989976023497697 0.010787695445878 0.0118772638542413 0.0177499877150901 0.803753567033176 0.00200000000000244 0 0.0339999999999989 0.0310000000000024

 6137 37 500 5 0.8 0.00300000000000011 0.278 11.664 0.0690000000000026 0.999976741982231 0.00539145278012874 -0.00102193930930084 -0.000785260599621091 0.00397325274304559 0.812017776368052 0.999834261683272 -0.00172230200882091 0.0074472445735101 -0.015444145090203 -0.00587365054723051 0.808196000786371 0.999976740153186 0.00539025131331762 -0.00101907064342906 -0.000794452442163127 0.00397425259988283 0.811864803344564 0.999834332398713 -0.00172519748898312 0.00744162248971264 -0.0154417970790476 -0.00587406231958316 0.808073061347428 0.00199999999999889 0.00100000000000122 0.0339999999999989 0.0330000000000013

 6130 30 500 5 0.8 0.00300000000000011 0.287 11.806 0.0700000000000003 0.999871055095445 -0.0102395543561784 -0.00177079889893271 -0.00919796947925095 -0.0080799961402329 0.80358656550608 0.999972021701326 0.000463287442452745 0.00322360865654575 -0.00672301504070137 -0.000388066102820314 0.781670634304821 0.999871053618798 -0.0102403087994864 -0.00176839958753834 -0.00919938925213799 -0.00807813166597891 0.803496655443725 0.9999720219307 0.000463333239503423 0.00322357278688644 -0.00672299731084689 -0.000388025492575653 0.781670616540157 0.00199999999999889 0.00100000000000122 0.0339999999999989 0.0279999999999987

 6150 50 500 5 0.8 0.00399999999999956 0.289 11.996 0.070999999999998 0.999808649087317 0.0102926106886037 -0.0133309048120274 -0.00957227494318309 -0.00271770210123167 0.801541671807149 0.999793989893752 0.0184193216950097 -0.00268874933183873 -0.00716432073760083 0.00376158158578386 0.795167062347045 0.999808669253629 0.0102926388217971 -0.0133305242033152 -0.00956992630067592 -0.00272031366513262 0.801465305181745 0.999794038808902 0.0184163405548251 -0.00268987960506529 -0.00716452021529129 0.00376198890855181 0.795119287665664 0.00199999999999889 0.00100000000000122 0.0329999999999977 0.0309999999999988

 6152 52 500 5 0.8 0.00499999999999989 0.278 11.735 0.0700000000000003 0.999911961841865 0.00552546884788044 0.00881152330398934 0.000455151612448901 -0.00822725067305955 0.802238565993129 0.999911835982244 0.0097342241055827 -0.00523880668997649 0.00168056613325879 -0.00716210483147498 0.79241090982759 0.999911984788554 0.00552218340523233 0.00881273932500152 0.000452907325091994 -0.00822548887289524 0.802153777687456 0.999911835091066 0.00973477617091723 -0.00523838597098614 0.00168112384495882 -0.00716165572727569 0.792372209048674 0.00300000000000011 0.000999999999997669 0.0350000000000001 0.0310000000000024

 6125 25 500 5 0.8 0.00400000000000045 0.288 11.858 0.0699999999999967 0.999665965773866 0.021500624225408 -0.00151224681072364 -0.00398389555428948 -0.0136938569116646 0.79642335046856 0.999712188063384 0.0133753495938436 0.0126435838734037 -0.00292890217767066 0.015106368843404 0.796789770418322 0.999666015279137 0.0214995202629912 -0.00151069749337728 -0.00398316850237466 -0.0136923586777144 0.796370594018195 0.999712209865886 0.0133762171872813 0.0126433454828251 -0.00292756210357152 0.0151046169748512 0.796735235995656 0.00200000000000244 0.000999999999997669 0.032 0.0300000000000011

 6140 40 500 5 0.8 0.00400000000000045 0.279999999999999 11.765 0.070999999999998 0.999785051851761 0.000883325292893577 0.014847398757502 -0.0143569089362525 0.00158232301691271 0.798523354798565 0.999980233383629 -0.000384311276580816 -0.00546864274394775 -0.00256715973239334 0.00169964240720967 0.788210315355513 0.999785110433988 0.000885451008879698 0.0148443679290466 -0.0143560704661709 0.00158016219614394 0.798461043514684 0.999980234528577 -0.000383768830694695 -0.00546878474817665 -0.00256670290976438 0.00169932433878203 0.788184897565194 0.00300000000000011 0.000999999999997669 0.0330000000000013 0.0289999999999999

 6147 47 500 5 0.8 0.00400000000000045 0.279 11.795 0.0699999999999967 0.999862030073388 0.0144394987823477 -0.00758371011187782 0.00290090054050234 -0.00122221496946985 0.811988255989353 0.999897892673984 0.00171972370101206 0.00264131315283485 0.00441869617884921 0.0132191287695347 0.793587209536012 0.999862114061912 0.014435377459767 -0.00758005394670169 0.00290259434044692 -0.00122084786024747 0.811832191412912 0.999897917803111 0.00172039792890431 0.00264135024241908 0.00441752393071599 0.0132175245484331 0.79354447285272 0.00300000000000011 0.00100000000000122 0.0340000000000025 0.0299999999999976

 6145 45 500 5 0.8 0.00300000000000011 0.276 11.894 0.0710000000000015 0.999740753197889 -0.0226942776901128 0.000521765550817227 0.00164244859808261 0.000652900263349884 0.799983612291021 0.999912492205222 0.000784874785030373 0.00631331292578759 -0.0114020559221577 0.00212769926528376 0.793925482335192 0.99974075898187 -0.0226941769260405 0.000522889612119939 0.00164052950445263 0.000651470186074807 0.799913689617115 0.999912496065481 0.000782393530084974 0.00631295506770444 -0.0114020807010672 0.00212772800514591 0.793881566618428 0.00199999999999889 0 0.032 0.0309999999999988

 6151 51 500 5 0.8 0.00300000000000011 0.278 11.998 0.0710000000000015 0.999758878761393 -0.00269427020167677 -0.011148375746463 -0.0178596821713015 0.00562767419091985 0.803591115811166 0.99994461267379 0.00166605708974774 0.0072402002908458 0.00714033739959487 0.00214264322886968 0.813462380100118 0.999758820059539 -0.00269121628412903 -0.0111519108250549 -0.0178615465149901 0.00562664279248244 0.803502303804971 0.999944611592717 0.00165591452075756 0.00723825883782327 0.0071439166214645 0.00214563698980267 0.813289775392204 0.00300000000000011 0.00100000000000122 0.032 0.0330000000000013

 6135 35 500 5 0.8 0.00300000000000011 0.274 12.062 0.0730000000000004 0.999771654616345 -0.0191265509710168 0.00288105747902119 -0.00232255608337877 -0.00878173756672279 0.80880527842179 0.999946534273289 -0.000916955920620028 0.00379000145000345 -0.00957209466767198 -0.000314132711508606 0.812022695401112 0.999771643465271 -0.0191250500303195 0.00288484203053297 -0.00232519068784819 -0.00878433599152101 0.808677278045327 0.999946535166382 -0.000920187927327292 0.00378958674462769 -0.0095720547918397 -0.000307997229206154 0.811862897137584 0.00200000000000244 0.000999999999997669 0.0330000000000013 0.0329999999999977

 6133 33 500 5 0.8 0.00299999999999923 0.298 12.464 0.0710000000000015 0.999669894930294 -0.000648649515366523 -0.0231334097757539 -0.00584310699290908 -0.00950704352976869 0.80890172481211 0.999886021265025 -0.00445230798452134 -0.0134814731973231 -0.0038908520523384 0.00335150460915704 0.800276416927618 0.999669868066408 -0.000648361266701887 -0.0231341522920999 -0.00584317280694549 -0.00950804065163749 0.808775204168606 0.999886028139792 -0.00445259335492022 -0.0134815846654789 -0.00389065201449117 0.00334885727622395 0.800204659512501 0.00199999999999889 0.000999999999997669 0.0310000000000024 0.0309999999999988

 6136 36 500 5 0.8 0.00399999999999956 0.275 12.226 0.0730000000000004 0.999829312671352 -0.00177550212575243 0.00855963650430032 0.0159952851144654 -0.00301273834817096 0.816157134311512 0.999811879816143 0.0161876227160736 -0.00503280725748026 0.00533548791271093 0.00776976635135263 0.812362067771269 0.999829326718519 -0.00177256052206757 0.00856484621425912 0.0159916866024063 -0.00301410546029997 0.81595188867078 0.999811819084141 0.0161901014638492 -0.00503296546600135 0.00533636638392105 0.00777171066661431 0.812199956166513 0.00200000000000244 0.00100000000000122 0.0339999999999989 0.032

 6127 27 500 5 0.8 0.00399999999999956 0.279999999999999 12.247 0.0729999999999968 0.999864607371102 -0.00750212442143215 0.00899883470203651 0.00509078029048237 -0.0103725592713264 0.808659618666813 0.999929015704703 0.00109100296170105 0.00660372223599806 0.00303558853547938 -0.00937812983675402 0.807533992653779 0.999864588738349 -0.00750594810709938 0.00899969900799076 0.00509079714475711 -0.0103708308395209 0.808530403621207 0.999928987745313 0.00109024775321691 0.00660349105094471 0.0030359202283691 -0.0093812536889747 0.807418136705247 0.00200000000000244 0 0.0330000000000013 0.0309999999999988

 6139 39 500 5 0.8 0.00399999999999956 0.276 12.332 0.0710000000000015 0.999797287928545 -0.00635093311079985 0.016100760284456 -0.000620230678748784 -0.0102678883668944 0.80577611757727 0.999867496309218 -0.00582769811520126 -0.00499168939406326 0.0110587738619263 -0.00915501592994753 0.79056124457094 0.999797155400651 -0.00635042097949933 0.0161063190009749 -0.000616732874263938 -0.0102726011774726 0.80566924466706 0.999867482688082 -0.00582850991849464 -0.00499229567686706 0.0110591951083685 -0.00915514732579102 0.790527712500313 0.00199999999999889 0.00100000000000122 0.0329999999999977 0.032

 6144 44 500 5 0.8 0.00399999999999956 0.279000000000001 12.45 0.0700000000000003 0.999828192940529 0.00660602350923919 0.0141660370568677 0.00785533000394362 0.00612880406807179 0.806577820865395 0.999725064521603 -0.0104425029721199 0.0158354233350046 0.00575201463667789 0.0125261005255029 0.798750836208368 0.999828211587441 0.00660614312103212 0.0141654656900785 0.00785464789902208 0.00612782792587595 0.80646480175662 0.999725037544534 -0.0104415692675831 0.0158350002510967 0.00575242512136529 0.0125293778808394 0.798685957270308 0.00199999999999889 0.00100000000000122 0.0329999999999977 0.032

 6153 53 500 5 0.8 0.00300000000000011 0.285 11.732 0.0739999999999998 0.999895983503158 0.0132528865676148 -0.00565618954851797 0.00039951347343445 -0.000480708491398383 0.811415701326179 0.999329300296424 0.0172774901516915 -0.0176332674294135 0.0260711005853462 -0.00719746463336179 0.80359550191856 0.999895985082863 0.0132528516447717 -0.00565587394614651 0.000402843239565782 -0.000479317934512801 0.811266847568111 0.999329363255478 0.0172768392877357 -0.0176343563485917 0.026068699424241 -0.00719631476006818 0.803505322820793 0.00300000000000011 0.00100000000000122 0.0350000000000001 0.0339999999999989

 6159 59 500 5 0.8 0.00199999999999978 0.282 11.193 0.0759999999999987 0.999404438350863 0.00313601572709481 -0.0277895898151854 -0.0201256989615501 0.00190498009636755 0.799846665785759 0.999854438857357 -0.0125895878891111 -0.00264158144963889 0.00513606184995243 -0.00996224322835402 0.793385743773841 0.999404434312961 0.00313527445606304 -0.0277892165344628 -0.0201264530681878 0.00190579667617462 0.799777776250141 0.999854424999228 -0.0125896984655368 -0.00264184030963875 0.00513533282865002 -0.00996380140942226 0.793344756839882 0.00199999999999889 0.00100000000000122 0.0339999999999989 0.0309999999999988

 6177 77 500 5 0.8 0.004 0.295 10.582 0.0739999999999998 0.999843090325098 -8.88236616799766e-05 -0.0127793558649604 -0.0072411414714969 0.00990155408920785 0.811483739687907 0.99963279596192 0.0163533284927782 -0.0196023299468557 -0.00871275893219945 0.00258425559971812 0.80944152838018 0.999843014208027 -9.06100548504157e-05 -0.0127803068044133 -0.00724558372659781 0.00990474652227259 0.811333176732314 0.99963272348018 0.0163573183510082 -0.0196000685363161 -0.00871924100893345 0.00258233103262202 0.809307281677003 0.00200000000000067 0.000999999999999446 0.0349999999999984 0.0330000000000013

 6156 56 500 5 0.8 0.00300000000000011 0.28 11.651 0.0719999999999992 0.999866866374388 0.00999950067892327 0.00165449246148595 -0.0014851226762648 0.0127010463413636 0.800938616331086 0.999840550775439 -0.00888051358938197 0.00871648450764272 -0.0126209949264338 -0.00217781733628647 0.802215302663037 0.999866860996865 0.00999934683702041 0.00165524223010816 -0.00148367316291904 0.0127016624980674 0.800866955085043 0.999840547414297 -0.00888069531041635 0.00871963266078129 -0.0126195138478285 -0.00217459733913202 0.802131389451684 0.00199999999999889 0.000999999999997669 0.032 0.0330000000000013

 6165 65 500 5 0.8 0.00300000000000011 0.302 11.492 0.072000000000001 0.999953359861481 0.0023017945545868 -0.00755927377248366 0.00343789074050207 -0.00436097819902953 0.813732936100662 0.999876217044238 -0.00123405619329668 0.0110394209142675 -0.00913481168345082 0.00638075982943946 0.803673093582122 0.999953318548881 0.00230195773274894 -0.00756581966668388 0.00344084746196526 -0.00435667937657316 0.813561198598213 0.999876287354943 -0.00123278706403806 0.0110366691832388 -0.00913220658934507 0.00637847611097588 0.803581642559 0.00199999999999889 0.000999999999997669 0.0350000000000001 0.032

 6157 57 500 5 0.8 0.00300000000000011 0.286 11.922 0.0700000000000003 0.999806113507755 -0.00551840838682342 0.0104022847665996 0.00284283162111426 -0.0155239602358397 0.809689483077765 0.999715352869307 0.00188969283478617 0.0043206109034623 0.00877226598563641 0.0216799900665296 0.80333167383487 0.999806025746844 -0.00552204702710353 0.0104019200110456 0.00284091591941395 -0.0155289128323399 0.809556943903497 0.99971540500518 0.00188874505835854 0.00431976347551594 0.00877199111460416 0.0216779485384138 0.803242899989321 0.00199999999999889 0.000999999999997669 0.0329999999999977 0.032

 6163 63 500 5 0.8 0.00300000000000011 0.283 11.805 0.0690000000000008 0.999923461112054 -0.00404709138544656 -0.00226715777725358 -0.0112249056419462 0.00235678975546795 0.804267316862129 0.999855833768166 0.0142522713425313 0.00399854465477956 -0.00783837875392462 -0.00278494174067648 0.797098416245566 0.999923467972089 -0.0040476651680955 -0.00226752727692755 -0.0112250792610751 0.0023517059741751 0.804171195978067 0.99985584172542 0.0142529550170467 0.00399834757050981 -0.00783689232951123 -0.00278305159046856 0.797041603011916 0.00199999999999889 0.00100000000000122 0.0340000000000025 0.032

 6176 76 500 5 0.8 0.00300000000000011 0.312 11.435 0.072000000000001 0.999191000530587 -0.0283494338766146 -0.0164413704098345 -0.0146210599999613 0.0181537875134632 0.787903754441461 0.999756745332782 -0.0127422011176634 -0.00737746316111143 0.00520599981244268 0.0155742439797102 0.792052616262983 0.99919097478221 -0.0283504404904324 -0.0164401079837596 -0.0146221296479596 0.0181539145039383 0.787877646718242 0.999756771188703 -0.0127417918540424 -0.00737644835726414 0.00520492572412298 0.0155737587154025 0.792015112716405 0.00200000000000067 0.00100000000000122 0.032 0.0309999999999988

 6184 84 500 5 0.8 0.004 0.297 10.957 0.0760000000000005 0.999560062203879 0.0119340767959357 -0.00714817818204298 -0.0102010418378519 -0.0241267932412722 0.809830572373511 0.999922887462889 0.0115880957680667 -0.00413389173773589 0.00147786604199851 -0.000813643294939749 0.806918412368229 0.999560153600584 0.0119374193592369 -0.00714447382668787 -0.0101984934682156 -0.0241235274729096 0.809692180031141 0.999922883134583 0.0115905715592939 -0.00412727560427083 0.00147876594095754 -0.000815648288145595 0.806806727899258 0.00100000000000122 0.00100000000000122 0.0340000000000007 0.0310000000000024

 6174 74 500 5 0.8 0.00300000000000011 0.296 11.503 0.0749999999999993 0.99994839265113 -0.00718725696426756 -0.00158297120070039 -0.00434858508008627 0.00548993458348258 0.802598809988726 0.999866127800247 -0.00492245428410505 0.0100608103038714 0.0111393903864216 0.00426497355307674 0.799404541262831 0.999948396452781 -0.00718426221223276 -0.00158433635173449 -0.00435014355471081 0.00549153324280469 0.802511638641169 0.999866085253851 -0.00492181758252498 0.0100629809158947 0.0111417918273516 0.0042642890127793 0.79933731031115 0.00200000000000067 0 0.0349999999999966 0.032

 6155 55 500 5 0.8 0.00300000000000011 0.278 12.301 0.0740000000000016 0.999889055802939 -0.00475183065154098 -0.00246194050590938 0.0123814574592135 -0.00631937901201732 0.80214478248105 0.999934241470156 0.00944499831619704 -0.00293922138233431 -4.88336498459501e-05 -0.00580201131090845 0.795369311609208 0.99988906739845 -0.00475131983699838 -0.0024614881810368 0.0123830981727523 -0.00631488815760901 0.802065675409105 0.999934256774822 0.0094435112583306 -0.00293988833861671 -4.93592050659515e-05 -0.00580145184623555 0.795321183356679 0.00199999999999889 0.000999999999997669 0.0339999999999989 0.0309999999999988

 6170 70 500 5 0.8 0.00300000000000011 0.286 11.719 0.0739999999999998 0.99973281308731 -0.00894955060986015 -0.0151575926298425 0.0148776867461748 0.00176346340078777 0.80704724623426 0.999843317937858 -0.00437291768453069 0.000298935512362084 0.00629778066087074 -0.0159519830192652 0.793513781402614 0.999732879531843 -0.00894618962457593 -0.0151573838760103 0.014875559156098 0.00176259127394575 0.806935167213138 0.999843298574793 -0.00437290830758001 0.000299612834925599 0.00629941194147039 -0.0159525424102759 0.793472791049986 0.00199999999999889 0.000999999999997669 0.032 0.0309999999999988

 6158 58 500 5 0.8 0.00300000000000011 0.284 12.079 0.0730000000000004 0.999780089729 -0.00277464044881878 -0.00627250047260566 0.00885491942300829 -0.0177290634745873 0.802377474914241 0.999875970838962 -0.0132293780626487 0.00278396081436201 -0.00635426488801997 -0.00498992733777285 0.804664548546479 0.999780082039251 -0.00277369576398948 -0.00627192367630911 0.00885461754746065 -0.0177299997429387 0.802294848362742 0.999875980254486 -0.0132287728383672 0.00278497588578861 -0.00635524530598467 -0.00498782976239525 0.8045656405641 0.00199999999999889 0.000999999999997669 0.0330000000000013 0.0329999999999977

 6172 72 500 5 0.8 0.004 0.294 11.775 0.0709999999999997 0.999826157102746 -0.0019957855229307 -0.00518047903826316 -0.0158321445856666 0.0081350014170046 0.805674254581991 0.999889122299371 0.00185297407294521 -0.013135230596438 -0.00673847145583853 0.000606888866700289 0.800552599124755 0.999826144102519 -0.00199780509076009 -0.00518337451057054 -0.0158338255433681 0.00813098648711109 0.805568743929778 0.999889094411723 0.00185091926309039 -0.013137322384369 -0.00673883432603952 0.000609792489735784 0.800478749404258 0.00300000000000011 0 0.0339999999999989 0.032

 6162 62 500 5 0.8 0.00300000000000011 0.283 12.1 0.0700000000000003 0.999747070258304 -0.0157747099787044 0.00331854987473799 0.000322982686719352 0.0156791882423024 0.798020007753224 0.999766888302626 -0.00108881676465703 0.00598328596932158 -0.00974217483678987 0.018283157555402 0.796648955490053 0.999747057659236 -0.015774832614108 0.0033166628643773 0.000324666487167887 0.0156802326772398 0.797960977199025 0.999766871938919 -0.00108838112021522 0.0059862672857683 -0.00974231661876366 0.0182830268525211 0.796595328661691 0.00200000000000244 0.00100000000000122 0.032 0.0310000000000024

 6154 54 500 5 0.8 0.00199999999999978 0.286 12.546 0.0689999999999991 0.999991672363104 0.000606042319679105 -0.000679634527583424 -0.000930643056761944 0.00386780526376393 0.81264781981068 0.999867977589623 -0.0142837816725291 -0.00654752733695636 0.00405212188400921 0.00084330657421265 0.81252864855274 0.999991676055363 0.000610133312433064 -0.000679361071385713 -0.000926141183741831 0.00386733608181368 0.812479620785681 0.999867909507634 -0.0142884296003354 -0.0065468093568404 0.00405430166874627 0.000840381826360581 0.812358746603616 0.00300000000000011 0.000999999999997669 0.0350000000000001 0.0339999999999989

 6166 66 500 5 0.8 0.00299999999999967 0.287 12.012 0.0680000000000014 0.999965487565375 -0.00389583152599152 -0.00454744632808695 0.00242147091630093 0.00522526414242586 0.801882672469948 0.999924812525556 -0.00276614632700459 -0.00571136002802165 0.00666655292011797 0.00810278773158194 0.807430045082259 0.99996549281425 -0.00389577459465745 -0.00454826607405711 0.00242227396455298 0.00522321602284177 0.801804792446579 0.999924806473279 -0.0027652372385289 -0.00571257977166913 0.00666954330348952 0.00810052386369636 0.807314286778933 0.00300000000000011 0.00100000000000122 0.032 0.032

 6179 79 500 5 0.8 0.00299999999999967 0.3 11.503 0.0700000000000003 0.999907358678546 -0.00776376636881498 0.00572297095761535 -0.00591271695616604 -0.00756871018598004 0.806758754699515 0.999704302070061 0.00935141494646849 0.0178494250300327 -0.00734994160260379 -0.0114558214740859 0.797697434058858 0.999907332675968 -0.00776583710629941 0.00572510111411404 -0.00591222817564009 -0.00756879185219339 0.806647423586917 0.999704261813864 0.00935292879395763 0.0178502891521864 -0.00734986495595335 -0.0114568013199502 0.797640173470002 0.00199999999999889 0.000999999999997669 0.0330000000000013 0.0299999999999976

 6167 67 500 5 0.8 0.004 0.29 12.157 0.0689999999999991 0.999850962624795 -0.00473615359212751 0.00750723457650025 -0.0108739365262856 0.0100508865707541 0.816680435526336 0.999761562572721 -0.00126083006778269 -0.0163497864899836 0.0074334050967905 -0.0123554554789016 0.804178830252494 0.999850923266014 -0.00472324246210561 0.00751262729846835 -0.0108834629590669 0.0100465362108778 0.816465097421425 0.999761619099073 -0.00126189287682514 -0.0163474086214589 0.00743202124408023 -0.0123547518938568 0.804080539471934 0.00199999999999889 0.00100000000000122 0.0350000000000001 0.032

 6169 69 500 5 0.8 0.004 0.289 12.04 0.0700000000000003 0.999454730709652 0.00599869596242988 -0.0266989536333232 0.00307310103108956 -0.0182202863255559 0.795745418270553 0.999874777070234 0.00131609789909009 -1.05394691162376e-05 -0.0123656276829402 0.00978719602317037 0.802304529232001 0.99945471761875 0.00599853916086096 -0.0266988319822239 0.00307286091098808 -0.0182212747678758 0.795694113097764 0.999874783081901 0.00131113245239497 -1.06902727494778e-05 -0.0123651227983675 0.0097878860083428 0.802222364471339 0.00300000000000011 0.000999999999997669 0.0330000000000013 0.032

 6181 81 500 5 0.8 0.00300000000000011 0.299 11.556 0.0709999999999997 0.999843977535708 -0.00889556521191722 0.00418989481696011 -0.0063263986343703 0.0132405047818214 0.800746419845568 0.999455441076425 -0.0040020024212441 0.00182483697511385 0.0306263855717625 -0.0114673343097756 0.808174660854746 0.999843987934756 -0.00889169272403811 0.00419003364084005 -0.00632655343708906 0.0132422026461148 0.800672395724162 0.999455355198663 -0.00400517425432216 0.00182842559953108 0.0306295363822257 -0.0114647243640875 0.808049332328086 0.00199999999999889 0.00100000000000122 0.0330000000000013 0.0329999999999977

 6160 60 500 5 0.8 0.004 0.281 12.475 0.0689999999999991 0.999805039377259 -0.00379682145978076 0.0185276397928886 -0.00325752821436215 0.00464569222814012 0.80026507706209 0.999602983279753 0.0254722724582573 0.00889869001422301 -0.00267536738398857 0.00766125834446118 0.806513168199711 0.999805053107825 -0.00379690556202655 0.0185274318944774 -0.0032574419750039 0.00464355762195575 0.800196037998596 0.999603029015674 0.025471366644896 0.00890002970619886 -0.00267347378979502 0.0076574064183378 0.806402279860172 0.00199999999999889 0.00100000000000122 0.0309999999999988 0.032

 6182 82 500 5 0.8 0.00299999999999967 0.302 11.587 0.0709999999999997 0.99985724438364 -0.0137274305511736 -0.00647960099565065 -0.00473317845054919 -0.00571491878417449 0.809153400102824 0.999869502508203 0.00479473332875442 -0.0046936743393893 0.00180559604628987 0.0145841602575905 0.807988168278214 0.999857218848948 -0.0137282898094478 -0.0064810119821873 -0.00473353414464154 -0.00571542760813648 0.809019101991479 0.999869373608794 0.00479589988995776 -0.00470114929346224 0.00180302378139804 0.0145905230875535 0.807866334729214 0.00199999999999889 0.00100000000000122 0.0339999999999989 0.0330000000000013

 6175 75 500 5 0.8 0.00300000000000011 0.301 12.007 0.0689999999999991 0.999870414323466 -0.0137302888786537 0.00590706900793987 0.00435160845204063 -0.00409923987400798 0.813398534914914 0.999777446341939 0.0164456849204268 0.00915471435856021 -0.00952758215317238 0.000116691113780544 0.78393174437519 0.99987046833051 -0.0137248724360988 0.00590791132138389 0.00435075987710549 -0.00410388955134048 0.813223107305948 0.999777463863683 0.0164447658326459 0.0091544067357918 -0.00952762015692342 0.000117125878035409 0.7839146629195 0.00199999999999889 0.000999999999997669 0.0339999999999989 0.0289999999999999

 6161 61 500 5 0.8 0.004 0.282 12.495 0.0690000000000026 0.999778566157414 -0.0100151265618437 0.00858052914338851 0.000446614799347784 0.0163917951126645 0.817133086416585 0.999831837787693 0.0120666006329122 -0.0114428090700166 0.00750404853485747 0.00185598260324148 0.800116361837616 0.999778754103671 -0.0100130530546733 0.00857623891600287 0.000441367174240581 0.0163839840243064 0.816915703371776 0.999831852184088 0.0120681024448723 -0.0114397711190253 0.00750413905786929 0.00185682397140386 0.80004486762588 0.00300000000000011 0.00100000000000122 0.0339999999999989 0.0309999999999988

 6168 68 500 5 0.8 0.00300000000000011 0.285 12.309 0.0700000000000003 0.9999736468857 0.00110538779560334 0.00397598899080091 0.00275959891705129 -0.00529714803433772 0.809677984130202 0.999952265406371 -0.00627012008775068 0.0032745675890248 -0.000209879433285211 0.00673688804119309 0.802713928835301 0.99997366472841 0.00110799187806528 0.00397272163835821 0.00276118152995473 -0.00529486194095323 0.809543740549282 0.999952278184909 -0.00626811485638869 0.00327412715868229 -0.000210615303655711 0.00673704842640827 0.802627988110774 0.00200000000000244 0 0.0329999999999977 0.032

 6164 64 500 5 0.8 0.00300000000000011 0.293 12.362 0.0710000000000015 0.999747265129793 0.0117278179900363 -0.0160076830852036 -0.00548009151283529 0.00903254282837844 0.812951975512901 0.999768703490256 -0.00813034568122419 -0.0168808306858802 -0.00418402594539276 -0.00969373420092432 0.790814664787499 0.999747199281258 0.0117337748195376 -0.0160060736015864 -0.00547751114141158 0.00903651134686161 0.812785438215505 0.999768664953679 -0.00813038285995096 -0.0168819414561571 -0.00418512389268545 -0.00969526905060513 0.790781541304143 0.00199999999999889 0.000999999999997669 0.0339999999999989 0.0310000000000024

 6171 71 500 5 0.8 0.00300000000000011 0.304 12.579 0.0710000000000015 0.999772417331891 -0.0173804167816061 -0.0081991134580308 -0.00926149587430388 0.000184085623015816 0.805199713265079 0.999822484854913 -0.0161503819671576 5.49120092980206e-06 -0.00515099081487363 0.00822381932762815 0.80692938545255 0.999772406258457 -0.0173817160388617 -0.00819910448123261 -0.00926020577605958 0.000186832572159306 0.805101029481021 0.999822481478471 -0.0161487790335434 7.68540706082854e-06 -0.00515556099426377 0.00822451200542033 0.806812090639485 0.00199999999999889 0.00100000000000122 0.0310000000000024 0.032

 6173 73 500 5 0.8 0.00300000000000011 0.294 12.541 0.0700000000000003 0.999836112257155 -0.00090508171314298 0.00328556198403211 -0.000260220821423136 0.0177782682273574 0.809616717049081 0.999883668647198 0.00254146718702449 0.00198495406117217 -0.00801180946149943 -0.0125722306567257 0.811952013049292 0.999836138994513 -0.00090657412976331 0.003286211428649 -0.000259660364043767 0.0177765765779965 0.80948188044927 0.999883740489669 0.00253806001799807 0.00198738639263678 -0.00801205408688489 -0.0125666638520107 0.811795257803438 0.00300000000000011 0.00100000000000122 0.0330000000000013 0.0330000000000013

 6180 80 500 5 0.8 0.004 0.299 12.282 0.0700000000000003 0.999863146179857 -0.00888015641184395 0.0046949240650588 -0.010328214106049 0.00813126157621824 0.800429842327762 0.999833383875834 0.00689001260947009 -0.00670509646952389 0.0121046148403066 0.00970835694348263 0.805300201655336 0.999863162803308 -0.00887929739400749 0.00469418421983344 -0.0103272371691996 0.00813182351723615 0.800358565959262 0.999833346913554 0.0068937142698632 -0.00670697220751526 0.0121072171687069 0.00970499456172404 0.805198322233795 0.00200000000000244 0.00100000000000122 0.032 0.0309999999999988

 6183 83 500 5 0.8 0.00299999999999967 0.306 12.632 0.0689999999999991 0.9999940489917 -0.0024699951054497 0.00082835280037123 -0.00162136969994426 -0.00157673628051122 0.803085330950034 0.999792719848742 0.00101065928451702 0.00477562004818383 -0.00670018487789585 -0.0185956145642882 0.807575459151601 0.999994055762786 -0.00246781425606136 0.000831135737485792 -0.00162060267415802 -0.00157518006892637 0.802995051917771 0.999792739863747 0.00100831160051878 0.00477243569146591 -0.00670215007397751 -0.0185947752181837 0.807455222136974 0.00200000000000244 0.00100000000000122 0.0330000000000013 0.0309999999999988

 6178 78 500 5 0.8 0.00300000000000011 0.297 13.146 0.0670000000000002 0.999894631302807 0.00641940648040857 -0.00941185301683549 0.00367600771497494 -0.00821105975689872 0.797325404775799 0.999843481696871 -0.0109347670431017 -0.00333637117917443 0.0134837860241075 -0.000706484114089953 0.791715622161252 0.999894643019085 0.00641670050803607 -0.0094112926143488 0.00367518960377001 -0.00821275648186734 0.797267899397695 0.999843453502429 -0.0109351609494913 -0.00333665698766105 0.0134855056557913 -0.000706116632850212 0.791678590550438 0.00199999999999889 0 0.0309999999999988 0.0309999999999988

 6120 20 500 5 0.8 0.00300000000000011 0.274 10.859 0.0679999999999996 0.999311523392277 0.00825118706891619 -0.0209769417891204 -0.0270086208107748 0.0117855607603198 0.80187710319147 0.999899951209118 -0.00990486021806364 -0.00305386574684757 -0.00760725903596434 0.00589786656537165 0.802608153446648 0.999311518372551 0.00824963885172633 -0.0209789498189493 -0.027007692960122 0.0117856222673398 0.801798611008721 0.999899952123382 -0.00990482413043456 -0.00305389516734222 -0.0076068628906864 0.00589826787059092 0.802525412115955 0.00200000000000067 0 0.0310000000000006 0.0289999999999999

 6185 85 500 5 0.8 0.00300000000000011 0.295 11.53 0.0739999999999998 0.999870549436456 -0.00820095770449672 0.00809907632260652 -0.00843864151833216 -0.00740425245472867 0.805763068633708 0.999939527302483 0.00126413900040218 0.0095790714891907 -0.00499536791318237 0.00162215273341644 0.793769482962627 0.999870556353745 -0.00819756757211387 0.00809842700880951 -0.00844113694382064 -0.00740493820577813 0.805655869955287 0.999939519464146 0.00126401945541892 0.00957958081832154 -0.00499570544226981 0.00162303022415034 0.793725795770371 0.00199999999999889 0.00100000000000122 0.0350000000000001 0.0330000000000013

 6186 86 500 5 0.8 0.00300000000000011 0.288 11.517 0.0760000000000005 0.999798930596234 0.0172707469071609 -0.00714697182723796 -0.00618798886804592 -0.00380121919469679 0.80659258350477 0.999697233091253 -0.00151266503960677 0.00238027951385074 -0.0244380063302047 -0.00052164184154478 0.815038702615391 0.999798969592889 0.0172669455862843 -0.00714721086556059 -0.00618919235920943 -0.00380582000382778 0.806482697267379 0.999697324266547 -0.0015132086984353 0.0023804118769695 -0.0244343021956516 -0.000518236672236266 0.814851034390843 0.00200000000000067 0 0.0350000000000001 0.0350000000000001

 6187 87 500 5 0.8 0.00300000000000011 0.282 11.954 0.0730000000000004 0.999810658082916 -0.00449635047449608 0.00176062355625691 0.0185851606247318 0.0031500516603753 0.797185123169781 0.99973787393203 0.0070896440283738 -0.019219751942858 -0.00496233921070267 -0.00893849530004668 0.813772806465223 0.999810679909935 -0.00450004991074274 0.00175969769543736 0.0185829363753231 0.00315148037054867 0.797129229143767 0.999737948084915 0.00708520152144379 -0.0192180480922627 -0.00496123808622826 -0.0089379987995314 0.813601358508039 0.00300000000000011 0.000999999999997669 0.0330000000000013 0.0330000000000013

 6190 90 500 5 0.8 0.00299999999999967 0.334 11.16 0.0749999999999993 0.999735895565362 -0.0153661069565455 0.00104054267582553 0.0132890470455595 0.0106930058769175 0.781245437056007 0.999740757785554 -0.0165244197550326 0.00544992678859008 -0.00752372798100319 0.0126116053455666 0.79563783681023 0.999735900738544 -0.0153653390522444 0.00104051694156969 0.0132893372145832 0.0106932675638945 0.781267991318815 0.999740775463081 -0.0165235870510074 0.00544894376668404 -0.00752379643427415 0.0126116789718176 0.795588302884512 0.00200000000000067 0.000999999999999446 0.0310000000000024 0.0309999999999988

 6193 93 500 5 0.8 0.004 0.337 11.422 0.0760000000000005 0.999868073833275 -0.00401316161584004 0.00511234024026798 0.00616177482508777 -0.0135508660629015 0.812235573496001 0.999949655820174 -0.00173079020478133 -0.00087749342124858 -0.00622669719740108 0.00762551229035346 0.804067902988938 0.999868112528938 -0.00401628401291563 0.00511219953819147 0.0061601689214508 -0.0135478686621834 0.812078226146891 0.99994967341705 -0.00173000400459522 -0.000875432189016711 -0.00622712395150013 0.00762327128298085 0.803974976897896 0.00200000000000067 0 0.0359999999999978 0.032

 6198 98 500 5 0.8 0.004 0.378 11.323 0.0749999999999993 0.999808857391405 0.00596481243554256 -0.00201334699829722 -0.0183152950544219 -0.0026769563381026 0.798828572887686 0.999878958071061 -0.00645736455026489 -0.0103919964683961 -0.00887152746403248 0.00369784527135946 0.800099273708149 0.999808889800657 0.00596585906126974 -0.00201441562219289 -0.018313322400773 -0.00267521094233336 0.79876585762252 0.999878988270442 -0.00645528587021454 -0.0103910770178956 -0.00887121883089086 0.00369663285621836 0.800028508463802 0.00200000000000067 0.000999999999997669 0.0339999999999989 0.0330000000000013

 6199 99 500 5 0.8 0.00300000000000011 0.375 11.294 0.0739999999999998 0.999770716655468 0.000830323609057694 -0.0166566427111203 0.00530320370987364 0.0123392449089263 0.817598965386697 0.999800459046464 -0.0134730815955938 -0.00787900890479878 0.012466820749255 -0.000133273713924876 0.808587304805037 0.999770742963143 0.000834192104335613 -0.0166532635553235 0.00530160246479048 0.0123421012278856 0.817383172609668 0.999800480761132 -0.0134726779146216 -0.00788014784351229 0.0124647848855945 -0.00013426592514111 0.808460796921676 0.00200000000000067 0.00100000000000122 0.0359999999999978 0.0350000000000001

 6200 100 500 5 0.8 0.00300000000000011 0.358 11.316 0.0759999999999987 0.999938515099748 0.00435582755935617 -0.00790397298026288 0.00631015221585955 0.00130459822346722 0.815395075156357 0.999770270030482 0.010065581540869 0.0177601640066709 -0.00555844364251908 -0.00343096344361004 0.792174642511882 0.999938497720907 0.00435466643077929 -0.00790405311566263 0.00631268296306318 0.00130905847271323 0.815202850875972 0.999770239239698 0.0100671485187445 0.0177614375814598 -0.00555757740986831 -0.00343014863693691 0.792136966645577 0.00200000000000067 0.00100000000000122 0.0340000000000025 0.032

 6196 96 500 5 0.8 0.00299999999999967 0.37 11.518 0.077 0.999732725355329 -0.00772693396288501 0.00233929806284403 0.00749668664192698 0.0203248547130441 0.802831669715345 0.999664850025885 -0.00992843113775248 0.00982397657751791 -0.00780366049860818 0.0203520575101113 0.796809189732394 0.999732694582483 -0.00772711122177739 0.0023421665750032 0.00749890857215793 0.0203251509459503 0.802745966029098 0.999664853676567 -0.00992802376364343 0.00982391588739871 -0.00780448343096376 0.020351790657549 0.796753526744461 0.00200000000000244 0.00100000000000122 0.0330000000000013 0.032

 6197 97 500 5 0.8 0.00300000000000011 0.372 11.829 0.0749999999999993 0.999774655756986 0.0201576210329447 -0.00189616272798318 0.00629944079880125 -0.00101470824542496 0.809221442816941 0.999807277914029 -0.0147955839381084 -0.0120209057397523 0.00391737321827721 -0.00257870865631165 0.792896266505622 0.999774617527798 0.0201595115572373 -0.00189868491500345 0.006298661417037 -0.00101493884789071 0.80908910914089 0.999807279357533 -0.0147953142131905 -0.0120212122465313 0.00391660780971817 -0.00257943024919113 0.792856498638405 0.00199999999999889 0.000999999999997669 0.0339999999999989 0.0330000000000013

 6192 92 500 5 0.8 0.00199999999999978 0.344 11.945 0.0739999999999981 0.999770359771372 -0.00209241816812122 -0.0146401138662555 0.00342461618022282 -0.0151257587853196 0.810595805023057 0.999777804160577 -0.0133497198356614 -0.000374681929028584 0.000218675707294663 0.0163076387791342 0.807933665366035 0.999770391351551 -0.002090877418421 -0.0146373939397819 0.00342192474099915 -0.0151271259037204 0.810453337846649 0.999777820804822 -0.0133501906604311 -0.000376112510036752 0.000218905425009826 0.01630619685534 0.807813807835714 0.00199999999999889 0.000999999999997669 0.0340000000000025 0.0339999999999989

 6191 91 500 5 0.8 0.004 0.334 12.158 0.0690000000000026 0.99993559509865 -0.00594975068088539 -0.00149161972477459 0.00886771248282674 -0.00354187343970002 0.817729584084748 0.999949729346614 -0.00459039667202973 0.00727818006634017 -0.00243451674492214 0.00453522448928965 0.799786516231517 0.99993552876722 -0.00594945007745112 -0.00149852784510724 0.0088744083683237 -0.00354141824762553 0.817505438540699 0.999949739375084 -0.00459049778830407 0.0072756882636085 -0.0024327435928461 0.00453785992067593 0.799716837376879 0.00200000000000244 0.00100000000000122 0.0359999999999978 0.0309999999999988

 6194 94 500 5 0.8 0.00300000000000011 0.34 12.142 0.070999999999998 0.999920184286554 0.00329039032910681 0.00668572346993635 0.0087361127415641 -0.00527065685432027 0.802172098012481 0.999689630031963 0.0187622012477276 -0.0147775664898856 -0.00299273083273781 0.00642576856861484 0.801022045512466 0.999920162085052 0.00328741502370458 0.00668641059045931 0.00873910598717119 -0.00527089159693253 0.802088308959696 0.999689586867705 0.0187643900808769 -0.014778344065077 -0.00299176683119498 0.00642475299851898 0.800947693287844 0.00199999999999889 0.000999999999997669 0.0350000000000001 0.032

 6188 88 500 5 0.8 0.00199999999999978 0.293 12.803 0.0730000000000004 0.999741890524046 -0.00524061331271938 -0.00660867780992376 0.0206032284352445 -0.00452997341736128 0.808698690185957 0.999814450851234 -0.01537893553092 -0.0050584103051943 -0.00519117013429141 -0.00905629332570706 0.80521874551984 0.999741811090603 -0.00524236059170685 -0.00661034889126545 0.0206073272035137 -0.00452439673010578 0.808571864676105 0.999814507991873 -0.0153769285611836 -0.00505934281315721 -0.00519022575667106 -0.00905341283094749 0.805116809522588 0.00300000000000011 0.00100000000000122 0.0350000000000001 0.0339999999999989

 6189 89 500 5 0.8 0.004 0.293 12.909 0.0739999999999981 0.999893005574344 -0.00590252294584991 -0.01154886932444 0.00630606079106736 0.00244843644089941 0.787929186554107 0.99986673690653 0.011140594514749 0.00891188358756755 0.00654887733462239 -0.00448175393389737 0.784439847603937 0.999893001158171 -0.00590304776307585 -0.0115493081125196 0.00630537630041276 0.00244866776954213 0.787903224156228 0.999866738223477 0.0111407594294381 0.00891149335183871 0.00654855532095573 -0.00448229663555005 0.784421477266791 0.00199999999999889 0.00100000000000122 0.032 0.0299999999999976

 6195 95 500 5 0.8 0.004 0.364 12.588 0.0719999999999992 0.999554062527406 -0.008109503377852 -0.00572577670693078 -0.0272911517114627 0.00695129910792053 0.797505952001067 0.999932776586966 -0.00377653054479052 -0.00544661427805221 0.00841736911547609 -0.00443423208745397 0.795688801812232 0.999554099363971 -0.00810900190842568 -0.00572870783064243 -0.0272898876205041 0.00694913469300316 0.797448521919411 0.999932780502048 -0.00377834273828583 -0.00544782384119644 0.00841588236636767 -0.00443314143537779 0.795639008785288 0.00199999999999889 0.000999999999997669 0.032 0.0309999999999988

 6201 1 1000 5 0.8 0.0330000000000004 0.382 22.076 0.151 0.999912484368981 0.0118733785227597 -0.00162985800817756 0.00124788168654134 0.00546194467914667 0.804513592539879 0.999819919414076 -0.00422065757457206 0.010206693774011 0.00471848190919267 0.0146926554150229 0.794731726833805 0.999912477307764 0.011873820302837 -0.00163002315717164 0.00124931417127427 0.00546190024399288 0.804419213301019 0.999819924553532 -0.00422064920456862 0.0102068607803836 0.00471834673257755 0.0146922354726387 0.794684325506162 0.00300000000000011 0.00100000000000122 0.0530000000000008 0.0510000000000019

 6203 3 1000 5 0.8 0.0230000000000001 0.366 22.309 0.149999999999999 0.999570669186946 0.0154668231346244 -0.00778232649218777 0.0200713317186654 -0.0124832576153591 0.803943455934442 0.999904138027558 0.00964241132312051 -0.000919300689434149 -0.00774716628511154 -0.00615426356568112 0.802750081514208 0.999570709996022 0.0154640707442058 -0.00778218045371093 0.0200698553332099 -0.0124858643416127 0.803851418606158 0.999904134823167 0.00964243339505206 -0.000921720336281621 -0.00774647416681687 -0.00615525883779374 0.802665126957155 0.00300000000000011 0.00199999999999889 0.0549999999999997 0.0530000000000008

 6204 4 1000 5 0.8 0.016 0.36 22.461 0.148 0.99991809242623 -0.00310639485611615 0.00323144423773968 0.0105757432389113 0.00564536737246473 0.802540162744848 0.999922329347037 0.00743134565993173 0.00417597406238604 0.00888838047061374 -0.00191528277743167 0.801491030929002 0.999918089629742 -0.00310719958378515 0.00323201772544435 0.010576114095148 0.00564439669243389 0.802456448340555 0.999922341389148 0.00743115535225725 0.00417511708936338 0.00888772706062912 -0.00191463468080174 0.801413248906744 0.00199999999999889 0.00100000000000122 0.0539999999999985 0.0519999999999996

 6211 11 1000 5 0.8 0.02 0.377 22.684 0.150000000000002 0.999921005614785 0.00999195885009132 -0.00684491447801085 0.00147620602975983 0.00301848475259251 0.798089692065972 0.999933021485742 -0.00665853522188121 0.00147859820859375 -0.00865406378189018 0.00354081607677133 0.800592718753616 0.999920992768406 0.00999261571086721 -0.00684645096953329 0.00147648677001557 0.00301694352602685 0.798029167212616 0.999933014374602 -0.00665975800771035 0.0014774970671484 -0.00865414323673612 0.00354079006089597 0.800518846021952 0.00200000000000244 0.00200000000000244 0.0509999999999984 0.0530000000000008

 6202 2 1000 5 0.8 0.0329999999999999 0.379 23.349 0.148 0.999918442143765 -0.0113121641203157 0.0031637638302527 -0.00358196681399045 0.00350772231947204 0.804582561729371 0.999920926234674 -0.00780674134573895 -0.00827476262465031 -0.00457390173109757 0.00279352716323228 0.805690072680929 0.999918424678019 -0.0113123146959367 0.00316487367591908 -0.00358368251733584 0.00350946148004852 0.804487696913259 0.99992089125078 -0.00781117286864811 -0.00827498606166992 -0.0045734191317402 0.00279378986083092 0.805584569003611 0.00199999999999889 0.00199999999999889 0.0530000000000008 0.0539999999999985

 6208 8 1000 5 0.8 0.0229999999999997 0.377 23.103 0.148 0.999932365922472 0.00055288121147532 -0.00396986573841998 0.0104548726392932 0.00314542638895397 0.805428766940131 0.999901545235219 0.00128237721314536 0.00032340898702334 -0.0104470674634049 0.00927413246324967 0.801501844212418 0.999932320576499 0.000554687455269161 -0.00397025688129722 0.0104584576124892 0.00314711184892895 0.80532624813029 0.99990153443751 0.00128302726192546 0.000323327499653359 -0.0104485232594751 0.00927356951682188 0.801426614773479 0.00199999999999889 0.00199999999999889 0.0539999999999985 0.0530000000000008

 6205 5 1000 5 0.8 0.0299999999999998 0.366 23.351 0.149999999999999 0.999964236849602 -0.00117140682169851 -0.00299027839655002 3.98148730344348e-07 -0.00782374991949547 0.807419019483717 0.999913501177098 -0.00255850711742916 -0.00128528831787776 0.00111822167060846 0.0127883470129439 0.795167747912156 0.999964239317694 -0.00117339411758455 -0.0029893550845856 1.28896607892163e-06 -0.00782348940994822 0.807302251133341 0.99991351268807 -0.00255770888116856 -0.00128620345011273 0.00111801950353932 0.0127875322935297 0.795119935444212 0.00300000000000011 0.00199999999999889 0.0530000000000008 0.0489999999999995

 6214 14 1000 5 0.8 0.0189999999999997 0.381 22.903 0.149999999999999 0.999835054275579 0.00783830012558789 -0.00273758719386695 0.00934772634199015 -0.0131738726835754 0.808222566484659 0.99995305863174 -0.00325278243590387 0.00114363484540761 -0.00465640091728059 0.00776594934891893 0.796659940238895 0.999834988196932 0.00783815669542968 -0.00273396209854009 0.00935003236526287 -0.0131780887412275 0.808100391556744 0.999953050163516 -0.00325337787804075 0.00114540696042524 -0.00465635604363349 0.00776655601630589 0.796605525877414 0.00200000000000244 0.000999999999997669 0.0519999999999996 0.0510000000000019

 6206 6 1000 5 0.8 0.012 0.365 23.526 0.147000000000002 0.999965770623565 0.00261947716162734 -0.00320086581630149 -0.00211530572463804 0.00684659479860907 0.797650302549678 0.999931390391963 0.000328812086201565 0.000101192164597919 -0.00279225596558495 -0.0113709919609218 0.803646397453018 0.999965759340061 0.00261958367634463 -0.00320144904362499 -0.00211564918244907 0.0068478231121151 0.797591270983044 0.999931382670975 0.00032992134270471 0.000102201014639144 -0.0027933380513166 -0.0113713639948453 0.803555606767946 0.00199999999999889 0.000999999999997669 0.0510000000000019 0.0519999999999996

 6209 9 1000 5 0.8 0.0350000000000001 0.372 23.718 0.146999999999998 0.999947456174992 0.00103590628333382 0.00013276085736321 0.00860210261142174 0.00547704231780388 0.797396662452976 0.999993149386254 -0.00062593477513177 0.000805914577938509 -0.00347097925948129 -0.000782426285351444 0.803911029185977 0.999947454804624 0.00103556920472192 0.000134219002811617 0.00860254970499813 0.00547661848314547 0.797338509478856 0.999993145050796 -0.000625333557619166 0.00080544169209186 -0.00347220799435747 -0.000783482408367629 0.803820189569524 0.00300000000000011 0.00100000000000122 0.0530000000000008 0.0489999999999995

 6207 7 1000 5 0.8 0.0310000000000001 0.38 23.899 0.154 0.999971933581995 0.00693302610423793 0.00150067061320374 0.00189116320101285 0.00149555567648355 0.805795283092705 0.999904163973795 -0.00557083820628995 0.00161429732387379 0.00455940309676276 -0.0117147137010046 0.793855073341016 0.999971944062195 0.00693184646081312 0.00149852444760739 0.00189349549627025 0.00149321545803676 0.805690989927568 0.999904180311623 -0.00557062805438302 0.00161431443260608 0.00455842308358854 -0.0117137981169263 0.793811699693772 0.00300000000000011 0.00100000000000122 0.054000000000002 0.0509999999999984

 6215 15 1000 5 0.8 0.0310000000000001 0.352 23.538 0.147000000000002 0.99992413529569 -0.00030611942305261 -0.00311478014474319 0.00403459273957565 -0.0112093777767569 0.806609190440653 0.999892235510538 0.0042429950462173 -0.00542447797847866 0.000114621560193393 0.0129644228307618 0.80613433207657 0.999924126981535 -0.000307393062201595 -0.00311310307978704 0.00403242349564367 -0.0112113308614999 0.80649740276217 0.999892239704701 0.00424110225324442 -0.00542334245931309 0.000117376330839037 0.0129651690833471 0.80602545553079 0.00200000000000244 0.00100000000000122 0.0530000000000008 0.0519999999999996

 6210 10 1000 5 0.8 0.0209999999999999 0.381 24.474 0.148 0.999827310379708 0.0115733260340244 0.0126939052321443 0.00586886718706369 -0.00397853129761971 0.797207371087594 0.999788067857083 -0.0055715255271273 0.016846316653336 0.0104389933804124 -8.06617676322221e-05 0.794244711109045 0.999827317456661 0.0115740260332541 0.0126932843180258 0.00586726557982909 -0.00397905976797773 0.797150588703612 0.999788083836515 -0.00557081179216573 0.0168455629476931 0.0104390632931997 -8.02559782031572e-05 0.794200310784198 0.00199999999999889 0.00199999999999889 0.0510000000000019 0.0489999999999995

 6213 13 1000 5 0.8 0.0209999999999999 0.362 24.241 0.143999999999998 0.999859285779262 -0.00954265451493421 -0.00741587302457023 -0.00175138135317411 0.0115014727940659 0.799449046683631 0.999939131086767 0.00246784600617488 0.00721022605460059 0.00591978618443876 0.00534907742549395 0.800716304905106 0.999859301553549 -0.00954361503442016 -0.00741592478205005 -0.00175051527252254 0.0114994028032732 0.799381856953491 0.999939131129539 0.00246803659820921 0.00721020511509092 0.00592016091750632 0.00534859497074052 0.800642409423908 0.00199999999999889 0.00100000000000122 0.0489999999999995 0.0489999999999995

 6216 16 1000 5 0.8 0.012 0.343 23.878 0.138000000000002 0.999952867541896 0.00177961459144017 0.00736112483160189 0.00460444525934078 0.00396340657916077 0.807161083169598 0.999868557521457 -0.00336832760141181 -0.00320349244669189 0.000627104682025452 0.0155198719386616 0.800635768382591 0.999952898944549 0.00177978207959789 0.0073586478308573 0.00460323553339696 0.00396141298877602 0.807045013122389 0.999868545035403 -0.00336945888022089 -0.00320574982948238 0.000627705322253281 0.0155199403897193 0.800562014397215 0.00200000000000244 0.00199999999999889 0.0500000000000007 0.0479999999999983

 6212 12 1000 5 0.8 0.0309999999999997 0.367 25.298 0.132999999999999 0.999985884486996 0.00498917153235647 -0.000342500788945243 0.00158701374033584 -0.000838495544827124 0.81228916307083 0.99983723220667 -0.01400145834249 0.0111089057036709 -0.00135293972539697 -0.00205670264153824 0.796228491399084 0.999985868639518 0.00499126952257239 -0.000348084354253822 0.00158752288723115 -0.000841640177102907 0.812128273666518 0.99983723996256 -0.0140010651026151 0.0111088182300052 -0.00135231795431771 -0.00205649063322692 0.796176312164907 0.00199999999999889 0.000999999999997669 0.0500000000000007 0.046999999999997

 6217 17 1000 5 0.8 0.016 0.355 22.182 0.136999999999997 0.999874976991337 0.0131007308246249 -0.00443273418892476 0.00598086141372623 -0.00479389223856543 0.795939427421895 0.999932243201545 0.00424534254112548 0.00662325663910028 0.0082399410164742 -0.00239205271092262 0.798671158348404 0.999874979757364 0.0130999669502974 -0.00443183573275168 0.00598126750059898 -0.00479572645543815 0.795888305756682 0.999932253766416 0.00424608491326823 0.00662297713458215 0.00823842689932781 -0.00239230780287234 0.798608309864827 0.00199999999999889 0.000999999999997669 0.0479999999999983 0.0470000000000006

 6220 20 1000 5 0.8 0.0230000000000001 0.362 21.819 0.137999999999998 0.999934135781657 -0.000680849570625218 0.00786208278530616 0.00431070445830462 -0.00713204205004902 0.804289663003848 0.999960155204669 -0.00540241531349388 0.00274887052634391 0.000831480439638387 -0.00650032791043894 0.797896301811993 0.99993413034363 -0.000678961683161312 0.00786323988679733 0.00431152100456022 -0.00713121518890852 0.804194920561535 0.999960167548186 -0.00540118773483105 0.00274872596300916 0.00083200245953497 -0.00649944347956941 0.797837874855997 0.00200000000000244 0.00100000000000122 0.0489999999999995 0.0470000000000006

 6218 18 1000 5 0.8 0.0180000000000002 0.33 22.633 0.134999999999998 0.999864993548874 0.0121597981449915 -0.00819079548824201 0.00722998458418886 0.0016649855153056 0.798392859631082 0.999898373794735 0.00251312446740856 0.0121605649455118 0.00683045720077222 0.0015465454049457 0.795791119250411 0.999865004913913 0.0121596076530463 -0.00819044158452684 0.00722899286011034 0.00166559872245995 0.798331105176957 0.999898370087073 0.0025130153180911 0.0121608772859978 0.00683048411185339 0.00154654507157529 0.795740669988362 0.00200000000000244 0.00100000000000122 0.0479999999999983 0.0459999999999994

 6221 21 1000 5 0.8 0.0249999999999999 0.363 21.676 0.135999999999999 0.99988853316843 0.00473263912507257 -0.00284182136530248 0.0138724804308464 4.12700984595201e-05 0.796690563532617 0.999920959349215 0.00111612721784355 0.000416927056415613 -0.00908633876915486 0.00860778332560582 0.797245922055021 0.999888543123861 0.0047325290682834 -0.00284111938656915 0.0138719449315878 4.10207985479497e-05 0.796635484014982 0.999920954631786 0.00111686371142279 0.000418280596191024 -0.00908645497968587 0.00860804745302991 0.797189481456 0.00199999999999889 0.000999999999997669 0.0489999999999995 0.0470000000000006

 6222 22 1000 5 0.8 0.028 0.351 21.808 0.135999999999999 0.999903624140381 0.00557330049046967 0.000525128745049525 0.011945991422458 0.00432415093507676 0.806006351502557 0.999990988419775 0.0016747817830806 0.000689218293452761 0.00369553681959785 -0.00104219526975206 0.791374723129673 0.999903610117348 0.00557286876153402 0.000526240569523874 0.0119469689065511 0.00432511420317486 0.805898398300856 0.999990988666982 0.00167524011418834 0.000688264585096998 0.00369525529628268 -0.00104284972424986 0.791339371252285 0.00200000000000244 0.000999999999997669 0.0500000000000007 0.046999999999997

 6229 29 1000 5 0.8 0.012 0.345 21.165 0.137 0.999756655204125 0.00214960713861864 -0.00423581596508119 0.0207122498967967 -0.00592200401320997 0.801425330622903 0.999890340378896 0.00591313401714301 -0.0016599021546576 -0.000720766798243537 -0.0134561243725974 0.797105947810867 0.999756682445302 0.00214919154563107 -0.00423414274568704 0.0207115271853485 -0.00592128014228477 0.801347742764805 0.999890348470591 0.00591549332807353 -0.00165963663292257 -0.000719397758306492 -0.0134545920472502 0.797049554760815 0.00199999999999889 0.00100000000000122 0.0489999999999995 0.0470000000000006

 6219 19 1000 5 0.8 0.0230000000000001 0.36 22.456 0.137 0.999918201917839 -0.00334779227980385 0.00987213562791841 -0.00605319033694531 0.00427569703505233 0.798963568534632 0.999957718448504 -0.00172874851955387 0.00309062358129159 0.0071920321836936 -0.00450504858652592 0.793262984051004 0.999918205118643 -0.00334850262887482 0.00987200387184314 -0.00605300219370768 0.00427496274300836 0.798899970351877 0.99995771419459 -0.00172816082115801 0.00309135737527245 0.00719232549246789 -0.0045052465521205 0.793220926332573 0.00199999999999889 0.00100000000000122 0.0470000000000006 0.0470000000000006

 6224 24 1000 5 0.8 0.0169999999999999 0.351 21.994 0.138000000000002 0.999956231912081 -0.00223045025539127 0.00709647919325042 -0.00159645453427529 -0.00544524267874982 0.802647951990087 0.999931627772092 0.00447976707653158 -0.0084103026780293 0.00304675031802753 0.00605438596044636 0.791102414443869 0.999956224000393 -0.00223001087074685 0.00709747399421913 -0.00159592761220952 -0.00544573340792063 0.802564925283227 0.999931625039998 0.00448026346798092 -0.00840972557417841 0.00304709308332845 0.00605509897809044 0.79106835329259 0.00199999999999889 0.000999999999997669 0.0479999999999983 0.0459999999999994

 6230 30 1000 5 0.8 0.012 0.343 21.532 0.137 0.999840338235742 0.0112864667712944 0.00649109577579834 0.00292962558153424 -0.0118826206721425 0.796066887710441 0.99996030402258 -0.000605362679915386 0.00496747127750859 -0.00169249758255197 -0.00717520704484552 0.795643120733199 0.999840325842144 0.0112864215675182 0.00649211276390516 0.00293081336161314 -0.0118828579464316 0.79601591408426 0.999960306985589 -0.000605102781045079 0.00496691204731291 -0.00169199719726594 -0.00717532118509176 0.79559196304424 0.00200000000000244 0.000999999999997669 0.0479999999999983 0.0479999999999983

 6226 26 1000 5 0.8 0.036 0.352 21.881 0.138999999999999 0.999974768600352 -0.00538163311696909 -0.00283928545437982 -0.00142839423922851 0.00337614212859066 0.798012816283099 0.999908482419944 -0.00616463586734605 -0.00862800914128434 0.0014352012628536 0.00827778381335987 0.791559084268149 0.999974767748013 -0.00538192642097185 -0.00283935099344287 -0.00142849419003403 0.00337582961543277 0.797952541743944 0.999908481733452 -0.00616532775225135 -0.00862710474237086 0.00143541580142753 0.00827825684854946 0.791523382201785 0.00199999999999889 0.00100000000000122 0.0479999999999983 0.0470000000000006

 6231 31 1000 5 0.8 0.0110000000000001 0.34 21.352 0.137 0.999932574579412 -0.00654657582295775 0.000361222978655829 -0.00301431125441426 0.00909791655294884 0.801788147036021 0.999987670341451 -0.00293899945638143 -0.00235490787943921 -0.00279504764700325 -0.001632043137445 0.796910620575203 0.999932571957664 -0.0065469190930301 0.000360861661452538 -0.00301354630528417 0.00909822543394528 0.80170976991797 0.999987666722221 -0.00294002756050017 -0.0023545820385889 -0.00279455066700428 -0.00163372928762212 0.796856100334146 0.00200000000000244 0.00200000000000244 0.0480000000000018 0.0460000000000029

 6225 25 1000 5 0.8 0.016 0.336 22.42 0.137 0.999933412781381 -0.00647669228741045 0.00878463591571993 0.00171905038147163 0.00333129074201853 0.805440514567456 0.999873709714252 0.00197622619384693 0.0110330244628306 0.00235342602930253 0.0110178450441483 0.797429758408965 0.999933360657447 -0.00647816375626952 0.00878856721088327 0.00171858858985672 0.00333394335431477 0.805335026636582 0.99987372451814 0.00197650643335003 0.0110324345574151 0.00235444036087278 0.0110168252625143 0.797372228050841 0.00199999999999889 0.00100000000000122 0.0500000000000007 0.0459999999999994

 6223 23 1000 5 0.8 0.0210000000000004 0.351 22.624 0.138000000000002 0.999929317247911 0.00145761805885307 -0.00682652198288012 0.00941053704228133 0.00201897199417214 0.814547189481794 0.999962258824281 -0.00361273836358659 0.000505369868992665 -0.00753612585513107 0.00231958120133013 0.799881651739258 0.999929289822266 0.00145589611274712 -0.00682751735131766 0.00941305668534185 0.00201868588553817 0.814364666011913 0.999962255167432 -0.00361338741299202 0.000506800594626086 -0.00753665586382926 0.00231811203691611 0.799810348281786 0.00200000000000244 0.00100000000000122 0.0500000000000007 0.0480000000000018

 6228 28 1000 5 0.8 0.016 0.343 22.03 0.137999999999998 0.99992417915662 0.00627867521784044 -0.00554365177708385 0.00220834855281732 -0.00875244520759563 0.798516422716964 0.999903489309348 -0.00910160063306395 0.00632506274897264 -0.00648906406132368 -0.00529703329574601 0.802171977501819 0.999924182977832 0.00627901432279481 -0.00554334340773832 0.00220878526222148 -0.00875185047738481 0.798456231842885 0.999903486375935 -0.00910070366058833 0.006326662777143 -0.00648777684802623 -0.00529879380687874 0.802089073120936 0.00199999999999889 0.00100000000000122 0.0470000000000006 0.0470000000000006

 6227 27 1000 5 0.8 0.0219999999999998 0.36 22.82 0.134 0.999887734483755 -0.0072734600056996 0.00776073768599804 0.0100042414756287 -0.00336174233939292 0.80017041145322 0.999943171970925 0.0054728254120841 0.00142068538388682 0.004984317401423 -0.00753918057984893 0.796446231623167 0.999887690156048 -0.00727488758828014 0.00776317638254977 0.010005400946917 -0.00336275620960565 0.800099559760566 0.999943173594115 0.00547252198370045 0.00142062198676356 0.00498401313159571 -0.00753939864588248 0.796392844413861 0.00199999999999889 0.00100000000000122 0.0479999999999983 0.0460000000000029

 6232 32 1000 5 0.8 0.012 0.343 22.472 0.134 0.999914863230227 -0.0119839465448881 -0.00505938081697987 -0.000766067496237353 0.000683463843373426 0.800986155160706 0.999951048776712 0.00818495145877632 -0.000941584286260369 -0.00323978963923153 -0.0044185746679155 0.803802425915779 0.999914871004742 -0.0119832780903322 -0.00505934634347841 -0.000765698147782063 0.000684478416435916 0.800912381792913 0.999951070417686 0.0081826215112909 -0.000942386749658075 -0.0032398667416633 -0.00441776486896401 0.803711308599393 0.00199999999999889 0.00100000000000122 0.0470000000000006 0.0470000000000006

 6234 34 1000 5 0.8 0.0270000000000001 0.311 20.336 0.134 0.999947323806337 -0.00465747297921172 -0.00134967442663021 -0.00477336918174437 0.0076844572736289 0.804855821953019 0.999949930399665 0.00166247400492691 0.00921698115906557 0.00309377653354941 0.00168780299895216 0.795986058225211 0.999947302968278 -0.0046593572537366 -0.00134958324755983 -0.00477547701328659 0.00768473296885655 0.804758445459941 0.999949927743407 0.00166192590822466 0.00921736168452934 0.0030939042656822 0.00168760427913027 0.795934722197374 0.00199999999999889 0.00100000000000122 0.0479999999999983 0.0459999999999994

 6237 37 1000 5 0.8 0.0230000000000001 0.322 20.305 0.132999999999999 0.999810697613685 -0.0095983308352538 -0.0112702309279679 -0.0065553021141882 -0.010791241422347 0.798987941736132 0.999958075833652 -0.0013637037083979 0.00640684740609771 -0.00375148644894489 -0.00518319814340467 0.801320159884336 0.999810695149628 -0.0095990597238449 -0.0112706314089195 -0.00655454068933149 -0.0107908656201294 0.798923225329285 0.999958083980331 -0.00136478572418595 0.00640505632227185 -0.00375038760837645 -0.00518435035532819 0.80124418746777 0.00200000000000244 0.00100000000000122 0.0459999999999994 0.0459999999999994

 6236 36 1000 5 0.8 0.0220000000000002 0.339 20.617 0.134999999999998 0.999779281803741 -0.00615975157618068 0.0171329989691993 0.0101407631742536 -0.00265902333203528 0.802459239458396 0.999972417894115 0.000284237783628035 0.00657587347238258 0.00294994233434817 0.0017715496549921 0.803723306073688 0.999779324002325 -0.00615740664813318 0.0171319702153654 0.0101391285325329 -0.00266144884691658 0.802374453361621 0.9999724272093 0.000284809412672733 0.00657457004842079 0.00294902028742599 0.00177257235755509 0.803633854478385 0.00199999999999889 0.000999999999997669 0.0489999999999995 0.0459999999999994

 6233 33 1000 5 0.8 0.024 0.308 22.002 0.132999999999999 0.999880674554143 0.0100671977563773 0.00112816459546026 0.0110765485541348 -0.00365041083439863 0.799458104489712 0.999893300004165 -0.00359696988289278 -0.00886872207718033 0.00204846994798632 0.0108443512499578 0.803597928738059 0.999880701008635 0.0100665471464451 0.00112943953536696 0.0110743073654368 -0.00365136436701842 0.799390137864786 0.999893305695521 -0.00359605336886664 -0.00886851000027464 0.00204921326904809 0.0108441634441846 0.803506698644897 0.00199999999999889 0.00100000000000122 0.0479999999999983 0.0480000000000018

 6235 35 1000 5 0.8 0.0219999999999998 0.307 21.912 0.136000000000003 0.999760108201743 0.0045878753258794 0.00039987414296314 0.02009892443312 -0.00738585037316595 0.803181240726767 0.999964569011094 -0.00282868777330792 -0.000611977975789271 0.00790397311598181 0.000109269747218573 0.801820958501013 0.999760093496141 0.00458691091269943 0.000398636572216191 0.0200997285769043 -0.00738631849333928 0.80309472944819 0.999964566677321 -0.00282953727576985 -0.000611062930463616 0.00790399254436103 0.00011230581969658 0.801741196173165 0.00199999999999889 0.00100000000000122 0.0480000000000018 0.0479999999999983

 6238 38 1000 5 0.8 0.0219999999999998 0.318 21.15 0.136000000000003 0.999924001936803 -0.00452274670906292 -0.00681976550699733 0.000178631476913453 -0.0092192191707701 0.800777362635456 0.999887967715602 0.00329166013243022 0.00652087253309485 0.00546006999158551 0.0118694080825163 0.801945049181968 0.999923994063904 -0.00452422238898667 -0.00681887973583759 0.000180486636268645 -0.00921996804691766 0.800703452041061 0.999887979823838 0.00329422239175964 0.00652161394708086 0.00545950211592427 0.0118675309483529 0.801865818827688 0.00199999999999889 0.00100000000000122 0.0480000000000018 0.0470000000000006

 6239 39 1000 5 0.8 0.0269999999999997 0.307 23.269 0.126999999999999 0.999834673170955 0.0132817033612308 -0.0116816693042968 0.000468199062067975 -0.00418832578221185 0.804506412774154 0.999902323138897 -0.00385602300130571 0.00271530372343633 0.00636630935674488 -0.0115140131541766 0.794349464375221 0.999834682168709 0.013281186115024 -0.0116819142544958 0.000467726572886541 -0.00418718750216114 0.804409902363875 0.999902329349273 -0.00385613958867506 0.0027152581682886 0.00636626895044462 -0.0115134678572906 0.794303372990265 0.00199999999999889 0 0.0470000000000006 0.0459999999999994
