
 6962 62 2000 10 0.8 1.674 0.722 19081.71 0.265999999999622 0.999902759850064 -0.000643722737200217 0.00317526017022325 -0.00121491180523446 0.00351291976899566 -0.0026769257456509 -0.000194506334433248 0.011717991931832 -0.00346173568847793 -0.00369578936941653 0.797026311702628 0.999903050133765 0.00174496319163307 -0.00312230845751213 -0.00376634431108194 0.00442896280559903 0.00440027819744176 -0.00831805047100719 -0.00437866585484826 0.00246835545561637 -0.00578598827950181 0.799226789646483 0.9999027581603 -0.000643627717035981 0.00317527390910891 -0.00121513771436532 0.00351293421660172 -0.00267708830285435 -0.00019455819798562 0.0117180820781291 -0.00346178464095754 -0.00369571112902158 0.797010839962197 0.999903050848898 0.0017448920576861 -0.00312233354096638 -0.00376636558343815 0.00442876801524875 0.0044001911030856 -0.00831812263717908 -0.00437840487977941 0.00246840085163505 -0.0057861484758465 0.799208190302742 0.322000000000116 0.247999999999593 3.55599999999686 3.64600000000064

 6967 67 2000 10 0.8 1.731 0.403 19673.237 0.265999999999622 0.999924639924019 9.85463670079252e-05 0.00272591953569895 -0.00503146160948044 0.00360582628088382 -0.00746095499275434 -0.0012495972972016 0.00570786828175545 0.00294479058185261 0.00254512088531889 0.801545120002113 0.99995563985591 0.000989204222127587 0.00323678371922156 0.0035394812646563 0.00204093548469886 0.00426002202785016 -0.00121335169109146 -0.00549459737784461 0.0031018291538081 -0.00106664276839125 0.796366891831045 0.999924641615813 9.8445804476149e-05 0.00272596319104612 -0.00503135792808794 0.00360549544423017 -0.00746091869362938 -0.00124952593431249 0.00570784674572976 0.00294487587258681 0.00254517806872943 0.801522863839703 0.999955640758613 0.00098915937108264 0.00323659229375787 0.00353949232547427 0.00204076353444114 0.00425997507315323 -0.00121343948992433 -0.00549459291567073 0.00310188794594536 -0.00106665093211292 0.79635209126406 0.275000000001455 0.204000000001543 3.64899999999761 3.60199999999895

 6966 66 2000 10 0.8 1.59 0.399 19799.732 0.260999999998603 0.99990393153257 -0.00631551623263647 -0.000116055803700325 -0.00896712469944941 -0.00204390032625066 0.000992081330014261 0.00168428941484213 0.0033242329487001 0.00725823482690242 0.000296789248069062 0.804729745255665 0.99996659657146 -0.00384666637830668 1.33975943024786e-05 -0.000590948623723926 -0.00142115328468552 -0.00520508531144128 -0.00438467812183665 -0.000360004575240065 9.95348564485733e-05 0.00178381524284922 0.802437869591257 0.999903933383515 -0.00631550784906008 -0.000116029513259744 -0.00896704081222618 -0.00204392968616409 0.000991878427364282 0.00168494887263955 0.00332427519246976 0.00725794153860555 0.000296708602292533 0.804701925493756 0.9999665947714 -0.00384661780485464 1.3368383514688e-05 -0.000590834585452155 -0.00142131097494154 -0.00520533146906903 -0.00438475784610433 -0.000360190207606372 9.97007555042854e-05 0.00178388041833046 0.802414008367512 0.257999999997992 0.269000000000233 3.62900000000081 3.64400000000023

 6991 91 2000 10 0.8 1.737 0.394 19828.734 0.27100000000064 0.99992246368863 0.00803182204194932 -0.00385528971441414 -0.000598010481572855 -0.00123365014585044 -0.00182684013158765 -0.00384414180361223 0.00726382464841452 -0.00131580740156044 0.00109745561732771 0.799274821805491 0.999867948065265 -0.00962891163856121 0.0021513543759743 0.000580457759291354 0.00110986179985123 0.000220813303619613 -0.00904562070082531 -0.00228954794929729 0.00860018733127136 0.00202390168076064 0.805088843035668 0.999922462139965 0.00803211426511628 -0.00385514012243069 -0.000598070510211256 -0.00123343635930233 -0.00182675369306524 -0.00384419037751208 0.00726382995618694 -0.00131573035442899 0.00109749201321257 0.799256207187921 0.999867947505199 -0.00962941437848463 0.00215060144907773 0.000580451429138567 0.00110978762016448 0.000220906618712474 -0.00904549954821044 -0.00228955313196955 0.00859998580002013 0.0020240109524063 0.805059684430365 0.287000000000262 0.257999999997992 3.59400000000096 3.9230000000025

 6977 77 2000 10 0.8 1.541 0.391999999999999 19948.11 0.25800000000163 0.999953554410741 -0.00417917028570135 0.00044282670884572 -0.000470705182009127 -0.00121595689981077 0.00146997950415032 0.00410896148239676 -0.00268000566044445 -0.000678117784267621 0.00684402430798592 0.807150730127892 0.999958130270273 0.00280908829765739 -0.00288871365626027 0.00128028947391073 -0.00430257016767625 -0.0023094882421944 0.0030991304521306 -0.000751886476473318 0.00455236860891241 -0.00333512710681648 0.797358587923444 0.99995355574514 -0.00417923377546924 0.000443019649059305 -0.000471151791209527 -0.00121566762417628 0.00147039561723392 0.00410861025192404 -0.00267945791436266 -0.000677902209199091 0.00684415604107396 0.807118048467187 0.999958130171686 0.00280903411951423 -0.00288895913618374 0.00128023559053441 -0.00430253529361979 -0.00230935810898076 0.00309910914025944 -0.000752262244081149 0.00455237846351744 -0.00333506706866933 0.797342611236262 0.239000000001397 0.261000000002241 3.59700000000157 3.62700000000041

 6965 65 2000 10 0.8 1.42 0.389 19989.308 0.265999999999622 0.999940493761964 0.00418785170667031 0.00293243557511112 -0.00355502230186538 0.00270622264167893 0.00535127499651363 -0.00631107169761232 0.000415842472772369 -0.000614081832708951 -0.00197333187459919 0.801107410506299 0.999902710686761 -0.00771440168007657 -0.00949119547754246 -0.00124297773935559 0.00190062877165891 -0.00094702561833601 -0.000712569186951725 0.00513954748535449 -0.00279332285205428 -0.00204811614090607 0.799674446496155 0.999940495406137 0.00418789802501379 0.00293245804517811 -0.00355510909249571 0.00270608145680867 0.00535086695886517 -0.0063110265862124 0.000415624731546428 -0.000614231734593573 -0.00197365423504042 0.801086154728142 0.999902712589812 -0.0077143936267817 -0.00949111075439038 -0.00124307171526114 0.00190052549563929 -0.000946959633670208 -0.000712390328754745 0.00513947084233489 -0.0027931815479175 -0.00204812657759362 0.799655248069913 0.233000000000175 0.221000000001368 3.73300000000017 3.54899999999907

 6987 87 2000 10 0.8 1.558 0.393 20002.771 0.254000000000815 0.999901576948066 0.000185146299834294 0.000456972348881074 -0.00347084275102793 -0.000912270887147893 0.0054326869884788 -0.00895082397735071 0.00376524326550689 -0.00668303906303364 0.00390421830362436 0.800155953198887 0.999886985487384 -0.00109676214290893 -0.00535079416103675 0.00208450691843845 -0.00546534714506223 0.00854573848378626 -0.000119326573253821 0.00222090099693709 0.00538900294208691 -0.00741279569920338 0.803276372397584 0.999901579022814 0.000185358399122016 0.000456864584819155 -0.00347059036402501 -0.000912221960155228 0.0054325694288735 -0.00895070461305181 0.00376538194270866 -0.00668303684430696 0.00390423257672681 0.800136005015512 0.999886984811397 -0.00109693230571641 -0.00535082150116578 0.00208457175171249 -0.00546505245144599 0.00854579859985556 -0.000119245440556906 0.00222091082488231 0.00538918420352877 -0.00741283828314013 0.803251091806513 0.269000000000233 0.27100000000064 3.52399999999761 3.59000000000015

 6972 72 2000 10 0.8 1.542 0.407 20059.729 0.270000000000437 0.999932539996511 0.00612257499969657 -0.00425752634320489 -0.00258445836376863 0.00258489266555367 0.00405869427652621 0.00201801559094534 0.00529851677357757 -0.00384388558796076 0.00159586441765558 0.8033187432693 0.999929676061838 0.00578393566577835 -0.00165772047905143 -0.00413926038508116 0.00333043726742266 -0.00185271842818839 0.00236769929477832 0.00667125738012966 -0.00437872767899231 -0.00187034657883021 0.801761105123932 0.999932538362545 0.00612272668104081 -0.00425743697593281 -0.00258438935894891 0.00258495211917691 0.0040585842496132 0.00201816083323645 0.00529866299202274 -0.00384406171990279 0.00159574657602192 0.803293714191186 0.999929677010646 0.00578400840134792 -0.0016579245534178 -0.00413916285244009 0.00333019164267911 -0.00185286804470682 0.0023676141042087 0.00667125022917946 -0.00437856466926167 -0.00187045346307221 0.801738544100826 0.304999999996653 0.248999999999796 3.65299999999843 3.60399999999936

 6984 84 2000 10 0.8 1.388 0.389 20098.284 0.257000000001426 0.999933750432822 -0.00405310015712739 -0.00738925072686892 -0.00206204811682324 -0.00311548969967232 -0.00269076772502037 -0.00575925964556666 0.00156963146001544 -0.00016718268422609 0.00214634202128933 0.802538801025634 0.999886782325682 0.00369692929255732 0.00352293614370367 -0.00279713436541134 -0.00726074183724816 0.00215957266297968 -0.00442605729800931 -0.0014280784145144 -0.00715301878095261 -0.00789575895727314 0.795733692036231 0.99993375057656 -0.00405280295319172 -0.00738924154472366 -0.00206232106693148 -0.00311564303024412 -0.0026906091186511 -0.00575926059333961 0.00156984811942603 -0.000167126108821088 0.0021464253003486 0.802515159140963 0.999886781534915 0.00369697866865625 0.00352302604720051 -0.00279716635069207 -0.00726067733607351 0.00215955964163524 -0.00442602250109845 -0.0014283032188111 -0.00715305276902039 -0.00789579545985265 0.795719652091025 0.254000000000815 0.226999999998952 3.58499999999913 3.59899999999834

 6964 64 2000 10 0.8 1.447 0.981000000000001 20156.554 0.27100000000064 0.999923645441963 -0.00708436322296556 -0.0035054378514397 -0.000522823260053821 -0.00214149092025131 -0.00400257709756284 0.000179955297452386 0.00810783437092357 0.00136757359320093 0.00130668231686627 0.801572011582296 0.999860572628787 -0.00281313804985337 0.000628597335198283 -0.00198374730588356 -0.00322347754216191 -0.00928080569882814 -0.0106572131951989 -0.000270732123640553 -0.00568357373159062 -0.00491065245616044 0.803645653162019 0.999923647863544 -0.00708417255710849 -0.0035053967463891 -0.000522945985938131 -0.00214117820654894 -0.00400253174392343 0.00017979542787509 0.00810789513633246 0.00136729607637329 0.00130651085654023 0.801550005787356 0.999860574489959 -0.0028131960103587 0.000628678813712965 -0.00198361782243872 -0.00322336844426002 -0.00928062028191081 -0.0106573046592235 -0.000270957610073153 -0.00568352080890382 -0.00491055452514581 0.803620016584934 0.273000000001048 0.275000000001455 3.63699999999881 3.47000000000116

 6970 70 2000 10 0.8 1.421 0.412 20177.486 0.25800000000163 0.999931363105318 -0.00105810558606065 -0.000269611739589362 -0.00585878893828986 0.000236904349798736 -0.00160490426505179 0.00342623609363565 0.00330108870029152 -0.00872970718260841 -0.000524865082331864 0.79739730269649 0.999930343077577 0.00158024567921795 -0.00310040911563436 0.00425964827239194 -0.00616844444298054 -0.00132888635068052 0.00486326826805083 -0.00573044908194762 0.00186768855984314 -0.00304324580027085 0.799607956534328 0.999931361672418 -0.00105812356591375 -0.000269383957251056 -0.00585889847315025 0.000236968362363417 -0.00160495066447666 0.00342618021685895 0.00330129781926533 -0.00872972187093613 -0.00052508730128107 0.797381503940056 0.999930342808321 0.00158018082269627 -0.00310052933803937 0.00425967639531397 -0.00616846623741452 -0.00132880795422371 0.00486311051116254 -0.0057306027636726 0.0018677552046979 -0.00304311796481421 0.799588804497041 0.22899999999936 0.25 3.32999999999811 3.72100000000137

 6975 75 2000 10 0.8 1.528 0.402 20262.83 0.25800000000163 0.999960973284676 0.00192241125790267 -0.00136503648472508 -0.00274418963416503 -0.00355818477919016 -0.0060242037167425 -0.0016944224152506 0.00142120111497432 0.000381371136334498 0.00331274930347629 0.800474216469802 0.999962947286339 0.000357176132122182 -0.00719243112482207 0.00216060117523941 0.000585224271497098 -0.00206751209229343 -0.00178849290928728 -0.000232201970218059 -0.00235514686993877 0.00203979939790417 0.799875348505608 0.999960972520566 0.00192236544704617 -0.00136487828567697 -0.00274433962451115 -0.00355828381689037 -0.00602411938908747 -0.00169455637930458 0.00142135745669704 0.000381397506195789 0.00331285580234856 0.800453825050907 0.999962946841765 0.000357456658887876 -0.00719249382997952 0.0021608373078145 0.000585353525886997 -0.00206763714043218 -0.00178845716663597 -0.000231930816548565 -0.00235485670328778 0.00203973031974908 0.79985561695099 0.296000000002095 0.276000000001659 3.64900000000125 3.77700000000186

 6963 63 2000 10 0.8 1.467 0.399 20291.493 0.264999999999418 0.999915732233745 -0.00219630816608272 0.00181080411846065 0.000233607857211785 0.00505971284057608 0.00590330754592163 6.97885539973366e-05 0.00694463855901675 0.00157250573557113 -0.00701538981458056 0.801683438505425 0.999903241395701 -0.00347144279260239 -0.000269645529713941 0.00850256616986486 0.00464099208741225 0.00232189852537529 0.00152252925118873 -0.00371679025892798 -0.00633556498871326 -0.00508808037763865 0.796622255114873 0.999915732934556 -0.00219618163225484 0.00181076859796251 0.000233483228883353 0.00505989970852091 0.00590307524325834 6.96516680172194e-05 0.00694461784131344 0.00157240254377517 -0.00701544855236863 0.80166130797881 0.999903242247833 -0.00347158860112383 -0.00026975490325056 0.00850241123665662 0.00464090186364721 0.00232178830403223 0.00152252441935803 -0.00371686727588235 -0.00633565862268521 -0.00508802772554229 0.796607057036419 0.265999999999622 0.21900000000096 4.73499999999694 4.69700000000012

 6982 82 2000 10 0.8 1.689 0.403 20292.128 0.269999999996799 0.999942047213408 0.000980436596115773 -0.00479023393769284 -0.0030850827058658 -0.00191692460045062 0.000659099333258116 -5.04263180102905e-05 0.00675253123329292 -0.00420560174936256 -0.00388349886842762 0.802746129614276 0.999961921494486 0.000532366226545457 -0.000160098083953842 0.00326718162307867 -0.00779503877434878 0.000398623665199715 -0.000615916048950901 0.0015483702278475 0.0012035672464531 -0.000158533036843743 0.798534629748516 0.999942045192448 0.000980580422520305 -0.00479021995812837 -0.00308521404574688 -0.00191692529108122 0.000659322964470266 -5.01339172714789e-05 0.00675275605774215 -0.00420550596684478 -0.00388357410892855 0.802722064368041 0.999961919700173 0.000532369209667912 -0.000160202838034366 0.00326733288600767 -0.00779518454101331 0.000398507367113893 -0.000615865374553547 0.0015483590914861 0.0012037554435513 -0.000158619289799321 0.798516834146906 0.437999999998283 0.354999999999563 4.84200000000055 4.63000000000102

 6989 89 2000 10 0.8 1.663 0.468 20347.727 0.262000000002445 0.999903146227754 0.00281775675213558 -0.00969424565238811 -0.00640062310873379 0.00302586108572789 -0.00337318364580007 0.0023029879371998 -0.00309256784640706 0.000319294444225936 -0.0039125636469143 0.802529515442907 0.999889779946215 -0.00484769688150394 0.00900983102145325 -0.00442959199757292 0.000277051806061 -0.00098357701931427 0.00524058746224011 -0.00172997851366001 -0.00803899064138561 5.76121522614161e-05 0.805665420181111 0.999903146576441 0.00281783133463561 -0.00969423675520546 -0.00640084182102171 0.00302600305286593 -0.00337285478059803 0.00230314964656568 -0.00309248456554988 0.000319256591898727 -0.00391223249773266 0.802505779525249 0.999889779464516 -0.00484810344923374 0.0090097380368523 -0.00442947374462311 0.000277091372997261 -0.00098363843022245 0.00524058533146338 -0.00172998817409477 -0.0080389634424394 5.7853969669132e-05 0.805635534776714 0.280000000002474 0.309000000001106 3.55199999999968 3.5669999999991

 6978 78 2000 10 0.8 1.558 0.396000000000001 20396.773 0.256000000001222 0.9999538229412 0.000251791525579322 -0.00546292421071429 0.000785979306013132 -0.00329010816181784 -0.00346031613180641 -0.00487804055107625 -0.00287858313159823 -0.00211799507690638 -0.00156883996869789 0.802444949635404 0.999967649167391 -0.00241300570275659 -0.00299351631908999 0.00370402141974462 0.00181384795901603 0.00487847740991423 0.00257427947354713 -0.000741112106974181 -0.000972232635132495 -0.000993037245803057 0.800915666905964 0.999953827432749 0.000251600361120852 -0.00546258204625951 0.00078605059553781 -0.00328991867665299 -0.0034601320327628 -0.00487780217760232 -0.00287859063105912 -0.00211783488091457 -0.00156891058772336 0.802421401652095 0.999967648350603 -0.00241300307641965 -0.00299346831743142 0.00370402203047243 0.00181417628050051 0.00487846030706947 0.00257432272794428 -0.000741091865679046 -0.000972382398207031 -0.000993249120092722 0.800894577527791 0.282000000002881 0.272000000000844 3.47200000000157 3.52799999999843

 6992 92 2000 10 0.8 1.504 0.391 20421.299 0.261999999998807 0.999929406428379 -0.00365341318534738 0.00412860464386887 -0.00532145033988666 0.00708848249322134 -0.000194390272713579 0.00326353439762224 0.00409540370133551 0.00217934405054616 -0.000120919370939806 0.799941914155784 0.999945200677921 -0.00516517584192214 -0.000126264849420837 0.000817700443131543 -0.00027260620041961 0.001001873444129 -0.00229181000922285 0.00535974206290103 0.00165474249076182 0.00666607512246041 0.802605328131315 0.99992940580614 -0.00365307883206428 0.00412861355082593 -0.00532165846193448 0.00708863558080905 -0.000194563145680778 0.00326347694722108 0.00409532304765577 0.00217937751552673 -0.000121129556755906 0.799922324878168 0.999945201142062 -0.00516497769052939 -0.000126191393707143 0.000817836628567479 -0.000272436369627468 0.00100168272588415 -0.00229168939342247 0.00535983956012276 0.00165467789625041 0.00666615842990481 0.802581202137154 0.288000000000466 0.27900000000227 3.5570000000007 3.86200000000099

 6988 88 2000 10 0.8 1.68 0.395 20428.293 0.384999999998399 0.999960012284081 -0.00443204159958849 -0.000347783170968526 -0.00524366424945214 0.00285697724670161 -0.00117867536065482 -0.00141240553719918 0.0043522712531542 -0.000789751886107175 -0.00126547030241623 0.805381274156238 0.9998970413584 0.00682299571092281 0.00622398596069222 0.00648796075626145 -0.00149178594826194 0.00574884322929522 -0.00579011104365783 -0.000104520820343722 0.00114034543580341 -0.00290007831458347 0.791584108669529 0.999960011944472 -0.00443181655931596 -0.000347481378025799 -0.00524399768813395 0.00285691564350847 -0.00117868842327029 -0.00141228481793322 0.00435231584509002 -0.000789760974321334 -0.00126533059787977 0.805352034660501 0.999897041729573 0.00682298042631539 0.00622403936127795 0.00648790482025383 -0.00149177994602586 0.00574876852162454 -0.00579017259186318 -0.000104621906711795 0.00114035056632032 -0.00290001946529926 0.791574237181755 0.402999999998428 0.340999999996711 3.55199999999968 3.41100000000006

 6979 79 2000 10 0.8 1.868 0.399 20438.678 0.278000000002066 0.999952156852055 0.00295516549533852 -0.000608740000326505 -0.00568556251682269 -0.00268891661765327 -0.0018431215266038 0.000754621361943324 0.00257691173288682 0.00217388660653445 -0.00562954157121815 0.801934405052873 0.999942038485795 0.00227776844273695 0.00313962450282696 0.0051930477205064 -0.00283669963529461 -0.00465275283175996 0.00470749574684508 0.00356910080212171 -0.000477858880632157 -0.00301398964197108 0.79784413094214 0.999952155498715 0.0029550922218942 -0.000608776849397518 -0.00568560701397801 -0.00268893585256176 -0.00184324292400062 0.000754898952190173 0.00257717005142508 0.00217367807747137 -0.0056296476160382 0.801911826954752 0.999942037163151 0.00227794031500316 0.00313959886504491 0.00519315077793465 -0.00283686012130054 -0.00465270798748331 0.00470754301835773 0.00356905438844875 -0.000477973472444594 -0.00301402883044877 0.797827570019985 0.279999999998836 0.25800000000163 3.62900000000081 3.53399999999965

 6980 80 2000 10 0.8 1.334 0.396999999999999 20488.843 0.258999999998196 0.99990320309525 -0.00198915443672153 0.00198500881779435 -0.00229804881212333 -0.00603142223538379 -0.00229919810183355 0.00348568569403265 0.00792581863152896 0.00158611133843477 -0.00782672952958295 0.801540745228843 0.999959186526034 -0.00209582922054463 0.00476886204212877 -0.00336448330713967 0.000557666753373117 0.00313580414812586 0.00313484021636277 -0.00356669287197385 -0.000691528530677947 -0.00316227705502599 0.795004161468341 0.999903204156045 -0.00198879069453256 0.00198506072023869 -0.00229803010587631 -0.00603132201701144 -0.00229921043648784 0.00348542856436917 0.00792573440514098 0.00158631741348343 -0.00782691041466238 0.801518504056644 0.999959187203783 -0.00209578923679061 0.00476880933398085 -0.00336449532436216 0.00055770784321206 0.00313564886378546 0.0031348468416809 -0.00356673773209316 -0.000691509524403907 -0.00316224966529283 0.794990945451167 0.274000000001251 0.226999999998952 3.42799999999988 3.63900000000285

 6968 68 2000 10 0.8 1.507 0.394 20570.002 0.262000000002445 0.999925318458539 -0.00196599876651633 0.000112635933303675 -0.00402439715977173 0.00642948085929647 -0.00288319912190503 0.00455281151946422 -0.00549742489146065 0.00504564024940522 -0.00179571019197966 0.8036112151301 0.999953938420068 0.00187976897407811 0.000914205175533269 0.00172181825799259 -0.00131346281312635 0.00439593743222805 -0.00371286338018626 -0.00189240713284987 0.00316948878126102 -0.00602705639107842 0.800876952606029 0.99992531785901 -0.00196571876515039 0.00011282439233745 -0.00402440140081709 0.00642965104555283 -0.00288350217163129 0.00455258802670471 -0.00549752415199409 0.00504562018892427 -0.00179555237766282 0.803585521138496 0.999953937771125 0.00187978188807242 0.000914268442985226 0.0017218649967897 -0.00131338367970096 0.00439607026747904 -0.0037127195979319 -0.00189247016566793 0.00316947866470254 -0.0060271315389991 0.800855850611842 0.23700000000099 0.27100000000064 3.52499999999782 3.61899999999878

 6981 81 2000 10 0.8 1.633 0.407 20584.695 0.271999999997206 0.999953928318785 0.00054168608863517 0.000798908569755188 0.00196977279049141 0.00376306227697055 -0.00481490955397447 0.00178588646216108 0.00234527374257209 -0.00641757838425411 -0.00033249488224028 0.802141449679052 0.999971510403705 0.00428439710013745 0.00407484747014455 -0.000938281690739637 -5.45589026605116e-05 0.000861776855828218 -0.0041437073080461 -0.00129902102605401 -0.0011677547070922 0.000412934649356788 0.797007411560817 0.999953928621839 0.000541734268719509 0.000799182509011299 0.00196972743774459 0.00376307908083665 -0.00481494184304541 0.00178590514590603 0.00234511896936597 -0.0064175247289084 -0.000332484485600635 0.802118606417236 0.999971510798905 0.00428433219537563 0.00407489348497867 -0.000938290752155447 -5.45090492612441e-05 0.000861981564970926 -0.00414364288708504 -0.00129893931178663 -0.00116765591944717 0.000412938534210159 0.796991973631196 0.275999999998021 0.19999999999709 3.52800000000207 3.40600000000268

 6983 83 2000 10 0.8 1.539 0.391 20622.439 0.260999999998603 0.999907844021426 -0.000189091105387199 -0.000547210298558531 0.00372576134964413 0.00464745944687559 -0.00563922056006032 0.00351834863888688 -0.00472839069926806 -0.00902281461601171 -0.00073460537187347 0.802238390750906 0.999968954499136 -0.000861167967122308 -0.00279249026525242 -0.000502710323518581 -0.00188654161974236 0.00147797238274796 0.000571258928136722 0.00150746066724309 -0.00559502394110702 -0.00369475291613008 0.805109551464791 0.999907843893836 -0.000188818569210732 -0.000546977342603556 0.00372555176319922 0.00464735952530256 -0.00563957266142604 0.00351816692507429 -0.00472824657234656 -0.00902291689693327 -0.000734556411800831 0.802215184570535 0.999968958059147 -0.000861020764378897 -0.00279208040454192 -0.000502695992511006 -0.00188633683173812 0.00147775716280936 0.000571156694126722 0.00150712798342534 -0.00559489262021005 -0.00369467644947992 0.805080941558561 0.31499999999869 0.260999999998603 3.5010000000002 3.47999999999956

 6974 74 2000 10 0.8 1.632 0.391 20643.42 0.265999999999622 0.999934741530457 0.00320669021117543 -0.00786776259290576 -0.000224844326574779 0.00202155544432573 -0.00256569488189868 -0.00466875458614787 -0.00442498223338254 0.00249521629419424 -6.52454640401688e-05 0.803017171306962 0.999890076349246 3.00172728227302e-05 -0.010235032697952 0.00325220778348515 0.00254343333525111 -0.00151594567790558 0.005402402799795 -0.00298106109111457 0.0042855303361306 0.00626864989747609 0.801141893607951 0.999934743344208 0.00320654319217399 -0.00786760929061952 -0.0002251744073615 0.00202147412341619 -0.00256579778949878 -0.00466881102845524 -0.00442485623939817 0.00249521487580586 -6.50544664341278e-05 0.802992569599841 0.999890073354286 2.98044620884394e-05 -0.0102349464164686 0.00325240636152899 0.00254345911612488 -0.00151601990508771 0.00540260343048911 -0.0029810290177294 0.00428556283969268 0.00626895817921123 0.80112052079648 0.266999999999825 0.278999999998632 3.5789999999979 3.87099999999919

 6986 86 2000 10 0.8 1.497 0.578 20674.627 0.270000000000437 0.999811085085431 -0.00464019068216166 0.00889380084260418 -0.00173327482961424 0.00191361633806123 -0.00998149448813296 -0.00234183521374818 0.00883328077726701 -0.00610306545053008 -0.00707871645183276 0.796112144703546 0.999987426127167 0.00126495410777101 0.00105489227788167 0.00115228740824435 -0.00150389015603006 0.000655823626796782 -0.00134098697524173 -0.00173373674464039 0.00259484526361025 0.00262255854818771 0.801358000860687 0.999811087251001 -0.00463992986898957 0.00889393682089166 -0.00173322277331465 0.00191359579119915 -0.00998134610623253 -0.00234176976182393 0.00883337443347544 -0.00610304280870881 -0.00707856252757545 0.79609778145373 0.99998742604364 0.00126475980542131 0.00105492418610452 0.00115230680212686 -0.00150396834036716 0.000655737687876142 -0.00134068092444828 -0.00173385100257713 0.00259498119634514 0.00262258584431233 0.801336022368795 0.235999999997148 0.261000000002241 3.40999999999985 3.60599999999977

 6985 85 2000 10 0.8 1.647 0.406 20684.672 0.274999999997817 0.999935049633013 -0.00015181269602197 -0.00435569599312717 -0.00320898116449881 -0.00123807502912224 -0.000256759632416672 0.00307176580239012 0.00781418797812246 -0.00529979080818252 -0.000648077026244597 0.801322299340591 0.999943946916845 -0.00226493998269587 0.00206400581659699 0.0017094110066173 0.00371960126217374 0.00177614522920495 -0.0062226070957685 0.00233436028734937 -0.00409175489089339 -0.00467848316275895 0.798359841461617 0.999935050114731 -0.0001518078783122 -0.00435560379445907 -0.00320915123128703 -0.00123809100746279 -0.000256923831326654 0.00307182536766923 0.00781417555762606 -0.00529962910017953 -0.000648206639199028 0.801300709690818 0.999943946351444 -0.00226492388462855 0.00206395476712919 0.00170945051411307 0.00371966482482622 0.00177620087983722 -0.00622264063102626 0.00233419477418005 -0.00409192847560776 -0.00467843438177452 0.798342542023315 0.284999999999854 0.265999999999622 3.61699999999837 3.58499999999913

 6973 73 2000 10 0.8 1.413 0.957 20718.695 0.263999999999214 0.999967323789048 -0.00139919746823829 -0.000408750988014062 -0.00168643992929486 -0.00404798725169975 -0.000342842038162515 -0.00366228900705903 -0.00313086545492002 0.00383366135792697 -0.00244275735205569 0.798181334736548 0.999876019888691 -0.000810276371984251 0.00227120142831194 -0.000514995442069251 0.00317554470626483 -0.0103237403257602 0.00265164225142854 0.00552432706806982 -0.00548087984215455 0.00759022983793507 0.802693789097779 0.999967323891288 -0.00139900391249465 -0.000408671891133984 -0.00168658619288515 -0.00404801613169593 -0.000342825985447649 -0.0036622263880862 -0.00313082743751672 0.00383366684962132 -0.00244282699246129 0.79816440101743 0.999876023812807 -0.000809919436749991 0.00227118477568832 -0.000514938550661183 0.0031753084389192 -0.0103234798748789 0.00265152815595992 0.00552455093575655 -0.0054805712652457 0.00759031266775306 0.802669617724113 0.262000000002445 0.247999999999593 3.46800000000076 3.63299999999799

 6990 90 2000 10 0.8 1.364 0.395 20958.559 0.268000000000029 0.99989881509896 0.00639941641338158 -0.000322427001317139 -0.00414580753407406 -0.00555176139888782 -0.00333774161351731 -0.0086418831509853 -0.00276802596282664 0.0032887608288532 -0.00299878648104149 0.800456784503077 0.999916624851846 0.00442087224370912 -0.00285180030771363 0.00683107408206489 0.000881125278262537 -0.00102591490140929 0.000774139894513753 -2.26394160553525e-05 -0.00893830348587745 -0.00317504927855422 0.800765941423375 0.999898816768279 0.00639957093073426 -0.000322406255835998 -0.00414569874941655 -0.00555174002936078 -0.00333790626977166 -0.00864163667007739 -0.00276788698172721 0.00328867618054723 -0.00299884045301353 0.800436242425582 0.999916623413776 0.00442098838344795 -0.00285188129682602 0.00683104536730079 0.000881075610417837 -0.001025679569172 0.00077423755871622 -2.26194971049202e-05 -0.00893838524464367 -0.00317516546583696 0.80074524410494 0.284999999999854 0.268000000000029 3.55099999999948 3.45599999999831

 6976 76 2000 10 0.8 1.528 0.4 21005.617 0.26600000000326 0.999935908891845 0.00140720114848813 -0.00268188109200076 -0.00244394079904638 -0.00377076275468933 -0.00374672970179126 -0.0034988266608429 0.00172127345666806 -0.00792627469648714 0.00259721478821832 0.799316392953241 0.999952851851816 0.00413856724050724 0.00282951345596735 0.00434511055001857 -0.0013623914877012 0.00188635950226955 0.00122032419732809 0.00108115674206577 -0.00103412374677297 0.00641390963598814 0.798860115410014 0.999935905415191 0.00140739964376805 -0.00268191364066722 -0.00244404929856218 -0.00377085566046106 -0.00374688669419441 -0.00349886689048614 0.00172135737217247 -0.00792642870412078 0.00259736885392376 0.799297679751382 0.999952851580443 0.00413848215451029 0.00282940894919542 0.00434516905387207 -0.00136249172317025 0.00188630060040316 0.00122016915225906 0.00108109968541988 -0.00103412963067701 0.00641404750955776 0.798842121963888 0.265999999999622 0.238000000001193 3.53299999999945 3.51399999999921

 6971 71 2000 10 0.8 1.616 0.441 21121.826 0.270000000000437 0.999887578156598 -0.000760356251379458 0.00341485855584778 0.00230902058644478 -0.0053441449565271 0.00410338581296915 0.00889238968739455 0.0090548899093319 0.000842165589299816 0.000295875867813201 0.799986940182638 0.999963963726592 0.00375856845344983 0.00199712039264181 -0.00104083337332787 -0.00173747591444554 0.00382183694900133 -0.00154304677229253 -0.00436702085119617 -0.00340153850499041 -0.00149164289814089 0.797283772943174 0.999887577593862 -0.000760544766762485 0.0034149431151063 0.00230886257168159 -0.0053439507593642 0.00410335440214133 0.00889253831089279 0.00905489542084087 0.000842499228877529 0.000295908044604818 0.799967285135311 0.999963963403524 0.00375866229936679 0.00199694038325184 -0.00104100618121917 -0.00173754202385024 0.00382191446541642 -0.0015431170221614 -0.00436690744776297 -0.00340149877372972 -0.00149181771554381 0.797267812332821 0.277999999998428 0.189000000002125 3.48699999999735 3.56499999999869

 6961 61 2000 10 0.8 1.084 0.891 21201.541 0.265999999999622 0.999923490167946 0.00410141078992114 0.00132562483175638 -0.00669989069216869 0.00606341795285679 0.00143952625379886 -0.00464406815386155 -0.00460685871490578 -0.00223708513075227 0.00170706888523855 0.805906093376255 0.999947099261627 0.00216175394399874 0.00131949038985456 0.00390204248570509 -0.00488870784311277 -0.00720278341201929 0.00147521657347913 -0.00199925841136634 0.000489544029219266 -0.00140214227097384 0.798245907148486 0.999923490442233 0.00410135362880555 0.00132557230927588 -0.00670007316368468 0.00606325806609118 0.00143932314596519 -0.00464398830914548 -0.0046069032894879 -0.00223708142938666 0.00170721109875999 0.805875730732774 0.999947100790866 0.00216165097661725 0.00131944879180915 0.00390202870062571 -0.00488878955747352 -0.00720261227579543 0.00147500928763834 -0.00199929564575891 0.000489390854051377 -0.0014021005967129 0.798228627781197 0.246000000002823 0.236000000000786 3.41799999999785 3.59300000000076

 6969 69 2000 10 0.8 1.293 0.798 21302.218 0.27100000000064 0.999919487146526 -0.000311367983439647 0.00368718027467092 -0.00419414066733757 -0.00422205096213301 -0.00749631347706382 0.00488824576315941 0.00288913985862059 0.00353542976866816 -0.00331276180949141 0.799979825080354 0.999958997271083 0.00330133332713951 -0.00238212274725149 0.00220842935669903 -0.00548914338715272 -0.000174463876522999 0.00201701114375201 -0.00222967011466672 -0.00110350810408854 0.00448716839311808 0.801256151676029 0.999919484540145 -0.000311171793185179 0.00368706837506147 -0.00419419704961932 -0.00422209354082565 -0.00749651887701687 0.00488836209558336 0.00288910915613005 0.00353550419292104 -0.00331287673489201 0.799960177329027 0.999958995128072 0.00330144144359386 -0.00238218277277497 0.00220865400973812 -0.00548934795651516 -0.000174466995393509 0.00201694502887847 -0.00222976446165373 -0.00110355523007418 0.00448714484761475 0.801234443821223 0.299999999999272 0.291000000001077 3.64300000000003 3.44500000000335

 6993 93 2000 10 0.8 0.158 0.415 20406.324 0.259000000001834 0.999915921867308 0.00534553484221631 -0.00104385282770376 -0.00587723094231904 -0.000126237078788531 0.00129840749108385 0.00779239500631008 -0.004976885255195 -0.00405516026834614 -0.00055321951696329 0.807581896775166 0.999918907784344 -0.000617108585905673 0.00205075124762652 0.0059612798555815 0.00400449338966997 0.000933695216739628 -0.0040808087719414 -7.21694606629054e-05 -0.00675235490713578 0.00654937666038966 0.796238060170493 0.999915922742174 0.00534555832685681 -0.0010437582312233 -0.00587761459074048 -0.000126248884237845 0.00129820044089387 0.00779216227642838 -0.00497671787305472 -0.00405502254120249 -0.000553790224556509 0.807547752389828 0.999918906476375 -0.000617154720691934 0.00205076155847875 0.00596129170791536 0.00400457285498788 0.000933768214012546 -0.00408094873179652 -7.21453956687224e-05 -0.00675244193572028 0.00654932232457736 0.7962233916005 0.229999999999563 0.224000000001979 3.52999999999884 3.38699999999881

 6996 96 2000 10 0.8 0.137 0.413 20068.349 0.25800000000163 0.99993402948724 -0.000504992961762598 0.000911469164613838 0.00106130651348153 -0.0101576899063101 -0.000851789078986837 0.000992814632275269 0.00453769082379581 0.0020552659933908 -0.000140932210391015 0.80063223493205 0.999935283539571 0.00273727056596256 0.00260868344082008 -0.00036652933294046 -0.000411582451023696 0.00568788829406984 -0.00475352261270732 0.00547113955197124 0.00158792098619842 0.0052368117967562 0.79534603122613 0.999934031443564 -0.000504934389155974 0.00091181738238487 0.00106112706068191 -0.0101574908472628 -0.000851976446758313 0.000993075268848781 0.00453764935244497 0.00205512361014816 -0.000141150062864556 0.800611714244338 0.999935281710539 0.00273730580081521 0.00260871784243585 -0.000366482154732517 -0.000411544193037984 0.00568791666380183 -0.00475365490870415 0.00547115748965944 0.00158794094989682 0.00523695609500548 0.795332397863453 0.230999999999767 0.233000000000175 3.62900000000081 3.60099999999875

 6995 95 2000 10 0.8 0.128 0.407 20180.431 0.257999999997992 0.999927426156173 0.00261349610611804 0.00339101707328137 -0.00409501772638443 -0.00418972098164742 0.00029063133685665 0.00213614799874619 0.00881900369056235 0.000559417108660229 0.00312326135262626 0.803191619413954 0.999877965263272 0.00116572264692532 -0.001143346714391 0.00798329047183532 0.00161542333509981 -0.00424586056707957 0.0107822146617261 -0.000356219094754255 -0.0059388564661217 0.00231635868008435 0.800105149221721 0.999927427720533 0.00261372450531769 0.00339114177563766 -0.00409516384363181 -0.00418942471499597 0.000290755682478662 0.00213622743199883 0.00881875392600778 0.000559287193677488 0.00312330242475698 0.803166948126969 0.999877966480257 0.00116572768102063 -0.00114310255094552 0.00798323457123203 0.00161545801586103 -0.00424569991768087 0.0107821756978296 -0.000356279919835131 -0.00593900174768892 0.00231621378690755 0.800085238547137 0.215000000000146 0.247999999999593 3.59300000000076 3.64800000000105

 6999 99 2000 10 0.8 0.136 0.416 20205.796 0.262000000002445 0.999937169492311 0.00181683980352552 -0.00558174725964033 0.00211792946377741 -5.19204430564828e-05 0.00506807302062942 -0.0017869836445287 -0.00569941107327236 -0.000993310088899816 0.00493592050323788 0.803855764874262 0.999880525822375 0.0018619597407395 0.00533957149592958 -0.00903695091595367 0.00607223960193949 -0.000154199760996389 -0.00152320981875047 0.00894677545910044 0.00165886527991837 0.00181025325402226 0.801915631250912 0.999937172474588 0.00181686795344701 -0.00558158236912742 0.00211785953484242 -5.18312836839607e-05 0.00506791669072323 -0.00178721457284702 -0.00569930714320664 -0.000993182832809315 0.00493574589754584 0.803829736217546 0.999880528379702 0.00186202068075123 0.00533985569140207 -0.00903705676587615 0.00607211641521754 -0.000154160593421171 -0.0015230512530036 0.00894632999165738 0.00165877835434314 0.00181024252573646 0.801892779697221 0.241000000001804 0.245999999999185 3.56400000000212 3.72300000000178

 6997 97 2000 10 0.8 0.136 0.423 20306.32 0.265999999999622 0.999905284329358 -0.0084269326814481 0.00641907256506371 0.000380971278231108 0.00183300559215109 -0.00211326524576182 0.00355768071397738 0.00649000888919063 0.000738812457451071 0.00372969077893405 0.803344190008674 0.999958499379989 0.00326411245687034 -0.00193558675125171 0.00397583852222303 -0.000376408425729052 0.00560228916516361 0.00156367249897214 -0.00405313969551447 -0.000595150402812168 0.00142714935856004 0.802373147579103 0.999905287895196 -0.00842663218171186 0.00641886795994451 0.000381023099591035 0.00183289568504043 -0.00211315118825289 0.00355765053534248 0.00649001959561468 0.000739043484391241 0.00372984360510691 0.803319119538792 0.999958502590483 0.00326413306838732 -0.00193562665985691 0.00397548840193469 -0.000376356350653569 0.00560207227042224 0.00156369376831508 -0.00405296643210796 -0.000595275823912082 0.00142705552687104 0.802349629768629 0.286000000000058 0.282000000002881 3.62800000000061 3.47599999999875

 6998 98 2000 10 0.8 0.153 0.414 20318.117 0.261999999998807 0.999951669298516 0.00157940267909568 0.0047601271634355 -0.0012981398416847 -0.00267132704342642 -0.00421615381179783 0.00147475634354548 0.00244398980295812 0.000780060663580448 -0.00601266566693073 0.798008076247111 0.999905294010337 -0.0068114932586914 -0.00239808406121873 -0.00595157208002377 0.00352177494867145 -0.00100525711429585 -0.00067288488090191 -0.00602837612199105 0.00482510522548606 0.00532403779823632 0.799333739300155 0.999951668274812 0.00157955994426072 0.00476016209924461 -0.00129818307560654 -0.00267138660116822 -0.00421627050433087 0.00147480762597006 0.00244400946740527 0.000780002261108658 -0.00601263632848898 0.797991387402416 0.999905293854322 -0.00681133373245598 -0.00239777429368745 -0.00595165080235305 0.00352166274992199 -0.00100520449843282 -0.000672761175089037 -0.00602863505476334 0.00482522699473007 0.00532401893961868 0.799315172397496 0.231999999999971 0.204999999998108 3.42400000000271 3.46399999999994

 6994 94 2000 10 0.8 0.135 0.418 20751.497 0.261999999998807 0.999968807940136 -0.00114455075714438 0.000789576964543634 -0.00143300802376494 -0.00338351522622644 -0.000427843120918962 -0.000163916208488635 -0.00455559192180408 -0.0016032491179254 0.00483883121544845 0.800618004306395 0.999957893825478 -0.00395991652304768 0.00630620924216107 -0.000689825829882794 0.00115706967094775 -0.00168222370854197 0.00252378523020952 0.00226729878089657 -6.84341876311778e-05 -0.00354992913258822 0.800894482156145 0.999968805767233 -0.00114447817075725 0.000789933683555458 -0.00143301886362888 -0.00338349455329756 -0.000427893350507038 -0.000163821227017441 -0.00455579017506137 -0.00160332189432551 0.00483903845411821 0.800597598227983 0.999957897581328 -0.0039596818193579 0.00630606141463461 -0.000689854958230062 0.00115688064704603 -0.00168186117048837 0.0025236774002801 0.00226734929630025 -6.82266575554017e-05 -0.00354967167964019 0.800873445709742 0.270999999997002 0.286000000000058 3.59500000000116 3.55299999999988

 7000 100 2000 10 0.8 0.123 0.414 20635.052 0.266999999999825 0.999940130068225 -0.0055800051758426 0.00131802688423874 -0.00300781783907503 0.00183612171288568 0.00375283256371209 0.0054593004084003 0.00274168523783706 0.00109333880560904 -0.00467379658578459 0.797572100042104 0.99995036474624 0.000443958352323017 -0.00256782755924084 0.00303844501440337 0.000740975407686733 -0.00393553674016977 0.00533807378582202 -0.00180885211133042 0.00481427050936479 -0.00350191178280897 0.795254250371425 0.999940129422186 -0.00557990429652292 0.00131831275239468 -0.00300798524183326 0.00183615840124473 0.00375279653537193 0.0054592882305573 0.00274182053815741 0.00109343711135747 -0.00467379325392536 0.797556006157469 0.999950363673619 0.000443814263690641 -0.00256790816760792 0.00303841017552039 0.000740971994992988 -0.0039355786603102 0.00533822002791822 -0.00180898176089887 0.00481431307809417 -0.00350181263973297 0.795240639766709 0.240999999998166 0.230999999999767 3.43399999999747 3.47300000000178
