
 7440 40 1000 2 0.9 0.00599999999999978 0.295 1.097 0.214 0.999999969371725 0.000247500602712899 0.900859996754271 0.999996098073126 -0.00279353513014642 0.896776638358353 0.999999970048095 0.000244752546590347 0.900660335074323 0.999996093957064 -0.00279500816014927 0.89666769181127 0.000999999999999446 0.00100000000000033 0.104 0.0959999999999992

 7448 48 1000 2 0.9 0.00700000000000012 0.311 1.161 0.234 0.999998410086967 -0.0017832059719136 0.900875444573965 0.999960834439772 0.00885040035903662 0.902486012816225 0.999998405118505 -0.00178599004647722 0.900677365885106 0.999960925110161 0.00884015004576121 0.902244764619814 0.00199999999999978 0.00100000000000033 0.113 0.109

 7441 41 1000 2 0.9 0.00600000000000023 0.32 1.204 0.237 0.999990619002683 -0.00433150165998852 0.906010952626655 0.999994282816821 0.00338146915890676 0.897615961704794 0.99999057748349 -0.00434107639146465 0.905629536443383 0.999994292380866 0.00337863962122837 0.897486347586222 0.00199999999999978 0.000999999999999446 0.114999999999999 0.109000000000001

 7443 43 1000 2 0.9 0.00700000000000012 0.31 1.211 0.24 0.999999554717043 0.000943697894671696 0.910398982795303 0.999988563208287 -0.00478261984963377 0.904394280510203 0.999999535234014 0.000964122272061226 0.909796947287004 0.9999885257166 -0.00479045249863255 0.904081650083862 0.00199999999999978 0.000999999999999446 0.113 0.109

 7446 46 1000 2 0.9 0.00800000000000001 0.324 1.21 0.238 0.9999835460706 0.00573651358129392 0.90602714765115 0.999995075347571 0.00313835635417144 0.89766695060814 0.99998359821668 0.00572741631298294 0.905644314675008 0.999995091318678 0.00313326324268738 0.897538583562161 0.00200000000000067 0.00200000000000067 0.119 0.106

 7457 57 1000 2 0.9 0.00599999999999978 0.312 1.174 0.24 0.999998863605268 0.00150757692129296 0.907747585791231 0.999994219145066 -0.00340024652768381 0.899303151739885 0.999998837724077 0.00152464766290765 0.907281773397765 0.999994236659878 -0.00339509160811624 0.899140785853607 0.000999999999999446 0.00100000000000033 0.114 0.105

 7444 44 1000 2 0.9 0.00600000000000023 0.32 1.194 0.237 0.999997596510325 0.00219248114556324 0.906475696797575 0.999997994937544 -0.00200252862424555 0.906808783939117 0.999997567065164 0.0022058702939041 0.906064358973471 0.999998022676405 -0.00198862849203708 0.906392948158184 0.000999999999999446 0.000999999999999446 0.122 0.109

 7445 45 1000 2 0.9 0.00699999999999967 0.313 1.207 0.239 0.999999297603017 0.00118523983799306 0.904231967456704 0.999976861374666 -0.0068026991166987 0.901667655610666 0.999999284717039 0.00119606246097786 0.903922256813513 0.999976855786341 -0.00680352053456015 0.901442339282091 0.00199999999999978 0.000999999999999446 0.117999999999999 0.107

 7453 53 1000 2 0.9 0.00700000000000012 0.307 1.186 0.24 0.999999608156539 -0.000885260847456801 0.906352448114516 0.999983953204361 0.00566509786130963 0.907989253453487 0.999999615357318 -0.000877089058422057 0.905941771365896 0.999983899822186 0.00567451287889828 0.907526566256968 0.00200000000000067 0.00100000000000033 0.116000000000001 0.106999999999999

 7447 47 1000 2 0.9 0.00700000000000012 0.318 1.234 0.239 0.999996919275383 -0.00248222475676444 0.898874345451787 0.999999104559475 -0.00133823773998705 0.896639108062773 0.999996915739638 -0.00248364876951863 0.898725898607298 0.999999103498444 -0.00133903036135607 0.896528208687706 0.00199999999999978 0.00100000000000033 0.128 0.106

 7442 42 1000 2 0.9 0.00900000000000034 0.318000000000001 1.279 0.241 0.999985387043577 0.0054060798465782 0.900024759589937 0.999992054777731 -0.00398627412656697 0.900010413956853 0.999985383235824 0.00540678413687525 0.899849568865555 0.999992055239047 -0.00398615839956144 0.899835396271228 0.00100000000000033 0.00100000000000033 0.131 0.105

 7454 54 1000 2 0.9 0.00599999999999978 0.31 1.176 0.238 0.999975281243922 0.00703113796906199 0.903745993072333 0.999990324142138 0.00439904786297878 0.900382975566734 0.99997519798525 0.00704296914376061 0.903453809763801 0.999990342417369 0.00439489157915642 0.900193675505134 0.00199999999999978 0.00199999999999978 0.125999999999999 0.108

 7451 51 1000 2 0.9 0.00600000000000023 0.305000000000001 1.166 0.231 0.999995207935054 0.00309582088114461 0.906491212110243 0.999979655991186 0.0063786835435728 0.892114016102023 0.999995186959304 0.00310258895551301 0.906082351495684 0.999979657580696 0.00637843435290139 0.892228336803245 0.00199999999999978 0.00100000000000033 0.137 0.0910000000000002

 7450 50 1000 2 0.9 0.00699999999999967 0.308 1.271 0.226999999999999 0.999998063837451 -0.0019678214731451 0.900090244155209 0.999998917393268 -0.00147146603510035 0.897357747443233 0.999998068112769 -0.00196564766162036 0.899910949060397 0.999998918753908 -0.0014705410620464 0.89724075252061 0.00100000000000033 0.00199999999999978 0.129 0.101

 7449 49 1000 2 0.9 0.00700000000000012 0.311 1.151 0.228 0.999995819579032 0.00289150902818799 0.908497173886542 0.999997800641079 -0.00209731089862398 0.903214020153304 0.999995857482894 0.00287837055493268 0.907996137880114 0.999997791814965 -0.00210151497604234 0.902946639625812 0.00199999999999978 0.00200000000000067 0.135 0.105

 7452 52 1000 2 0.9 0.00700000000000012 0.309 1.201 0.225 0.999998204967331 -0.00189474592360534 0.89925312540191 0.999999891175123 -0.000466529464564073 0.901913031726397 0.999998196707282 -0.00189910036175757 0.899100831111305 0.999999889082847 -0.000470992880164748 0.901683626558436 0.00199999999999978 0.00100000000000033 0.117999999999999 0.106

 7471 71 1000 2 0.9 0.00800000000000001 0.318 1.182 0.225 0.999991388189382 0.00415012615142066 0.905779983457605 0.999968457717801 -0.00794251657110136 0.895231766420118 0.999991356627219 0.00415772423975524 0.905408059839395 0.99996844786276 -0.00794375723085848 0.895147690898122 0.00199999999999978 0.00100000000000033 0.137 0.0970000000000004

 7461 61 1000 2 0.9 0.00600000000000023 0.317 1.195 0.226 0.999990914159667 0.00426281574933733 0.898356930502902 0.999920976450159 0.0125714301080461 0.895917791501282 0.99999091906201 0.00426166558016377 0.898214533348181 0.999920995772546 0.0125698931276133 0.895824914413364 0.00199999999999978 0.000999999999999446 0.133 0.0960000000000001

 7466 66 1000 2 0.9 0.00600000000000023 0.323 1.199 0.223 0.999999737849892 0.000724085731952774 0.904433860650014 0.999997224046219 0.00235624698547013 0.901231299760852 0.999999738805443 0.000722764862298893 0.904104950545762 0.999997219593976 0.0023581357715119 0.901017648599893 0.00199999999999978 0.00100000000000033 0.123 0.108

 7458 58 1000 2 0.9 0.00599999999999978 0.328 1.163 0.223 0.999997490044123 -0.00224051455126765 0.907430577435879 0.999973782221855 -0.00724119250658448 0.895560790349516 0.99999750135238 -0.00223546169644678 0.906984404385519 0.999973784179422 -0.0072409221710683 0.895468247080979 0.00199999999999978 0.00100000000000033 0.115 0.103

 7460 60 1000 2 0.9 0.00700000000000012 0.33 1.129 0.222 0.999998505775215 -0.00172871262428223 0.900930278540335 0.999997964095323 -0.00201787145490668 0.889099067093888 0.999998502317935 -0.00173071138149622 0.900736465391694 0.999997951378718 -0.00202416362137122 0.889724039393404 0.00199999999999978 0.00100000000000033 0.128 0.107

 7464 64 1000 2 0.9 0.00699999999999967 0.33 1.174 0.222 0.999999355489944 -0.0011353500328543 0.900641664057257 0.999996032171143 0.00281702715104647 0.90404244420082 0.999999362482232 -0.00112917453477409 0.900452950549158 0.999996034631079 0.00281615378091151 0.903736537039031 0.00199999999999978 0.000999999999999446 0.126 0.105

 7459 59 1000 2 0.9 0.00699999999999967 0.333 1.162 0.220000000000001 0.999999790105481 0.000647911253921771 0.906780898058913 0.999996887194168 -0.0024951156233794 0.899849676874624 0.999999792457936 0.000644270195868876 0.90636156291558 0.999996864681891 -0.00250412187949485 0.899680158049831 0.00200000000000067 0.00100000000000033 0.131 0.101

 7467 67 1000 2 0.9 0.00699999999999967 0.332 1.182 0.222 0.999990654307882 0.00432334325420303 0.903228254156145 0.999999267254883 0.00121057411861827 0.902036436410098 0.999990678899259 0.00431765151420518 0.902956618306723 0.999999266587142 0.00121112558269852 0.901803848277748 0.00199999999999978 0.000999999999999446 0.119 0.103

 7455 55 1000 2 0.9 0.00700000000000012 0.334000000000001 1.173 0.221 0.999991940287011 0.00401489240441631 0.90254582112737 0.999992176155438 0.00395570826925988 0.897541980305831 0.999991959266639 0.00401016234945919 0.902284256290292 0.999992166055492 0.00395826068434894 0.897418727493636 0.00199999999999978 0.00100000000000033 0.125 0.0990000000000002

 7456 56 1000 2 0.9 0.00800000000000001 0.339 1.144 0.221 0.999960879175464 0.00884534446092656 0.899258630598266 0.999999601208851 -0.000893074542351037 0.89344016055682 0.999960882579873 0.00884495958623357 0.89909712611285 0.999999601114108 -0.000893180622297845 0.893379839975155 0.00199999999999978 0.000999999999999446 0.127000000000001 0.0899999999999999

 7470 70 1000 2 0.9 0.00599999999999978 0.336 1.166 0.22 0.999999475024707 0.0010246708301776 0.900828566962129 0.999995413247495 -0.00302877598587174 0.901150772433684 0.999999473591622 0.00102606845729186 0.900625563617231 0.999995413363513 -0.00302873768038556 0.900940105967053 0.00200000000000067 0.00100000000000033 0.121 0.101999999999999

 7463 63 1000 2 0.9 0.00600000000000023 0.334 1.182 0.221 0.999994473516489 0.00332459568660592 0.90061231779136 0.999989837603141 0.00450829129972932 0.898693759841855 0.999994470737804 0.0033254313734448 0.900418857524792 0.999989840510033 0.0045076464722574 0.898547149947623 0.00200000000000067 0.000999999999999446 0.113 0.0979999999999999

 7469 69 1000 2 0.9 0.00599999999999978 0.335999999999999 1.206 0.22 0.999999997160902 -7.53538071031533e-05 0.907904655885208 0.999990872664341 -0.00427253882480345 0.904490250363555 0.999999996961461 -7.79556180339328e-05 0.907449755966196 0.999990908856131 -0.00426405969569346 0.904161554410556 0.00199999999999978 0.00100000000000033 0.118 0.107

 7472 72 1000 2 0.9 0.00700000000000012 0.33 1.236 0.222 0.999995485992351 0.00300466219755512 0.902151320764193 0.999956193119757 -0.0093601197344176 0.901857911622794 0.999995448515688 0.00301710919710275 0.901912000422943 0.999956184212032 -0.00936107131225421 0.901630213647128 0.00100000000000033 0.00100000000000033 0.112 0.101

 7462 62 1000 2 0.9 0.00700000000000012 0.326 1.29 0.224 0.999998224650994 0.00188432875563944 0.90257100733082 0.999997901929626 0.0020484473015343 0.899682478999345 0.999998238358172 0.00187704037057806 0.902314493414931 0.999997901751832 0.00204853409397038 0.899514014216734 0.00200000000000067 0.00100000000000033 0.111000000000001 0.0990000000000002

 7465 65 1000 2 0.9 0.00700000000000012 0.337 1.202 0.224 0.999999841576476 -0.000562891661381032 0.899406005752552 0.999979477932633 -0.00640653678507583 0.903760281103172 0.999999836549412 -0.000571752699274853 0.899241661496586 0.999979473197448 -0.0064072758450027 0.903462662435923 0.00200000000000067 0.000999999999999446 0.111 0.103000000000001

 7468 68 1000 2 0.9 0.00700000000000012 0.337000000000001 1.219 0.226000000000001 0.999999980589205 -0.00019703194836645 0.900036698642708 0.999960848394846 0.0088488235071387 0.904409938850799 0.999999980941105 -0.000195237778393817 0.899868132224949 0.999960659590383 0.00887013368366779 0.904091799820728 0.00100000000000033 0.00100000000000033 0.106 0.103

 7474 74 1000 2 0.9 0.00599999999999978 0.306 1.152 0.241000000000001 0.999952871596252 0.00970848012873953 0.906527791532824 0.999998669281076 -0.00163139084137298 0.907046980135068 0.999952967983008 0.00969854741563733 0.906114409245225 0.999998638574856 -0.00165010558253623 0.906621245300597 0.00199999999999978 0.00100000000000033 0.116 0.11

 7473 73 1000 2 0.9 0.00700000000000012 0.304 1.206 0.241 0.999999986300421 -0.000165526910246412 0.897307484480984 0.999996795752615 0.00253149846987412 0.901524613307704 0.999999986115984 -0.000166637425382177 0.897188706036966 0.999996788560586 0.00253433788496209 0.901305665602519 0.00199999999999978 0.000999999999999446 0.106999999999999 0.108

 7476 76 1000 2 0.9 0.00700000000000012 0.309 1.12 0.232 0.999998618963932 -0.00166194772141577 0.899973055839536 0.999998487519036 0.00173924111044114 0.90348862567346 0.999998623138563 -0.00165943393316649 0.899801136090008 0.999998470944549 0.00174874485393739 0.903203572729257 0.00199999999999978 0.00100000000000033 0.109 0.114999999999999

 7478 78 1000 2 0.9 0.00700000000000012 0.307 1.135 0.232 0.999999258980489 -0.00121739002511506 0.897107221491915 0.999992222704076 0.00394392334642471 0.897149002264477 0.999999262075922 -0.00121484468599463 0.896992946273828 0.999992213212035 0.00394632934457669 0.89703188101863 0.00100000000000033 0.00100000000000033 0.109 0.112

 7475 75 1000 2 0.9 0.00800000000000001 0.309 1.16 0.233 0.99999465651429 0.00326908899666604 0.901591310165028 0.99999924024054 0.00123268744736388 0.902566175935531 0.999994665431338 0.0032663601861188 0.901371537312468 0.999999233241772 0.00123835207750027 0.902309041908902 0.00200000000000067 0.000999999999999446 0.115 0.12

 7480 80 1000 2 0.9 0.00700000000000012 0.31 1.153 0.228 0.999996020529714 -0.00282115663098945 0.904434245443159 0.999978559050853 -0.00654839206066711 0.902509668257129 0.999996022510476 -0.00282045443634123 0.904129275622923 0.999978632471386 -0.00653717069209168 0.902258507033221 0.00199999999999978 0.00100000000000033 0.113 0.117

 7479 79 1000 2 0.9 0.00600000000000023 0.311 1.174 0.23 0.999999673791727 -0.000807722997419066 0.897055345552044 0.999945911342594 0.0104006917668452 0.895291745215365 0.999999673106827 -0.000808570491262386 0.896945663410504 0.999945898223224 0.0104019530161411 0.895207044385861 0.00200000000000067 0.000999999999999446 0.102 0.101

 7481 81 1000 2 0.9 0.00600000000000023 0.311 1.116 0.229 0.999995943055106 -0.00284848614706799 0.906894522155374 0.999994712530654 0.00325190878331286 0.894948420623219 0.999995933253646 -0.00285192499384948 0.906480889415152 0.99999471511661 0.00325111347844198 0.894867978639972 0.00199999999999978 0.000999999999999446 0.113 0.105

 7482 82 1000 2 0.9 0.00600000000000023 0.311 1.148 0.234 0.999996337765621 -0.00270637309821359 0.896345626777323 0.99996269959083 0.0086370959829506 0.893681042763849 0.99999633767498 -0.00270640658929417 0.896249169837952 0.999962702477614 0.00863676175809612 0.893618004832905 0.000999999999999446 0.00100000000000033 0.0970000000000004 0.0960000000000001

 7477 77 1000 2 0.9 0.00600000000000023 0.319 1.215 0.236000000000001 0.999943258046203 0.0106527314781551 0.905772645361701 0.9999991598024 -0.00129630031044752 0.904188733155233 0.999943294622537 0.0106492976025089 0.905403738986091 0.999999158621944 -0.00129721062442926 0.903877792953775 0.00200000000000067 0.00100000000000033 0.112 0.112

 7484 84 1000 2 0.9 0.00800000000000001 0.316 1.124 0.227 0.999998548336592 -0.00170391452514447 0.906037546132864 0.999990274782435 -0.00441025402336137 0.90112513200126 0.999998544407318 -0.00170621899086641 0.905651268709339 0.999990265318089 -0.00441239946715567 0.900922265690884 0.00199999999999978 0.000999999999999446 0.111 0.105

 7483 83 1000 2 0.9 0.00600000000000023 0.324 1.212 0.228000000000001 0.999994765104388 -0.00323570144153407 0.901215673280384 0.999998442540543 0.00176491260097191 0.910359335491274 0.999994752420455 -0.00323961904429557 0.901008930305809 0.999998449981262 0.00176069164660357 0.90974313157584 0.00199999999999978 0.000999999999999446 0.108 0.111000000000001

 7486 86 1000 2 0.9 0.00700000000000012 0.313 1.148 0.227 0.999998610000047 0.00166733259222114 0.90032742158659 0.999996273607067 -0.00272997655311999 0.899377934566772 0.999998605874425 0.00166980514009249 0.900143519185418 0.999996272218812 -0.00273048502640585 0.899208314875658 0.00199999999999978 0.00100000000000033 0.113 0.108

 7487 87 1000 2 0.9 0.00600000000000023 0.314 1.161 0.23 0.999996845444307 0.002511792474505 0.902103954750215 0.999959615090638 -0.00898711231615057 0.896254069815393 0.999996851887248 0.00250922609444341 0.901871904086161 0.999959658601707 -0.00898226971081814 0.896150480190569 0.00199999999999978 0.00199999999999978 0.117 0.106

 7488 88 1000 2 0.9 0.00700000000000012 0.315 1.185 0.224 0.999945281236311 -0.0104610961775412 0.89635217600034 0.999999993557937 -0.000113508265443145 0.901074470507511 0.999945301795596 -0.0104591307915659 0.896254736674121 0.999999992841209 -0.000119656103136096 0.900861882220673 0.00199999999999978 0.000999999999999446 0.109 0.108000000000001

 7485 85 1000 2 0.9 0.00700000000000012 0.314 1.204 0.226000000000001 0.999999985436666 -0.000170665365016806 0.905410431734867 0.999933998032251 0.0114891069817935 0.89932421032343 0.999999985866937 -0.000168125329479856 0.905056954647405 0.999934029304288 0.0114863849531391 0.899165858606214 0.00199999999999978 0.00100000000000033 0.122 0.105

 7489 89 1000 2 0.9 0.00700000000000012 0.331 1.158 0.225 0.999995722876815 0.00292476119980053 0.900641876838487 0.999992405684688 0.00389725197431905 0.900785965923228 0.999995741284023 0.00291846086458714 0.900445307246227 0.999992410590532 0.00389599298463775 0.900580495501797 0.00100000000000033 0.00100000000000033 0.121 0.108000000000001

 7490 90 1000 2 0.9 0.00700000000000012 0.32 1.146 0.224 0.999977427906031 -0.0067189045564265 0.898837326409543 0.999999796366363 -0.000638174923710457 0.889139218413872 0.999977457973183 -0.00671442815810541 0.898684533193789 0.999999782693973 -0.000659251095291157 0.889770892496423 0.00200000000000067 0.00100000000000033 0.122 0.112

 7491 91 1000 2 0.9 0.00800000000000001 0.319 1.149 0.223 0.999997961057168 0.00201937651461743 0.903485055961388 0.999998313604879 -0.0018365150144842 0.902124364995978 0.999997974238814 0.00201283836116755 0.903200799797699 0.99999831760454 -0.00183433587169786 0.901882402257672 0.00199999999999978 0.00100000000000033 0.124 0.11

 7492 92 1000 2 0.9 0.00700000000000012 0.32 1.164 0.224 0.999987475777915 -0.00500482640198657 0.89630657993703 0.99998641996725 -0.0052115142791655 0.896320607000521 0.999987473586249 -0.005005264287751 0.896206326840433 0.999986411990937 -0.00521304455105502 0.896219203152003 0.00199999999999978 0.00100000000000033 0.104 0.112

 7497 97 1000 2 0.9 0.00700000000000012 0.317 1.115 0.221 0.999969451167515 -0.00781643983791106 0.899704721300057 0.999999628949523 0.00086145273621748 0.90247784894432 0.999969424210281 -0.007819887758748 0.899534492688568 0.99999962542729 0.000865531789679843 0.902227587793238 0.00200000000000067 0.000999999999999446 0.107 0.117

 7496 96 1000 2 0.9 0.00699999999999967 0.318 1.131 0.223999999999999 0.999998512858863 0.00172461011919336 0.895958569982396 0.999999813397872 0.000610904429552449 0.901825545719134 0.999998520308291 0.00172028521708039 0.895865428747332 0.999999814612002 0.000608913755247913 0.901595950424051 0.00199999999999978 0.00200000000000067 0.0980000000000008 0.116000000000001

 7494 94 1000 2 0.9 0.00800000000000001 0.322 1.256 0.223999999999999 0.999983608299072 -0.00572565569757455 0.905178741791353 0.99999547347941 0.00300882380523174 0.900748490015629 0.999983641325796 -0.00571988468427843 0.904829999482469 0.999995472226213 0.00300924028162527 0.900553859723811 0.00100000000000033 0.00100000000000033 0.129 0.11

 7495 95 1000 2 0.9 0.00599999999999978 0.338 1.161 0.229 0.999997655641965 -0.00216534306169749 0.896001197342915 0.999998558912999 0.00169769606400056 0.898302592879689 0.999997653505774 -0.00216632937166472 0.89590283919052 0.999998563004119 0.00169528454757613 0.898166066645747 0.00200000000000067 0.00199999999999978 0.105 0.105

 7493 93 1000 2 0.9 0.00800000000000001 0.32 1.218 0.228 0.999997330745375 -0.00231051988208768 0.901094670208551 0.999988876283008 0.00471670544407926 0.89469131734036 0.999997331994341 -0.0023099792638741 0.90088503584606 0.999988871553266 0.00471770809028873 0.894615476253494 0.00199999999999978 0.00100000000000033 0.127 0.0949999999999998

 7498 98 1000 2 0.9 0.00699999999999967 0.322 1.232 0.229 0.999998699543459 -0.00161273413530777 0.903957744162868 0.999996574094214 -0.00261759428396049 0.896013525621526 0.999998709025234 -0.00160684406990715 0.903659663147485 0.999996580035913 -0.00261532339828272 0.895913520970073 0.00199999999999978 0.00100000000000033 0.127 0.102

 7500 100 1000 2 0.9 0.00700000000000012 0.316 1.216 0.23 0.999993338768246 -0.00364998892272736 0.898832217663919 0.999982868179944 0.00585349012239764 0.899992325882784 0.999993361011255 -0.0036438898739114 0.898679260099324 0.999982874579907 0.00585239668051233 0.89980736252581 0.00199999999999978 0.000999999999999446 0.126 0.105

 7499 99 1000 2 0.9 0.00700000000000012 0.317 1.243 0.23 0.999999272676847 -0.00120608696925296 0.904557824806067 0.999924460030194 -0.0122912258674792 0.900518375693977 0.999999265572251 -0.00121196326633869 0.904242272790754 0.999924499214725 -0.0122880376863703 0.90033269199398 0.00199999999999978 0.00100000000000033 0.126 0.101

 7502 2 2000 2 0.9 0.0089999999999999 0.367 2.282 0.438000000000001 0.999987911070498 0.00491708377612047 0.89480904955323 0.999999727409241 0.000738364032255435 0.90470303681852 0.999987906258643 0.00491806226640965 0.894729769351255 0.99999972341464 0.000743754424651008 0.904366752990147 0.00200000000000067 0.00100000000000033 0.18 0.183

 7501 1 2000 2 0.9 0.012 0.354 2.324 0.437 0.999999163875018 -0.00129315477207641 0.902971852499097 0.999999981537851 -0.000192156961997619 0.902262271910985 0.999999182201145 -0.00127890462517439 0.902699334360609 0.999999981266904 -0.000193561853808236 0.902019065603857 0.00199999999999978 0.00100000000000033 0.191 0.178000000000001

 7504 4 2000 2 0.9 0.0110000000000001 0.357 2.305 0.445 0.99999348332258 0.00361016791471198 0.907585911640759 0.999992933931117 0.00375926692799374 0.898242255459752 0.999993416842688 0.00362853569451366 0.907130092738918 0.999992932750045 0.00375958108890363 0.89810804914888 0.00200000000000067 0.00100000000000033 0.195 0.172000000000001

 7503 3 2000 2 0.9 0.0110000000000001 0.356 2.358 0.441 0.999999321623408 0.00116479728906429 0.903527214035934 0.999994531855822 -0.00330700142952567 0.905562456257685 0.99999931813435 0.00116778886564839 0.90324092389474 0.999994508115409 -0.00331417244886566 0.905198536970387 0.00200000000000067 0.00100000000000033 0.189 0.183

 7506 6 2000 2 0.9 0.0100000000000002 0.346 2.257 0.486 0.999996819616953 -0.00252205392059349 0.900836232984466 0.999995666478678 -0.00294398095518037 0.896060910478121 0.999996816691098 -0.00252321375854533 0.900634462482202 0.999995665449095 -0.0029443306577614 0.895962683369143 0.00199999999999978 0.00199999999999978 0.19 0.185

 7505 5 2000 2 0.9 0.00999999999999979 0.341 2.303 0.458 0.999997285853338 0.00232986822726929 0.897994987163977 0.999995275646648 0.00307387123754883 0.908195331096465 0.99999728340482 0.00233091891339958 0.89786198552062 0.999995265391974 0.00307720549118825 0.907695879315933 0.00200000000000067 0.00199999999999978 0.188 0.198

 7507 7 2000 2 0.9 0.00999999999999979 0.346 2.324 0.466 0.999999952693993 0.000307590655875797 0.902189149266002 0.999999981154705 0.000194140645570788 0.899569573274126 0.999999951399627 0.000311770338557232 0.901946569061335 0.99999998123623 0.000193720263436862 0.89940225758106 0.00199999999999978 0.00100000000000033 0.192 0.178000000000001

 7509 9 2000 2 0.9 0.0110000000000001 0.34 2.275 0.473999999999999 0.999995932633329 -0.00285214249275711 0.898551947852633 0.999999816688922 0.000605493288239293 0.900539180206127 0.999995930655401 -0.00285283589391697 0.89840408870131 0.999999813816864 0.000610218187702364 0.90035408842785 0.00299999999999923 0.00200000000000067 0.19 0.176

 7508 8 2000 2 0.9 0.0110000000000001 0.347 2.306 0.468 0.999999924324841 0.00038903767501991 0.900740101511729 0.999988938272329 0.00470354472503052 0.900037010028053 0.999999922777919 0.00039299383676446 0.900543182627048 0.999988928375533 0.00470564834575654 0.899860602106316 0.00200000000000067 0.00100000000000033 0.187 0.178000000000001

 7510 10 2000 2 0.9 0.0110000000000001 0.346 2.34 0.462000000000001 0.999995160341583 0.00311115628214001 0.901284795585999 0.999998873388683 -0.00150107340411942 0.900411799235485 0.999995135379624 0.00311916929443958 0.901070373159858 0.999998883700329 -0.00149418810561395 0.900226013540548 0.00199999999999978 0.00100000000000033 0.189 0.178000000000001

 7511 11 2000 2 0.9 0.00999999999999979 0.355 2.265 0.474 0.9999916127484 0.00409566024645326 0.899663706181612 0.999997264545159 -0.00233899598119785 0.897820788086633 0.99999160148703 0.00409840888691669 0.899490876898422 0.999997262844126 -0.00233972311521088 0.897691036823633 0.00300000000000011 0.00100000000000033 0.186 0.179

 7512 12 2000 2 0.9 0.0119999999999996 0.368 2.295 0.46 0.999999326167449 0.00116088959317099 0.900777733191819 0.999999629706282 0.000860573819516071 0.895792771525049 0.999999322500125 0.00116404436846608 0.900577814672397 0.999999628584092 0.00086187683423689 0.895700552724407 0.00199999999999978 0.00100000000000033 0.188000000000001 0.176

 7514 14 2000 2 0.9 0.0129999999999999 0.348 2.309 0.459 0.999996083621858 -0.00279870344021577 0.897858854946077 0.999952833163114 0.00971243785371857 0.899298963750228 0.999996082239602 -0.00279919728628193 0.89773137932896 0.999952786390738 0.00971725215273758 0.899135719245342 0.00199999999999978 0.00200000000000067 0.185 0.181000000000001

 7513 13 2000 2 0.9 0.0109999999999997 0.345 2.34 0.459 0.999999803813777 0.000626396365502765 0.897274725978454 0.999997755521218 0.0021187148289455 0.900007797924064 0.999999802583927 0.000628356672060082 0.897156280813341 0.999997763038471 0.00211516383601864 0.899832104440814 0.00199999999999978 0.00199999999999978 0.184 0.180999999999999

 7516 16 2000 2 0.9 0.0109999999999997 0.353 2.31 0.45 0.99999197752303 0.00400560726722595 0.905311615557205 0.999984336466459 -0.00559703687093995 0.897597063418791 0.999992011867021 0.00399702416151849 0.90496137979362 0.999984349105668 -0.00559477825415343 0.89747265354438 0.00200000000000067 0.000999999999999446 0.186 0.184000000000001

 7515 15 2000 2 0.9 0.0100000000000002 0.353 2.323 0.452000000000001 0.999999859560132 -0.000529980864608653 0.904034567132652 0.999999814349858 0.000609344113954601 0.896541297561549 0.999999857704096 -0.000533471448720771 0.903726018320734 0.999999815847189 0.000606881856020133 0.896437278434327 0.00200000000000067 0.00100000000000033 0.188 0.182

 7517 17 2000 2 0.9 0.0110000000000001 0.355 2.311 0.447 0.999994455948625 0.00332987567541594 0.902802179102559 0.99999016609164 -0.00443483032526266 0.899385941869752 0.999994438630894 0.00333507230546692 0.902535743885742 0.999990159152341 -0.0044363947610086 0.899220235154302 0.00199999999999978 0.000999999999999446 0.186999999999999 0.18

 7518 18 2000 2 0.9 0.00999999999999979 0.358 2.314 0.444999999999999 0.999997643443981 0.00217096901961568 0.899321523217586 0.999971032656356 -0.0076114287870829 0.901448845055752 0.999997641817016 0.00217171830760305 0.8991601063996 0.999971021385953 -0.0076129093212147 0.901230928868413 0.00199999999999978 0.00100000000000033 0.181999999999999 0.179

 7519 19 2000 2 0.9 0.012 0.352 2.393 0.451000000000001 0.999999109347226 0.00133465529425094 0.899987836456222 0.999993692410982 0.00355177958915033 0.898959984118887 0.999999110484249 0.00133380310015592 0.899807793996621 0.99999369638777 0.0035506597590329 0.898804220058353 0.00199999999999978 0.00199999999999978 0.186 0.18

 7522 22 2000 2 0.9 0.0100000000000002 0.352 2.388 0.454 0.9999961188159 -0.00278609998683107 0.895583931666022 0.999997975668829 0.00201212779041164 0.902698611804687 0.999996117673805 -0.00278650988124832 0.895493658616114 0.999997965750386 0.00201705108739445 0.902442606419508 0.00199999999999978 0.00100000000000033 0.181999999999999 0.184999999999999

 7520 20 2000 2 0.9 0.0110000000000001 0.356 2.395 0.46 0.999993572570219 -0.00358536166230891 0.90362671495897 0.999979542033873 -0.00639652356560586 0.90178274747589 0.999993575889657 -0.00358443571798345 0.903340015191217 0.999979577644706 -0.00639095403797919 0.901550155141086 0.00200000000000067 0.000999999999999446 0.191999999999999 0.188000000000001

 7524 24 2000 2 0.9 0.0110000000000001 0.353 2.316 0.454 0.999999835275892 -0.00057397577409084 0.897559300168473 0.99999791277301 -0.00204314699042562 0.898945983190098 0.999999833893798 -0.000576378674350699 0.897434703706071 0.999997910508446 -0.00204425505793809 0.898794771921341 0.00199999999999978 0.00100000000000033 0.188000000000001 0.181000000000001

 7521 21 2000 2 0.9 0.0100000000000002 0.363 2.426 0.458 0.999999044074108 -0.00138269695511015 0.904322073224191 0.999999508007932 -0.00099195962316419 0.906527972778851 0.999999051879967 -0.00137704000226215 0.904008082476862 0.99999951262238 -0.000987296815501738 0.906134654457661 0.00199999999999978 0.00100000000000033 0.193000000000001 0.188000000000001

 7523 23 2000 2 0.9 0.0100000000000002 0.355 2.36 0.458 0.999995860930859 -0.00287717242265838 0.897986763120301 0.999999693481173 -0.000782967150907812 0.894773116543424 0.999995869442677 -0.00287421251543421 0.897855497693601 0.999999693573072 -0.000782849770460482 0.894694585336084 0.00199999999999978 0.00100000000000033 0.187 0.179

 7525 25 2000 2 0.9 0.0100000000000002 0.351 2.335 0.451000000000001 0.999999020302301 0.001399783711028 0.901031662153945 0.999996231237827 0.0027454526296038 0.899319473868851 0.999999032027696 0.00139138192860987 0.900829383890288 0.999996230830626 0.00274560094351905 0.899155360662062 0.000999999999999446 0.000999999999999446 0.189 0.190999999999999

 7526 26 2000 2 0.9 0.00999999999999979 0.354 2.371 0.447 0.999998910978441 0.00147581907160046 0.898468842402434 0.999974901435296 -0.0070849487979736 0.900904249877747 0.999998908073609 0.0014777860429805 0.898327751147595 0.999974935043124 -0.00708020377524227 0.900702270124667 0.00199999999999978 0.000999999999999446 0.182 0.186999999999999

 7529 29 2000 2 0.9 0.00999999999999979 0.349 2.395 0.446000000000001 0.999998389710577 0.00179459640380129 0.902339700367979 0.999999563207578 -0.000934657506232973 0.898906606425836 0.999998384607414 0.00179743777688146 0.902097525444955 0.999999557728859 -0.000940500976803916 0.898756717231147 0.000999999999999446 0.000999999999999446 0.182 0.175000000000001

 7528 28 2000 2 0.9 0.00999999999999979 0.354 2.408 0.448 0.999994998714364 -0.00316268023353143 0.901382565280458 0.999997353061942 -0.00230084095715829 0.899353129750234 0.999994997644129 -0.0031630186085142 0.901161246371828 0.999997358301592 -0.00229856255877069 0.89919140112757 0.00199999999999978 0.000999999999999446 0.189 0.177999999999999

 7531 31 2000 2 0.9 0.0100000000000002 0.35 2.435 0.449 0.999999554894679 0.000943509641274354 0.899145323703565 0.999999262467754 -0.00121452210723397 0.902312906165578 0.999999551800815 0.000946783063814399 0.898987161878859 0.999999259171413 -0.00121723318414217 0.902065687796252 0.00200000000000067 0.00100000000000033 0.182 0.178999999999998

 7527 27 2000 2 0.9 0.0100000000000002 0.355 2.441 0.45 0.999999940497387 0.000344971335445615 0.900039562126801 0.999976822384701 0.00680842811484667 0.89984528265376 0.999999938466582 0.000350808825163705 0.899859025940071 0.999976847554213 0.00680473037960091 0.899675723333572 0.00200000000000067 0.00199999999999978 0.182999999999999 0.170999999999999

 7532 32 2000 2 0.9 0.0110000000000001 0.351 2.442 0.447 0.999993056312657 0.00372657033635944 0.904660838914704 0.999999996551967 -8.3042550625689e-05 0.897924854926042 0.999993052217399 0.00372766910148834 0.904325778406598 0.999999996174368 -8.74715079937993e-05 0.897794021094198 0.00100000000000033 0.00200000000000067 0.19 0.167999999999999

 7530 30 2000 2 0.9 0.0110000000000001 0.357 2.477 0.446 0.999997898092856 -0.00205031945560724 0.904171004995824 0.999999982907094 0.000184894057752021 0.898448683944596 0.999997894585836 -0.0020520292138164 0.903867255827178 0.999999982275448 0.000188279324967161 0.898303668981985 0.00199999999999978 0.000999999999999446 0.183 0.173

 7536 36 2000 2 0.9 0.0129999999999999 0.356 2.309 0.442 0.999999815556927 -0.000607359952710671 0.902114642987969 0.999998845308014 0.00151966530499027 0.903746518040876 0.999999812720117 -0.000612012851278188 0.901878244758707 0.999998854581177 0.00151355090215249 0.903457963021159 0.00100000000000033 0.00100000000000033 0.177 0.173

 7533 33 2000 2 0.9 0.00999999999999979 0.361 2.397 0.446 0.999990889067957 0.00426869781987871 0.895357874683534 0.999998873468346 0.00150102033245741 0.904744218749262 0.999990899470528 0.00426626020359503 0.895270562091376 0.99999887572899 0.00149951350610058 0.90441755654894 0.000999999999999446 0.00199999999999978 0.173 0.177999999999999

 7534 34 2000 2 0.9 0.012 0.36 2.373 0.442 0.999995194896179 -0.00310002976652179 0.901654854710143 0.999999343553388 -0.00114581534014702 0.899924754133724 0.999995189521108 -0.00310176315076226 0.901431386885672 0.999999343007989 -0.00114629123288353 0.899746246168019 0.00199999999999978 0.000999999999999446 0.176 0.173

 7535 35 2000 2 0.9 0.012 0.357 2.336 0.444 0.999999972823315 0.000233138091341578 0.89549890890657 0.999999959491621 0.000284634425745443 0.896483075701336 0.999999972729292 0.000233541037659362 0.895409810127116 0.99999995896407 0.000286481864449142 0.896377812174988 0.00199999999999978 0.00100000000000033 0.171 0.171000000000001

 7538 38 2000 2 0.9 0.0100000000000002 0.333 2.093 0.448 0.999994685302787 -0.00326027087531209 0.902552302020238 0.999991043398114 -0.00423238981561328 0.898699815010558 0.999994677168459 -0.00326276489344478 0.902296035354119 0.99999103823249 -0.00423361012694427 0.898549616373809 0.00199999999999978 0.000999999999999446 0.185 0.177

 7537 37 2000 2 0.9 0.0109999999999997 0.334 2.223 0.449000000000001 0.999986259358304 0.0052422413704755 0.90125579473869 0.999998033738272 0.00198305814055392 0.893372401895357 0.999986241631655 0.00524562173610634 0.901046803085681 0.999998032529837 0.00198366742545506 0.893311033728424 0.00199999999999978 0.00100000000000033 0.18 0.165

 7540 40 2000 2 0.9 0.0089999999999999 0.337 2.139 0.451 0.999992343076644 0.00391328354255821 0.901479647190413 0.99999957761538 -0.000919113193532167 0.898166794438352 0.999992343772969 0.00391310560106922 0.901264655580492 0.999999578171686 -0.000918507730486394 0.898031754575591 0.00200000000000067 0.00200000000000067 0.176 0.17

 7539 39 2000 2 0.9 0.0100000000000002 0.333 2.189 0.451 0.999997704035015 0.00214287766769804 0.896703541509987 0.999991033281135 -0.00423477948996063 0.898266998543833 0.999997703778353 0.00214299743849856 0.896592497900446 0.999991041858916 -0.00423275346796347 0.898129867891389 0.00199999999999978 0.00200000000000067 0.177 0.172000000000001

 7541 41 2000 2 0.9 0.00900000000000034 0.332 2.165 0.449 0.999998882166488 -0.00149521429026176 0.903743199637652 0.999992412219028 0.00389557497300116 0.900222349850661 0.999998886785593 -0.00149212183631848 0.903447111205395 0.999992425171973 0.00389224853720438 0.90003474938219 0.00100000000000033 0.00100000000000033 0.181 0.177

 7543 43 2000 2 0.9 0.00999999999999979 0.331 2.124 0.449999999999999 0.999983441567066 0.00575470170254695 0.905168809819941 0.999991148427176 -0.00420750131296658 0.904168483060296 0.999983429947564 0.00575672044705576 0.904816667170182 0.999991145568179 -0.00420818075198155 0.903859971331626 0.00199999999999978 0.000999999999999446 0.181 0.179

 7542 42 2000 2 0.9 0.0100000000000002 0.335 2.232 0.451000000000001 0.999986640719948 0.00516898264984547 0.901633895184376 0.999995648817446 -0.00294997392786225 0.901510525037917 0.999986606692454 0.00517556139089449 0.901410638699845 0.999995632555924 -0.00295548119230598 0.901297395825507 0.00199999999999978 0.000999999999999446 0.176 0.175

 7544 44 2000 2 0.9 0.0100000000000002 0.335 2.182 0.449 0.999991402820062 -0.00414659932516345 0.897016439571436 0.999999083778406 0.0013536773430998 0.900791987329328 0.999991398335551 -0.00414768066623314 0.8969037514375 0.999999082746518 0.0013544394124443 0.900596340627544 0.00199999999999978 0.00100000000000033 0.172 0.176

 7546 46 2000 2 0.9 0.0109999999999997 0.337 2.108 0.451 0.999999672802123 0.0008089472459037 0.899921985259264 0.999988532585476 0.00478901843245583 0.899451318209851 0.999999672577309 0.00080922510719979 0.89974642239308 0.999988548029491 0.00478579250187785 0.899288192442938 0.00200000000000067 0.00199999999999978 0.177 0.175000000000001

 7545 45 2000 2 0.9 0.012 0.333 2.188 0.454 0.999999999503157 -3.1522779191849e-05 0.899337756138877 0.999997872652929 -0.00206268989843242 0.903468290296189 0.999999999490538 -3.19205807232241e-05 0.899173914659847 0.99999786734205 -0.00206526302250954 0.903188360889761 0.00199999999999978 0.00100000000000033 0.178 0.177

 7547 47 2000 2 0.9 0.0109999999999997 0.334 2.108 0.455 0.999997792428968 -0.00210122278478744 0.899309547279199 0.999994959490157 0.00317505815376389 0.897498914037443 0.999997793269213 -0.0021008228636765 0.899140829555385 0.999994955435638 0.0031763348810441 0.89737279622873 0.00100000000000033 0.00100000000000033 0.183 0.172

 7548 48 2000 2 0.9 0.0100000000000002 0.334 2.221 0.459000000000001 0.999995805376565 -0.00289641662668822 0.897849923265167 0.999965683583739 0.00828442242436149 0.902307554046539 0.999995803584043 -0.0028970354335558 0.897720256115133 0.999965681793619 0.00828463849677777 0.902068253936008 0.00199999999999978 0.00100000000000033 0.175 0.17

 7549 49 2000 2 0.9 0.0110000000000001 0.336 2.098 0.454 0.99999888192157 -0.00149537808269544 0.899683855782163 0.999990592969271 -0.00433750769046891 0.901259988417022 0.999998878842554 -0.0014974356862119 0.899513097443142 0.999990582307863 -0.00433996492848757 0.901050852321301 0.00199999999999978 0.00199999999999978 0.180000000000001 0.169

 7551 51 2000 2 0.9 0.0110000000000001 0.33 2.105 0.444 0.999999997953318 6.39794019231864e-05 0.896816549438754 0.999996217787657 0.00275034732016367 0.893753092730934 0.999999997909636 6.4658545069167e-05 0.896704406364743 0.999996218082415 0.00275024014728655 0.893688257282058 0.00100000000000033 0.00100000000000033 0.175 0.16

 7556 56 2000 2 0.9 0.00999999999999979 0.328 2.107 0.444999999999999 0.999993301800739 0.00366010295698757 0.897351581715824 0.999999995850299 -9.11010522390313e-05 0.896152119610251 0.999993296748391 0.00366148307171257 0.89722920742695 0.999999995707748 -9.26525960018243e-05 0.896054081013536 0.00199999999999978 0.00100000000000033 0.172 0.164

 7550 50 2000 2 0.9 0.0100000000000002 0.333 2.268 0.452 0.999990602024042 -0.00433541965596929 0.902592131036899 0.999999580496712 0.000915972925749022 0.897829660891864 0.999990594367928 -0.00433718522509728 0.902344092086977 0.999999579933675 0.000916587406201813 0.897703296693353 0.00199999999999978 0.000999999999999446 0.175000000000001 0.165

 7553 53 2000 2 0.9 0.0110000000000001 0.327 2.102 0.446 0.999999700904396 0.00077342815969495 0.901059877554432 0.999998922480145 0.00146800495552275 0.903955996872242 0.999999706029148 0.000766773511215481 0.900857700250704 0.999998926022801 0.0014655897257582 0.903666373562352 0.000999999999999446 0.000999999999999446 0.172 0.169

 7552 52 2000 2 0.9 0.0100000000000002 0.332 2.198 0.453 0.999999792084975 -0.000644848825129145 0.901623418320957 0.999996312780553 -0.00271558930943793 0.896592675844999 0.999999793979681 -0.000641903883386732 0.901406107661444 0.999996308378633 -0.00271720980163383 0.89648639778857 0.000999999999999446 0.00100000000000033 0.173 0.166

 7555 55 2000 2 0.9 0.0089999999999999 0.332 2.165 0.456 0.999999822034173 -0.000596600052393861 0.89870401207565 0.999994338624654 0.00336492476007186 0.899618580991575 0.999999822563431 -0.000595712268537081 0.898555352643769 0.99999433577003 0.00336577299543942 0.899451256117068 0.00199999999999978 0.000999999999999446 0.173 0.168

 7554 54 2000 2 0.9 0.00999999999999979 0.331 2.177 0.456 0.999999971661501 -0.000238069311897112 0.900487871759373 0.999993936667128 -0.0034823309693966 0.896880341750608 0.999999971303609 -0.000239567904944799 0.900297182959829 0.999993927355024 -0.00348500402783498 0.896767705858881 0.00199999999999978 0.00100000000000033 0.176 0.165999999999999

 7558 58 2000 2 0.9 0.0100000000000002 0.333 2.164 0.452 0.999999821159361 -0.000598064582569637 0.897919977752662 0.999998543989912 -0.00170646361138812 0.900683463805554 0.999999821434267 -0.000597604747153333 0.897789194296929 0.999998548713988 -0.00170369302350366 0.900487879394574 0.00199999999999978 0.00100000000000033 0.17 0.169

 7557 57 2000 2 0.9 0.00999999999999979 0.33 2.196 0.455 0.999988754135505 -0.00474253123562338 0.896641548027088 0.999998353903 0.00181443966303243 0.899373871442706 0.999988746185624 -0.00474420721550549 0.896532714294695 0.999998350054371 0.00181655953239923 0.899209856867448 0.00200000000000067 0.00100000000000033 0.171 0.168

 7559 59 2000 2 0.9 0.00999999999999979 0.333 2.151 0.457 0.999992287368335 0.00392749332845943 0.900189878609551 0.999999572000919 -0.000925201587966868 0.897809388986342 0.999992287865738 0.00392736668104953 0.900007571252436 0.9999995683703 -0.000929117437618677 0.897682412012712 0.00100000000000033 0.000999999999999446 0.173 0.163
