
 3840 40 1000 5 0.7 0.0369999999999999 0.31 4.04 0.126000000000001 0.999749748722374 0.00433732732445152 -0.0209882175042443 -0.00337626198331049 -0.00545188978670056 0.711869717529434 0.999699330664531 0.0141447784780993 0.0143607087937549 0.000747688148107627 0.0139421847666885 0.698750525331088 0.999749759788591 0.00433730741413674 -0.0209884554529075 -0.00337617094797975 -0.00544901591849838 0.711942257341584 0.999699330095196 0.014144825028405 0.0143607123960301 0.000747726972749028 0.0139421725705025 0.698750077681649 0.00200000000000067 0.00100000000000122 0.0530000000000008 0.0389999999999997

 3842 42 1000 5 0.7 0.0640000000000001 0.422 3.966 0.125999999999999 0.99970474555448 -0.010937792657834 -0.00665285321384619 0.0189025568047095 -0.00831981357889598 0.701503497566956 0.999790237597789 0.00515165124900519 0.0177382131891826 -0.00236162925558078 0.00852759014491464 0.690741328760007 0.999704745656656 -0.0109378000907177 -0.00665287420980421 0.0189025485129431 -0.00831979357915696 0.701502979379371 0.999790289131605 0.00515386716097304 0.0177362121610686 -0.0023615111895084 0.0085244034693195 0.690849462260953 0.00200000000000067 0.000999999999999446 0.0449999999999999 0.0519999999999996

 3848 48 1000 5 0.7 0.0410000000000004 0.395 4.096 0.130000000000001 0.999557136983211 0.00452276636568896 0.0158154332872428 0.00642144641506716 -0.0239522772654911 0.716092335373805 0.999837633331992 -0.010439389265938 -0.003570748255996 0.0114087380143792 0.00853326307144657 0.691991417360161 0.999557123927842 0.00452439945834319 0.0158171097551584 0.00642095685434787 -0.0239515378777682 0.71629511557016 0.999837608513394 -0.0104405455937915 -0.00357133456615624 0.0114063893012731 0.00853764970270411 0.692079548287489 0.00300000000000011 0.00200000000000067 0.0530000000000008 0.0510000000000002

 3845 45 1000 5 0.7 0.0710000000000002 0.318 4.033 0.128 0.999611313867668 -0.000916798412554104 -0.00567658560811969 0.0251572128770986 0.0105485394493492 0.712090338231471 0.999643568130845 0.00698406743801176 0.0246697212516685 0.000731503432420544 0.00740467776114303 0.687683389596213 0.999611244679488 -0.000915809169543865 -0.00567868121133765 0.0251602796304927 0.010546739425328 0.712171454536052 0.999643512100983 0.00698650564159528 0.024669983376479 0.000735360789857108 0.00740868531149552 0.687842228403651 0.00300000000000011 0.00100000000000122 0.0549999999999997 0.0499999999999989

 3843 43 1000 5 0.7 0.0300000000000002 0.371 4.181 0.127000000000001 0.99982100309578 -0.00290099167235586 0.0154681045281769 -0.00537864129148559 -0.00901964389701312 0.708973654481305 0.99984675878596 0.0128732449472019 -0.00677109841543148 -0.00965886908915825 -0.00126371828605779 0.69702794638792 0.999821002378635 -0.00290104616714667 0.0154681526681679 -0.00537864053494981 -0.0090196237586177 0.708973228271525 0.999846758353797 0.012873311605442 -0.00677109863624079 -0.00965882393155642 -0.00126372514071167 0.697027531500895 0.00300000000000011 0.000999999999999446 0.048 0.043000000000001

 3850 50 1000 5 0.7 0.0669999999999997 0.317 4.051 0.129 0.999770065504945 -0.0101505017244596 0.0168018169713362 -0.00463979158790855 -0.00727699906988981 0.703771230260226 0.999923967463819 0.00370878670117512 -0.0081447183022025 -0.00769654997901393 0.00356803514834308 0.707885263896693 0.999770066175036 -0.0101505337667358 0.0168017822590063 -0.00463978377493525 -0.007276947440888 0.70377072254078 0.999923967092413 0.00370873024962448 -0.00814476021172776 -0.00769657706874303 0.00356804380926666 0.707884792049224 0.00399999999999956 0.00100000000000122 0.0459999999999994 0.0440000000000005

 3846 46 1000 5 0.7 0.0649999999999999 0.381 4.202 0.128 0.999624607976319 -0.0111669408867608 0.00241750753115622 0.0227550315955336 -0.0101146801158222 0.700349532960113 0.999515568247781 0.0251830905219423 -0.00235604626466564 0.0180890205523072 0.00129505348800322 0.693415597172103 0.999624607410229 -0.0111668991294925 0.00241747426728067 0.0227550731264868 -0.010114696681224 0.70034903623882 0.999515570466905 0.025182727148873 -0.00235477753725944 0.0180895034700332 0.00129596856432918 0.69347760392109 0.00300000000000011 0.000999999999999446 0.0449999999999999 0.0489999999999995

 3864 64 1000 5 0.7 0.0209999999999999 0.32 4.101 0.128 0.999895981503163 0.00641861564330118 -0.0127311738355262 -0.00207289579223005 -0.000669225563544287 0.706937745754892 0.999712724279165 -0.00856682094661327 -0.0205049331867023 1.66946119114147e-05 -0.0089791942566256 0.700534396874067 0.999895982251624 0.00641859207832304 -0.012731128746566 -0.00207287692230992 -0.000669249501274224 0.706937214184517 0.999712724806251 -0.00856677348942207 -0.0205049150076912 1.66970222235224e-05 -0.00897922235938201 0.700533911745905 0.00200000000000067 0.00199999999999889 0.0460000000000012 0.0429999999999993

 3849 49 1000 5 0.7 0.0619999999999998 0.412 4.212 0.129000000000001 0.999902504393776 0.0104456901881559 -0.00288488881580776 0.00730751766228005 0.00491394603995536 0.714238921690496 0.999824708528931 -0.00739204379446022 -0.00399525952481248 0.00397556317015056 0.0162524675784176 0.71185632972592 0.999902551561234 0.0104417708225287 -0.00288082277446632 0.00730626670037972 0.00491692286577354 0.714391350113795 0.999824719613255 -0.00739079392466644 -0.00399581276666709 0.00397704031610235 0.0162518566968966 0.711928887608083 0.00300000000000011 0.000999999999999446 0.0579999999999998 0.048

 3841 41 1000 5 0.7 0.0379999999999998 0.346 4.155 0.131 0.999761498954431 0.000483531691862084 -0.00632131246728751 0.0149284491918353 -0.0146251091930951 0.702734674354282 0.999789561348242 0.00758509161098749 -0.00563395687173786 0.014641672231093 -0.0108249419669241 0.689039401071715 0.99976149977579 0.000483525683724457 -0.00632130824709228 0.0149284354174135 -0.0146250691283341 0.702734134122747 0.999789527170387 0.00758988510620983 -0.00563073486171302 0.0146438990285688 -0.0108234029143426 0.68917635542153 0.00199999999999889 0.00200000000000067 0.0460000000000012 0.0500000000000007

 3859 59 1000 5 0.7 0.024 0.319 4.124 0.132 0.999654174139402 0.00392735577486451 0.012864065789974 0.0182667077682778 0.0133023005884767 0.710151787750612 0.999918454265907 0.00174431286839167 -0.00557419031138562 -0.00920542054656292 -0.0066506259877834 0.704223365103003 0.999654169459627 0.00392726150024521 0.0128642143392222 0.0182669010547461 0.0133022710234703 0.710168777993536 0.999918454107139 0.00174430434903398 -0.00557418368257371 -0.00920541336536568 -0.00665066758846707 0.704222860791393 0.00300000000000011 0.000999999999999446 0.0510000000000002 0.0419999999999998

 3855 55 1000 5 0.7 0.032 0.317 4.093 0.132999999999999 0.999848031998662 0.00638872615986911 0.00980799896774189 -0.0129095483296315 0.000493765764028052 0.706137268292315 0.999934834811631 0.00678617505126681 0.00886147247679365 -0.00062470328511199 -0.00231473751381202 0.6890729365951 0.999848031684954 0.00638867059959542 0.00980806412590567 -0.0129095499226412 0.000493783951920256 0.706136769047001 0.999934819419497 0.00678652489640183 0.00886343553421039 -0.000622276697303304 -0.00231349834027259 0.689207232690848 0.00199999999999889 0.000999999999999446 0.0459999999999994 0.0490000000000013

 3851 51 1000 5 0.7 0.0340000000000003 0.378000000000001 4.338 0.146000000000001 0.999885635310552 0.0117049157039995 -0.00490804799735799 0.00503274933252587 -0.00650336428231454 0.69813589577975 0.999864336014755 -0.00180870692354737 0.0143747933612239 -0.000415288841681788 0.0078250237085118 0.707047730042561 0.999885634751779 0.0117049582227741 -0.00490804296368147 0.00503274866066685 -0.00650337798532472 0.698135444561765 0.99986433570278 -0.00180877711746548 0.0143748011850244 -0.00041531481930626 0.00782503159549941 0.707047209655852 0.00300000000000011 0.00200000000000067 0.0459999999999994 0.0429999999999993

 3852 52 1000 5 0.7 0.0449999999999999 0.318000000000001 4.293 0.141 0.999802680559677 -0.0022988184719373 -0.0103953150989326 0.000138277956339213 0.016770023330882 0.703472922149008 0.999897271526154 0.0104749558995543 0.00566535552397902 -0.00659884305055431 0.00448115059290238 0.699980422937063 0.999802681764406 -0.00229881822364855 -0.0103952900790056 0.000138284623153413 0.0167699669949832 0.703472418395796 0.99989727102304 0.010474997465177 0.00566536990027584 -0.00659879951346949 0.0044812116281219 0.699979935674112 0.00300000000000011 0.00100000000000122 0.0459999999999994 0.0410000000000004

 3860 60 1000 5 0.7 0.012 0.319 4.239 0.131 0.99991396564958 0.00512001041066167 -0.0116903559776139 -0.00179807933567865 0.0024391146229706 0.700670364295934 0.999641396820252 0.0100537244533615 0.0122478459612738 0.00560977186897662 0.0208451701062234 0.700229776946856 0.999913965869006 0.00512002876317416 -0.011690331585899 -0.00179807832749856 0.00243910379450793 0.700669884850871 0.999641396334408 0.0100537290616607 0.0122478570799577 0.00560977944097738 0.0208451826118624 0.700229300291636 0.00300000000000011 0.000999999999999446 0.0470000000000006 0.0410000000000004

 3865 65 1000 5 0.7 0.0249999999999999 0.316 4.296 0.138999999999999 0.999859226869232 0.00740012357672131 0.00586182033253841 -0.0138681576163628 -0.000279073874630226 0.713409937366712 0.999844448999815 -0.0102849980237964 0.00144015175006729 -0.00490348376391113 0.0133857547348384 0.703946012988483 0.999859280483366 0.00739907025250726 0.00585864374912548 -0.0138662403117299 -0.000276882144661026 0.713536519826589 0.999844450241701 -0.0102849293440822 0.00144012053976304 -0.00490345647575961 0.0133857280967142 0.703945469513132 0.00300000000000011 0.000999999999999446 0.0540000000000003 0.0420000000000016

 3847 47 1000 5 0.7 0.0450000000000004 0.413 4.38 0.140000000000001 0.999823667523029 0.00524686638315734 -0.000726844721968724 0.0111334143766428 0.0141641461099764 0.709438493529033 0.999623557776515 0.0179536398649941 -0.0159818127032369 0.00175796001223035 0.0131110942767599 0.698277735547632 0.999823668342166 0.00524681514171097 -0.000726836077044509 0.0111333751761945 0.0141641385261293 0.709438065259682 0.999623557429459 0.0179536469832238 -0.0159818481010693 0.00175793526038212 0.0131110711602742 0.69827727711606 0.00300000000000011 0.00100000000000122 0.0459999999999994 0.0420000000000016

 3868 68 1000 5 0.7 0.0449999999999999 0.319 4.261 0.141 0.999941402449719 -0.00360819749157719 -0.00909696782207111 -0.00150955008259563 0.00437481573824987 0.705094470307867 0.999936385570262 -0.0071061585639691 0.00823603245247586 0.000870898397931352 0.00285247761910121 0.702204612691425 0.999941402244943 -0.00360816624781251 -0.00909700519316759 -0.00150956180559081 0.00437480655766775 0.705093909063725 0.999936385458094 -0.00710613831973172 0.00823605136651968 0.000870902181422602 0.0028525116059347 0.702204093024121 0.00300000000000011 0.000999999999999446 0.0459999999999994 0.0419999999999998

 3856 56 1000 5 0.7 0.0569999999999999 0.322 4.169 0.131 0.999813981409539 0.00754988621166178 0.00467692103664826 -0.0160224187853696 -0.00603409496776849 0.705219218734353 0.99975911015773 -0.0136981239473119 0.00894943893948386 0.00173878744151915 0.0145247105943275 0.701620998107614 0.999813981793733 0.00754989942042221 0.00467687346335759 -0.0160224175291468 -0.00603405499070692 0.705218691330267 0.999759109015076 -0.0136981274060725 0.00894949638306672 0.00173882786302397 0.0145247457499499 0.701620496056093 0.00300000000000011 0.000999999999999446 0.0460000000000012 0.0419999999999998

 3869 69 1000 5 0.7 0.028 0.318000000000001 4.291 0.140000000000001 0.99982410099222 -0.00184981226179006 -0.00382605155225056 -0.0155286606322737 -0.00962119006061176 0.716070821498947 0.999734104599345 0.000525164199017908 -0.0100280924970305 -0.00518237855241706 0.0201003636016955 0.691200519354884 0.999824046130732 -0.00184911127231536 -0.00382580675711483 -0.0155332595076267 -0.00961969947563457 0.716273375592315 0.999734145689263 0.000527509730950931 -0.0100283295551768 -0.00518128389676226 0.0200984223250746 0.691298489411753 0.00300000000000011 0.000999999999999446 0.0540000000000003 0.0459999999999994

 3870 70 1000 5 0.7 0.0619999999999998 0.321 4.222 0.137 0.99996622101714 0.002042454321413 0.00313647204937706 0.00529707430333663 -0.00504863862369777 0.702623901275791 0.999806401936268 -0.00839781248687653 0.00952962228545245 0.00471715148764487 -0.0142678019900806 0.695645350205206 0.999966221519105 0.00204242605272472 0.00313646631708458 0.00529701747062567 -0.00504861382767432 0.702623408272201 0.999806405492878 -0.00839777892953238 0.00952963055744976 0.00471699626179967 -0.0142676183074036 0.695665898127327 0.00300000000000011 0.000999999999999446 0.0449999999999999 0.0439999999999987

 3861 61 1000 5 0.7 0.0539999999999998 0.32 4.219 0.133000000000001 0.999881270021047 -0.00643048766665151 0.00411415212557069 -0.00696297093094598 -0.0114317749089446 0.714312071531354 0.999945508902169 0.00569260247575677 -0.0039918940518563 -0.0057358803388148 0.00526668416110207 0.702143231025144 0.999881286409097 -0.00643184033778893 0.00411571723369819 -0.00696328292958571 -0.0114288267662358 0.714463775972267 0.999945509385697 0.00569264135681457 -0.00399180175167458 -0.00573581062085497 0.00526669621857403 0.70214260608181 0.00200000000000067 0.00200000000000067 0.0540000000000003 0.0419999999999998

 3858 58 1000 5 0.7 0.0909999999999997 0.324 4.263 0.141999999999999 0.999670348593975 0.0231040863450205 0.0083479343855451 -0.00387267258721023 -0.00638041806534027 0.706846466740633 0.999829897743498 -0.0134366873656417 0.00534883335001484 -0.0111878568509401 0.0024192667775261 0.707094533271779 0.999670349509872 0.0231040245274482 0.00834796352601929 -0.00387270261412819 -0.00638044205957321 0.706845967634533 0.999829897562955 -0.0134366962695688 0.00534883197379082 -0.0111878523797739 0.00241931565837675 0.707094030745277 0.00300000000000011 0.00199999999999889 0.0460000000000012 0.0419999999999998

 3863 63 1000 5 0.7 0.0870000000000002 0.324 4.257 0.136000000000001 0.999891874398658 -0.00620330342391473 0.00901525054901742 -0.00941545453106943 0.00279875180777233 0.698755255825919 0.999798283080642 0.00263212650008169 -0.0119519616187283 -0.0124253971685758 -0.00996118355195099 0.703288041953785 0.999891874641392 -0.006203267949572 0.00901524173983133 -0.00941547884360044 0.00279869029827609 0.698754819047407 0.999798282843384 0.00263216088159659 -0.0119519938268385 -0.0124253716515635 -0.00996119146479222 0.703287520587514 0.00300000000000011 0.00200000000000067 0.0440000000000005 0.043000000000001

 3862 62 1000 5 0.7 0.0429999999999997 0.319 4.293 0.142000000000001 0.999812528067149 0.0191596705284901 0.000323331952904039 0.00277533878635009 -9.32538734920573e-05 0.715371559433036 0.999843169888449 0.00944011493083972 0.00829013405805505 -0.00466730037648923 0.0115762620048929 0.7128065908254 0.999812576703428 0.0191572470378954 0.000324537975212621 0.00277443789639221 -9.23094943781946e-05 0.7155520683841 0.999843206383482 0.00944059600553943 0.0082879044382297 -0.00466728035374785 0.0115743220095239 0.712911049974409 0.00300000000000011 0.000999999999999446 0.0519999999999996 0.0470000000000006

 3872 72 1000 5 0.7 0.0460000000000003 0.326 4.257 0.141999999999999 0.999380294642884 0.0350715574455857 0.00192082293430261 0.00144628491407578 -0.00179756419808081 0.708138899009107 0.999774052132362 -0.00238381081925655 -0.0140693906635774 0.0115529983582917 0.0107117974263479 0.700047790103316 0.999380295535837 0.0350715299832904 0.00192077819895614 0.00144630293101552 -0.00179763685907686 0.708138456015941 0.999774051416557 -0.00238378521826458 -0.014069417338877 0.0115530020970546 0.0107118308634622 0.700047277904405 0.00300000000000011 0.000999999999999446 0.0449999999999999 0.0429999999999993

 3853 53 1000 5 0.7 0.0469999999999997 0.322 4.264 0.143000000000001 0.999723045290516 -0.0164924987129994 -0.00573584725733938 0.00966013288590997 -0.0124744575082737 0.700703767443236 0.999336489078841 0.0112880408188403 -0.0120566952684412 0.0323079270821222 0.00316159404524569 0.696707232986663 0.999723046146269 -0.0164925097173183 -0.00573587549194907 0.00966006117472233 -0.0124744169278802 0.700703291978157 0.999336493277169 0.011287965721121 -0.0120566907332538 0.0323078252493187 0.00316159304663267 0.696708240669875 0.00300000000000011 0.00100000000000122 0.0460000000000012 0.0399999999999991

 3857 57 1000 5 0.7 0.0789999999999997 0.32 4.355 0.153 0.99988116955637 0.00325933671302872 -0.0111524499008872 -0.00910178847962611 -0.00445014589162257 0.704432897180506 0.999908064029339 0.00206256829746344 -0.000133011601154726 -0.00412241339766862 0.0127513652919702 0.693946841722195 0.999881170107723 0.00325935173713895 -0.0111523799877881 -0.00910180036903639 -0.00445016189762706 0.704432388165614 0.999908074271623 0.00206298584313418 -0.000134517637247665 -0.00412249216176206 0.0127504532942013 0.693999237492458 0.00300000000000011 0.000999999999999446 0.0440000000000005 0.0459999999999994

 3867 67 1000 5 0.7 0.0449999999999999 0.324 4.439 0.127000000000001 0.999834004565737 -0.00545534457108488 0.0141865045645773 0.00466735276179678 -0.00889727127200622 0.712189985207566 0.999595604285436 -0.00422454517712955 -0.00716347908222113 0.0164648990766379 -0.0216419217519005 0.702177823269279 0.999834005482371 -0.00545682213451092 0.0141860446096875 0.0046667365163995 -0.00889731880341666 0.712272500822387 0.999595605210471 -0.00422455908210257 -0.00716343137290681 0.0164648684935132 -0.0216419153711066 0.70217730661713 0.00300000000000011 0.000999999999999446 0.0489999999999995 0.0419999999999998

 3866 66 1000 5 0.7 0.0489999999999999 0.321 4.353 0.142999999999999 0.999878053943806 -0.00274476098939836 0.00384186857487398 -0.00924485192909621 0.0116668885021 0.707271769064977 0.99988827500255 0.00946240689357544 -0.000186923412629383 0.0113069944074508 0.00245301963168419 0.706239040225611 0.999878052819836 -0.00274480455122139 0.00384192054035933 -0.00924489184976727 0.0116669258348401 0.707271298303093 0.999888274416782 0.00946242765023276 -0.000186963996047376 0.0113070345741021 0.00245299009359473 0.706238519373927 0.00300000000000011 0.000999999999999446 0.0440000000000005 0.0409999999999986

 3871 71 1000 5 0.7 0.0630000000000002 0.322 4.379 0.131 0.999850713247072 -0.0083776574450896 0.000358811919077399 0.012521084703222 -0.00845338789572882 0.704684690475892 0.999647047949564 -0.0239823356471298 -0.00925375744256397 -0.0063406383262499 -0.00218892243809042 0.710089537411414 0.999850711858367 -0.00837772828076598 0.000358819141123665 0.0125210866394983 -0.00845347877272009 0.704684128688478 0.999647044770863 -0.0239825755331603 -0.00925372375990089 -0.00634033999269825 -0.00218875239118176 0.710104546845877 0.00300000000000011 0.00100000000000122 0.0439999999999987 0.0439999999999987

 3854 54 1000 5 0.7 0.0409999999999999 0.319 4.556 0.129 0.999813126926649 -0.00809869032458466 0.0106460561072143 0.013815328382338 -0.00198005839142495 0.714558236759832 0.999854868027165 -0.00956917265401253 -0.0123245976973823 0.00428424003108991 -0.0053313596813777 0.699598226841958 0.999813124638531 -0.00809652628451785 0.0106488497367708 0.013815005371586 -0.00197729323253289 0.714715843105129 0.999854867195796 -0.00956920766696266 -0.0123246076904144 0.00428425778915759 -0.00533141538217011 0.699597713969701 0.00200000000000067 0.00199999999999889 0.0510000000000002 0.0419999999999998

 3844 44 1000 5 0.7 0.0579999999999998 0.321 4.539 0.132 0.999810112204004 0.0143385859385788 -0.00173157407138846 -0.00849776353216967 0.00994656493901015 0.711907584135537 0.999753584842349 0.00342233827549627 0.0180853133795542 -0.0108253949475771 0.00606543154215008 0.693140002548402 0.999810082102145 0.0143391453141685 -0.00173240242528324 -0.00849891816597054 0.00994765351255801 0.711983783159536 0.999753580894206 0.00342031051812927 0.0180870532160011 -0.0108249424846918 0.00606284515192316 0.693207226992261 0.00300000000000011 0.000999999999999446 0.0499999999999989 0.0449999999999999

 3874 74 1000 5 0.7 0.0100000000000002 0.478 4.117 0.128 0.999911958970778 0.00316184802457464 0.00741728077690773 -0.00337931033898202 0.0099820454717527 0.698002469128306 0.999839600578496 0.000455814487653351 -0.00747466072787295 -0.00953449871483773 0.0131828725794489 0.698292961601427 0.99991195903338 0.00316184556209077 0.00741723052344151 -0.00337933976683079 0.00998206735959414 0.698002040506658 0.999839601065113 0.000455835650960379 -0.0074746468859273 -0.00953443950627753 0.0131828856115093 0.698292525064604 0.00300000000000011 0.000999999999999446 0.0439999999999987 0.043000000000001

 3877 77 1000 5 0.7 0.0270000000000001 0.521 4.119 0.129 0.99978452827198 -0.00769122132257185 0.0134828733369482 0.0133814350619163 -0.00330022193273294 0.712784993665033 0.999231689115791 0.0275582684356873 -0.0174805138988546 -0.0185724468750745 0.0112280523037203 0.709713665503507 0.999784509759266 -0.00769395857275343 0.0134810807999821 0.0133828089842277 -0.00330120145718396 0.71288612967128 0.999231687437663 0.0275583787323563 -0.0174804106103299 -0.0185724718426965 0.0112280504394338 0.709715298302944 0.00300000000000011 0.000999999999999446 0.0499999999999989 0.043000000000001

 3878 78 1000 5 0.7 0.0270000000000001 0.513 4.123 0.129 0.999585207988874 -0.0043618556746756 -0.000765191838285297 -0.024488919390603 -0.014494602217495 0.694213533791295 0.999502862553355 -0.0200290660179285 -0.0104444971632615 0.0219215153099984 0.00179552432982414 0.694406488002941 0.99958520881722 -0.00436196751888982 -0.000765356375927671 -0.0244886375864348 -0.0144949788539324 0.694260050684897 0.999502911648713 -0.0200289082259906 -0.0104438503956853 0.0219198249723 0.00179435311919325 0.694451105353704 0.00300000000000011 0.000999999999999446 0.0500000000000007 0.0489999999999995

 3873 73 1000 5 0.7 0.028 0.41 4.541 0.127000000000001 0.999932127599128 -0.00959981539082281 -0.00594882992084088 0.00208049144591568 -0.00196639707603178 0.710125962723659 0.999885061506273 0.00467923937324018 0.00171498261945864 0.00411774427025062 -0.0137139167353782 0.712442204949727 0.999932129600897 -0.00959966586705616 -0.00594887991799921 0.00208051686077417 -0.00196593091662268 0.710142161384972 0.999885051388911 0.00467998973609535 0.00171575722197999 0.0041191022484685 -0.0137138936442553 0.712533637447874 0.00300000000000011 0.000999999999999446 0.0489999999999995 0.048

 3884 84 1000 5 0.7 0.0329999999999999 0.419 4.117 0.129 0.999760441391925 -0.00524782426419948 0.0179865676546799 0.0104034511822046 -0.00444654425583328 0.704576932730404 0.999918773936041 0.0104585776724991 -0.00490938116631953 -0.00467675286788927 -0.00266263825737271 0.708329566453322 0.999760441347749 -0.00524784611746585 0.0179865452624808 0.010403461484688 -0.00444659487021205 0.70457640384687 0.999918775105415 0.0104585205673443 -0.00490927591741615 -0.00467675583152531 -0.00266261226759588 0.708329055311281 0.00300000000000011 0.00100000000000122 0.043000000000001 0.0419999999999998

 3875 75 1000 5 0.7 0.0150000000000001 0.535 4.343 0.131 0.999824296356406 0.00606833397465577 -0.0172943417215335 0.00254497972037125 -0.00299675838716167 0.716763699159905 0.999959560101813 0.00507439938752936 0.000979430230215735 -0.00628279513362602 0.00383351452027529 0.694619063985649 0.999824324399067 0.00606681121363161 -0.0172932554074416 0.00255139418913504 -0.0029912951628995 0.716995698642447 0.999959563397959 0.00507376883294908 0.000979174029414298 -0.00628246021384054 0.00383410363389422 0.694651762232879 0.00300000000000011 0.00100000000000122 0.052999999999999 0.0449999999999999

 3876 76 1000 5 0.7 0.0169999999999999 0.582 4.338 0.124000000000001 0.999893872699733 0.00720343977331721 -0.00207823178365477 -0.0117457463321493 0.00425113969632722 0.700059335025887 0.999836818578112 -0.0098490910401809 0.00282696602314069 -0.0109339167693061 0.010089070743525 0.693727485145664 0.999893872897671 0.00720343883331266 -0.0020782336724357 -0.0117457357482881 0.00425112305221328 0.700058856131703 0.999836809273982 -0.00984956887451015 0.0028255959270126 -0.0109331153740115 0.0100907784479507 0.693783417029085 0.00300000000000011 0.000999999999999446 0.0449999999999999 0.0469999999999988

 3879 79 1000 5 0.7 0.0230000000000001 0.562 4.269 0.129 0.999959152144107 -0.00341126468652487 -0.000541515379612436 0.00792507793706178 -0.00263765374188323 0.713095224362148 0.999598375560073 -0.00717392463611505 0.0272690790606498 0.00267164197263139 -0.000939169490875968 0.692178817678533 0.999959134505768 -0.00341168001330784 -0.000542006179274176 0.00792708158827308 -0.00263768170107134 0.713212085415203 0.9995983532366 -0.0071745547759791 0.0272697020263921 0.00267174097704906 -0.000939745703695957 0.692261986965273 0.00299999999999834 0.000999999999999446 0.0560000000000009 0.0469999999999988

 3885 85 1000 5 0.7 0.0309999999999997 0.366 4.066 0.128 0.999833176682565 0.000933023364530145 -0.0117771422118508 0.00978683920117616 -0.00991286901077231 0.709445258695067 0.999538917353248 0.00725149657444647 0.0251593487945844 0.0144372939806458 0.00528584945640058 0.703584831248376 0.999833176675913 0.00093307004779041 -0.0117771134170148 0.00978684395549351 -0.00991289480383479 0.709444807866957 0.999538918168344 0.0072514908242573 0.0251593545425919 0.014437232151628 0.00528584472737987 0.703584256869226 0.00300000000000011 0.000999999999999446 0.0439999999999987 0.0419999999999998

 3880 80 1000 5 0.7 0.032 0.581 4.318 0.129999999999999 0.999614355204168 -0.0159208368805276 -0.0155807099585987 -0.0160457303949334 -0.00417658186309797 0.709660146340995 0.999646989515824 0.00822821262962322 -0.0020189886723042 0.0249675428082533 -0.00327694365695893 0.711572019910529 0.999614354588606 -0.0159208394889668 -0.0155807242931143 -0.0160457577353672 -0.00417656073466441 0.709660510111875 0.999646985671001 0.00822894607036557 -0.00201785010660386 0.0249674513699847 -0.00327767272442788 0.711637059201987 0.00199999999999889 0.000999999999999446 0.0449999999999999 0.048

 3887 87 1000 5 0.7 0.0110000000000001 0.426 4.181 0.129999999999999 0.999798860519519 0.00489760139574821 -0.0123759110763718 -0.00184854059683689 -0.0148886442341674 0.696829200267059 0.999894780758391 -0.00313669716823448 -0.0134141259811934 0.000813141675796521 0.00447085761120805 0.708044293056934 0.999798861264369 0.00489760041486742 -0.0123758847301502 -0.00184854014880365 -0.014888616494186 0.696828803059358 0.999894780205632 -0.00313675977426991 -0.0134141440248605 0.000813130171888089 0.00447088526514402 0.708043809086684 0.00200000000000067 0.000999999999999446 0.0429999999999993 0.0410000000000004

 3881 81 1000 5 0.7 0.0169999999999999 0.486 4.388 0.136000000000001 0.999820340552797 0.00626294599299621 0.00932634011301012 -0.0116982699155918 -0.0098097902860953 0.70587775790747 0.999353122348087 -0.00429283443033196 0.0092741336378703 0.0316394346442562 -0.0137056574575197 0.69851561734482 0.999820340957447 0.00626296774342952 0.00932632477834402 -0.0116982829284662 -0.00980973421832463 0.705877244002287 0.999353120854824 -0.00429288490628175 0.00927415831970471 0.0316394739223895 -0.0137056431545533 0.698515131506023 0.00300000000000011 0.00100000000000122 0.0440000000000005 0.043000000000001

 3896 96 1000 5 0.7 0.04 0.374 4.11 0.131 0.999939553865231 -0.00928134311627894 0.00510815407195512 -0.00259191406344266 0.00139069379310172 0.705603122363353 0.999629363181056 -0.00693687365753457 0.00811010129630499 -0.00680380903053243 0.0241029145485624 0.698843507627461 0.999939553706656 -0.00928132658502754 0.00510818925487057 -0.00259194533939411 0.00139073061744447 0.705602621470048 0.999629362505737 -0.00693684004899562 0.00811010072192668 -0.00680385736490391 0.024102938778212 0.698843034279729 0.00300000000000011 0.00200000000000067 0.0440000000000005 0.043000000000001

 3900 100 1000 5 0.7 0.0350000000000001 0.327 3.983 0.131 0.999874536993984 0.0102510293705128 0.000223555797066151 0.0037797993142689 -0.0114669005341804 0.702664800148915 0.999349141129134 0.0255731655330721 0.0200581230846367 -0.0114234293797463 -0.0106997331092052 0.698704909338124 0.999874537977854 0.0102510075882711 0.000223509191141287 0.00377974456905168 -0.0114668531704024 0.702664281764758 0.999349139388881 0.0255732114870499 0.0200581769925278 -0.0114234126608897 -0.0106997026059709 0.698704434027705 0.00200000000000067 0.000999999999999446 0.0429999999999993 0.0419999999999998

 3891 91 1000 5 0.7 0.0449999999999999 0.325 4.114 0.132 0.999895441417874 0.00431217379833219 -0.00749869430201802 0.0104939607943304 0.00491505437411869 0.703821583184649 0.99987324918591 -0.00556473969278739 0.0129523865569151 0.00584877399069633 -0.00453285338929404 0.700203914993422 0.999895441627337 0.00431215818516476 -0.00749872700511322 0.0104939331235907 0.00491503464470968 0.703821072041093 0.99987324968491 -0.0055647202080622 0.0129523631928895 0.00584880534209529 -0.00453279354628184 0.700203429246167 0.00300000000000011 0.00100000000000122 0.0440000000000005 0.0419999999999998

 3897 97 1000 5 0.7 0.0569999999999999 0.327 4.076 0.134 0.999826122861475 -0.00618613236350579 -0.00337118262722019 0.000580273691963268 -0.0172555562155473 0.70543200179078 0.999844252865147 -0.00833118039617472 0.0134190090788906 0.00784082548688368 -0.000716307731751383 0.694436961059199 0.999826122982646 -0.00618606585280744 -0.00337114668406986 0.00058027386935904 -0.0172555800547897 0.705431472433051 0.999844246378175 -0.00833173309227396 0.0134194860090861 0.00784024441097181 -0.000716359523075966 0.694480107239249 0.00200000000000067 0.000999999999999446 0.0449999999999999 0.0459999999999994

 3886 86 1000 5 0.7 0.0179999999999998 0.438 4.278 0.132999999999999 0.999829559789595 0.00451708243117954 -0.0029949716483832 0.0170152542902942 -0.00468600080201506 0.704033495383309 0.999904304921017 -0.00670740095867068 0.00248067774825441 -0.00838216787561115 0.00836524192190567 0.720821506844337 0.999829559690057 0.00451711443055057 -0.00299500217026892 0.0170152376452726 -0.00468603212571816 0.704032951684362 0.999904259332903 -0.00671554039290977 0.00247726546406617 -0.0083879840313245 0.0083593399776269 0.721163117496056 0.00300000000000011 0.00199999999999889 0.0460000000000012 0.0510000000000002

 3883 83 1000 5 0.7 0.0189999999999997 0.481 4.328 0.136000000000001 0.999800227027869 0.00388629235295794 -0.000623384539052879 -0.00548866042666484 -0.0188119314587079 0.705483636900401 0.999648168291213 0.00656282056436783 0.018944412426051 -0.014417608716832 -0.00968043464846216 0.707175517749829 0.999800226967008 0.00388627491840504 -0.000623329520955016 -0.00548867083682835 -0.0188119370807742 0.70548312113026 0.999648169168848 0.00656277279577634 0.0189443913045892 -0.0144175970272154 -0.00968043514826877 0.70717494976955 0.00200000000000067 0.00100000000000122 0.0440000000000005 0.0419999999999998

 3882 82 1000 5 0.7 0.0190000000000001 0.437 4.346 0.138999999999999 0.999733592478045 0.000683924779903461 -0.0230204410997082 -0.000237244818972282 0.00150974312661325 0.702542548640147 0.999557524651292 0.00825937539896244 -0.0107585908468622 -0.0195645736818296 0.0178330538786317 0.711208332509985 0.999733591897648 0.000683975345461661 -0.0230204672575601 -0.000237200322691518 0.00150971268914004 0.702542030571743 0.999557584365735 0.00825889088986201 -0.0107587097198572 -0.0195632591432861 0.0178313015526473 0.711260211943084 0.00300000000000011 0.000999999999999446 0.0449999999999999 0.0459999999999994

 3895 95 1000 5 0.7 0.0419999999999998 0.336 4.237 0.129000000000001 0.9997446754587 0.00547202772684887 -0.0115646791548377 0.00333678983352092 -0.0183238869836136 0.701703052049323 0.999782537546631 -0.00552195187164213 -0.0140060310595617 0.00857409552786315 -0.0116061037469296 0.697615521648185 0.999744676201738 0.005472104846131 -0.0115646945936038 0.00333678133389692 -0.0183238152173965 0.701702547565677 0.999782536523895 -0.00552197061798451 -0.014006072964359 0.00857408347983742 -0.011606141259614 0.697615079659206 0.00300000000000011 0.000999999999999446 0.0449999999999999 0.0399999999999991

 3898 98 1000 5 0.7 0.0419999999999998 0.33 4.269 0.127000000000001 0.999842140913054 0.0175225971824532 -0.000514987084887651 0.00118174681321339 -0.00264388069952922 0.700412000320124 0.99990782121068 -0.00359856845016434 -0.00920608644689896 0.00223413173479011 -0.00903637175774432 0.697172219851842 0.999842141009805 0.0175225913851017 -0.000514990154568255 0.00118173359616298 -0.00264388784334604 0.700411531257686 0.999907820722156 -0.00359853490930167 -0.00920611457350856 0.0022341706372078 -0.00903640089848204 0.69717176323238 0.00300000000000011 0.00100000000000122 0.0449999999999999 0.0410000000000004

 3888 88 1000 5 0.7 0.0109999999999997 0.338 4.279 0.130000000000001 0.999776688364923 0.00525433418346076 -0.0146807164926393 0.0129725690432163 0.00592911376506147 0.708984224647982 0.999806717844533 -0.0104624082280509 0.00923208830416304 -0.00871164269768772 -0.0107675806968682 0.707323389546855 0.99977668925382 0.0052543562618982 -0.014680680412834 0.0129725112294507 0.00592916013964173 0.708983783116328 0.999806718170448 -0.0104623857508688 0.00923212509172367 -0.00871164469590778 -0.0107675391163374 0.70732288782267 0.00300000000000011 0.00100000000000122 0.0449999999999999 0.0440000000000005

 3899 99 1000 5 0.7 0.0460000000000003 0.327 4.221 0.129000000000001 0.999837225437075 0.000894540572884787 -0.00803388510159041 -0.0154821362592043 0.00452576783338824 0.701704884137359 0.999547888971662 -0.0282329488756604 -0.00328231630592686 -0.00379699597794597 0.00904032473361078 0.709006535494591 0.999837225622175 0.000894532945508118 -0.00803385862861845 -0.0154821476290397 0.00452573654658856 0.701704409965244 0.999547888922775 -0.0282329575364962 -0.00328229794791831 -0.0037969942539375 0.00904031048041273 0.709006082663481 0.00300000000000011 0.000999999999999446 0.0449999999999999 0.0419999999999998

 3890 90 1000 5 0.7 0.028 0.338 4.32 0.130000000000001 0.999744961114309 0.0111474955024153 -0.010854842656074 -0.00110862715905326 -0.016330627890791 0.700462713266326 0.999383140729855 -0.0263278628413431 -0.000385033998774537 -0.020237625833599 0.0114224302395433 0.69274753112488 0.99974496007191 0.0111475528296527 -0.0108548815070759 -0.00110865192848946 -0.0163306250674451 0.700462213658063 0.999383125387613 -0.0263276252518299 -0.000384773370695447 -0.0202386187146599 0.0114225698098649 0.692820561062836 0.00300000000000011 0.000999999999999446 0.0440000000000005 0.0449999999999999

 3894 94 1000 5 0.7 0.0329999999999999 0.331 4.288 0.125999999999999 0.999770194803408 -0.0210517333592923 -0.00166115275890437 0.000679634030763267 -0.00362777816596135 0.699350446480039 0.999846645856718 0.0145210926174102 -0.00514137346379624 0.0067851767696949 0.00483221412787138 0.69799380635403 0.999770192879381 -0.0210518335383267 -0.00166102243437254 0.000679634115652808 -0.00362778672772797 0.699349973503128 0.999846645143446 0.0145211378236491 -0.00514136540626854 0.0067851779964124 0.00483223271574531 0.697993378731024 0.00300000000000011 0.00200000000000067 0.0429999999999993 0.0409999999999986

 3889 89 1000 5 0.7 0.0350000000000001 0.347 4.387 0.151999999999999 0.999685932646385 -0.00587488804996251 0.00275549352466909 0.0240795045029308 0.00247112882231469 0.706638311144382 0.99973313771664 0.0183476071745903 0.00227429027894558 0.0111347253039535 -0.00823797052326738 0.68291371849079 0.999685934222195 -0.00587486443088242 0.00275549250972126 0.0240794454868434 0.00247112369003091 0.706637732916602 0.999733189281179 0.0183465397284097 0.00227905588627793 0.0111314943218959 -0.00823713955843115 0.683144240145165 0.00300000000000011 0.000999999999999446 0.0440000000000005 0.048

 3893 93 1000 5 0.7 0.0269999999999997 0.329 4.306 0.135999999999999 0.999753980733305 0.0111775226653931 0.0166491168316862 0.00440101267662428 -0.00839517665804903 0.700612443981806 0.999911632321149 0.00190805698776958 0.00892232113563674 -0.00217647543038936 0.00942029764071741 0.701092809148742 0.999753980148665 0.011177484071096 0.0166491686194904 0.00440105124995745 -0.00839517474023301 0.700611972080234 0.999911632305541 0.00190805450728675 0.00892234072798518 -0.00217647921140538 0.00942028036961927 0.701092308845989 0.00300000000000011 0.00100000000000122 0.0440000000000005 0.0399999999999991

 3892 92 1000 5 0.7 0.0459999999999998 0.319 4.381 0.148 0.999777201996895 -0.00220779567175998 0.0182231446457259 -0.00663523646659227 -0.00803508816285426 0.704534577937429 0.999788238901507 -0.00378852902042039 -0.00432567319856551 -0.00728931083221489 0.0183651545339528 0.708883926741698 0.999777201553189 -0.00220780372953338 0.0182231690132366 -0.00663525540870567 -0.0080350702512353 0.704534052078441 0.999788238449509 -0.00378853554166541 -0.00432565987557788 -0.00728928214841511 0.018365192318038 0.708883517984475 0.00300000000000011 0.000999999999999446 0.0429999999999993 0.0389999999999997

 3904 4 2000 5 0.7 0.122 0.375 8.974 0.486000000000001 0.999947304533332 0.000196424841255606 -0.00124795929651665 -0.00845365572385726 0.00568576083751701 0.703031217931707 0.999918833639943 0.0107316432883219 -0.0022448546820728 0.00326441848969238 -0.00560911435506354 0.701164949776945 0.999947304779864 0.000196439102179842 -0.00124794755676616 -0.0084536306763221 0.00568575680521318 0.703030725350421 0.999918833781354 0.0107316477607703 -0.00224485617383478 0.00326441349242378 -0.00560908290049349 0.701164424577241 0.246 0.336 8.194 8.229

 3903 3 2000 5 0.7 0.0630000000000002 0.381 9.043 0.293999999999999 0.9998628948341 0.00944490819899885 0.0110124846876537 -0.00767824967167031 -0.00218057471107922 0.700643038984969 0.99973917944101 0.0167740819733248 -0.00483721309635934 0.00634777966920005 -0.0132857189229766 0.701716444106882 0.999862895110933 0.00944488640101312 0.0110124787898359 -0.00767826045840434 -0.00218053399231274 0.700642591413667 0.999739179049862 0.0167740749257061 -0.00483723434639717 0.00634780932295572 -0.0132857353493298 0.701715996716961 0.343999999999999 0.295999999999999 8.349 8.494

 3902 2 2000 5 0.7 0.169 0.373 9.121 0.290999999999999 0.999971215258339 0.00144359755560004 -0.00365951795332806 0.0034458272035962 0.00549717055322289 0.70056030772351 0.999974436623958 -0.00310340047047523 -0.00582619890105145 0.00147002260194241 -0.00232151761422822 0.704849359112464 0.999971215345269 0.00144360671767107 -0.00365950125125405 0.0034458039298547 0.00549717804146067 0.700559879334518 0.999974436453058 -0.00310345079366311 -0.00582619315216089 0.0014700168935946 -0.00232154199758335 0.704848861519388 0.436 0.366999999999999 8.28 8.423

 3901 1 2000 5 0.7 0.104 0.378 9.383 0.265000000000001 0.999876824759681 -0.012846631068262 0.00889789658119154 0.000816666585479739 -0.00120825113797639 0.699741000974432 0.999813591884576 -0.012485679596147 0.0109037327268084 0.00243087360228077 0.00959628855534538 0.698994589875347 0.999876825015845 -0.0128466231438406 0.00889787867446619 0.000816674664175734 -0.00120824981728253 0.699740584332736 0.999813591998636 -0.0124856866174626 0.0109037271663523 0.00243085482046388 0.00959627861203341 0.698994160704681 0.433 0.314 8.383 8.461

 3913 13 2000 5 0.7 0.179 0.468 20.808 0.263999999999999 0.999978309571533 -0.000481513193740994 -0.00254115325946658 -0.00578637833636017 -0.00179133954471885 0.702064704299196 0.999960488332951 -0.00546712213740916 -0.00186452794550735 0.00491160955752793 0.0046402559794647 0.700117727829925 0.999978309580067 -0.000481526892043287 -0.00254116009443559 -0.00578637986592079 -0.00179131646139695 0.702064256490903 0.999960488237241 -0.00546712505876114 -0.00186454399416114 0.00491162436487253 0.00464025104092696 0.700117292558087 0.423000000000002 0.638999999999999 40.266 42.443

 3905 5 2000 5 0.7 0.0390000000000001 0.62 21.145 0.266999999999999 0.99994759337779 -0.00508419091205156 -0.0077612990866719 4.55663591556543e-05 0.00432685346761001 0.702216851988927 0.999810093134619 -0.00832623425126631 0.0024012366198612 -0.0172303787262069 -0.00279277657266263 0.700397903589963 0.99994759347919 -0.00508418633782132 -0.00776129996300831 4.55761670629043e-05 0.00432683373343794 0.70221641734705 0.999810093223326 -0.00832621578860442 0.00240120873154951 -0.017230386277762 -0.00279277724715882 0.700397450765025 0.439 0.681999999999999 41.128 41.511

 3912 12 2000 5 0.7 0.199 0.605 20.986 0.331 0.999889890864727 -0.0080651648242833 -0.00599483844676802 -0.0107217458986471 -0.00206526990070508 0.708494556270515 0.99997669170827 0.000996684707286131 0.00466257412193614 -0.00252326136639548 0.0041852376769467 0.700126459697403 0.999889890698067 -0.00806515485203919 -0.00599485659212131 -0.0107217593028852 -0.00206526727341113 0.708494154158361 0.999976691771143 0.000996664061731514 0.00466256419225229 -0.0025232633720864 0.00418523742416697 0.700126035921844 0.657999999999998 0.719999999999999 42.183 41.481

 3908 8 2000 5 0.7 0.0530000000000004 0.866 21.104 0.308999999999997 0.999924506545221 0.00102050524724444 0.000617140070344504 -0.0114324167281361 0.00434266798456801 0.701643039740007 0.999911819801632 -0.00284287050872228 -0.00545966311320485 -0.0116993886179827 0.00125979876002709 0.705979577873273 0.999924506348792 0.00102050515101595 0.000617152263980984 -0.011432423272434 0.00434269427466239 0.701642574434616 0.999911819756426 -0.00284285649040293 -0.00545963882536827 -0.0116994069088584 0.00125980166926156 0.70597913446606 0.622 0.949999999999999 42.103 41.253

 3928 28 2000 5 0.7 0.113 0.419 20.272 0.27 0.999922899957637 0.000146035521373342 0.00806761382339178 -0.00880067378556853 -0.00341094738342998 0.699536329727427 0.999675673208128 0.00144907193466874 0.0095098166495164 -0.0146385009462551 -0.0184858395466389 0.701916779855893 0.999922899942837 0.000146032386326746 0.00806762233051541 -0.00880067397999675 -0.00341093123357366 0.699535930414687 0.999675672441957 0.00144908291236651 0.00950984569453541 -0.0146384750847453 -0.0184858856561831 0.701916318841572 0.474 0.614000000000001 40.788 42.152

 3906 6 2000 5 0.7 0.032 0.443 21.418 0.262999999999998 0.999943781949359 -0.00129306062732748 0.00733712598694168 -0.00670438890478438 -0.00346102393687568 0.696461428691178 0.999919974737337 -0.00576047689842898 0.00405922570280219 0.00154038046347906 -0.0103928312748493 0.703338216773465 0.999943781845823 -0.00129302896313257 0.00733710217451822 -0.00670446502678089 -0.00346096870228982 0.696466381942221 0.999919974939339 -0.00576045662548684 0.00405921528743202 0.00154037831651845 -0.0103928274626797 0.703337742660353 0.381 0.701000000000001 41.488 42.455

 3909 9 2000 5 0.7 0.0649999999999999 0.724 21.055 0.314 0.999955104123545 -0.00227337840658915 0.00191522922600822 -0.00854113368620694 0.00282885493751769 0.705283316338149 0.99990849402443 0.00394335848645432 0.0110570353388074 -0.00650478246317273 0.00169802127995425 0.703795307952528 0.9999551041344 -0.00227339303513354 0.00191524671037344 -0.00854111943463364 0.00282887053614696 0.705282838476857 0.99990849424721 0.00394336039614349 0.0110570139164156 -0.00650478523428143 0.0016980145379739 0.703794850494191 0.692 0.855 42.026 41.657

 3923 23 2000 5 0.7 0.145 0.443 20.824 0.823999999999998 0.999865340648065 0.0112137087682368 -0.00321034249351445 0.00709673875679688 0.00910402693769009 0.699796819603958 0.999885438689882 -0.00888341008583337 -0.0112488757130153 -0.00249538007603596 -0.0041749724140257 0.698910921081833 0.999865340832968 0.0112137100760275 -0.00321034170388291 0.00709673525038431 0.00910400803130346 0.69979641013021 0.99988543865687 -0.00888340285333408 -0.0112488772122612 -0.00249539909243698 -0.00417498030373866 0.698910507023802 0.626000000000001 0.786000000000001 41.566 42.347

 3911 11 2000 5 0.7 0.204 0.449 20.913 0.347999999999999 0.9998625520424 -0.00170220442698595 0.010904419453119 -0.00496549590816303 -0.0113321229310415 0.703944640931582 0.999991248127884 0.000309105315265774 -0.00157930036836037 -0.00254190729137872 0.00290734229299963 0.703598728434936 0.999862552143132 -0.00170219792778365 0.0109044265326243 -0.00496550869499144 -0.0113321026041628 0.703944169710331 0.999991248042236 0.000309091718970285 -0.0015793138194912 -0.00254194429367323 0.00290733353925173 0.7035982074561 0.629999999999999 0.802999999999997 41.83 42.803

 3920 20 2000 5 0.7 0.127 0.436 21.219 0.5 0.999853433572606 -0.00569296111824355 0.00369937765276357 -0.0156356094908953 0.00159495692966123 0.69815576940801 0.999946658371154 0.000987965980508515 7.59606655692141e-06 0.00965098993194339 -0.00354438587313309 0.704851710405572 0.999853434067667 -0.00569295997739458 0.00369935303240469 -0.0156355840212533 0.00159495744312488 0.69815534382082 0.999946658389997 0.000987989975631863 7.57630210253502e-06 0.00965098176497357 -0.00354439614873215 0.704851223619652 0.861999999999998 0.938000000000002 41.32 42.341

 3932 32 2000 5 0.7 0.138 0.377 20.784 1.13 0.999867788253303 0.000507914382287621 0.0160502186364634 0.00211552752812716 0.00143633611230245 0.702284451065118 0.999895217339233 0.00855479945289362 -0.00929288217338229 -0.00470131991885885 -0.00528296132681638 0.705349405938546 0.999867788572415 0.000507893955702748 0.0160502015913259 0.00211550405530417 0.00143634623570214 0.702284001318282 0.999895217649235 0.00855476981234178 -0.00929288061031055 -0.0047013216288399 -0.0052829518785486 0.705348911317643 0.823 0.847999999999999 41.693 42.292

 3907 7 2000 5 0.7 0.0379999999999998 0.664 21.16 0.277000000000001 0.999808522713623 -0.0165728446807714 -0.00111163001972723 -0.0103439508509879 -0.000160274397191168 0.70088268215107 0.999839985125753 0.00164564128805325 0.0125612880506443 -0.0126296836060856 -3.38083400597248e-05 0.69523829189585 0.999808522690597 -0.0165728455545334 -0.00111162922786759 -0.0103439518340872 -0.000160269727374783 0.700882252783278 0.999839985109866 0.00164565105399087 0.0125613899812006 -0.0126295822817992 -3.37822222184448e-05 0.695266976627537 0.616000000000003 0.823999999999998 41.037 47.691

 3931 31 2000 5 0.7 0.0840000000000001 0.409 20.818 0.564999999999998 0.999840889052667 -0.00697023149908253 0.00266115909473819 -0.0157774686938187 0.0036881113202666 0.708772621793989 0.999966077686703 0.000826083400957422 -0.00443468774245743 -0.00600706569112507 -0.00337783488259907 0.698821281457701 0.999840888689268 -0.00697023173202437 0.00266118064805029 -0.0157774852874512 0.00368812285839819 0.708772218064259 0.999966077586727 0.000826070911705049 -0.00443469295745086 -0.00600707650025434 -0.00337784146443163 0.698820876345552 0.937999999999999 0.908000000000001 42.403 41.906

 3921 21 2000 5 0.7 0.138 0.391 20.88 0.863 0.999960976170716 0.00351874298658673 -0.00514301805019677 -0.00445713142093686 0.00439862800591842 0.705598971656429 0.999844121204209 0.00168787798609451 -0.0104443222803852 -0.000748842435680857 0.0141152303699433 0.697952228140393 0.999960976260485 0.00351875351076208 -0.00514300933067301 -0.00445712863467633 0.00439861219789572 0.705598481807448 0.999844121236192 0.00168788838809822 -0.0104443031928496 -0.000748851119644836 0.0141152405233624 0.697951828327795 0.965 0.791 42.365 42.682

 3910 10 2000 5 0.7 0.0869999999999997 0.842 21.056 0.314 0.999992755610582 0.00232371880958902 0.000100121927462779 0.00267683238454246 0.00138332976338163 0.706306441687932 0.999832482563352 0.00122304580272792 0.0174525690228886 0.00536547797928252 0.000361179627738284 0.696212855287987 0.999992755609841 0.00232371938068724 0.000100127404298328 0.00267681463219328 0.00138336329440083 0.706305970323772 0.999832481262288 0.00122289374227517 0.0174526607016521 0.00536545408055956 0.000361221169550002 0.696223665049285 0.734999999999999 0.947999999999997 43.099 45.703

 3919 19 2000 5 0.7 0.14 0.423 21.527 0.553000000000001 0.999773387218573 -0.0156288816429855 -0.00854969122057227 0.000485970886565562 0.0116438344380873 0.707265640299781 0.999787774973022 0.00387192658706282 0.0101161725021457 0.0114043464840474 -0.0133047786218314 0.698528298119426 0.999773387767781 -0.0156288695407661 -0.00854967927972903 0.000485962706536105 0.0116438126347637 0.707265214576007 0.999787775060843 0.00387194064948232 0.0101161698784586 0.0114043592302055 -0.0133047589994892 0.698527873225268 0.819999999999997 1.079 42.081 42.482

 3914 14 2000 5 0.7 0.169 0.431 21.011 0.588999999999999 0.999906890234558 -0.00401213334399418 -0.0117836045580607 0.00230882705398359 0.00509211436833022 0.704871480659868 0.999953687871571 -0.00566049042787124 0.00281668971620803 0.000980635878638394 -0.00718926786799317 0.695819936772326 0.999906890357778 -0.00401213613048644 -0.011783595461131 0.0023088087764304 0.00509211731511353 0.704871001296213 0.999953689245782 -0.00566044394107262 0.00281623890717455 0.000980698318192796 -0.00718928142210405 0.695838146154336 0.792000000000002 0.765999999999998 41.719 45.975

 3927 27 2000 5 0.7 0.148 0.365 20.667 0.300000000000001 0.999991164700707 0.00343146152960346 0.000946735105819615 -0.000478768072866998 0.0021840480916768 0.699585596181936 0.999904582469112 0.000465094368454156 0.00153190819552717 0.00905302868638225 -0.010310459416731 0.693076948022301 0.999991164666677 0.00343144596457988 0.000946753096893246 -0.000478795702660698 0.00218407427150754 0.69958516721852 0.999904573420561 0.000464971240339553 0.00153184414982354 0.0090538367638106 -0.010310642450711 0.693144403010459 0.649000000000001 0.978999999999999 41.459 48.763

 3915 15 2000 5 0.7 0.0589999999999997 0.575 21.718 0.541 0.9998099847406 -0.0129926665109637 0.009138594518343 -0.00624841701037622 -0.00941426603774464 0.69635035527203 0.999918857258585 -0.00861460184900522 0.000928658181275223 0.00518252101351018 0.00776830764040936 0.699157521185184 0.999809985124246 -0.0129927683232308 0.0091385815393931 -0.00624840611080816 -0.00941410461360421 0.696358469645427 0.999918857137198 -0.0086146321918126 0.000928674853274029 0.00518251229610675 0.0077682934392065 0.699157045529862 0.887 0.914000000000001 44.238 40.023

 3918 18 2000 5 0.7 0.127 0.407999999999999 20.823 0.459 0.999929449756325 0.000578800513617604 0.00449290107008442 -0.010013312647493 0.00450642982594487 0.705590864487814 0.999925209038684 0.00909681096223866 0.0078381682846182 -0.00188940605848862 -0.00134819210424577 0.692952141026506 0.999929449752177 0.000578817174081018 0.0044928802420903 -0.0100133221746793 0.00450642820257358 0.705590368116655 0.999925212472578 0.0090965800099758 0.00783764305147771 -0.00189138805252217 -0.0013474778010749 0.693022959673412 0.687999999999999 0.919 41.215 49.448

 3916 16 2000 5 0.7 0.175 0.447 20.734 0.452999999999999 0.999921213770828 -0.00592469275686201 0.00846933535286304 -0.00483073167508407 -0.00523437264381732 0.694165253798804 0.999828363141457 0.00361670042121623 -0.00918304955800361 -0.00358252629984058 0.0152643651051477 0.699565417108181 0.999921227272763 -0.00592496839294394 0.00846918475076732 -0.00482926154723756 -0.00523308144777888 0.694213918855118 0.999828362793245 0.00361668978394471 -0.00918308719136701 -0.00358251196863236 0.0152643711569464 0.699564991163273 0.599 0.853999999999999 49.015 40.068

 3925 25 2000 5 0.7 0.131 0.379 20.724 0.923999999999999 0.999907163777376 -0.00340895915423478 0.0113627863045134 0.00269548268648084 0.00613712348366884 0.704064479537134 0.999829827411236 0.0131143798044052 0.011212291740472 0.00371456549721707 0.00536803299700593 0.695784658440728 0.999907163802194 -0.00340895870144605 0.011362782025284 0.00269547856392346 0.00613712942525709 0.704063981712451 0.999829821980069 0.0131144232422951 0.0112128251554821 0.00371418489223783 0.00536808764306818 0.695803480992024 0.882000000000001 0.849999999999998 42.086 46.138

 3926 26 2000 5 0.7 0.111 0.399 20.84 0.641000000000002 0.999953885725254 -0.0062814186564545 -0.00602520954282873 0.0040554893731444 -0.000141628168118008 0.700809451464768 0.999871017442537 -0.00172069324828098 -0.00994864734764613 0.000153583161321799 0.0124895364740165 0.693465414169053 0.99995388559666 -0.00628140525820685 -0.00602525092602069 0.00405547949754257 -0.000141652561645525 0.700809006538706 0.999871010907005 -0.00172081859231142 -0.00994955006526671 0.000153450839027732 0.0124893249423574 0.69352582365378 0.823 0.774000000000001 42.045 46.925

 3917 17 2000 5 0.7 0.198 0.435 20.584 0.263999999999999 0.999885421251839 0.00274103748449887 0.0111453077371521 0.00782237205461102 0.00601861216758797 0.704006712430534 0.99987227309756 -0.00630057222534053 0.0104518091033742 0.0101517894288535 0.00185503051486084 0.692472691137244 0.999885421447882 0.00274104383132105 0.0111453036952088 0.0078223611160469 0.00601859840981022 0.704006208396769 0.999872255723594 -0.00630063967714419 0.0104528360707275 0.0101525457622829 0.00185424013915268 0.692551082281083 0.567 0.961000000000002 42.795 47.999

 3924 24 2000 5 0.7 0.146 0.375 20.914 1.385 0.999806854740075 0.00482109305736641 -0.0150012226702693 0.00818150872875511 0.00842831595328984 0.697560081083601 0.999965335315183 0.00199003709127548 -0.00388099784272753 0.000929289752716432 0.00703151453598362 0.692793095201771 0.999806854840621 0.00482110448068125 -0.015001225422785 0.00818149079712051 0.00842830999927941 0.697559709799662 0.999965340660197 0.00199001698974621 -0.00388200897614578 0.000929092173381493 0.00703022793073935 0.692865785421102 0.884 0.718 41.538 47.05

 3922 22 2000 5 0.7 0.151 0.428 21.014 1.166 0.999851393055843 0.0129919393648628 0.005206520269488 0.0065678097706651 -0.0076260958117263 0.696787552893089 0.999931326152426 0.000991186535466306 -0.00582575947557944 0.0101096229122768 -0.000465380925575648 0.694082916898026 0.999851393437203 0.0129919173965969 0.00520654127018135 0.00656777804678717 -0.00762609622112007 0.696787411490785 0.999931331799059 0.000990838516889702 -0.00582540063168051 0.0101093061207972 -0.000465363115148521 0.694133242191996 0.727999999999998 1.025 40.512 45.121

 3929 29 2000 5 0.7 0.125 0.375 21.175 0.98 0.999896934739613 0.00775493880071703 0.0046655938401356 -0.00618415137938901 0.00927196464401022 0.701817031859044 0.999927183228459 0.00476428877783768 -0.00218963003886236 -0.00596963908847979 -0.00908288074823007 0.691203750723841 0.999896934876413 0.00775496389575543 0.00466557201939019 -0.00618413944858131 0.00927194783968433 0.701816544673393 0.999927160177776 0.00476305842404726 -0.00219081849219767 -0.00596972138633615 -0.0090857225447955 0.691304664393703 0.989000000000001 1.015 41.466 45.139

 3930 30 2000 5 0.7 0.14 0.484 21.091 0.562000000000001 0.999941223370059 0.00297160149675435 -0.0043815324265888 0.00667869806662644 0.006701981458023 0.699678579112955 0.999918327325028 -0.00170988895479852 -0.0124628233723529 0.0020220134484885 0.00100222476720265 0.690470600536042 0.999941223423521 0.00297160612721786 -0.00438152428244635 0.00667867500462265 0.00670199973460089 0.699678148393005 0.999918301549965 -0.00171077600655193 -0.0124649587360143 0.00202140579508907 0.00100109600434443 0.690584309624761 0.882999999999999 0.945000000000004 41.965 43.335

 3933 33 2000 5 0.7 0.151 0.648000000000001 99.298 0.331000000000003 0.999977840664336 -0.0013021216031465 -0.0034539090747095 -0.00398295128264737 -0.00385087922504269 0.701261806022465 0.999878546815091 -0.00634731990501714 0.0022806633919599 0.00865919492203273 0.0110643602056502 0.699903451322414 0.999977840771855 -0.00130209265637044 -0.00345388344665855 -0.00398296043241274 -0.00385087461545516 0.701261323979186 0.999878546655018 -0.0063473087687108 0.00228067229450492 0.00865919798415296 0.0110643768283353 0.699902988256874 0.216000000000008 0.242999999999995 7.666 7.878

 3934 34 2000 5 0.7 0.241 1.489 96.551 0.278000000000006 0.999793104934804 -0.0126116754505439 -0.0112704041235568 -0.00981469511331281 -0.00559845674079047 0.702807241879257 0.999805226184379 -0.00307533074257389 0.0185551794278052 0.00454868546007805 0.00388159918263751 0.701617103815509 0.999793105111105 -0.0126116523243435 -0.0112704200723978 -0.00981469858065346 -0.00559843916701189 0.702806771155494 0.999805226358357 -0.00307534477696272 0.0185551721739491 0.00454866818684638 0.00388159816818498 0.701616650942944 0.281000000000006 0.177999999999997 7.637 7.78700000000001

 3935 35 2000 5 0.7 0.289 4.223 90.62 0.355000000000004 0.999861083067306 0.00131551532195408 0.013199830138945 -0.00874433613367917 -0.00503835854170921 0.698885711813031 0.999925410393413 -0.00540329177975486 0.00816347444669309 0.00134717844811234 -0.00717780486604474 0.700810497198741 0.999861082403408 0.00131552717376941 0.0131998587067693 -0.00874435637779667 -0.00503837721883083 0.698885323906465 0.999925410377315 -0.00540329696532533 0.00816348029967426 0.00134719608153449 -0.00717779323866472 0.700810063821587 0.275999999999996 0.202999999999989 7.556 7.386

 3936 36 2000 5 0.7 0.237 2.434 95.311 0.388999999999996 0.999578098283149 -0.000713440648430851 0.0111639534777224 0.00830844597760143 0.0254843540877225 0.706310128826492 0.999925096155742 -0.00011028746673812 -0.00574924318114872 0.0085056039198683 0.00666264357491548 0.70352267228832 0.999578098889144 -0.000713412621656617 0.0111639374480823 0.00830842345558599 0.0254843454680213 0.706309654774228 0.999925096060686 -0.000110284187576015 -0.00574924697866354 0.0085055928002184 0.00666266881373086 0.703522196860387 0.275000000000006 0.259 7.96000000000001 7.114

 3942 42 2000 5 0.7 0.0649999999999995 0.518999999999998 19.34 0.260999999999999 0.99990621053359 0.00872295954159551 0.00719558612679782 0.00408924895101017 0.00655604274701756 0.70083401520629 0.999956383618523 0.00586734269032931 0.00582756311115527 0.00427631203429148 -0.000746869392600123 0.697522001149265 0.99990621075664 0.00872295294959433 0.00719558851045626 0.00408922924841397 0.00655602717192736 0.700833577003522 0.999956383606735 0.00586734088504765 0.00582756583072919 0.00427631498478659 -0.000746861244119258 0.697521603831246 0.183999999999997 0.243000000000002 29.101 35.083

 3941 41 2000 5 0.7 0.0569999999999986 0.503 19.343 0.276 0.999929528810904 -0.011011148600044 -0.00329398342463581 0.00198162171731593 0.00221694994962335 0.704183256288983 0.999656638428064 0.0155490232168507 -0.0110301594535811 0.0165340335111876 -0.00705651769530361 0.69675992091565 0.999929529075518 -0.0110111327277992 -0.00329396752304191 0.00198160651682456 0.00221694664656226 0.704182763288833 0.999656638570101 0.0155490107021999 -0.0110301657730309 0.016534022754922 -0.00705654047455475 0.696760232101452 0.248000000000001 0.314999999999998 32.669 34.363

 3938 38 2000 5 0.7 0.0980000000000008 0.413 19.733 0.311000000000003 0.9997740104731 0.00262974503610173 0.00460363605768888 -0.0204690634762413 -0.0021991814459733 0.700931500306581 0.999910253897005 0.00465220301705687 0.0112601461852137 -0.00485154379179013 0.00274094681431072 0.700875277473922 0.999774011299087 0.00262977331144355 0.00460366818457907 -0.0204690113523058 -0.00219919002565959 0.700931067926689 0.999910253909997 0.00465222292323591 0.0112601444693332 -0.00485153780394671 0.00274092593567173 0.700874837888345 0.402999999999999 0.433999999999997 32.615 35.234

 3937 37 2000 5 0.7 0.0619999999999994 0.611000000000001 19.586 0.274000000000001 0.999747890763649 0.0206748512270198 0.00466345719320923 -0.0064960418350569 -0.00357198094345859 0.705777290250004 0.999797997920068 -0.00447071696595648 0.00989292232110234 -0.013561549794486 -0.0101089316920226 0.695606982504257 0.999747890722056 0.0206748581140437 0.00466345829465036 -0.0064960234319469 -0.00357198475212624 0.705776778389768 0.999797989829996 -0.00447067247369142 0.00989339987547318 -0.013561978971628 -0.0101087083650615 0.695629139892095 0.188000000000002 0.460000000000001 31.383 40.275

 3947 47 2000 5 0.7 0.121 0.399 19.997 0.667999999999999 0.999925641321205 -0.00522017360735304 0.00909191635893239 0.00234036458242537 0.0057724662346772 0.702225635130152 0.999780428759777 0.00970234288546058 -0.00813819717921352 0.00942319307111065 0.0137815815662312 0.701592472389235 0.999925641585856 -0.00522019073923606 0.00909188772212275 0.00234032708483447 0.00577246520511322 0.702225191934748 0.999780428999824 0.00970232938209721 -0.00813820472871048 0.00942319791933677 0.013781565885506 0.701591995166727 0.538999999999998 0.706 34.218 35.028

 3943 43 2000 5 0.7 0.0800000000000001 0.608000000000001 19.471 0.385000000000002 0.999964948594343 -0.000696558240685334 -0.00489902595732077 -0.00244211195590807 0.00629698524644761 0.696573292030429 0.999961548370129 0.00410781667258285 -0.00470632686530992 -8.30177029804637e-05 -0.00615395961114001 0.695171204826151 0.999964948831266 -0.000696452235041622 -0.00489896927339187 -0.00244228129463678 0.00629693777198613 0.696576539558732 0.999961549264368 0.00410742073165804 -0.00470656099928596 -8.33468183978116e-05 -0.00615389507598639 0.695201216055741 0.420999999999999 0.478000000000002 31.927 40.964

 3950 50 2000 5 0.7 0.136 0.458 19.891 0.460999999999999 0.999867816598933 -0.0141596927722992 0.00410339990455713 -0.00626268932284241 0.0027916414427511 0.701848297229557 0.999946356847042 0.00572702030725783 -0.00461211974219154 -0.0069572806068687 -0.00219300359523213 0.700718576672162 0.999867816733464 -0.0141596835171616 0.00410336636283802 -0.00626271112349659 0.0027916405974444 0.701847841624522 0.99994635677779 0.00572701720648418 -0.00461213968740744 -0.00695728081582828 -0.00219300065991215 0.700718131399862 0.477 0.763999999999999 34.24 35.209

 3940 40 2000 5 0.7 0.121 0.591000000000001 19.491 0.257999999999999 0.999844028915683 0.0029668720505037 0.00267620302361604 -0.0172032801624783 2.45136455802212e-05 0.703737729713879 0.999904413290901 0.0108810773295136 -0.00297663003622346 -0.00764398638581004 -0.00233999642922033 0.693903971816876 0.999844028618492 0.00296689114172902 0.00267619996997998 -0.0172032946217204 2.45107423769783e-05 0.703737219042397 0.999904408578726 0.0108812672290238 -0.00297655796397907 -0.00764441311467487 -0.00233982459555073 0.693957135436649 0.258000000000003 0.366 32.162 41.615

 3951 51 2000 5 0.7 0.128 0.481999999999999 20.072 0.711000000000002 0.999795403874319 0.0134994796746468 -0.0150133677541538 0.00113887974395564 0.000464953661886353 0.706968683756503 0.99982911487985 -0.0128860682652363 -0.00263063318404623 0.00741235068349255 0.0106689788468912 0.699802229832821 0.999795403904212 0.01349949764139 -0.0150133521152297 0.0011388595366273 0.000464922213285165 0.706968259212927 0.999829114329043 -0.0128861129561823 -0.00263064154488332 0.00741233905242858 0.0106689825060939 0.699801796199538 0.527000000000001 0.684999999999999 34.533 35.718

 3952 52 2000 5 0.7 0.0830000000000002 0.423999999999999 19.84 0.802 0.999949926928501 0.00405547061109742 -0.00755029945779336 0.00481128657678551 0.0018818324533056 0.701738011034777 0.999936249124553 0.00680638015025825 0.00552139063207133 0.00189748961055405 -0.00686182589664989 0.700639047765369 0.999949926760238 0.00405549235674497 -0.00755030151475335 0.00481128678674105 0.0018818662096301 0.701737555551039 0.999936249452903 0.00680638144535966 0.00552137387438302 0.00189752290035249 -0.00686178104168517 0.700638615153643 0.637 0.622 35.663 34.828

 3945 45 2000 5 0.7 0.115 0.491000000000001 19.574 0.306000000000001 0.99998310878209 -0.00402732561533004 0.00215437717807168 0.00212792673917089 -0.00289713404290941 0.70516960184211 0.999969290691583 -0.00236135087551131 0.00697850161471523 -0.00218789793374608 -0.00153470311798638 0.693911106308738 0.999983108730613 -0.00402733497253864 0.00215438711782406 0.00212791165862959 -0.00289714248830593 0.705169136060798 0.999969295480672 -0.00236105342668778 0.00697840687311256 -0.00218719527790147 -0.00153347218247351 0.693964732777196 0.427000000000003 0.408999999999999 32.38 42.521

 3949 49 2000 5 0.7 0.0739999999999998 0.553 19.974 0.912999999999997 0.999958317360542 0.00537999193848229 0.00719058790822889 -0.00142193032052499 -0.000832338821544629 0.708244058921091 0.999927977628081 -0.00959012343608199 -0.00687387739661497 -0.00142790632485803 0.001667327850497 0.704994022032641 0.999958317374446 0.00537998791912436 0.00719058667282331 -0.00142193773552326 -0.000832346102344694 0.708243640019438 0.999927977468339 -0.0095901378470792 -0.00687386814136094 -0.00142792013115272 0.00166736709379997 0.704993522058464 0.601000000000003 0.654000000000003 34.828 34.384

 3948 48 2000 5 0.7 0.101 0.487 19.408 0.261000000000003 0.999948110528152 -0.00400354099705774 -0.00233710747170609 0.00433506157620027 -0.00796825454285116 0.701646939989287 0.999951797897304 -0.00241391857616246 -0.00662391739944598 0.00678492501095194 0.000814487530787354 0.691914846260512 0.999948110481374 -0.00400356352104002 -0.00233708701619543 0.00433505250560254 -0.00796826003066058 0.701646497844632 0.999951802136105 -0.0024141030934105 -0.00662416607561955 0.0067835194399372 0.000818412378316206 0.692003471409147 0.442 0.398 32.557 42.942

 3957 57 2000 5 0.7 0.101 0.394 19.948 1.084 0.999971294695528 0.00641682955578206 -0.00331881589757858 -0.000176024842331514 0.00227784101598705 0.697492592518225 0.999980479134271 0.00124714257726174 0.00213227834904308 0.00458115388440858 -0.00345722488639005 0.697884885851817 0.999971294762522 0.00641682605091078 -0.00331881082836631 -0.000176013505194489 0.00227782974127399 0.697492217667305 0.999980479212308 0.00124714279563165 0.00213229204261539 0.00458113277471637 -0.00345722176263018 0.697884474319696 0.724 0.881 34.06 33.922

 3953 53 2000 5 0.7 0.0819999999999999 0.479 19.952 0.600000000000001 0.999943397973619 0.00311748206732946 0.00263906324160917 -0.00736558351390574 -0.00650120598340291 0.693738464459998 0.999835350198567 0.0110558307412591 -0.00193353468298673 0.0130957491602392 0.00563949443576687 0.700864541722291 0.999943402019151 0.00311672553839076 0.00263883616590626 -0.00736553109059679 -0.00650109804018177 0.693794468429821 0.999835350728386 0.0110558113084434 -0.00193353165777245 0.0130957165264066 0.00563951541762404 0.700864094078084 0.454000000000001 0.663 41.191 32.774

 3939 39 2000 5 0.7 0.0930000000000017 0.489000000000001 19.826 0.451999999999998 0.99993926479513 -0.00605561363132893 -0.008623916175969 -0.00321482893134934 0.000298679183102103 0.705696642439272 0.999777471643031 -0.00761121892895156 0.000186796833237544 0.00708373461646328 -0.0183538102940611 0.690695024768696 0.999939265258325 -0.00605559704927987 -0.00862387092444497 -0.00321483826206639 0.000298670795686052 0.705696180967295 0.999777473405791 -0.00761079243486822 0.000186055951074035 0.00708387516047467 -0.0183538444130781 0.690805202755534 0.286000000000001 0.565000000000005 34.137 40.582

 3956 56 2000 5 0.7 0.0969999999999995 0.388999999999999 19.495 0.465 0.999989121513086 -0.00292303748428248 0.00313138911470702 0.00116006567134115 -0.00143574273518755 0.705657246023381 0.999776569782996 -0.0125957312620287 -0.000430730926759781 0.000212820469284134 0.0169684190553258 0.694252899969458 0.999989121464566 -0.00292303015539212 0.0031314077148566 0.00116009023111738 -0.00143573103844854 0.705656763127921 0.999776581862171 -0.0125962157625228 -0.00043156199477853 0.000212813395549259 0.0169673266356449 0.69430008779823 0.495000000000001 0.706 35.66 38.807

 3944 44 2000 5 0.7 0.0949999999999998 0.530000000000001 19.915 0.450000000000003 0.999915491406397 -0.000224192626359964 0.000823764751984705 -0.00477146118361452 -0.0120629330171588 0.709296708250835 0.99975625244105 0.00231090539064535 0.0112174770970865 -0.0151313106989282 0.0112830432690595 0.690916658448405 0.99991549154953 -0.000224180933374634 0.000823764958796825 -0.00477146083483973 -0.0120629214938334 0.709296326831946 0.999756271153144 0.00230994221023988 0.0112188011947356 -0.0151316742572621 0.0112797779619473 0.691021226127778 0.389000000000003 0.729999999999997 34.353 40.316

 3946 46 2000 5 0.7 0.0410000000000004 0.524 19.808 0.462 0.999778936410417 0.00836977168757274 0.00242588692521312 -0.00619577513569178 -0.0181039408706047 0.702877504399217 0.999943064091783 0.00757216815553868 -0.00526405060355657 0.00521598725562732 -0.00127046934381962 0.692380428109887 0.999778936452847 0.00836979710453521 0.00242588571237856 -0.00619579037188277 -0.0181039217249269 0.702877026823951 0.99994307686926 0.00757041086939981 -0.00526417166647525 0.00521601825860039 -0.00127025615393039 0.692460781235194 0.501999999999999 0.677 35.586 38.59

 3954 54 2000 5 0.7 0.0499999999999998 0.388 20.925 2.309 0.99994635181297 0.00415837609555015 0.00456957497870256 -9.46056503434598e-05 -0.00831332896403848 0.707564882767043 0.999862224896207 -0.00792661128450881 -0.000706449259013826 -0.0144627524173948 -0.00174062664226119 0.69682335510342 0.999946351814275 0.00415838843818365 0.00456957991092624 -9.46546858682662e-05 -0.0083133193639619 0.70756444795764 0.999862224741 -0.00792663014336932 -0.000706430008756418 -0.0144627522322713 -0.00174063926736653 0.69682296848266 0.957999999999998 1.098 35.027 29.897

 3958 58 2000 5 0.7 0.0809999999999995 0.424 21.95 2.36 0.99994977114761 -0.00568557277128904 0.00611988963627819 -0.00534937843639304 -0.00143545995722697 0.706098662944339 0.999972342425184 -0.00517988189334923 -0.00436982237433866 -0.00142263789257585 0.00271366212062587 0.698721048769318 0.999949771043147 -0.00568557010647442 0.00611989390195929 -0.005349388411585 -0.00143548792174061 0.70609816817035 0.999972342184867 -0.00517991080296111 -0.00436983884514174 -0.00142261542401792 0.00271368074909858 0.698720600532208 1.084 1.17899999999999 34.47 27.418

 3959 59 2000 5 0.7 0.0389999999999997 0.406000000000001 20.292 2.263 0.999958726461247 -0.00856472174489815 -0.00297138363548132 -0.000470644656831375 0.0003745508389184 0.698585739497443 0.999976032358233 0.00210782151397598 0.00271407356733795 -0.00583325377267976 0.00144870723271853 0.710056551067926 0.999958726332579 -0.00856472855592261 -0.00297140566205626 -0.00047065548412589 0.000374550258785552 0.698585311920311 0.999976031862612 0.00210792244093375 0.00271399925829967 -0.00583326221352451 0.00144900768198749 0.710070269852803 0.905999999999999 1.075 35.098 31.237

 3955 55 2000 5 0.7 0.0960000000000001 0.37 20.871 2.073 0.999921834569109 0.00208876140390299 -0.011557195505908 0.0034665898240197 -0.00252503757896687 0.69588303863602 0.999961372219832 -0.00106478819330286 -0.00367440010701775 -0.00185889779106401 0.00769178634584858 0.692351402389333 0.999921831757409 0.00208873562687017 -0.0115574728022325 0.00346645801845066 -0.00252508408188645 0.695900064514265 0.999961371277902 -0.00106442675671492 -0.00367461194704317 -0.00185783350592329 0.00769211475480718 0.692431027641642 0.919 1.019 39.936 25.072
