
 1122 77 500 10 0.95 0.04 0.402 0 0.133 0.999987514463311 -0.00234924423523779 -0.000592549640209582 -0.000235701692563696 -0.000644872234538201 0.00337533882932868 0.0010020814746136 -0.00108038639452982 0.000926636708053055 -0.00205096772388599 0.949088042798701 0.999984570032356 0.000794102139611389 -0.00387469801751755 0.00104133130481661 0.00127267297487294 0.00307167987205258 0.000359558103423665 -0.000933737309601201 0.00135153093973486 -0.000498744795077789 0.947935341216563 0.999987503919677 -0.00234827576482159 -0.000593476321894708 -0.000233976744500629 -0.000645234459050996 0.00337734438098601 0.00100725612504575 -0.00107900878223236 0.00093195438591962 -0.00204951207849012 0.949281071822697 0.999984623990577 0.000796212189223139 -0.00386862635832127 0.00103488505477746 0.00126736353154368 0.0030707933331066 0.000363302136743455 -0.000925722180891853 0.00134357944630103 -0.000500433666149532 0.948223698429735 0.00300000000000011 0.00199999999999978 0.0630000000000006 0.0649999999999995

 1129 84 500 10 0.95 0.518 0.974 0 0.225000000000001 0.999969796642524 0.00419738954468192 -0.000321032206580653 -0.00290234369376721 0.00506949056031995 0.00142615119950674 0.000590492145510987 0.00198104874356296 -0.0014966769697854 -0.000118929765642185 0.946102370161685 0.999981084550267 -0.00138087965398753 -0.000281230291065736 -0.000782618195290721 -0.00181296618228428 0.000530244048251515 0.00219860964805922 0.000373574084014196 -0.00515938785842753 -0.00026720994312195 0.953732822935771 0.999969873605846 0.00419399738263601 -0.000317878300973825 -0.00289649435435397 0.00506561122967385 0.00141515316635717 0.000592952329649592 0.00197932645702038 -0.00149111595880162 -0.000125349104282558 0.945863582090064 0.999981086497149 -0.00138053764473719 -0.000280488954554061 -0.000782489752752526 -0.00181313748614778 0.000529669862052787 0.0021981601437087 0.000373251661961813 -0.0051593438945285 -0.000267820046069149 0.95367967547147 0.227 0.0410000000000004 0.0329999999999995 0.0299999999999994

 1125 80 500 10 0.95 0.624 1.021 0 0.262 0.999978573918648 0.00118214351426453 -0.00280327142858053 -0.00527726868963403 0.000958951358111374 -0.00146857425857122 -0.00015387529176311 -0.00135002991857646 0.000502620837125974 0.000755751719379389 0.947763807550188 0.99995772185487 0.00214714397841342 -0.00232742550990969 -0.00252400619614209 -0.000720026496191458 0.00115727108636725 0.00437529579574453 -0.00294670814812081 0.00614442774552232 0.000847791082018923 0.950339188095025 0.999978579194616 0.00118206974091677 -0.00280295986628649 -0.00527642416829669 0.000961413346990206 -0.00146227997393974 -0.000153078221717721 -0.00135151374185939 0.000507241142803266 0.000759429239915538 0.948069622139773 0.999957727871678 0.00214657519921492 -0.00232705550530376 -0.00252437660851242 -0.00072197658924956 0.0011583036503012 0.00437377656538004 -0.00294678463719267 0.00614419872526583 0.000848211871544124 0.95041779737738 0.145 0.0850000000000009 0.0329999999999995 0.0299999999999994

 1138 93 500 10 0.95 0.616 1.209 0 0.275 0.999981305971234 0.00284025282852497 0.000836196695909598 0.00413970251593457 0.00225585806872128 -0.00140612420750521 -0.00165781791021099 -0.00126390788653377 -0.000249983317844611 9.95698698437823e-05 0.94879246361251 0.999987142926695 -0.000824446438480568 0.00100604554102008 0.00109928674255077 0.0021292341950821 0.00387514807201128 0.000743335922636311 0.000636447366467927 -0.000662392338900032 0.00136635369160095 0.950428529290765 0.999981309962873 0.00284211570734241 0.000836660455354213 0.00413903574192279 0.00225298133463136 -0.00139855707558276 -0.00166263330825395 -0.00126614696531318 -0.000247283697783968 9.98598102054484e-05 0.949013244789723 0.999987145870134 -0.000823767813428623 0.00100729785650369 0.00109960983373222 0.00212966732252225 0.00387385317289357 0.000743809519146074 0.000637369207922604 -0.000660616874780202 0.00136659513457581 0.950498889837268 0.0080000000000009 0.0790000000000006 0.032 0.0289999999999999

 1137 92 500 10 0.95 0.549 0.894 0 0.434 0.999970250415575 -0.0024772517934823 0.00175207610295242 -0.000621263949881811 -0.0017078730683716 -0.000813909055304808 0.0061200580422087 0.00255153882778402 0.00147848963968681 -0.000418445916244474 0.949802842243077 0.999974435842447 0.0020591162474577 -0.0023811695767129 0.00283128919904163 -0.00325114692214431 0.000796411517567864 0.000150986084252076 0.00180863807242283 -0.000564392462815594 0.0042877499735177 0.950084365305377 0.999970232076237 -0.00247960785636331 0.00175050096858113 -0.000620414261788303 -0.00170873135115273 -0.000814946968144026 0.0061226036247461 0.00255066838598655 0.00147869963960484 -0.00041797177161101 0.949931246872517 0.999974438447174 0.00205924314946376 -0.00238132418348493 0.0028297677932596 -0.00325292005162638 0.000797490187745818 0.000149938014599236 0.00180741751556923 -0.000568087938909012 0.0042865179840834 0.950191117325245 0.00300000000000011 0.0560000000000009 0.0310000000000006 0.0300000000000011

 1126 81 500 10 0.95 0.531 0.996 0 0.285 0.999992495972157 -0.00248671674422188 -0.00031297483094168 -3.7782755557327e-05 -0.00149392611412815 -0.00125419831656208 0.00113325970959442 -0.000649536640525835 3.07408965095543e-05 0.0017924590252532 0.948713632312331 0.999979830775252 -0.00117820622692632 -0.00161331996196357 0.00105924374043698 -0.00158385908875379 0.00304281187317677 -0.00165860153607545 -0.00291522436786891 -0.00313745267559535 0.00153774478175989 0.950403776327385 0.999992485206405 -0.00248706470828858 -0.000309742670356922 -3.88581102180459e-05 -0.00149259735391906 -0.00125396661901707 0.00113609215331434 -0.000650857563367687 3.36859176133279e-05 0.0017974578016148 0.948938072001612 0.999979834776599 -0.00118012998453236 -0.00161412059893284 0.00105809409507867 -0.00158346646277444 0.00304221282737224 -0.00165924170638107 -0.00291387901311505 -0.00313782336441931 0.00153631071966451 0.950476270963268 0.131 0.120000000000001 0.032 0.0380000000000003

 1145 100 500 10 0.95 0.536 1.074 0 0.243 0.999988888974805 3.56150971031394e-05 -0.00185460542270926 -0.0015974549428696 0.0017372056542666 0.000571459254370866 0.00172545078974158 0.00227253026932157 -0.00170189972624289 -0.00135895137375142 0.946572778718173 0.999977864405491 0.00164908547755741 0.00203917735111718 0.00212820546953778 -0.00177150810368917 -0.00226891300331366 0.00476223760352569 0.000542944857372717 -0.00102181940003096 -0.000748127768057825 0.950735202737433 0.999988898066172 3.46203308328339e-05 -0.00184362161604019 -0.00159856661350751 0.00173656703619404 0.00057450276173706 0.0017276561428732 0.00227027168009455 -0.0017014975862955 -0.00136691191193738 0.946313041948669 0.999977871039201 0.00164907179956892 0.00203989784410707 0.00212784160078975 -0.00177177341734631 -0.00226871835685253 0.00476077649805588 0.000543678960920064 -0.00102166593713495 -0.000747299154316919 0.950773497125527 0.00600000000000023 0.00399999999999956 0.0319999999999983 0.0279999999999987

 1131 86 500 10 0.95 0.637999999999999 1.041 0 0.229 0.999978107027185 8.50362678439023e-05 -0.00191174898538454 -0.000795038142175967 0.00268859975409619 -0.000515057772418144 0.00367286349022408 -0.00347003121224705 0.00149297089132624 -0.00205852065091527 0.949848019470982 0.999991825644048 0.00132528971019095 2.86075691084757e-05 0.000120477148252065 -0.0011614718325224 -0.00222637102391764 -0.000264500427103212 -0.00109665284901359 -0.000464410160242758 0.00260439813289466 0.952273675097293 0.999978105226653 8.57207997844316e-05 -0.00191188675257711 -0.000796037431967015 0.00268793302054546 -0.000513432239049231 0.00367234587427176 -0.00347225592289128 0.00148968251224956 -0.00205968364584915 0.949976069777956 0.99999182562778 0.00132467921075862 2.86437130914704e-05 0.000120800481676358 -0.00116149512492665 -0.00222703742307313 -0.000264983863693848 -0.00109615688981075 -0.00046358507825507 0.00260442609442884 0.952236617241619 0.00200000000000067 0.164000000000001 0.032 0.0370000000000008

 1128 83 500 10 0.95 0.628 1.029 0 0.214 0.999984133595306 0.000807169893482669 0.000541432073460114 -0.002280750179247 0.000577654678020208 -0.00283576059286339 -0.000524811208567392 0.00219351313059808 -0.00157053695766543 0.0031076242174408 0.946843054056129 0.999995383131542 0.00152964110812282 -0.000202891275255503 0.000326113364400761 0.000340553088356035 -0.000439444215751136 0.000301770217267992 0.00047320935353078 0.00139202754672699 -0.00204562416193241 0.952287991647631 0.99998414263548 0.000799081618941236 0.000544272213131857 -0.0022727876770529 0.000579831005139424 -0.00283111778900118 -0.000529984026207408 0.00219362944233899 -0.00157447983571183 0.00311301111511101 0.946566513296241 0.999995382436252 0.00153050687384258 -0.000202459444343119 0.000326281779952305 0.000339195601838437 -0.000439437408944812 0.0003011090196716 0.00047270028284147 0.00139273633540964 -0.0020452920731516 0.952250944981374 0.0280000000000005 0.0789999999999988 0.0309999999999988 0.0289999999999999

 1143 98 500 10 0.95 0.428 1.017 0 0.0760000000000005 0.999951003998757 -0.00237240350537061 0.00664771551676081 0.00252353822010629 -0.00219267704001769 -0.00426994535664134 0.00430895065743059 -4.80919561801045e-05 0.000383561734224081 0.00021019654067044 0.948909177800874 0.999973557547618 -0.00270726262074903 -0.000800445502676074 -0.00212780522727836 0.000681818165068809 -0.00348015483759872 -0.00324324683808064 0.000675606812668925 0.0029783863901058 -0.00282213266246795 0.949597921394597 0.999951027807141 -0.00237130099175353 0.00664819471449245 0.00252396324866542 -0.00219554310469815 -0.00426629280121996 0.00430502385602722 -5.12902590261019e-05 0.000385836602832432 0.000208903900629309 0.949119246133381 0.999973559944824 -0.00270884754907998 -0.000801520628898983 -0.0021286561805125 0.000685569265385384 -0.00348053642350388 -0.00324158877690061 0.000681788958967163 0.00297537140216061 -0.00282103452681123 0.949747089066877 0.0269999999999992 0.111000000000001 0.0350000000000001 0.0300000000000011

 1142 97 500 10 0.95 0.526 1.054 0 0.0910000000000002 0.999980153039695 -0.00219085072750271 -0.00304596301493721 -0.00360748422192469 0.00149049705866082 -0.000235189169710723 -0.00202317297552822 -0.00230600190409028 -0.000936452566818455 0.000192754220511925 0.950062897026939 0.999979958713166 -0.000748980601489919 -0.000500957556360801 0.00124610088360344 0.00487422383370046 -0.00259605157749881 -0.00112282848822736 -0.0010468676491633 0.00143163788413158 -0.00167739968209904 0.952003952999111 0.999980158706965 -0.00219185761358514 -0.00304594721569442 -0.00360466528027782 0.00149080232247226 -0.000233176767975299 -0.0020242782169476 -0.00230551485694514 -0.000937998301882447 0.000191680808037676 0.950167454181364 0.999979961194824 -0.000749383319932405 -0.000501461691773208 0.00124524525194605 0.00487424463788108 -0.00259592120210728 -0.00112311813908758 -0.00104677065106311 0.00143149662185087 -0.00167635332351406 0.951969242030818 0.00700000000000145 0.154999999999999 0.0300000000000011 0.0309999999999988

 1133 88 500 10 0.95 0.592 1.12 0 0.282 0.999967721527428 0.000583363761937561 -0.00474039288588609 0.0010955163826179 -0.00106950694880951 -0.00580303250987693 0.00167021075756148 0.000911209074308023 -0.000103053429168861 -0.00144725661954603 0.946907883343609 0.999978546541513 -0.00148299598634646 0.00310359169728158 -0.0013529852860012 -0.0020568002970922 0.00333039465811771 0.000261596566952971 6.8951979806306e-05 0.00312773744026483 0.00201654267125831 0.948089944354892 0.999967704358839 0.000584324682565692 -0.00473608066149432 0.00109521614605513 -0.00107893210040086 -0.00580820216975666 0.00166683282574184 0.000912497989519045 -0.000105646396897733 -0.0014482379661144 0.946629435245794 0.99997856500097 -0.00147969960714831 0.00310467777376279 -0.0013469506868809 -0.00205519284335081 0.00332946316430173 0.000260506492469182 7.13937661636851e-05 0.00312789384549642 0.00201516854002688 0.948367122629731 0.0839999999999996 0.0969999999999995 0.0619999999999994 0.0609999999999999

 1135 90 500 10 0.95 0.534 1.165 0 0.185 0.999986193725494 -0.000516495498363926 -0.00284692531310341 -0.00144516663588827 0.00236418815735822 -0.000205837993337 5.06545920584735e-05 0.00225299694465749 0.0018939346426812 -0.00168961415179377 0.950234404398666 0.999978449116549 0.00158834044321848 -0.00209741139749224 0.00318881674670926 0.00262972724769056 -0.000663246176120021 0.00215009582206659 0.00306935317274461 -0.000877316088595692 -0.00196007778781354 0.949257762676673 0.999986193361532 -0.000515928728570212 -0.00284528397796032 -0.00144633867295262 0.00236501974720066 -0.000207588240446679 5.08701728019391e-05 0.00225297626235905 0.00189457283958322 -0.00168969229395501 0.950324178628512 0.999978459389766 0.00158370251912554 -0.00209902194924153 0.00318691162138545 0.00263088979755631 -0.000667570488422907 0.00214778272920675 0.0030709157406664 -0.000873065231721234 -0.00195892201341403 0.949438745704649 0.00400000000000134 0.0790000000000006 0.032 0.0560000000000009

 1130 85 500 10 0.95 0.493 1.552 0 0.164999999999999 0.99992922743166 -0.00859402157224408 -0.00145349144548014 -0.0028928054308034 -0.00237380294806826 0.00130106207116801 -0.00177871276988604 0.00676148231913545 -0.000943234304407284 -0.000321098620446111 0.947274405077509 0.999969594677511 -0.00107321859203055 0.00467285626935008 6.97409563846239e-06 0.00493345287771707 0.00281599203610244 -0.00109831793399403 0.00075556411671082 0.00105429455969588 0.00163242246836673 0.951798703087805 0.999929144019396 -0.00859995263399623 -0.00144908311134844 -0.00289189205759604 -0.00237494182273093 0.00130451515715754 -0.00178481217280432 0.00676447136847951 -0.000946742236108434 -0.000320651041165412 0.94696153942081 0.999969595608416 -0.00107283884371358 0.00467267165069506 7.50512789984269e-06 0.00493352015279911 0.00281596182608351 -0.00109905408185361 0.000754807717539696 0.00105450923820002 0.001632192535098 0.95176577286648 0.00300000000000011 0.0920000000000005 0.0329999999999995 0.0399999999999991

 1134 89 500 10 0.95 0.588 1.128 0 0.249 0.999959324435347 0.0025166258013514 4.35334501783754e-05 0.00077661171399034 -0.00131529063314506 -0.00295226428236828 -0.0033623025834974 0.00724636328918285 0.00016001503761578 -0.000353171668842867 0.949396268203703 0.999967168559706 -0.00458037262597783 0.00406137691979498 0.00114575555555333 0.00373119719842019 0.000974791701972316 0.00137763535542778 -0.00149740112488669 -0.00276737935015651 0.000451577069818056 0.952177210515388 0.999959339690621 0.00251592465200587 4.193374500389e-05 0.000774819121984474 -0.00131711351661827 -0.002953718604025 -0.00336207985518342 0.00724401265667077 0.000158657285929865 -0.000351100367268282 0.949563991979654 0.999967167540223 -0.00458066003384836 0.00406052189241297 0.00114595204420889 0.00373187388972884 0.000974872354251438 0.00137797939486935 -0.00149741753946809 -0.00276739169558848 0.000451164027353308 0.95214089174976 0.00699999999999967 0.152999999999999 0.032 0.0389999999999997

 1136 91 500 10 0.95 0.451000000000001 0.783 0 0.292000000000001 0.999980250340527 0.00268345616240647 -0.00256823082506081 -1.32479071803128e-05 0.00345722266470468 0.0016157454768281 0.00215904458394991 -0.00200277463749292 0.00140035919616193 -0.000710914342552518 0.946512227285826 0.999970679675454 -0.00164083960057775 0.00191797303335533 0.000971324942047532 0.0037171978381506 3.68110216857145e-05 -0.00373353254537957 -0.00192419970847762 0.00387035194570956 0.0022102021008969 0.951857991010727 0.999980261422256 0.0026831352596823 -0.00256483477735302 -1.32339227085877e-05 0.0034570727251279 0.00161524702056172 0.0021633974439089 -0.00199800661143203 0.00139952747729838 -0.00071247992186694 0.946260965771954 0.999970683903135 -0.00164142603187366 0.00191706592161327 0.000970983338939649 0.00371679345363445 3.67248868687588e-05 -0.00373318757591567 -0.00192461100055324 0.00387040715398158 0.00220960034235694 0.95182468625696 0.128 0.0850000000000009 0.0310000000000006 0.0399999999999991

 1127 82 500 10 0.95 0.605 1.132 0 0.217999999999999 0.999984870357064 4.58651241306162e-05 0.00152823669055949 0.00189635911464836 -2.78521541149924e-05 -0.00145175483995866 7.74777304824943e-05 0.00231352543163188 0.00121926166923608 0.00392070127465626 0.947224149214018 0.999983635461512 0.000111347789550257 -0.00162094127064051 -0.00241991297282534 -0.00195346064086786 0.00243536149778088 -0.000619278293415303 0.00268765929382961 0.0013946439840198 -0.0022212468167633 0.949670518966884 0.999984875194952 3.56761247449238e-05 0.00152742140295952 0.00189528303431251 -3.21885942188033e-05 -0.0014443213025887 7.84548469178969e-05 0.00231055349408567 0.00122346982213498 0.00392354475955186 0.946921491517223 0.999983662619987 0.000115060203403353 -0.00162117788450025 -0.00241818157858438 -0.00194968353251218 0.00243488819940304 -0.000615930661928339 0.00268604082503536 0.00139236570854167 -0.00221869777234149 0.94981668516389 0.00199999999999889 0.178000000000001 0.032 0.0460000000000012

 1124 79 500 10 0.95 0.698 1.419 0 0.202 0.999969128100046 0.00122588836440369 0.00436726918901496 0.00279585383914513 -0.00101749629143355 0.00416118938166415 0.000189283274959461 -0.00296985327681484 -0.00247390781582994 0.000152752721169568 0.948088931226065 0.999987575328466 -0.000801079279229313 -0.000392664912968319 0.00296656949990695 -0.00068831952882028 -0.000149697706462737 -6.87684221596148e-05 0.00139179428775476 0.00357942408921481 4.94967560776016e-05 0.947706437529734 0.999969153318209 0.00122650716717837 0.00436696196761381 0.00279538543358878 -0.00101490228281335 0.00416292700252191 0.000195039264913823 -0.0029656143271252 -0.00246683622837868 0.00015930530924677 0.948370741509156 0.999987599984676 -0.000800022589191257 -0.000387879701098026 0.00295991365294857 -0.000682240272130066 -0.000145726275587142 -6.71988229757237e-05 0.00139778289102892 0.00357776861557263 5.35943452167396e-05 0.948006189260805 0.117999999999999 0.120000000000001 0.0329999999999995 0.122

 1123 78 500 10 0.95 0.698 1.821 0 0.0709999999999997 0.999952106569782 -0.00076437916070857 -7.54043326817228e-05 0.00333085723308063 0.00454817170385255 1.33632758755739e-05 0.00423276663043833 0.00657972277255716 -0.00148422129472424 4.4418969134185e-05 0.949148840820508 0.999984142397638 -0.0013206235284216 -0.00169235461461796 0.000644533736133553 0.00271997336490463 -0.00217559189122862 0.00318334099231489 0.000218872754870619 0.00186836637425579 -0.000942128245570156 0.950323734770499 0.999952160049111 -0.000763982087326651 -7.92199201882783e-05 0.0033272809259287 0.00454375144161964 1.03500758259413e-05 0.00423418216987146 0.00657636420182396 -0.00148053585979352 4.7274203070238e-05 0.949335238288564 0.999984147109105 -0.00132022077058591 -0.00169367918886767 0.000644140692211821 0.00271761213642388 -0.00217684395840201 0.00318329056596038 0.000218210976853713 0.00186822675385987 -0.000940100931929164 0.950403611587724 0.00699999999999967 0.0850000000000009 0.0399999999999991 0.118

 1139 94 500 10 0.95 0.572 1.096 0 0.207000000000001 0.999986861404012 -0.00292190882732592 -0.00146799843508457 -0.00116459554479601 -0.00115370269605283 0.00250863575617176 -0.00242975339456611 0.000365920906702542 -0.000750121652212764 6.00044969816748e-05 0.951691076200259 0.999979283096705 0.00364385769195214 -0.000958843736084301 0.00305150283222818 0.000360219258488903 -0.00260588226705836 0.000203534487912396 -0.00248326585163545 0.000693976652975031 -0.00207716349823827 0.949323114043407 0.999986863141007 -0.0029211824564386 -0.00146774188900848 -0.00116428245065959 -0.00115344399599426 0.00250826044937232 -0.00243021959411339 0.000367614959030258 -0.000750946890133086 5.98814441986127e-05 0.951658480910818 0.999979271953582 0.00364470083350387 -0.00096271158953722 0.00305193837330464 0.000358815807068475 -0.00260772708214012 0.000206359266006278 -0.00248235389460121 0.000691444561472958 -0.00207820299181391 0.949493267059911 0.147 0.0749999999999993 0.0399999999999991 0.132

 1144 99 500 10 0.95 0.372 1.581 0 0.0709999999999997 0.999979430308513 -0.000189743692004022 -0.00220459871878402 -0.00553398229281397 0.000930963490389018 0.00171181589856448 0.000489669820021543 0.000200485880994185 -0.000190168280061118 0.00122662132589247 0.949027867580598 0.999962829410768 -0.000681211358186741 0.00114949224158947 -0.00555318067628699 0.00229683123395171 0.00220833259393221 0.00150911510586559 0.00146701720939614 -0.00512194463061949 -0.000948972392677756 0.951604847564278 0.999979458726265 -0.000189128150411262 -0.00220498821096078 -0.00552707587270023 0.000930119059582011 0.00171270179376461 0.000487536113256167 0.000203126211105602 -0.000183892284223973 0.00123473817645882 0.949226275685058 0.999962829891137 -0.00068080637621435 0.00114944542345488 -0.00555325514332876 0.00229743535561588 0.00220851974586252 0.00150801261971932 0.00146667214739192 -0.00512195735566775 -0.000948697125127224 0.951573300838104 0.0080000000000009 0.016 0.0370000000000008 0.187999999999999

 1132 87 500 10 0.95 0.582 2.164 0 0.0709999999999997 0.999983352943036 -0.00329960882910304 -0.00324774758232284 -0.000878106568299499 0.00164016924752874 -0.000151623549200815 -0.00276978601623616 0.000249400630524126 -0.000581578417786437 0.000549717479213906 0.947755504012115 0.999973079076228 -0.00156332761355274 -0.000913493613744453 0.00379493583215902 0.000357023435046291 0.00192722493857706 -0.00318062005590158 0.00361023160072483 0.00251049296678913 0.00169315334356843 0.951349176139705 0.999983365904689 -0.00329395407110087 -0.00324909853132212 -0.000871600133026276 0.00164506845980504 -0.000161828703347756 -0.00277116221421027 0.000245567089497599 -0.000577664944468798 0.000543758843252775 0.948059534232618 0.999973075223404 -0.00156347941637873 -0.000913373825815712 0.00379551860789455 0.00035708483212577 0.00192800186754243 -0.00318011414310107 0.00361048090519087 0.00251081961512936 0.00169308383335369 0.951322602308902 0.124000000000001 0.0890000000000004 0.0830000000000002 0.125999999999999

 1141 96 500 10 0.95 0.438000000000001 0.948 0 0.0709999999999997 0.999981998136276 -0.00339169134423273 0.000335633308989943 0.000759425323168992 0.00155553320025643 0.0026085011035362 -0.000754780895061428 0.00231164273853259 0.00294410133276493 7.33219971047298e-05 0.945378170983876 0.999970672099977 0.000940872706784805 -0.00451695389631916 -0.00201320426998122 0.000564360224166914 0.00119270500372039 -0.00246065357358629 -0.00301057783281608 -0.0023796463255237 0.0032850685404568 0.946715686235007 0.999982005015144 -0.00338831502584109 0.000337427585579414 0.00076099852381275 0.00155561761771082 0.00260688076444971 -0.000751366547993848 0.00231617641464883 0.00294360807191927 7.85124377847195e-05 0.945185101809815 0.999970676546926 0.000935827301634517 -0.00451650633081188 -0.00201284992514654 0.000566703256670807 0.00119385429866185 -0.00246845185240759 -0.00300934690116137 -0.00237665630636201 0.00328260873419344 0.946445391940978 0.199 0.0190000000000001 0.0379999999999985 0.125999999999999

 1140 95 500 10 0.95 0.611 2.048 0 0.106999999999999 0.99995629451513 0.00130421115510664 -0.00470238172958326 -0.004121185365431 -0.00370735806706435 0.000598729999899771 0.00245584151652995 0.00126651395410649 0.00470213271181272 0.00166231207831811 0.94971259273436 0.999982848916477 -0.00149873677497557 -0.00132944987788696 -2.24052409333635e-05 -0.000654085365772972 -0.00194378049017673 0.00368729724227349 -0.00302789493909374 -0.00158253103764351 0.000901608857823709 0.951770436690777 0.999956276708283 0.00129835205444512 -0.00470267293787906 -0.00412036682273687 -0.00370939526324133 0.000597359002924829 0.00245727117028657 0.00126497953958275 0.00470669269525751 0.00166091425771385 0.949852381982596 0.999982847447661 -0.00149925840254115 -0.0013295198230378 -2.16750812111857e-05 -0.000653547288510518 -0.00194352931058686 0.00368748738726955 -0.00302813999513243 -0.00158265164069618 0.000901404695086839 0.951737791615723 0.142000000000001 0.0200000000000014 0.111000000000001 0.0359999999999996

 1148 3 1000 10 0.95 3.072 0.367000000000001 0 0.143000000000001 0.999991366664769 -0.000104729857193016 0.00132651396764807 0.00090132489946381 -0.00219350071018227 -0.000577723932250762 -2.93169788233616e-05 -1.20548097289009e-06 0.00259075513045076 -0.00168092781292861 0.952723248432467 0.999995042439611 -0.000169875460306925 0.00242346716097583 -9.9453573834612e-06 0.000303868607193554 -0.000310688961676974 -4.89415005894693e-05 -0.00130208133424528 0.00119665937440284 0.000833233489210127 0.950882693379252 0.999991363512307 -0.000104418806769999 0.00132702743814076 0.000901655405101748 -0.00219438121485704 -0.000577729109854846 -2.92883758584359e-05 -1.59770443470724e-06 0.002590504493228 -0.00168147538975016 0.952680873493842 0.999995040963313 -0.000169633122856965 0.0024236542152285 -9.81344024873821e-06 0.000304028993635709 -0.000310815809000477 -4.88080678568429e-05 -0.00130230142969982 0.00119706286542964 0.000833490543022798 0.950905768090141 0.926 0.860999999999999 16.114 16.416

 1152 7 1000 10 0.95 3.174 0.404999999999999 0 0.143000000000001 0.999991831015803 0.000316529112752849 0.000208260232387648 -0.00155633952772047 0.000145505250459172 -0.00144947099757271 0.00280611894894299 0.000508094543901893 -0.000219129738247502 0.0018626665073245 0.951416003092309 0.999989350989059 -0.000241710462509574 -0.000756794349665671 0.000519748695667415 -0.00196115908696385 -0.0014773300312665 0.000322078162470283 -0.0017722470698485 0.00274446801036335 0.00189506212898816 0.951812325243626 0.999991830502263 0.000316969888545587 0.000208550685179733 -0.0015560078150794 0.000145922668474409 -0.00144960234118621 0.00280667241422277 0.000507922000530243 -0.000218946824596178 0.00186221165006991 0.951385437575561 0.9999893495457 -0.000241534611708389 -0.000756934416698793 0.000519972766519773 -0.00196135578978753 -0.00147752433981806 0.000321803338098632 -0.00177214883147088 0.00274465000876694 0.00189524868074356 0.951779901034189 0.881 0.870000000000001 16.262 16.358

 1149 4 1000 10 0.95 3.012 0.435 0 0.147 0.999996179483034 -0.00178110015359695 -0.00117371380958541 0.000118490779045298 -1.76251183833917e-05 -0.000576283541880847 6.41995133073785e-05 -0.00165256732578991 -5.17878768407755e-05 8.28354637778915e-05 0.949862608054918 0.999987475572034 0.00226383422177812 0.00082376409236769 -0.00198967891724968 0.0005513798696269 -0.000488174005342861 -0.00186281366271443 0.0023597249066651 -0.00205467521719649 0.0012181723887739 0.950761998093294 0.999996178495851 -0.00178103869508348 -0.0011725386029326 0.000118071119500271 -1.56477274670104e-05 -0.000575225419125497 6.25096630732243e-05 -0.00165453037519901 -5.35897305459338e-05 8.20248895519697e-05 0.949987029754405 0.999987474989953 0.00226406180909774 0.000823498969565295 -0.00198979147401521 0.000550949546080107 -0.000487785529175674 -0.00186285112702389 0.00235959773226907 -0.00205471678811143 0.00121869179726869 0.950798131992023 0.846 0.731 16.031 16.5

 1146 1 1000 10 0.95 3.149 0.444 0 0.141999999999999 0.999983615785676 -0.000355039713212284 -0.00320985228587293 -0.00055195065957434 0.000313798876441294 -0.000961240278601092 0.00421133938163689 -0.000904311327082575 0.000367050033493319 -0.00152445697904676 0.948184516128985 0.999993424143942 -0.00111361962078852 0.000779786432406015 0.00202447574379895 0.00155289610641938 -1.10227168286179e-05 -8.8183441208549e-05 -0.000357077008263807 0.00212180710416037 0.0003949655458978 0.951271934746988 0.999983618534979 -0.000350925722703537 -0.00320881666259916 -0.000550158943937688 0.000320345081315129 -0.000963684073562753 0.00421161308644893 -0.00090401539212991 0.000366145188876874 -0.00152316601378514 0.948456528879711 0.999993423463372 -0.00111353940684012 0.000780044396124901 0.00202478594907848 0.00155302230793527 -1.11066615623514e-05 -8.83969486800308e-05 -0.000357168108348829 0.00212166411626922 0.000394954742201655 0.951253667712743 0.525 0.587 16.539 16.601

 1147 2 1000 10 0.95 3.112 0.472000000000001 0 0.148 0.999994199467283 -0.000419203281066694 -0.000437730150410951 0.00201882171349529 0.000938960582586796 0.00178955261649706 -0.000540066830739207 -0.00135365574352348 -0.00073901488628538 0.00063537941734274 0.951353934487918 0.999977803465642 0.00076823491886121 -0.00214420773479888 -0.000927243113629385 -0.00128585264739039 0.000679130607497493 0.000764577620217881 0.00353617318639329 0.0040618983664857 0.00257725261559255 0.948102510215661 0.999994198687684 -0.00041907914208117 -0.000437728050059922 0.00201882412782785 0.00093915278279555 0.00178980170313692 -0.00053976572074661 -0.00135404547735378 -0.000739012032664438 0.000635125094858114 0.951326706577527 0.999977797681511 0.000767239976482767 -0.00214683427627311 -0.000925136261267629 -0.001283963709445 0.000680312375312011 0.000762892619730211 0.00353763069546952 0.00406140874708727 0.00257826443734363 0.948376120284861 0.959999999999999 0.869999999999999 15.427 17.287

 1153 8 1000 10 0.95 2.825 0.436 0 0.144 0.99999521376797 0.000760620398478304 0.00105470455500952 -0.00151528191584354 0.000728548601206753 -0.000107695351546043 -0.000764131671341158 -0.00104179174303968 0.0011659885189227 -0.0014192529558434 0.949375805847834 0.999990896779746 0.0012183200626094 -0.00241818197003592 0.000276271331150373 -0.000587791777349112 0.00205117004155673 -0.00177154142271745 0.00150667995342222 -7.49236423980312e-05 -0.000911739664539754 0.951938302455877 0.999995219994008 0.000761142421866381 0.00105502073841655 -0.00151323515769353 0.000727043602757923 -0.000106012463819265 -0.000763202084680022 -0.00104152778563985 0.00116462272441871 -0.00141924883809881 0.949544179417066 0.999990897565504 0.00121844129896787 -0.00241854668852729 0.000275666823608994 -0.000587345090702781 0.00205125188931726 -0.00177121450208084 0.0015061041252783 -7.47776371317144e-05 -0.000911633668015778 0.951904122208034 0.779999999999999 0.696 15.966 17.074

 1154 9 1000 10 0.95 3.278 0.365 0 0.144 0.999991055249697 6.40029957070087e-05 0.000268778370598757 0.000847692119902639 -0.00159576286721466 -0.000346078920560748 0.00223159076034859 0.00162608559480054 -0.00142905415257304 -0.00218218314309451 0.950159284867007 0.999988735105605 -0.0013303761434873 0.000843674894779733 -0.000862669054762525 0.00169005062338135 0.00129973947491685 0.00280273795628075 -0.000268201338306335 0.00178479093556572 0.00190930130630361 0.951457883092784 0.999991053601534 6.33478856635852e-05 0.000268163418678885 0.000848389056234446 -0.00159519226597017 -0.00034547854296457 0.00223287665642402 0.00162626367550421 -0.00143015932672912 -0.00218110227533382 0.950256042899926 0.999988735030242 -0.00133037929798959 0.000843116795253743 -0.00086231484043681 0.00169012363099531 0.00129995610912064 0.00280309128575371 -0.000267805739230496 0.0017847346149557 0.00190912247781058 0.95142760283801 0.888999999999999 0.887 16.144 16.942

 1150 5 1000 10 0.95 3.255 0.435 0 0.138999999999999 0.999996767703479 -0.00126107719114618 -0.000788819090682352 -0.000166805190477856 -0.00153730355745177 -0.000104051616992409 -0.000783699912163429 0.000841898268179598 -0.0004786511574027 -0.000545887569690585 0.949211120914908 0.999994015019341 0.00144578089932314 0.0026688611031035 -0.00024956093539263 -0.000501751768180893 -0.000794407667510474 0.000888523232135718 -0.000683706589371938 -0.00074373261183791 4.04725818570578e-05 0.948674328014681 0.999996766398119 -0.00126248929456635 -0.000789284772324933 -0.000169653523527412 -0.00153684087010511 -0.000100776597608842 -0.000783232388770488 0.000842238137235437 -0.000479230096592257 -0.00054501926086091 0.949393041772936 0.999994014700067 0.00144302159743169 0.00267007934818805 -0.000248580106506693 -0.000506892167745687 -0.000794650875893832 0.000889113928809155 -0.000683362097293179 -0.000741394269479524 3.94263239579801e-05 0.948899639178855 0.91 0.795999999999999 16.047 16.703

 1151 6 1000 10 0.95 2.917 0.439 0 0.163 0.999988414094073 -0.001002063884512 -0.00231535715341609 -0.00145807214185831 0.000812402580250683 0.000278322756637018 -0.00119923087718783 -0.00118342920657228 0.00201242963519617 -0.00265606824898344 0.949535225670079 0.999971228842711 0.000519276887581295 -0.00072653151054536 0.00268085291942456 0.00172442936288131 -0.00494630581067449 0.000156600594991145 0.00107506296003027 0.000854864247611704 -0.00449514661665745 0.949114890421317 0.999988410046092 -0.00100286142205771 -0.00231663810634471 -0.00145702411611421 0.000812542278684933 0.000275830165259185 -0.00119839582726057 -0.0011828244446308 0.00201218663358449 -0.00265779656047332 0.949690299598851 0.99997121401346 0.000520398295259001 -0.000727384780258613 0.00267903490767561 0.00172506747533885 -0.00494845965434968 0.000155344101434854 0.00107591234165574 0.000854896309229535 -0.00449648037975202 0.949307976946938 0.698 0.627000000000001 16.076 16.383
