
 11300 100 5000 5 0.95 18.707 1.718 29776.569 0.863999999997759 0.999999047894732 -0.000110316629778434 -0.000228108563257733 -0.00134232935476743 -0.000195341387621493 0.950327036966818 0.999998702504648 0.000751835435039237 0.00126983245525469 -0.000599202776284124 0.000241275917483114 0.951122059419375 0.999999047867352 -0.000110291702098112 -0.00022802817346635 -0.00134235464451454 -0.000195415683603382 0.950308339153654 0.999998702069359 0.000752221252865611 0.00126995866949863 -0.00059923969038813 0.000241121453175075 0.951073685840717 0.302999999999884 0.253000000000611 6.13899999999921 6.95500000000175

 11288 88 5000 5 0.95 18.556 2.344 29927.289 0.86200000000099 0.999999580545443 -0.000856003824316019 9.86301550619655e-07 0.000302768768179705 0.00012040137428527 0.950526774567547 0.999999112158158 0.00104446560122944 -0.000179858564290583 -0.000803626794088936 8.12980773194242e-05 0.950244578107548 0.999999580534342 -0.000856101870561543 1.3495827949686e-06 0.000302627263146443 0.000120148429654272 0.950486061525235 0.999999112150843 0.00104447576301818 -0.000179751620062755 -0.000803644070269117 8.1323240430435e-05 0.950237703016277 0.619999999998981 0.308000000000902 6.70100000000093 5.78700000000026

 11286 86 5000 5 0.95 17.425 2.396 29991.831 0.866000000001804 0.999998057636678 -0.00042866132047125 0.00151374503365881 0.00110637527206943 -0.00043067629920684 0.948587290508295 0.99999672432492 -0.00225896959968027 -0.000749606833253399 -0.000536270389734816 0.000773885936265801 0.950743109453689 0.999998058315027 -0.000427548181712096 0.00151417536926267 0.00110566815105175 -0.000430510880888131 0.948798255804046 0.999996724169012 -0.00225895746227117 -0.00074968699052071 -0.000536104005185975 0.000774160410294114 0.950698961141679 0.47099999999773 0.266999999999825 6.78099999999904 6.88899999999921

 11285 85 5000 5 0.95 18.553 1.81 30039.666 0.889000000002852 0.999999192371557 0.000950950840853582 -0.000230259103918027 -0.000329558379741374 0.000741161757509483 0.950221238532468 0.99999957080028 0.000154775217311108 0.000695769822638751 -0.000396484644609815 0.000439486254439957 0.950676175498947 0.999999192383156 0.000950919703242633 -0.000230254326591512 -0.000329551086116517 0.000741190785311837 0.950217702199512 0.999999570486134 0.000154189740023509 0.000696205362749506 -0.000396847141727306 0.0004393899304498 0.95063322185715 0.442999999999302 0.260999999998603 5.59400000000096 7.00900000000183

 11294 94 5000 5 0.95 19.001 2.087 30282.578 0.86699999999837 0.999999484269682 -0.000842185154080623 0.000392756596450906 0.000387353018135715 -0.000133732687220699 0.949842851584863 0.999998930255251 0.00137903259223959 0.000235587724981643 0.00010361868069983 0.000414148591689598 0.9491213674281 0.999999484668101 -0.000841796457156433 0.000392519457594291 0.000387294870260641 -0.000134064972887004 0.94989253435476 0.999998931616783 0.00137835976311261 0.000235172582439752 0.000102941969435653 0.000413505095299676 0.949266078698273 0.559000000001106 0.306000000000495 6.70000000000073 6.83499999999913

 11291 91 5000 5 0.95 19.524 1.742 30399.658 0.838999999999942 0.999998288139475 0.000742450842349023 0.000285058381936275 -0.00138854860394108 0.000929063700287526 0.949202211504959 0.999997777434086 0.000291162397218928 0.00113174041289937 -0.000264002712551008 -0.00173488257609871 0.94898976931066 0.999998289280869 0.00074190184601632 0.000286140007684972 -0.00138746590635405 0.00092955862739109 0.949337277847787 0.999997772664989 0.00029184119144001 0.00113261757573361 -0.000264240333117914 -0.00173690766996649 0.94915160245694 0.349999999998545 0.268000000000029 6.97299999999814 9.47400000000198

 11292 92 5000 5 0.95 18.456 1.842 30407.94 1.05999999999767 0.999999650841139 -0.000580867991637222 -6.4986257784677e-05 -0.000506266961717669 -0.000316828858696334 0.950296088330345 0.999998397051028 0.000549601236138137 -0.00127942386725199 -0.000150674549383134 0.00111543964617996 0.950417597494272 0.99999965074068 -0.00058099208826288 -6.48820770322906e-05 -0.00050632218467344 -0.000316851498162511 0.950281798077266 0.99999839730689 0.000549611083695727 -0.00127939612609747 -0.000150728306095638 0.00111522994836537 0.95038584255831 0.515999999999622 0.417000000001281 8.0010000000002 7.14600000000064

 11299 99 5000 5 0.95 19.188 1.044 30531.984 0.847999999998137 0.999999453166619 -0.000911770352358654 0.000261308617120342 -0.000440303927726765 1.38400050119588e-05 0.950613854778721 0.999996988872346 -0.00167476099081627 0.000774873537842338 -0.000131294904162446 0.00161237542593766 0.950127402122071 0.999999453125515 -0.000912053449545066 0.00026129200686825 -0.000439810834504422 1.41454265899643e-05 0.950571523915011 0.99999698868727 -0.00167478635447307 0.000774853144087034 -0.000131219885407796 0.00161247976909351 0.950137052396665 0.590000000000146 0.289000000000669 6.68599999999788 5.88200000000143

 11282 82 5000 5 0.95 19.174 1.644 30569.666 0.869999999998981 0.999997662454979 0.00121134567464413 8.88784973979701e-05 -0.000421870630383314 0.00173834749650543 0.950980869142769 0.999999842760377 0.000513760299611061 -7.79257998096449e-05 0.000167867730522928 0.00012758358215674 0.95069586730912 0.999997662432105 0.00121086869283992 8.96666443728127e-05 -0.000422023059840177 0.00173861547359907 0.950933731103045 0.999999842761557 0.000513763268365864 -7.80683503872176e-05 0.000167847325450176 0.000127502054039655 0.950652390117291 0.578000000001339 0.380999999997584 7.02899999999863 6.83399999999892

 11296 96 5000 5 0.95 18.962 1.734 30614.517 0.870999999999185 0.999997865106854 -0.000226269045051695 0.000739070555610197 -0.000745332498955544 -0.00176545694738811 0.950709559092444 0.999997645677097 3.50852268264417e-06 -5.41986650579982e-05 -0.000547250746727783 0.00209909672927908 0.949430141675041 0.99999786465064 -0.00022649844907851 0.000739180533543114 -0.000745376976972281 -0.00176562111254581 0.950666462428314 0.999997649026888 3.2535315090759e-06 -5.3849378348604e-05 -0.000546537234103282 0.00209769573759222 0.949535363583676 0.453000000001339 0.333999999998923 6.625 6.72399999999834

 11293 93 5000 5 0.95 18.394 2.046 30672.928 0.848000000001775 0.999999621218183 0.000381573610947776 -0.000615978009155129 -0.000374021174001118 -0.000304375301263998 0.950196671595178 0.999998118746551 -0.00100612810257177 0.00105483261814668 -0.000208304090277722 0.00126259540386316 0.950125160673275 0.999999621218201 0.000381572232768776 -0.000615978153763988 -0.000374022207203214 -0.000304375407234933 0.950196578848712 0.999998118906467 -0.00100612084560546 0.00105472705454228 -0.000208277832974483 0.00126256705040328 0.950135130832461 0.273999999997613 0.230999999999767 5.05099999999948 5.98099999999977

 11283 83 5000 5 0.95 18.994 1.349 30766.431 0.846000000001368 0.99999959421366 0.000175499945597803 0.000545341074133955 0.000214035219960387 0.000661486449398786 0.949918938446827 0.999997812527889 -0.000746886716187942 0.00190366616980325 9.75481187553776e-05 0.000428531386240153 0.950485855005704 0.999999594267023 0.000175583015483231 0.000544960774638484 0.000213915885249695 0.000661735704334343 0.949957673879785 0.999997812207435 -0.000746914662228524 0.00190383918041873 9.80249948172118e-05 0.000428353016225355 0.950444872190829 0.304000000000087 0.216000000000349 8.08299999999872 9.20400000000154

 11289 89 5000 5 0.95 18.924 1.793 30766.835 1.18600000000151 0.999999500103621 -0.000200385002669427 0.000396097136413209 -0.000173792354719317 -0.000878943476104985 0.950805651637446 0.999999516394826 -0.000348998903318823 -0.00084865366978537 2.92666989653978e-05 -0.000352619184082935 0.949716285846131 0.999999500868735 -0.000200393572610437 0.000395582007673234 -0.000173875381488086 -0.000878286356843592 0.950761012338885 0.99999951707799 -0.000348899613461258 -0.000848045662246912 2.93286131356946e-05 -0.00035223746741689 0.949783625350926 0.327999999997701 0.325999999997293 9.53099999999904 8.06000000000131

 11284 84 5000 5 0.95 18.621 2.719 30835.95 0.842000000000553 0.999999499322849 0.000147825772378711 0.000789553228863078 -0.000266860376465279 0.000533753530396821 0.950741707788244 0.999998824953763 -0.000161301515065508 0.000267768994727333 -0.00133115250674786 0.000693113038607608 0.950223603132197 0.999999498870988 0.000147617604845823 0.000790109704144258 -0.00026711754772141 0.00053370561874283 0.950697617139445 0.999998824958503 -0.000161291352042652 0.000267788615943091 -0.00133117152655647 0.000693064454322566 0.950219669270246 0.318999999999505 0.209999999999127 6.89300000000003 5.94200000000274

 11297 97 5000 5 0.95 18.712 1.972 30968.121 0.854999999999563 0.999998615500462 -0.000383768997234412 -0.00126255261843244 0.000570331684226225 0.000838093772039688 0.950216082527997 0.999999339710232 -0.000511754430196426 0.000126745602867522 0.000991640999707064 0.00024345468569541 0.948962774455477 0.999998615526022 -0.00038373161887764 -0.00126251832254089 0.000570358332247131 0.000838113918899154 0.950213265771766 0.999999338963818 -0.000511096780243744 0.000126652090486662 0.000993079359607765 0.00024208395731783 0.949128109404852 0.72899999999936 0.284999999999854 5.35900000000038 7.06199999999808

 11295 95 5000 5 0.95 19.264 2.182 31051.962 0.848999999998341 0.999998317558257 0.00143166177325476 -0.000497018655033051 7.94483506738138e-05 0.00103047835454704 0.951199440289592 0.999997570942763 -0.00185168734572953 8.87757006274402e-05 -0.000533312911494573 -0.00106632957440837 0.949982623180574 0.999998317431684 0.00143199266996172 -0.000497069137965508 7.91251880249112e-05 0.00103014186960757 0.951150056811394 0.999997570873539 -0.00185173606446867 8.90200145231314e-05 -0.000533250551223104 -0.00106632070957739 0.950012631764455 0.369999999998981 0.25 6.79899999999907 6.43999999999869

 11281 81 5000 5 0.95 19.158 1.44 31070.323 0.846000000001368 0.999999490173777 -0.000292625865732537 0.000455685251661702 0.000851703039521031 3.12277577292298e-05 0.94998136607964 0.999998304713555 9.69765001107859e-05 0.000934800786860153 0.00148557971522818 -0.000548056541271506 0.949458644794612 0.999999490263956 -0.000292774752581337 0.000455779619211359 0.000851488649208873 3.14132465402915e-05 0.950011495678762 0.999998305970428 9.77602272140541e-05 0.000933931884178007 0.00148482429038362 -0.000549151413358439 0.949560729285969 0.442999999999302 0.364000000001397 6.93999999999869 7.27600000000166

 11290 90 5000 5 0.95 16.419 2.141 31185.359 0.858000000000175 0.999998220004891 -0.00185840426281564 0.000196970675691567 -1.41465494155359e-05 -0.000259466903682386 0.950431722930741 0.999999608342004 -0.000587224629300476 0.000347914838826237 -0.000485671854580578 -0.000285589193013811 0.950439452212286 0.999998218907843 -0.00185901997160555 0.000196663825472807 -1.41803604870014e-05 -0.000259515208834965 0.950397837864761 0.999999608091657 -0.000587793320529329 0.000347343981457058 -0.000485795845671393 -0.000285779809141713 0.950404501596496 0.705000000001746 0.200000000000728 6.3179999999993 6.3949999999968

 11298 98 5000 5 0.95 19.038 1.902 31273.308 0.89600000000064 0.999998503321461 -0.00074552531064424 0.00138043775767187 -0.00072900294423432 2.22070774675775e-05 0.951068863621415 0.999999719813678 -5.7610512500181e-05 -0.000526206937087244 6.68049550896539e-05 0.000525068520690626 0.950416163693041 0.999998503168909 -0.000745654901665136 0.00138066037517762 -0.000728673811536756 2.16820909768954e-05 0.951021014591021 0.999999719999251 -5.72419965030943e-05 -0.000526137016359597 6.65129779629934e-05 0.000524862492914077 0.950384690179421 0.406999999999243 0.291000000001077 7.05299999999988 6.24800000000323

 11287 87 5000 5 0.95 19.113 1.837 31487.014 0.846000000001368 0.999998079445743 0.00111238810106376 0.00130491754579988 0.000899921393859133 0.000301710491577708 0.950099952932426 0.999999393994958 -0.000650697913345953 -0.000219827278172158 0.000839856554874725 0.000186865933240765 0.949943418701757 0.9999980793843 0.00111237782511288 0.00130489546011857 0.000899988584264352 0.000301847101375192 0.950113523178997 0.99999939445854 -0.000650355486226246 -0.000219433031872983 0.000839705640086158 0.000186718713805579 0.949978701868055 0.445999999999913 0.255000000001019 5.92500000000291 6.41100000000006
