
 850 54 2000 5 0.95 12.546 0.593 10450.713 0.31499999999869 0.999995184730038 0.00200071144651655 0.000199593975116618 0.00223926165765214 0.000757324183830917 0.950025207434908 0.999995261096504 -0.00196712284249558 -0.000149787477615264 -0.00213922096535528 0.001004743564331 0.949765015649632 0.999995184024969 0.00200081500414185 0.000199557967041583 0.00223959385586138 0.000757008696178092 0.950049647153819 0.999995262815218 -0.00196651315437773 -0.000150018301145228 -0.00213871380150562 0.00100527156632276 0.949825110160173 0.845999999999549 1.05400000000009 13.2839999999997 14.3539999999994

 856 60 2000 5 0.95 12.302 0.605 10756.804 0.316999999999098 0.999998210603275 -0.000378626239901869 5.39079395107628e-05 0.00137734953017434 0.0012391265570501 0.950348976266597 0.999999020193972 0.000327280248279404 -0.00108720188809363 -0.000601132576839452 0.000555994976852074 0.950968176134582 0.999998211108218 -0.000378661646217885 5.36032135702678e-05 0.00137694774333765 0.00123916799888756 0.95032703017186 0.999999020197811 0.000327362614066812 -0.00108700101344409 -0.000601213331099907 0.00055624496764025 0.950922204145017 0.511000000000422 0.677000000001499 12.2939999999999 12.5900000000001

 829 33 2000 5 0.95 7.929 0.73 10807.488 0.310999999999694 0.999995201076401 0.000790856937116109 0.00259273715655326 -0.000587999240705523 -0.00137997840700795 0.949639777180661 0.999994585409238 -0.00168927332615423 -0.00015784614253649 0.00148135253591497 0.00239920551316616 0.949167800380569 0.999995200365562 0.000792013042209911 0.00259262440949868 -0.000587520831772828 -0.00138024603736725 0.949716033912551 0.999994587887783 -0.00168974725585826 -0.000157887561615704 0.00148008356442195 0.00239861908479596 0.949306941103788 0.519000000000233 0.707000000000335 11.2219999999998 12.2060000000001

 848 52 2000 5 0.95 11.074 0.904 10952.239 0.313000000000102 0.999997999908315 -0.000236438175175201 0.000416323108538428 -0.00170208032402133 0.000934812279742153 0.950726960966375 0.999996966356985 0.00105424474376308 0.000452748681293729 0.000227321605586111 -0.00216776114145577 0.949866265191684 0.999998000341875 -0.000237195741847814 0.000416032840412015 -0.00170219160720341 0.000934082886421577 0.950683528373931 0.999996966424314 0.00105360180725396 0.000452928936418574 0.000226439631422173 -0.00216809729303787 0.949912322363296 0.510000000000218 0.677999999999884 11.7890000000007 11.1530000000002

 846 50 2000 5 0.95 12.445 0.826000000000001 11056.44 0.304000000000087 0.999993105760251 0.00157546706668585 -0.00132612279455611 -8.09741784600714e-06 -0.00308993013769909 0.951087136545633 0.999999711294147 0.000277808598999937 -0.00045318648774444 -0.000463327489845859 -0.000283167174533825 0.951089405874695 0.99999310754144 0.00157543144662961 -0.00132597875420996 -8.24487874103677e-06 -0.00308943323877495 0.951039389941433 0.999999710946507 0.000278015298154124 -0.000453535553647063 -0.000463592578209496 -0.000283199258436147 0.951042086028896 0.5 0.626999999998588 11.0470000000005 10.4390000000003

 852 56 2000 5 0.95 11.951 0.512999999999998 11161.679 0.309000000001106 0.999996290074796 -0.00127181756527648 -0.000604404713377498 -0.00225085386277981 0.000608825554944681 0.950444375070863 0.999995075815999 -0.00198205845990763 0.000159002546404917 0.00040206761361416 0.00239433661782479 0.948626276682379 0.999996291098889 -0.00127193768788165 -0.000604564200664511 -0.00225036032581083 0.000608558555399545 0.950408471419096 0.999995084947808 -0.00198345384877317 0.000153987103605438 0.000400436223136796 0.00238996440555797 0.948834138530822 0.602999999999156 0.52100000000064 11.0339999999997 13.3269999999993

 838 42 2000 5 0.95 11.271 0.597000000000001 11161.71 0.315999999998894 0.999996272798684 0.00209305779378127 0.00123649111447262 0.000766230112811783 -0.000978508533226465 0.948529261182474 0.999998746892465 0.00130115455985074 0.000879149313808196 9.21431575646047e-05 -0.000178371616312087 0.948626755246736 0.999996262126347 0.00209266702697217 0.00124378152384519 0.000766975059628745 -0.000980425839776026 0.94874830507022 0.999998746610091 0.00130174399720731 0.000878412857588398 9.16208196109285e-05 -0.000179547459759626 0.948836286891158 0.351000000000568 0.515999999999622 15.7919999999995 13.5279999999984

 851 55 2000 5 0.95 12.289 0.568999999999999 11194.93 0.329999999999927 0.999998439398683 -0.000524518225751849 0.000710703508019546 0.000795875020368576 0.00130673803974122 0.948271737477007 0.999999058488372 -0.000618553993335697 -0.000816344228227336 0.000603366608513106 0.000685524736361998 0.948796494196244 0.999998441899859 -0.000528779162595348 0.000708875171898486 0.000790164201192439 0.00130756528599277 0.948521177101069 0.999999058753581 -0.000616331989809565 -0.000816919002021153 0.000605093529380238 0.000684932110657016 0.948980065572523 0.322000000000116 0.371000000001004 9.29399999999987 8.99200000000019

 835 39 2000 5 0.95 12.239 0.594999999999999 11261.551 0.313999999998487 0.999994454697793 0.000141072003429935 -4.90268263746006e-05 -0.00327330954466787 -0.0005947380494882 0.950212476962947 0.999994991589299 -0.000868279272941786 -0.000646409580398324 0.00154404909453457 -0.00254184076427146 0.948227182176833 0.999994454816311 0.000141048239964184 -4.90561228333845e-05 -0.00327326829930626 -0.00059476899705429 0.950210164772951 0.999994995867224 -0.000866471466400598 -0.000646548510184837 0.0015410958165578 -0.00254253149768077 0.948485612613534 0.277000000000044 0.308999999999287 7.04500000000007 9.28299999999945

 853 57 2000 5 0.95 10.673 0.486000000000001 11405.362 0.314000000000306 0.999995780212439 -0.000570422484116225 -0.00106285842972744 0.000579053857675054 0.00257860506744311 0.948993342566161 0.999999186609674 0.00098046617238458 0.000573389371986804 0.00032869765757344 -0.000478172096143446 0.949991955827413 0.999995784671993 -0.000566387391806304 -0.00106361623132299 0.0005799946628981 0.00257724082501879 0.949153107924438 0.999999186752597 0.000980334156005024 0.000573336421876016 0.000328893113526261 -0.000478072959608148 0.950020329585909 0.259000000000015 0.262000000000626 8.76699999999983 8.09500000000116

 844 48 2000 5 0.95 12.617 0.75 11422.46 0.322000000000116 0.99999433508469 0.00176075611081199 -0.0012850112953791 0.00041605405419172 -0.00253084599323843 0.949252984906466 0.999998466548723 -0.000737744989524458 -0.00116028267991811 0.000269898896694677 0.00105049094299666 0.948723665822401 0.999994333927216 0.00176057229448958 -0.00128632394677463 0.00041589230667607 -0.00253079097366868 0.949380660495618 0.99999846498741 -0.000737221318516038 -0.0011591540049541 0.000264810495633294 0.00105487674456614 0.948920708999493 0.226000000000568 0.261000000000422 7.74099999999999 7.97299999999996

 831 35 2000 5 0.95 11.313 0.625999999999998 11542.057 0.326000000000931 0.999998508910569 -0.000814629663530664 0.00140639634604895 -3.64563386703832e-05 0.000582473522138932 0.952557092302783 0.999999007800699 -0.000343249143382826 0.00100530387100631 0.000462298318300779 -0.000801387568589393 0.949272349912181 0.999998510715037 -0.000814422720688182 0.00140553513271452 -3.59560687254341e-05 0.000581774433450432 0.952487195567854 0.999999009026648 -0.000343145136211757 0.00100453131098419 0.000460997491045805 -0.000801620419372768 0.949397980137572 0.255999999999403 0.236999999999171 7.86999999999898 7.28799999999865

 830 34 2000 5 0.95 5.358 0.593 11643.208 0.336999999999534 0.999993789254551 0.00100560723929259 0.00157826408173307 0.00284566322921727 0.000906360677796194 0.949237209500574 0.999994457086437 0.00082127752008239 0.00269166295119563 0.00156655907719716 0.000843885568403402 0.950576011532809 0.99999378842058 0.00100887667704652 0.00157510404570933 0.00284679279888341 0.00090559710279846 0.9493647634952 0.999994457817642 0.000820940952888564 0.00269170695710764 0.00156620757260596 0.000843858665982955 0.950534220371638 0.184000000001106 0.218999999999141 6.48300000000017 7.01299999999901

 841 45 2000 5 0.95 5.772 0.546000000000001 11654.488 0.314000000000306 0.999996892120867 0.00179377604688242 0.000616176664901197 -0.000626354760572129 -0.00149201948098325 0.949255371857464 0.999999469197499 -0.000458955555465305 0.000652965324154218 -0.000396571449727861 0.000517041476195606 0.949464463287439 0.999996893204882 0.00179263110033017 0.000616659005667387 -0.000627072672198128 -0.00149216817277272 0.949382612559018 0.999999467978921 -0.000459239821022878 0.000652767522795698 -0.000396456042155227 0.000519478419537905 0.949565175320035 0.310999999999694 0.221999999999753 8.49099999999999 13.3239999999987

 837 41 2000 5 0.95 5.565 0.612 11660.036 0.314000000000306 0.999997096614531 -0.00128418450368856 0.00165108192366492 -1.23413217370787e-05 0.00119641499540277 0.951641312474421 0.999990309690794 0.00273961422588182 -0.00100848340169799 0.00280907497405414 -0.00172252646484102 0.949470371679713 0.999997096690792 -0.00128420126437247 0.00165096428005306 -1.16777141327009e-05 0.0011965022677185 0.951585318710525 0.999990313264223 0.00273952764016443 -0.00100830585375885 0.00280926231287958 -0.00172038675683345 0.949570248491431 0.243000000000393 0.193999999999505 12.7129999999997 12.7510000000002

 854 58 2000 5 0.95 12.133 0.515999999999998 11652.696 0.39600000000064 0.999998090871368 -7.76970832804151e-05 0.00161222542648999 -0.00108001526724613 0.000215668678476465 0.95104307816019 0.999999548939321 -7.60282506014399e-05 0.000301111577926248 -0.000650340910746369 -0.000618651255974715 0.950045437383334 0.999998090610722 -7.84765327710043e-05 0.00161227462692562 -0.00108032622908491 0.000214667440517761 0.950995812541423 0.999999548638847 -7.57852636646839e-05 0.000301219628778815 -0.000650374758738715 -0.000619078431578354 0.950066787660854 0.307000000000698 0.458000000000538 19.2910000000011 14.5360000000001

 840 44 2000 5 0.95 4.833 0.589 11670.917 0.403000000000247 0.999993509846178 -0.000115208360707381 0.00213866982370999 -0.000952733250832383 0.00273594285283657 0.948660864061557 0.999995785037688 -0.000484535130577654 0.00219172208639044 -0.00166382121886821 0.000789421188174664 0.948755616963068 0.999993510416878 -0.000116715464669915 0.00213888586094952 -0.000949671206037093 0.00273656600590573 0.948860752052543 0.999995784619025 -0.000486105083213879 0.00219355245637379 -0.0016630265678259 0.000785567492048358 0.94894692071922 0.443999999999505 0.498999999999796 12.8270000000011 11.0060000000012

 842 46 2000 5 0.95 11.916 0.495999999999999 11657.096 1.20100000000093 0.99999046888431 -0.00177763489066277 -0.000300730650333277 0.00333738126956742 0.00216185153771248 0.949253877889518 0.999997719168988 0.00135223289523515 -0.00127963775102275 0.00104415634186561 7.34014913724029e-05 0.948830449760539 0.999990473321751 -0.00177565055740189 -0.000297961832759559 0.0033377566379252 0.00216123349283305 0.94938169361428 0.999997725496455 0.00135054818971414 -0.00127771344702168 0.00104248043092404 7.5527490200384e-05 0.949012667410703 0.418999999999869 0.456000000000131 20.6180000000004 9.24800000000141

 833 37 2000 5 0.95 12.349 0.482000000000003 11738.945 0.311999999999898 0.999997458742046 0.00052995041785841 0.00157207696954404 -0.00060854320150792 0.00139996827790433 0.950960893309308 0.999992446592931 -0.000745171335495368 0.0021935220517454 -0.0022590836841098 -0.00215324840216571 0.949971933757452 0.999997459885806 0.000530021941328127 0.00157151351617157 -0.000608428786415836 0.00139980654291792 0.950913724022031 0.999992445663123 -0.000745078579525515 0.00219386000413471 -0.00225946127916979 -0.00215297180815003 0.950003399252363 0.144999999998618 0.105999999999767 3.64800000000105 3.5109999999986

 839 43 2000 5 0.95 6.495 0.629000000000001 11762.456 0.311999999999898 0.999999825170458 0.000259745411473845 0.000283203210199152 0.000244579197954682 -0.000377052160414362 0.94886001877902 0.99999838442911 -0.000573561818617018 -0.0015182687677497 -0.00030011164742876 -0.000712010504277967 0.948463300936825 0.99999982381375 0.000257166153110733 0.000287086707407569 0.000244853188134664 -0.00037929695060602 0.949039828438131 0.999998384538442 -0.00057606508105115 -0.0015175837892279 -0.000301379930779349 -0.00071075952982947 0.948690278901214 0.104999999999563 0.0979999999999563 3.43000000000029 3.65400000000045

 855 59 2000 5 0.95 11 0.564999999999998 11773.568 0.313000000000102 0.999995291070683 -0.000738606966315874 0.00181133744542429 0.00231776112379732 0.00046833347276026 0.949194188556085 0.999999809635071 1.23479964966602e-05 0.000121687811359404 -0.000488835348675417 0.000356103113529577 0.950905196200083 0.99999529622197 -0.00073839362429584 0.00181062447236085 0.00231627549137646 0.00046777735943978 0.949329249775522 0.999999809770497 1.22267001220568e-05 0.000121759445036924 -0.000488876087349333 0.00035564629257726 0.950859857923036 0.128000000000611 0.0950000000011642 3.22400000000016 3.19599999999991

 843 47 2000 5 0.95 2.544 0.890000000000001 11794.254 0.319999999999709 0.999999466572307 -0.000705173772480172 -0.000183295794812658 -0.000706664557042771 0.000191344995393694 0.949614710109936 0.999995653754102 0.00147073098851445 -0.000176999263390754 0.00176072086267721 0.00184335470520327 0.950190090606855 0.999999466663563 -0.000706567356234358 -0.000183341606147895 -0.00070507333471098 0.000191553148072195 0.949694194772303 0.999995653777628 0.001470722769826 -0.000177003660129047 0.00176072153927524 0.00184334743150932 0.950190764644208 0.0939999999991414 0.0990000000001601 6.58400000000074 7.3799999999992

 836 40 2000 5 0.95 7.826 0.491000000000001 11793.612 0.334000000000742 0.999999005806828 -0.000511983081983636 0.000363778536072863 -0.000984834149197727 -0.000789952881164758 0.95028658363335 0.999995876538376 0.00260929220627989 -0.000135349859799044 -0.00102228670673175 -0.000612462841970129 0.948428312221241 0.999999005798734 -0.000512066391450363 0.000363549116028677 -0.000984853895183885 -0.000789990126546148 0.950273456493119 0.999995879620647 0.00260827854032871 -0.000135284079596598 -0.0010231262286004 -0.000610357045894272 0.948658827796822 0.202000000001135 0.200999999999112 8.12700000000041 7.38199999999961

 834 38 2000 5 0.95 12.342 0.923999999999999 11787.09 0.323999999998705 0.999998680952428 -0.000984827250695545 0.0010771540302708 0.000320106872372604 -0.000636772703540367 0.949880120497244 0.999995096236084 0.000998126707202179 0.00290144905351639 -0.000611113753246652 -0.000139212903719349 0.949995735517863 0.999998681445184 -0.000984322929777646 0.00107687840907453 0.000320758301167336 -0.000636917001984944 0.949923481857137 0.999995096737173 0.000997580941989576 0.00290148909262456 -0.000611059500233784 -0.000138928786574243 0.950023842765834 0.171000000000276 0.259000000000015 9.89099999999962 6.78200000000106

 845 49 2000 5 0.95 11.73 0.534000000000002 11960.979 0.316999999999098 0.99999227784681 -0.000402384746104299 0.00311658571750422 0.00234343826046189 -0.000278431050876174 0.949681349615505 0.999997530245971 -0.0020206545973967 -0.000867439245244717 -0.000231677851031484 -0.00022434679784353 0.950353678727772 0.999992276115573 -0.000401670585917285 0.00311676847189171 0.00234407062530638 -0.000278311213260098 0.949752174462853 0.999997529621842 -0.00202093680622571 -0.00086756292455243 -0.000231947567420849 -0.000223829258423884 0.950331268089531 0.132999999999811 0.0880000000015571 4.28399999999965 4.13299999999981

 847 51 2000 5 0.95 2.951 0.578000000000001 11979.321 0.318999999999505 0.999999055995365 0.000240541029375508 -9.55752396173236e-05 0.00129374382409125 -0.000383719536933683 0.950881094679179 0.999997781816962 -0.00176576429538788 -0.000442344779092153 0.000234543847884679 0.00103332370979809 0.950473679474821 0.999999056546874 0.000240901564113269 -9.61067424204591e-05 0.00129308853438376 -0.000384131922826911 0.950836590282046 0.999997779724317 -0.00176688832058091 -0.000442364512491345 0.000234261905072047 0.00103348299307665 0.950433795777381 0.0979999999999563 0.0859999999993306 3.86700000000019 3.76300000000083

 849 53 2000 5 0.95 10.258 0.445 12001.212 0.32300000000032 0.999992534646482 0.00308545516248319 -0.000781847459547457 -0.000827627338159545 -0.00202838982568176 0.950343259304821 0.999993074520689 0.00285283053821184 -0.001302250847148 0.00200239250553257 -8.26774730506632e-05 0.950396555814236 0.99999253522726 0.0030854073638467 -0.000781843525025092 -0.000827480759740401 -0.00202823752348329 0.950321863315231 0.999993075997252 0.00285257036497491 -0.00130209181872917 0.00200214837168922 -8.22110730381656e-05 0.95036761730137 0.0960000000013679 0.0930000000007567 3.00099999999838 2.8739999999998

 832 36 2000 5 0.95 3.74 0.520000000000001 12145.757 0.305000000000291 0.999996766931342 0.00123219925397539 -0.0019173149428749 -0.000903254508252547 -0.000675164101668369 0.948473749553845 0.999998282291778 -0.00123345472637008 -0.000727384020362134 0.00106087861619517 0.000509364289780526 0.950029507747099 0.999996771030452 0.00123115176387451 -0.00191398771592096 -0.000904886309920873 -0.000678252012810575 0.948696879283831 0.999998282631874 -0.00123335251204111 -0.000727245018025857 0.00106083360733469 0.000509236315667385 0.950052756590514 0.0879999999997381 0.0830000000005384 3.22799999999916 2.78900000000067

 857 1 5000 5 0.95 14.309 0.477 27490.842 0.744999999998981 0.99999905054428 5.02780865468968e-05 -0.000224237341984976 -0.00104068119683084 -0.00087354617175223 0.9497863816631 0.999997125294539 -0.00122746684733949 0.00106044379201028 0.000952999083069943 0.00148659998269193 0.949956392073793 0.999999051682679 5.02182258458081e-05 -0.000224625690631687 -0.00103994731588247 -0.000873020475944916 0.949843014828563 0.99999712553294 -0.00122709181461733 0.00106084043325121 0.000953044630795424 0.00148643702925314 0.949990422133663 0.118999999998778 0.092000000000553 4.375 4.2960000000021

 825 28 5000 5 0.95 4.196 3.083 0 3.514 0.99999941021401 -0.000489991496227588 0.000766017957687464 -0.000583124935833498 0.000112524498952793 0.948515276234216 0.999999445873402 2.74371530418486e-05 0.00029865981941949 -0.000810941247961417 -0.000600563648786788 0.950839307381866 0.999999412183814 -0.000491717308820065 0.000764088305516356 -0.000580589993424136 0.000113712074137297 0.948735527081171 0.999999445735207 2.76711180356221e-05 0.000298915449388432 -0.000810710241138115 -0.000600967592040879 0.950794746534451 0.317 0.188000000000002 5.514 2.712

 826 29 5000 5 0.95 12.412 1.918 0 5.911 0.999999538536929 -0.000233966280237683 0.000540183585629165 0.000472552280282651 -0.000594206819903456 0.949636784673147 0.999998301509233 -0.00012365122675405 0.00164815919279806 -0.000436810733985492 -0.000688808159473671 0.95009958400405 0.999999538701456 -0.000233700800126792 0.000539953503619184 0.000472047055280844 -0.000594644939060954 0.94971418033461 0.999998301301727 -0.000123865829939852 0.00164815624846242 -0.00043686364436056 -0.000689044305120714 0.950113275250697 1.013 0.779 59.526 78.788

 834 69 5000 5 0.95 13.179 3.008 0 2.795 0.999997769000416 0.00206850080236374 -0.000291744148283075 3.59986984830592e-05 -0.000311268479761489 0.950297563727911 0.999997864907763 -0.000909939288732195 0.000384693315849682 0.000736539272845288 0.00165882830882779 0.949644001372446 0.999997768774534 0.00206860339335374 -0.00029172658516673 3.60617294931797e-05 -0.000311321548796166 0.950283063959823 0.999997866332319 -0.000909128210666214 0.000385210587639078 0.000736566869261729 0.0016582818684484 0.949719527346249 1.23 0.713000000000001 55.474 85.744

 831 34 5000 5 0.95 12.972 1.871 0 4.705 0.9999988801626 -0.00136922467707973 0.000558918793817003 0.000181010311633351 0.000140507577821123 0.948957021922152 0.999998023358231 0.000482817659611757 0.00156496915053679 0.00110877957952212 -0.000204073859759534 0.950251962536079 0.999998879715445 -0.00136979725302857 0.000558431845099972 0.000180879247317609 0.00014021380888579 0.949122370740546 0.999998023343195 0.000482815887991524 0.00156500596994548 0.00110874040535945 -0.000204082211659686 0.950244015901777 0.706999999999997 1.013 68.509 77.171

 833 68 5000 5 0.95 12.842 3.145 0 4.99 0.999999098397461 -0.00100060445102504 -0.000757658212241167 0.000339376588606323 -0.000335816262212666 0.949708470848997 0.999998151558468 -0.000889021787038867 0.000604790966151387 0.00138846695997269 -0.000782883962052504 0.950383111773958 0.999999098507667 -0.00100061948139295 -0.00075745384089946 0.000340032266479577 -0.000335240574160841 0.949776391389345 0.999998151090283 -0.000889145779475422 0.000604951177972371 0.00138851321114093 -0.000783135321792184 0.950356336422208 0.788 0.782 63.986 82.877

 832 35 5000 5 0.95 13.341 3.928 0 3.814 0.999999357385491 -0.000145706553538102 0.000845833997911126 0.000546973670818309 0.000499382475534731 0.948733234264836 0.999999233371276 -0.000534342497129046 0.000219183579025735 0.000152517330729256 -0.00108463449042826 0.949974611112894 0.999999356521129 -0.000143745332963898 0.000847009566117744 0.000547293471485983 0.00049933882199872 0.948926841914859 0.999999233380837 -0.000534243529459245 0.000219399366809564 0.000152483586997823 -0.00108463554408505 0.950005943941499 1.07 0.780000000000001 65.357 82.423

 830 33 5000 5 0.95 13.393 3.28 0 2.859 0.999998756597273 -0.000512443015720498 -0.000731574299773554 -0.001177338241304 -0.000550345139212247 0.950906306253547 0.999994565279762 -0.0010750760142578 -0.000505597127227082 0.00203274123364099 0.00230780352819459 0.950238175495378 0.999998757018964 -0.000512442721833836 -0.000731449970723718 -0.00117717228586018 -0.000550099384625904 0.950860768142294 0.999994565300736 -0.0010750682960003 -0.000505604923465671 0.00203275390887737 0.00230778516306255 0.950232198659587 1.004 1.084 70.028 76.887

 829 32 5000 5 0.95 12.268 2.955 0 4.555 0.999999377006904 -0.000294844938731667 0.000590843926901153 -0.000688373827077106 0.000579738902223802 0.949435725935249 0.999999515000208 0.000689504945058958 -0.000219715422442633 -6.04706755324541e-05 -0.000665320005913539 0.94969134153405 0.999999377429273 -0.0002943857406019 0.000590099955484283 -0.000687379183793938 0.000581179835989415 0.949540420188397 0.999999514541222 0.000690384748816511 -0.000219545099335902 -6.08664559632544e-05 -0.000665117616154618 0.949760747223909 0.698 0.945999999999998 65.884 84.601

 835 70 5000 5 0.95 15.072 3.122 0 2.427 0.999998806239823 -0.000442965495344712 -0.00043275431608287 0.00113308259764289 -0.000848615358652245 0.949218827354412 0.999997875764138 -0.000953770142411286 0.00165970430255837 0.000239324910736021 -0.000725875293849735 0.950019549062791 0.999998805759908 -0.000443927189857989 -0.000433498954910677 0.00113252936169663 -0.000849036694558719 0.949350772515176 0.999997876072706 -0.000953705308438609 0.00165966751006809 0.000239198767749471 -0.000725661055016483 0.950044183384111 1.074 0.989999999999998 69.308 80.685

 827 30 5000 5 0.95 12.791 4.669 0 1.48 0.999999679771527 0.000373218512716796 -0.000380485115938289 -0.000432734969306334 -0.000411261847259355 0.951154152528518 0.999998674295441 0.00104202165806361 -0.00117333136554891 4.8987676969367e-05 -0.00043184712400005 0.948734306671867 0.999999679251344 0.000372963634195495 -0.00038091208097079 -0.000433508597144126 -0.000411547833867152 0.951104989679179 0.999998676003713 0.00104208553882593 -0.00117298710051345 4.9320288416534e-05 -0.000428622587339446 0.948928397136617 1.109 0.683 65.113 88.581

 843 78 5000 5 0.95 14.658 2.201 0 5.436 0.99999881064993 -0.00119506004246372 0.00025866450514255 4.93949944711972e-05 0.000938713496872234 0.949828915312363 0.999996566350642 -0.00232563358469166 0.000789226466356867 0.000608440775433968 -0.000682375822920989 0.949937589640427 0.999998811144978 -0.00119494687131342 0.000258751791606879 4.90542071753488e-05 0.000938323931288494 0.949880232562505 0.999996565614377 -0.00232584739330328 0.000789599005654726 0.000608311829803211 -0.000682410053581232 0.949974147947523 1.024 1.072 65.752 84.029

 838 73 5000 5 0.95 14.395 1.783 0 2.784 0.9999986700376 0.000976003731077301 -0.000917661022250468 -5.85670784801554e-05 -0.000928336088564151 0.949695768752439 0.999999341513457 -0.000699374279980371 -0.00062095056258213 0.000652358020281767 -0.000129219508617224 0.950225020190761 0.999998670865503 0.000975434511627876 -0.000917546149370802 -5.82263994663995e-05 -0.000928177510099504 0.949764791162324 0.999999341491483 -0.00069936089690978 -0.000620971315058567 0.000652387079148934 -0.000129215557510425 0.950220943421971 0.659000000000002 1.227 71.571 74.856

 837 72 5000 5 0.95 14.739 4.239 0 3.014 0.999999685080979 -0.000624676037054385 0.00038224341007129 2.52656109936929e-05 0.000304744835585335 0.949211887934524 0.999999855932143 -4.76105390160706e-05 0.000434883615177137 0.000310727574404557 1.39120591678907e-05 0.949774312499888 0.999999685447521 -0.000624886127012159 0.00038191254364986 2.51907653681108e-05 0.000303529933781507 0.949344828858104 0.999999856009232 -4.81716593580148e-05 0.000434255546706873 0.00031125726545767 1.42141467561098e-05 0.949833303591742 1.007 1.159 68.533 84.65

 841 76 5000 5 0.95 15.563 3.72 0 0.943999999999999 0.999997721068883 -0.00167403604591639 -0.000294876386179373 -0.000568627820163532 -0.00115981493171917 0.949089182465566 0.999999066290792 -0.000874009891431103 -0.000278474246085969 -8.75364667263566e-05 0.00100911531322291 0.950612721774655 0.999997721409178 -0.00167326913013077 -0.000294829398143319 -0.000567777109622999 -0.00116105626481857 0.94923776693986 0.999999066404306 -0.000874500292831837 -0.000278562674882409 -8.77142724741037e-05 0.00100853794960848 0.950570805287283 0.890000000000001 0.985000000000003 70.817 83.458

 836 71 5000 5 0.95 15.342 0.888000000000002 0 2.115 0.999995489948043 0.00106351387551356 -0.00214881235004194 0.000136889628621321 -0.0018035765920343 0.949630369716258 0.999998988466913 -0.00135855868665477 -1.06013869086642e-05 0.000102674504513649 0.000408324628416869 0.95152575634355 0.999995488010077 0.00106415707306679 -0.00214880158589755 0.000136895504249785 -0.00180428395143222 0.949708262381588 0.999998988864977 -0.00135837424067936 -1.04574387089541e-05 0.000101674924833958 0.00040821721783754 0.951472263309845 1.021 1.042 67.894 87.238

 828 31 5000 5 0.95 11.183 2.984 0 5.16 0.999999766665657 -0.000316679899895002 -0.000552997433600857 -0.00010868849157298 0.000220823735289 0.949464763602167 0.999999367525188 -0.000594931655291042 -0.000758480103273179 -0.000501854080143775 -0.000289578945231894 0.949474643103473 0.999999766894497 -0.000316494053462165 -0.000552737044629459 -0.000109392718416446 0.000220357571526031 0.949564193983579 0.999999366965108 -0.000595127800166132 -0.000758893357704636 -0.000501841780154671 -0.000290048243270007 0.949573126898622 0.936 1.054 69.456 84.715

 842 77 5000 5 0.95 15.89 3.051 0 3.378 0.999998482256601 0.00147736633466949 0.000748906558050348 -0.000307147797466174 -0.00044460364923764 0.950020841438116 0.999998340668721 0.000914564811476052 -0.00146172738880928 -0.000212049589742549 -0.00054828735402219 0.950722518626982 0.999998482685552 0.00147705931772024 0.0007489678720516 -0.000307144468684496 -0.00044455794553396 0.95004546380437 0.999998340764417 0.000914394092378265 -0.00146167324847082 -0.000212341026703068 -0.000548429084102847 0.950678823850006 1.042 1.304 69.374 84.025

 845 80 5000 5 0.95 14.087 2.948 0 5.414 0.999998603624365 -0.000562010244193528 -0.00046043284307688 -0.000172894152673921 -0.00149499264698093 0.949327151364509 0.999998474398631 -0.000404913944967728 0.000460766245001815 0.00157248632234258 -0.000449695831847834 0.949482524091918 0.999998605738904 -0.00056046293496133 -0.00046182094122077 -0.000171864448965094 -0.00149384924803719 0.949445409645879 0.99999847530208 -0.000403936847126808 0.000461211190650415 0.00157194222998929 -0.000450011558597219 0.949580314664659 1.262 1.459 74.749 77.566

 839 74 5000 5 0.95 15.209 2.257 0 5.555 0.999999345424819 0.000688296497335906 0.000700182932562734 0.000169808479247749 -0.000562411597945078 0.949965458608117 0.99999968015468 -8.0207828825478e-05 -0.000381110712387237 0.000681900329814723 -0.000151735977906475 0.950843356233409 0.999999345097334 0.000688477062274897 0.000700439007921169 0.000169910864435477 -0.000562423090274871 0.94999814131597 0.999999680403136 -8.04177240965993e-05 -0.000380979042807491 0.000681613808721138 -0.000151605410553498 0.950798481108064 1.25 1.34 72.55 79.283

 844 79 5000 5 0.95 15.972 2.76 0 4.581 0.9999992934785 0.000968492411307431 -0.000478105980329666 -2.20965368574135e-05 -0.000495975164713188 0.949887116942633 0.999999327372401 -0.000116017666556142 0.000663902238232402 -0.000649047055794334 -0.00068539505712656 0.948172821555301 0.999999293192311 0.000968910687889588 -0.000477728481927053 -2.18780031740568e-05 -0.000496108664449328 0.949930339372142 0.999999330828269 -0.000112552568768229 0.0006618460241723 -0.000646423742845093 -0.000685398510865164 0.948435300716308 1.277 1.36300000000001 71.296 83.05

 840 75 5000 5 0.95 15.73 3.572 0 4.506 0.999998940112997 -0.00048617695435749 0.000466668352001607 0.00110886383591622 0.0006603381661344 0.948230627010568 0.999998849306631 0.0011021354620053 -0.000550712002510057 -0.000857041673384577 0.000221085271995785 0.951498489276716 0.999998936884471 -0.00048567731999513 0.00046451582292583 0.00111197430294292 0.00066188040388056 0.948482293052537 0.999998849775523 0.00110173895557113 -0.000550893860096032 -0.000856796079332196 0.000221439242165209 0.951445816788018 1.39599999999999 1.42 78.479 75.536

 852 7 10000 5 0.95 18.626 3.679 0 22.504 0.99999949419446 0.000300421907251794 0.000759090827328174 0.000140605172800786 -0.000570411082235813 0.950193655594982 0.999999575500285 -0.000595470920291685 -0.000116512942681965 0.000593455958912525 0.000358675887219822 0.949949804183308 0.999999494193103 0.000300422850406478 0.000759091896336323 0.000140603371054758 -0.000570411985415628 0.950193927542826 0.999999575475794 -0.000595522672988568 -0.000116841921957964 0.000593319991677263 0.000358776155427675 0.949984243971286 1.928 2.06099999999999 126.066 76.731

 853 8 10000 5 0.95 18.735 2.822 0 21.624 0.999999405300649 -0.00022581930709758 -0.000649712117512256 0.000151463938310557 0.000832668498274052 0.950176717323431 0.99999946995632 8.70487519104673e-05 -0.000616920143592601 -0.000772871645618152 0.000273109044275433 0.949980556125706 0.999999405336618 -0.000225807570520677 -0.000649692473966012 0.000151460747478575 0.00083264439106004 0.95017946587555 0.999999470016249 8.70324916073274e-05 -0.000616848218218322 -0.000772848029598841 0.000273124085766075 0.950010493050231 1.729 1.985 141.174 74.041

 850 5 10000 5 0.95 19.465 3.494 0 15.791 0.99999938429979 -0.00031349011400302 -0.00104519551344383 -4.82406997726456e-06 -0.000201660747569015 0.950106191739775 0.999999729776159 -0.00055926919407855 0.000174318139846564 -0.00023737561819895 0.000375408550159307 0.95027606447462 0.999999384288849 -0.000313504924806132 -0.00104518053692709 -4.81100502540816e-06 -0.000201769879123411 0.95011887988878 0.999999729855717 -0.000559152641434296 0.000174310516978049 -0.000237374407570942 0.000375374548201988 0.950264600824676 1.594 1.806 151.424 74.688

 846 1 10000 5 0.95 17.779 3.479 0 22.501 0.999998536013488 5.78554036734588e-05 -0.000548654143604217 -0.000401678880712089 -0.00156915784430809 0.949458742817318 0.99999913927523 -0.000658247737606945 0.00101985710774936 0.000308821103695994 0.000390742525126334 0.950197382242664 0.999998536393208 5.80245175839983e-05 -0.000548654501605295 -0.000402010870535528 -0.00156882443091894 0.949559632931352 0.999999139275211 -0.000658248538768975 0.00101985578322229 0.000308821732193159 0.000390744185476638 0.950197195382478 1.791 2.196 149.739 63.728

 856 11 10000 5 0.95 19.325 1.519 0 14.493 0.999998982861572 -0.000175898855934172 -0.000955869675836949 0.00102313517753869 0.000206985470209416 0.949963572148391 0.999999658250875 -0.000312154434424697 -6.42604808527004e-05 -0.000742600379347969 0.000174565200005723 0.950329713995599 0.999998982548194 -0.000175975031416311 -0.000956116121271706 0.00102322326959037 0.000206860989578163 0.949996190112927 0.999999658143586 -0.000312332384436152 -6.43025232892744e-05 -0.000742658343599358 0.000174599436234275 0.950310693844484 1.564 1.66 155.874 73.979

 849 4 10000 5 0.95 16.729 3.963 0 23.229 0.999999957799466 -0.000104880161238863 -0.00012785072914507 0.000194651759138542 0.000138441690168583 0.9499184330421 0.999999230207718 0.00097199250822286 0.000101812031651441 0.000305255117015938 -0.000700905242252834 0.950326786912938 0.999999957799003 -0.000104707644150005 -0.000127876083268562 0.00019476742737281 0.000138389512212272 0.949957323768771 0.999999230268339 0.000971919953130586 0.000101723407389706 0.00030520493491439 -0.000700954085517693 0.950308029340939 1.896 2.05800000000001 144.09 71.743

 854 9 10000 5 0.95 18.011 3.803 0 22.818 0.999998286182516 -0.00159596480704015 0.000470052293406859 0.000242385571225859 -0.000775131241070336 0.950326167580259 0.99999952980408 0.000394663414408334 0.00030062575893582 0.000107826384805785 0.000826214277451086 0.950812254856333 0.999998286029812 -0.00159600235410376 0.000470153128387947 0.000242339439491044 -0.00077520420335864 0.950307537075523 0.999999530112781 0.00039463922147301 0.00030056997006201 0.000107466840517679 0.000825919289757331 0.950768049762059 2.021 2.18600000000001 142.793 76.989

 848 3 10000 5 0.95 19.111 2.554 0 17.51 0.999999529132696 -0.000501648238306815 0.000124975936777696 -0.000680461303967164 0.000459822640508097 0.94950034709441 0.999999648878886 -0.000189937808590176 0.000627378852448937 0.000174332135145212 -0.000492107523988368 0.949411671798644 0.999999528829549 -0.000501783650344505 0.000124471374609893 -0.000680919454295873 0.000459792802181946 0.949595876388632 0.99999964931379 -0.000189753385964415 0.000627173217767594 0.000173557983348131 -0.000491830590859997 0.949518993112535 1.61199999999999 1.827 155.219 76.048

 847 2 10000 5 0.95 19.748 3.641 0 21.105 0.999999399956755 -0.000100096935727368 -0.000827777130707466 -0.000663222302381542 0.000254927309150325 0.949974405549014 0.999999751434338 0.000441834301238803 -0.000257712853746966 -0.000352677721381217 0.00033334099894862 0.94944990902476 0.999999399862878 -0.000100038233666408 -0.000827825350637648 -0.000663307199312163 0.000254941137690277 0.950005614498152 0.999999750829687 0.000442578199100136 -0.000257523334214259 -0.000352654621270162 0.000334337483066177 0.949551932463466 1.811 2.106 149.626 75.69

 851 6 10000 5 0.95 15.861 4.657 0 24.157 0.9999987254996 -0.000243192503222023 -9.36562748481347e-05 -0.000320674730509561 -0.00154215848805722 0.9490670313343 0.999999187374068 -0.00108042771590312 0.000301542904136979 -0.00023624679997344 -0.000557840908958689 0.950128932429107 0.999998725470554 -0.000243200116809174 -9.35303747324096e-05 -0.000321641197058741 -0.00154198248381678 0.94921896806064 0.999999187411181 -0.00108041872638342 0.000301466411044148 -0.000236230907364302 -0.00055783986440419 0.950138456328553 1.925 2.036 149.169 67.657

 857 12 10000 5 0.95 17.415 1.544 0 19.614 0.999998153799502 0.000352708665848106 -0.000328441805292014 0.00170813094884076 0.000736484098249136 0.949698433795782 0.99999984929791 -0.000518111499324756 -2.97326618973115e-05 -6.27836550122354e-05 0.000167746275137209 0.949465398452192 0.999998152926197 0.000352767401020839 -0.00032832262033293 0.00170857354468607 0.000736668212524596 0.949767867942718 0.999999849212158 -0.000518431067808753 -2.9208657701082e-05 -6.31846956906401e-05 0.000167210758361717 0.949566192931157 1.615 2.043 153.681 74.393

 855 10 10000 5 0.95 18.715 3.946 0 23.11 0.999999813911365 -0.000470653956931193 -0.000203904526370919 0.000154569224036036 -0.000291879062531862 0.948833228484401 0.9999994382031 -0.000584824879890702 0.000800488322811687 -0.000286074876421525 -0.00024280229604059 0.949953679213903 0.999999814328273 -0.000469627144232366 -0.000204626662521198 0.00015441852112978 -0.000291678958685528 0.949012648381418 0.999999438180419 -0.000584745472269478 0.000800555975958007 -0.000286051376412009 -0.00024289157649709 0.949987806198437 1.951 2.011 148.724 70.649
