
 1058 13 500 10 0.95 0.676 0.46 0 0.107 0.99998178469016 -0.000158555503524396 0.00285697155956097 0.00367491519666868 -0.00113350718909055 -0.000598013155380316 0.0028886537332161 0.00209920944343394 0.000585472281869821 -4.02875566729268e-05 0.953133494412402 0.999975619683092 -0.000811876335974431 0.00344308340043135 0.00240143886408075 0.00469467617127283 0.00178849850559326 -0.00177749158351762 0.00038756843039129 0.000132451838187703 -0.00138319338735824 0.949234539089119 0.999981783004726 -0.000158983238271001 0.00285736615060178 0.00367581282183829 -0.00113405670780742 -0.000598902918279564 0.00288740216807223 0.0020991721218652 0.000585024082517929 -4.00552561929414e-05 0.953087050885283 0.999975634485466 -0.000815348399657149 0.00344212761153267 0.00240038644775919 0.00469078494588937 0.00178909595073268 -0.00177791457587195 0.000391410302813481 0.000127267804758052 -0.00138594289060511 0.949415751496769 0.0809999999999995 0.00499999999999989 0.0460000000000003 0.0430000000000001

 1079 34 500 10 0.95 0.625 0.619 0 0.11 0.999956592663582 -0.000831192359654258 -0.00401687085910619 -0.000400518972880866 -0.00394463375259798 0.00209727683296765 0.00594690333806419 -0.00221060669797901 -0.00237436954523416 0.00199435788528646 0.950179046409205 0.999981066994181 -0.000454159926622686 -0.00260621494502887 0.000776707173031224 0.0021455019254933 0.00360926482071352 -0.000809070043321792 -0.00100829518915929 0.000929949216181866 -0.00317769278592605 0.948467275705088 0.999956597536461 -0.00083135547691741 -0.00401761988856358 -0.000402813053982587 -0.00394542651396467 0.00209811624148288 0.00594562980271274 -0.00221025488259589 -0.00237302482926385 0.00199321199906703 0.950273467440572 0.999981089841357 -0.000451882228803292 -0.00260400631923922 0.000779789707932587 0.00214007795566999 0.00360846975068988 -0.000806088292921845 -0.00100669836330839 0.000928793968375079 -0.00317804585854939 0.948715322063959 0.00400000000000045 0.125 0.0439999999999996 0.0449999999999999

 1065 20 500 10 0.95 0.603 0.544 0 0.113 0.999974003434925 0.000840325703061674 -0.000441449789774034 -0.00133569940779131 0.00223801007387803 0.00206331364507811 -0.000783174156477522 -0.0032735033790936 -0.00406086383947455 -0.00349593802477913 0.951339514615144 0.999984784786299 0.00124712271034008 0.00242684921346047 0.00142416462055993 -0.00217723309598196 0.00306004908663015 0.000199612861284697 -0.000336175381516822 0.00193599963941223 -0.00171809217500725 0.950314058994897 0.999974007960659 0.00083989578054122 -0.000441920278879772 -0.0013347934820906 0.00223763999885667 0.00206348250240385 -0.000783107314477877 -0.00327330351316595 -0.0040604330390036 -0.00349587310694512 0.951313803185702 0.999984788137016 0.00124695026627712 0.00242567035312478 0.00142438332655941 -0.00217660571660799 0.00305961748713081 0.000200334343691749 -0.000334433512800859 0.00193636619869495 -0.00171915670784983 0.950393158081118 0.0860000000000003 0.111 0.048 0.0430000000000001

 1087 42 500 10 0.95 0.617 0.630999999999999 0 0.106000000000001 0.999944139069074 -0.00573364978897747 -0.00211854599059495 0.00427562638550003 0.00199458582328414 -0.000615861347916119 -0.00417002611544028 0.00200130421215585 -0.00175218710339962 0.00522040511824865 0.95180092845519 0.999990246897858 -0.000453782093944843 0.0012051724456434 0.00281429751923424 -0.00237218918553873 -0.00137738513272023 0.00109648795559998 -0.000194886442036087 0.00104975181430291 -0.000246501626211038 0.946457414787953 0.999944134894131 -0.00573423404052635 -0.00211901932039474 0.00427478842127459 0.00199464595618542 -0.000615168985967188 -0.00417036151682476 0.00200193585841524 -0.0017520961445224 0.00522063628641225 0.95176809741122 0.999990255265658 -0.000453788226284131 0.00120377719625422 0.00281839905682947 -0.00237135969748037 -0.00137090070285973 0.0010944411161465 -0.000192623144855951 0.00104472499137292 -0.000248849948439863 0.946199864243668 0.103 0.0840000000000005 0.0430000000000001 0.0449999999999999

 1071 26 500 10 0.95 0.556 0.579 0 0.105 0.999950014259885 -0.00573506378578555 -0.000387203996140493 -0.000359079315396734 0.00496298055028066 -0.0046378043633715 0.00154658341920848 -0.000903881897752597 -0.00281022883900844 -0.00309070315605651 0.949753991811104 0.999973106235569 -0.000379849032391408 -0.000992607362594347 -0.00212083405934712 0.00046335029045227 0.000168023523259894 -0.00467884280085726 -0.000680480158197249 0.000544985049460909 0.00502640592422347 0.949539240618989 0.999950005540029 -0.00573559265803357 -0.000383030346619505 -0.000359230946388172 0.00496536908143322 -0.00463922918776854 0.00154752163001088 -0.000901483111757097 -0.00280868100807837 -0.00308870792816547 0.949891310258968 0.999973107888514 -0.00038001776637004 -0.000991497801057462 -0.00212003735948604 0.000462495009037488 0.000166420708222241 -0.00467938320875809 -0.000682479008833754 0.000545757237198272 0.00502589362492247 0.949692763557265 0.00900000000000034 0.125 0.0510000000000002 0.0529999999999999

 1061 16 500 10 0.95 0.673999999999999 0.691 0 0.105 0.999974533641516 -0.00124540718896046 -0.000682584920756065 0.00590489078118916 -0.00231499867507914 -0.00220147978209485 0.000367019087438544 -0.0014566391287007 0.000916828126953632 0.000862882136356024 0.950630413300864 0.999976202084542 0.00135034524374327 0.000116332649556654 -0.000334855909584579 -0.0039428560973668 -0.00237160722674683 -0.00253657861484695 -0.00320011092085203 -0.00171402180189352 0.00220515844741028 0.950223894097261 0.999974532998706 -0.00124526810281696 -0.000681750641999017 0.00590511164749312 -0.00231493537044865 -0.00220187773926758 0.000367342074293416 -0.00145602203246765 0.000916514539467603 0.00086336739446852 0.950679838426548 0.999976210019048 0.00134908567084814 0.000113749469248773 -0.00033557441823428 -0.0039435705032697 -0.00237066401881178 -0.00253375917970964 -0.00319991087046808 -0.00171273856431825 0.00220662183158079 0.950313156527937 0.0119999999999996 0.104 0.0449999999999999 0.0439999999999996

 1075 30 500 10 0.95 0.657 0.622 0 0.105 0.999983254633541 -0.000314556236432881 0.00179463544529539 0.000269333302115789 0.00392526712168078 -0.00129578720137538 -0.00228901960163965 -0.00091266556881496 -0.000156669596386682 -0.00262951499103776 0.94786255807749 0.999963047238741 0.00104427982209038 0.0040814361058347 0.00503465343726013 -0.00163930782939304 -0.00149748010754864 -0.000936737434224244 0.000737227547466089 0.000787933972313478 -0.00488223130251711 0.950455242724492 0.99998326793291 -0.000316023771785474 0.00179180267164209 0.000268512504057838 0.00392381982158586 -0.00128848735875025 -0.00228888905631475 -0.000914151690789684 -0.000152431158310792 -0.00263188982748111 0.948160235252495 0.999963053522387 0.00104539720509052 0.0040807404288585 0.00503326500732503 -0.00163962069579884 -0.00149814292319444 -0.000937356567814377 0.00073743693659227 0.000787182169329482 -0.00488238069004776 0.950522532185655 0.0430000000000001 0.0859999999999994 0.0470000000000006 0.0430000000000001

 1080 35 500 10 0.95 0.581 0.721 0 0.106999999999999 0.999979847245544 -0.00337001498540664 -0.00174988819739611 -0.00246602916680637 -0.00156747476578018 0.000569793536071521 -0.00174835240779893 0.000390610561394738 0.00147445141354942 -0.00341170509913593 0.948957680503694 0.999974239480586 -0.00547402111345353 0.00102007903275124 0.00291068954725053 -0.00183267242721009 -9.47822692261201e-05 -0.000987866148146919 0.00233973580020374 -0.000564813419169011 -0.00138053031657988 0.949021380944268 0.999979831587348 -0.00337348449167597 -0.00175095046960117 -0.00246810842750727 -0.00156909859013974 0.000568855762978731 -0.00174838185838788 0.000387962280172833 0.00147453507390748 -0.00341047787910952 0.949161081594345 0.999974224755807 -0.00547477208403548 0.0010238848185673 0.00291302375349316 -0.00183584860452106 -9.2281646212168e-05 -0.000989981215800076 0.00233723815032888 -0.00056533348212376 -0.00137892864737975 0.949219492734931 0.0899999999999999 0.0910000000000002 0.0460000000000003 0.0439999999999996

 1073 28 500 10 0.95 0.168 0.591 0 0.104 0.999978649972673 0.000569522978180405 0.00137320546209299 0.00143792342096248 0.00391466954284679 -0.00337657693685301 -0.00133287163046309 -0.00276861300244353 -0.00138349135052458 0.000583269151778009 0.951883385074505 0.999977349782791 -0.00272114632056123 0.00208836064588113 -0.000119601218052191 0.00183835227982009 -0.000183810850022645 -0.002565028456925 -0.00319937637927081 -0.0032554291488855 -0.00164109864731276 0.949566808395929 0.999978648961883 0.000569112366293821 0.00137346676514571 0.00143722026956441 0.00391499012458772 -0.00337623315960988 -0.00133280437755344 -0.00276914531556595 -0.00138379753686984 0.000583259367710833 0.951849694725154 0.999977327900297 -0.00272077506007135 0.00208842581087091 -0.000122008672067748 0.00183828564818305 -0.000184543115021086 -0.00257186574679588 -0.00320220423569212 -0.0032545424657343 -0.00164032241899657 0.949721014757526 0.0180000000000007 0.0229999999999997 0.0430000000000001 0.0429999999999993

 1057 12 500 10 0.95 0.723000000000001 0.618 0 0.105 0.999976008402538 -0.000671442529361271 -0.000787277269593979 0.000131638910744654 -0.00233896407913466 -0.00226982385708078 4.0984293456419e-05 -0.00133605093586999 0.00331195186850376 0.00484933600146535 0.951465963497954 0.999966420046635 -0.000852926158502092 0.000228142656876184 -0.00348703290078617 0.000333911227204008 -0.00312807732783121 0.00398324843822198 -0.00351203411238565 -0.00321206291205372 0.002409457243297 0.951664969063158 0.999976009625396 -0.000671964917228298 -0.000786802987501452 0.000131997818153609 -0.00233840942723389 -0.00227055244019504 4.1077328798986e-05 -0.00133582250932119 0.00331182438038289 0.00484915431502763 0.951435777397808 0.9999664230133 -0.000852558540040325 0.000227878650499537 -0.00348715294800391 0.000334403177062877 -0.00312802366231286 0.00398260973086216 -0.00351185040581941 -0.00321203779985975 0.00240956586830348 0.951633741016742 0.121 0.0759999999999996 0.0500000000000007 0.0419999999999998

 1076 31 500 10 0.95 0.559 0.497 0 0.106 0.999985621183196 -0.000570606755261688 0.00445930846881384 0.000376929382476555 -0.000372048239750089 -0.00220072339810646 -0.00107445588790081 -0.000833197081856593 -0.000571449360448681 -0.00111691380046195 0.947936680223607 0.999981020804047 -0.000502691335872132 -0.000570590754989859 -0.00125469392815433 0.00304508632166886 0.00244395148595657 0.0021379591773178 -0.000813981641709067 -0.002197836174411 -0.00323977367660691 0.949575455098261 0.999985643302908 -0.000570673585996595 0.00445169994874637 0.000377977413466536 -0.000372392063080324 -0.00220335580390827 -0.00107582530955071 -0.000837639757005106 -0.000565279548641963 -0.00112026170812857 0.948224411572359 0.999981025599609 -0.000507058087460929 -0.000569826772195679 -0.00125163514284279 0.00304590381846363 0.00244483607839851 0.00213658773175076 -0.00081262392727602 -0.00219667680503453 -0.00323952658258149 0.949723698562789 0.104 0.0869999999999997 0.0470000000000006 0.0410000000000004

 1084 39 500 10 0.95 0.585 0.607 0 0.105 0.999972636521243 -0.00045614206774574 0.00308337235024392 0.0018877414355397 0.00114650770860002 -0.00142756644787388 -0.00128443092179554 0.0057512412549803 0.00122139292410833 -0.0013698996537808 0.951595847549619 0.999972799006933 0.000892408677710363 0.000273055429485027 -0.0058913388960988 0.00182829487621623 0.00172282924148714 -0.000266847843401537 0.00143044206326979 0.00259818053712272 -0.001908848504969 0.949693255599001 0.999972636908845 -0.000456124841517711 0.00308366608666016 0.00188775067074486 0.00114638372863363 -0.00142761984122701 -0.00128395606228857 0.00575131397923606 0.00122062049546326 -0.001369824972288 0.951564636373376 0.999972790083165 0.000892596167614172 0.000272895896684192 -0.00589260096757034 0.00182751979509608 0.00172155367477078 -0.000266136879663928 0.00143253583956182 0.00259830318992953 -0.00190981783035848 0.949833444525375 0.154999999999999 0.13 0.0449999999999999 0.0440000000000005

 1068 23 500 10 0.95 1.056 0.48 0 0.119000000000001 0.999957068938322 0.00123870799551897 -0.00130500112067701 -0.00484007259311625 -0.00074070837188876 -0.00127829918567657 -0.00206513571835074 0.00298172759929205 -0.00497662858528044 0.00436938638280756 0.951090721418888 0.99998628470226 -0.000902343842189112 0.00364371215793987 0.000317779408066409 0.00206126222584346 0.00182425323763289 -0.000315259224529331 -0.000715116903051698 0.00121632676573092 0.00188987505263219 0.949336747882005 0.999957069015174 0.00123870402443614 -0.00130500181206146 -0.00484005943807638 -0.000740702767868423 -0.00127829957519684 -0.00206514370578122 0.00298172647102179 -0.00497662762393346 0.00436938321207431 0.951091870508953 0.999986280855137 -0.000902160307981816 0.00364503562427694 0.000315482556274428 0.00206266507352822 0.00182349523633805 -0.00031421079721374 -0.000714221391430506 0.00121336964866127 0.001891445409254 0.949508474571431 0.00700000000000056 0.0860000000000003 0.0379999999999994 0.0430000000000001

 1072 27 500 10 0.95 0.679 0.657 0 0.106 0.999970353178951 0.00134266803760425 0.00112448176048665 -0.000779859637994008 -0.0031662549893279 -0.00486182969183878 0.00201329853721435 0.00321151182301076 -0.00195819016148116 0.00193729680520404 0.94907731371734 0.999994581439884 0.000692359177583968 -0.00193279944194648 -0.000872906751515781 0.0011686502917196 -0.00110715699966465 0.000401142820780698 -0.000984120569809158 -0.000180164987957658 0.0014514273504177 0.946919845461445 0.9999703184438 0.00134365018827054 0.0011247770838672 -0.000773805488804489 -0.00316808758349887 -0.00486426724088471 0.0020169672921309 0.00321249729190036 -0.00196145094552016 0.00193893700451008 0.949272295499761 0.999994565979543 0.000690812583967783 -0.00193687000628857 -0.000876826621732527 0.00116919208686793 -0.0011120285461636 0.000401107874395919 -0.000985347575464194 -0.000185054429086457 0.00144942708573682 0.946626351217729 0.0720000000000001 0.143 0.0750000000000002 0.0449999999999999

 1083 38 500 10 0.95 0.49 0.341 0 0.111 0.999967326248171 0.00048684322085655 -0.00430741813226561 -0.00387649834350254 -0.00224826810320365 -0.00164869199305146 0.00270853061836051 0.00277701443108901 -0.00294143757609897 0.000235440784101172 0.947985120309467 0.999990144524344 0.00267388084725276 0.0014795805819602 0.000220450305240158 -0.0010140290120044 0.00200171724596208 -0.00166894669450198 0.00102474384188323 0.000366828035344908 -0.00114816626490121 0.948647792020907 0.99996735977348 0.000485709424615584 -0.00430275786958214 -0.00386962952893366 -0.00225214065280566 -0.00164223579387203 0.00271150809795118 0.00277447096461631 -0.00294624964144172 0.000237250636930853 0.948269239542086 0.999990150733444 0.00267478723676097 0.00147623144496596 0.000218913554769366 -0.00101223324059852 0.00199854273646174 -0.00166824991307332 0.00102373860950893 0.000371445038193555 -0.00115278262700741 0.948881995377424 0.0230000000000006 0.0990000000000002 0.048 0.0419999999999998

 1060 15 500 10 0.95 0.907 0.524 0 0.109 0.999981465013591 0.000922182126853099 0.00121529100961913 0.00155763746046155 -0.000494742772254286 -0.000358804866785748 -0.00325659795547457 0.0035953109023895 -0.00279610586412131 -0.000769826360719848 0.95136889832506 0.999961608781312 0.000348190298743635 -0.00242167122421105 0.00702118134013138 0.00042182817072965 -0.00161699663063605 0.00195849465853719 0.00366741297775201 0.000916228628691986 -0.000761929649362007 0.951291764462922 0.999981463718488 0.000922233138971482 0.00121535326213842 0.00155778970059797 -0.000495126712023728 -0.000358773543624051 -0.00325648869069869 0.00359527227532723 -0.00279660552395785 -0.000769636579370816 0.951339760912985 0.999961606888055 0.000347799988766025 -0.00242162980970952 0.00702131766529339 0.000422042361778644 -0.00161708059277419 0.00195851490246414 0.00366750714579217 0.000916389984999211 -0.000762471668070224 0.951271620425639 0.0789999999999997 0.154 0.0469999999999997 0.04

 1066 21 500 10 0.95 1.446 0.38 0 0.107 0.999975188593325 0.00225446559537296 0.00202746869783807 5.59390934580576e-05 -0.00232120955041262 0.00402160552196034 0.00170348377874928 -0.00274170704050692 -0.00187146358497675 -0.00222335533328919 0.950405528653968 0.999951384160663 -0.000169209541093129 0.00036551043082779 0.0018476117558323 -0.00657966500527789 -0.00324088802409425 -0.00522372649211098 -0.000325529126537986 -0.00123499355339332 0.00330750248822464 0.946435107623803 0.999975184460902 0.00225320506175477 0.00202736505969875 5.65852997087863e-05 -0.00232104477322968 0.0040229800331957 0.00170393838553345 -0.00274161342662307 -0.00187123815868665 -0.00222421193166523 0.950476459176069 0.999951330009666 -0.000171388520529697 0.000363942338579615 0.00185172827646271 -0.00658362493658933 -0.00324382877277301 -0.00522445216535921 -0.000325446716952008 -0.00123243410758771 0.00331068482401953 0.946183193534742 0.0100000000000007 0.0229999999999997 0.0440000000000005 0.0419999999999998

 1070 25 500 10 0.95 0.688000000000001 0.703 0 0.106 0.999972784883042 -0.0044396185258004 -0.00113716953103093 -0.00351311976400766 -0.00163870170982408 -0.00278602734452506 -0.000115075773482304 0.000312662497408596 -0.00289982264215106 -0.00145494064981488 0.947089347770807 0.999970430596689 -0.00205025777166297 -0.00149737399156168 -0.00349838531467193 0.000260815497890972 -0.000599934514696511 -0.000784403805717257 0.0014581238433756 0.0058446125304785 0.00176767938587127 0.949685777831198 0.999972807473078 -0.00443978347007392 -0.00112973759058949 -0.0035098374492453 -0.00164030582047175 -0.00278889516038373 -0.000110501403802065 0.000315789624281157 -0.0028939225391466 -0.00145674654506779 0.946786323680227 0.999970420268932 -0.00205097566537074 -0.00149701963748098 -0.0035008196966378 0.000259752823984224 -0.000603258214174975 -0.000787248108974429 0.00146022963960561 0.00584300368476248 0.00176950993338548 0.949829185897949 0.126 0.159 0.0489999999999995 0.0430000000000001

 1056 11 500 10 0.95 0.0169999999999999 0.25 0 0.0659999999999998 0.999970253619581 0.000475467542174513 -0.00377273471506719 0.00375323711393526 -0.00280849328791156 -0.00169550291101086 0.00273305990231745 -0.000161148782037897 -0.00247371212578935 -0.00256286730705458 0.949190821090926 0.999990683703811 -0.000919293651746885 -1.05862959392284e-05 -0.00100140145351322 0.00201441770674774 -0.00178300168166356 0.000298285958136424 -0.00125405962653667 0.00189211422941279 0.00207503682241559 0.950653807844379 0.999970248423396 0.000476172560221028 -0.00377020969485606 0.00375018922456066 -0.00281173078626419 -0.00169340485750544 0.00273744553429588 -0.000160337414183012 -0.00247404353750468 -0.00256582731097364 0.949377384569568 0.999990686824215 -0.000919118935369722 -9.72074490181592e-06 -0.00100224599217348 0.00201397186727815 -0.00178230606134838 0.000297597447290139 -0.00125408005765093 0.00189165922178504 0.00207473865192309 0.95070072979147 0.00200000000000022 0.00099999999999989 0.028 0.0259999999999998

 1085 40 500 10 0.95 0.124 0.359999999999999 0 0.101999999999999 0.999989853150998 0.00139386221136887 0.000899770081258334 0.00089931725047109 -0.00121132360089096 -0.00212716578178468 0.00262455448218779 0.00175440873175042 -0.000110363192115842 -0.000872828777019346 0.94914013634382 0.999973895575291 -0.00105185485395537 -0.00237771826422138 0.00252491517505335 -0.000464883980140603 -0.0038481649038932 -0.00101701548062239 0.00332441179797291 -0.00126441382044732 0.00321927968897459 0.948498492783171 0.999989848037021 0.0013956143989448 0.000898162054030196 0.000899252608378609 -0.00121634803333131 -0.00212849535955535 0.00261949597458312 0.00175998003535663 -0.000111900894456128 -0.000871164328175491 0.949336627969481 0.99997389895917 -0.00105912102937463 -0.00237952260254231 0.00251663713525248 -0.000464078693288607 -0.00385047552810586 -0.00101404532920218 0.00332596861806382 -0.00125785663999806 0.00322024586366261 0.948738906588361 0.0949999999999998 0.205 0.0489999999999995 0.0410000000000004

 1077 32 500 10 0.95 0.284999999999999 0.340999999999999 0 0.102 0.999974973112344 0.00160900264806531 -0.00447138856465962 0.00340060660582387 0.00235394137521585 0.0017028479489445 0.00103488153197505 0.00131471358685387 0.00214197633869857 -0.000280308918376841 0.949307697982936 0.999977467001169 0.00343450863937147 0.000160108971739172 0.00107565351062556 -0.000474524064626214 0.00470314673963347 0.00212850329196318 -0.00212363260762425 -0.00079622307322833 -0.000260575775298908 0.948197203016279 0.999974980262948 0.00160672555604805 -0.00446989510808246 0.00339690891032343 0.00235897937621221 0.00170392472556723 0.00103514665936729 0.00131137482109905 0.00214467822305308 -0.000281617304999911 0.949480707054559 0.999977503495205 0.00343377385281276 0.000161387731978863 0.00107139673060617 -0.000476215937610375 0.00469686101497737 0.00212554140894083 -0.00212638196986038 -0.000795811550323717 -0.00026026154381238 0.948464393599225 0.159 0.0759999999999996 0.0469999999999997 0.04

 1064 19 500 10 0.95 0.652 0.77 0 0.106 0.999984867670262 -0.00193721376442972 -0.000438892488327464 0.000470550703613917 0.00198118063991656 0.00323868271491994 -0.00265390569373018 -0.000617833722612742 0.00204043155648337 0.000308466213935639 0.950085938957191 0.999988249291924 -0.000445573068009538 0.00315519449369941 -0.00114354592901032 0.00224357940121599 0.00133603988223304 0.00154415976531705 0.00158910551800575 -0.000538146125061913 0.000147834547978173 0.953241968805077 0.999984872232174 -0.00193712883563641 -0.000440114647445709 0.00046968338543114 0.00198170619079775 0.0032383972879556 -0.00265125405991463 -0.000614633635437952 0.00204245017855027 0.000309246733481194 0.950188573652719 0.999988251363718 -0.000445632889905079 0.00315446908523749 -0.00114378855059054 0.00224326648904823 0.0013362269917023 0.00154453438953342 0.00158897640251702 -0.000538369869822268 0.000146958102328926 0.953194211344167 0.077 0.0210000000000008 0.0459999999999994 0.0409999999999995

 1086 41 500 10 0.95 1.459 0.414 0 0.108000000000001 0.99997669057891 -0.00228112339751188 0.00276025239048208 0.00124755685711906 -0.00163114996128083 -0.0014083778391534 -0.000156178134671089 -0.00273713298043065 -0.00314846486112939 0.00318842996593296 0.947737049353802 0.999982380574383 0.00249417602980848 -0.000603380893775285 -0.00121051265287037 0.00300476019003534 0.00133699375302378 -0.00288813377623227 0.00171302045929207 -0.001027470329042 0.00201013187658536 0.949197765939088 0.9999767103465 -0.00227860710016645 0.00276676991299753 0.00124426154959457 -0.00162632740628723 -0.00140374635703662 -0.000151673360792268 -0.00273685093064802 -0.00314624201382721 0.00318682764157939 0.948035771055928 0.999982372544789 0.00249200435362214 -0.000602064345983853 -0.00120975409598638 0.00300519563618263 0.00133510281536443 -0.00289013050836576 0.00171458520276351 -0.001025944499155 0.00201484697150152 0.949384549376796 0.0119999999999996 0.117 0.0550000000000006 0.0420000000000007

 1078 33 500 10 0.95 1.531 0.417 0 0.116000000000001 0.999962089108449 -0.00378486112398728 0.000200677532445078 -0.00593874745669468 0.00221813051826636 -0.000253387797881474 -0.000993207554620936 0.00266413078432917 -0.000549136423600544 -0.00357998129132161 0.949268907148708 0.999982865966745 -0.000776376507484189 -5.50166706077917e-05 0.00215754252533701 9.71337429038138e-05 -0.000478315631335857 -0.000487927640257621 -0.00133755173224655 0.00376870741426307 0.00354097464986794 0.949950661854053 0.999962097331275 -0.00378233381627844 0.000203547308345039 -0.00594102335011123 0.00222287595065288 -0.0002522701090264 -0.0009908881411065 0.00266180285737178 -0.00054630299444523 -0.00357635895364876 0.949451776344421 0.99998287874824 -0.000775506429648494 -5.46381182349255e-05 0.00215551835323361 9.87134181318401e-05 -0.000479883596968907 -0.000489097025437468 -0.00133596059236787 0.00376689475512481 0.00354090668606971 0.950066092387822 0.0289999999999999 0.0569999999999995 0.0529999999999999 0.0409999999999995

 1059 14 500 10 0.95 1.59 0.4 0 0.111 0.999973289113921 -0.00116532356978877 -0.00228237497396224 -0.00339290370611209 0.00102139561157105 -0.000161716114109946 0.00238592623541754 -0.00364690435027868 -0.00263497480738776 0.00288738634588909 0.946436835922175 0.999921700341609 0.00310142621566317 0.00448343006281709 0.00278228040468736 0.00384071384400082 -0.00648814631435238 -0.00381060898941112 -0.000902956012305371 -0.00253701162396928 0.0063649421174206 0.947378699401632 0.999973315908249 -0.00116617101268431 -0.00227915144960946 -0.00339600609233595 0.00101840975454643 -0.000160037738607175 0.0023776453942659 -0.00363940170404636 -0.00264101545091861 0.00288859003989501 0.946179060876982 0.999921584621004 0.00310349218418592 0.00448697845176573 0.00277881623851489 0.00384964199352634 -0.0064821141933285 -0.00382162533768188 -0.000905665100624021 -0.00254235872690746 0.00637275173552729 0.947057409840739 0.115 0.00999999999999979 0.0489999999999995 0.043000000000001

 1069 24 500 10 0.95 0.456 0.351 0 0.102 0.999955678541613 -0.000712471536158202 -0.0045406163191562 0.0023021658934547 0.00488599561685498 -0.00135563041569432 -0.0054781475480937 -0.00243783951700148 -0.000664331799635987 -0.000333146412618435 0.949155094269448 0.999973500155877 0.000635047714291911 -0.00249735155462147 -0.000662925877756799 0.000986814488041456 -0.00321133002496732 -0.00499685852658724 -0.0029082549156754 0.000214193573780933 0.00107731186722228 0.950290495571026 0.999955667563558 -0.000713243026981092 -0.00454110730648503 0.00230660879931578 0.00488717382062547 -0.00135277939520374 -0.00547959728902072 -0.00243268785021107 -0.000666081786804274 -0.000331648253454418 0.949345359420777 0.999973497352166 0.000635593755338719 -0.00249782110271996 -0.000661534572671273 0.000984859278445216 -0.00321209152734221 -0.00499718130724878 -0.00290805236836422 0.000213264542690966 0.00107811152697194 0.950373627798567 0.15 0.123 0.0469999999999997 0.0400000000000009

 1088 43 500 10 0.95 1.542 0.407 0 0.141 0.999974974845115 -0.00208527506984125 -0.00173392644433794 -0.00524815446841317 -0.000907326207879796 0.00314059575407165 0.000425596272436071 0.0012676986496697 -0.00145878149752378 0.000740855659126864 0.950627592352995 0.999956787767728 0.00616902110030114 0.0060353963988293 0.00181322928558003 0.000426208624589498 0.000346652572030706 -0.00149221536595389 0.00157689768245902 -0.000733924289633158 0.00176016650307166 0.948172720398771 0.999974973057689 -0.00208559949497284 -0.00173416678345853 -0.00524823930720568 -0.000908366025217757 0.00313996562580961 0.000425722985518989 0.00126780248032183 -0.00145953237993279 0.000740858850660268 0.950676819599626 0.999956746877891 0.00617145940852455 0.00603671861484739 0.00181896701869368 0.00042588047228086 0.000347387936825276 -0.00149622826673869 0.00157506692837575 -0.000739209262397157 0.00176034989739646 0.948443404764956 0.0219999999999994 0.016 0.0419999999999998 0.0419999999999998

 1081 36 500 10 0.95 1.374 0.415 0 0.177 0.999962542415498 -0.00453519304992577 0.000683970364995908 1.25558074040467e-05 -0.00114619389522907 -0.0027528372676609 -0.00135038240438945 -0.00607160432602305 0.00237719936559673 0.000804335007538342 0.951343965159354 0.999989350227303 0.000679695543123207 -0.00082430507376146 -0.000671046070719156 0.00263274532550818 -0.00176135763155009 -6.72718154282909e-05 -0.00239552531853739 0.000840928722942717 -0.0017954685853271 0.950877547145716 0.999962541787884 -0.00453535276195361 0.000683757834099474 1.26392101900959e-05 -0.00114625137121019 -0.00275271252515799 -0.0013506794902523 -0.00607145575855248 0.00237771587870133 0.000803834900821001 0.951317286231538 0.999989350833238 0.000679346420710802 -0.000823732063938536 -0.000670552305109659 0.00263247329026327 -0.00176149771569006 -6.68006654576889e-05 -0.00239518925312847 0.000841022075228939 -0.00179639411275545 0.950901574954631 0.0750000000000002 0.00300000000000011 0.0429999999999993 0.0399999999999991

 1082 37 500 10 0.95 1.456 0.428000000000001 0 0.218 0.999946605856039 0.00727681089990352 0.002687752925411 0.0013329814281832 -0.000436176489547738 -0.00543207846878084 -0.00131219060704448 0.00122113349461851 0.00125098460995051 -0.00321821452395098 0.951090931303644 0.9999923059093 0.000873762387351911 -0.000452014903113797 0.00140408697867829 -0.000511729873284604 0.000859469336168957 -0.000461112774047099 6.57719266561823e-05 0.00323262900081224 -0.000884017861448166 0.953654986118745 0.999946605938276 0.00727680365217828 0.00268775021983233 0.00133298120240698 -0.000436170901073053 -0.00543207971890031 -0.00131218580806754 0.00122114211050864 0.00125097796613559 -0.00321820763022595 0.951092046029897 0.999992303985292 0.000874296234421444 -0.000453104418203729 0.00140440208591781 -0.000512835555290355 0.000859111617702975 -0.000461063386911838 6.60486822145418e-05 0.00323296991653709 -0.000883073051091446 0.953602959486712 0.146 0.00199999999999978 0.0430000000000001 0.0410000000000004

 1062 17 500 10 0.95 1.74 0.387 0 0.114 0.999978113014621 0.000648729663739288 0.00173153930667386 -0.00341810670913139 0.00250239506896618 -0.00158333007744405 -0.00119542135951626 0.000451952825076935 -0.000576546750685388 0.00423513219878247 0.950548184430542 0.999991926069736 -0.0026290704061955 -0.00269342227229045 0.000744570874750736 2.10414518992418e-05 0.000866108269669949 0.000625047290444982 -0.000393016074811557 8.40273949616672e-05 -0.000352253009510533 0.951421861099493 0.999978100257858 0.000649079687317631 0.00173221344189188 -0.00341854776369987 0.00250404769851285 -0.00158305715748088 -0.00119630214965396 0.000451229572781165 -0.000576801305132594 0.00423637775423006 0.950606211084074 0.999991926132102 -0.00262873217621939 -0.00269365356146575 0.00074418405878066 2.14482055497692e-05 0.000866134017332238 0.000625173380779013 -0.000393093673142732 8.46228968705765e-05 -0.000353107270954514 0.951392312612695 0.139 0.00399999999999956 0.0439999999999996 0.0389999999999997

 1063 18 500 10 0.95 1.736 0.394 0 0.108000000000001 0.999981846176286 -0.000695301104487734 0.00271974874960979 -0.00372656573307432 -0.00275017864215999 -0.000163809615947763 -0.00168279257177667 0.00198075726094466 0.000400717957620648 0.000182941563787834 0.947901386001877 0.999965613607882 -0.0025926340028241 6.90468118616234e-05 0.00128771033012834 0.000281025045275709 -0.00396899584167233 -0.00500202970523179 -0.00391917636078352 -0.00126542591900474 -0.0016041929557597 0.948953678474648 0.999981781211998 -0.000693799755378976 0.00272439064567798 -0.00372990279021002 -0.00275965915644324 -0.000165353535091486 -0.00168518608616086 0.00198591359847847 0.000400111023651004 0.000185883074718805 0.948194971975061 0.999965573958418 -0.00259567075946638 6.85818945093819e-05 0.00129232398249671 0.000279716023442592 -0.00397009008493771 -0.00500584038248832 -0.0039181906176394 -0.00127131622349321 -0.00160369250212486 0.949159555645809 0.165 0.00199999999999978 0.048 0.0410000000000004

 1074 29 500 10 0.95 1.58 0.423 0 0.177 0.99997205060043 -0.00040405565877794 -0.00163018255968366 -1.67042253571456e-05 0.00342667324212457 0.00364983708083115 -0.00274426383746553 -0.00157827071870131 -0.00201965834703413 -0.0037299651809305 0.948512376373895 0.999983292644843 0.00337270274043633 0.00195945069473023 0.00182898617184194 -0.000415141155734575 -0.00121845181332484 0.00212137153738057 0.000648323594102817 0.000937782283819378 -0.0027198762225078 0.947840379540199 0.999972019968093 -0.000401780204746856 -0.00163130022834049 -1.71054951829203e-05 0.0034263515896831 0.00365306906504838 -0.00274626779884708 -0.00158237883026055 -0.00201966878623158 -0.00373184273036391 0.9487538002834 0.999983328031692 0.00337253402277388 0.00195474377892839 0.00182811729412703 -0.000410831462658658 -0.00121543858097723 0.00211717873343701 0.000642512168984284 0.000932791654088704 -0.00271941086673124 0.948134330683647 0.144 0.00199999999999978 0.0470000000000006 0.0419999999999998

 1067 22 500 10 0.95 1.589 0.405 0 0.287999999999999 0.999984840077588 -0.00103904923064386 0.0026741059259761 -5.03142240669255e-05 -0.000937759420892514 -0.00275684401623339 -0.00210416225968429 -0.000653786552492815 -0.00288858518624258 -0.00063888650219035 0.950350118609551 0.999981450636276 0.000605536957258828 0.000141537651155953 -0.000610214972723764 -0.000938820758300871 -0.00206677003651058 -0.00161722291401298 0.0019342895160711 -0.00376234668574488 0.00326714736009744 0.949840216647052 0.999984850393662 -0.00103848519201811 0.00267257519795044 -5.14945279411794e-05 -0.000936693144600339 -0.00275607636725036 -0.0021037268288173 -0.000655106337706419 -0.00288773275786445 -0.000638779650773229 0.95042625981578 0.999981466575378 0.000605049692172633 0.000141357587549308 -0.000609432044465513 -0.000937419538769843 -0.00206636136986973 -0.00161868439752323 0.0019320593656446 -0.00376140743165429 0.00326485039473733 0.949964203269477 0.0339999999999998 0.00300000000000011 0.0449999999999999 0.0389999999999997
