
 7920 20 500 3 0.9 0.00700000000000012 0.29 4.137 0.0779999999999994 0.999964549718167 0.00275629287429173 0.00795626523788892 0.902404260789189 0.999969181494888 -0.00653685734687685 -0.0043480520316716 0.901163210889144 0.999964548572104 0.00275587928868701 0.00795655254080925 0.902264100781416 0.999969194853394 -0.00653378918105833 -0.00434959115222471 0.901038647965032 0.00200000000000067 0.000999999999999446 0.0489999999999995 0.0459999999999994

 7934 34 500 3 0.9 0.00700000000000056 0.301 3.913 0.077 0.999969482775863 -0.00671616060043952 0.00399082745341584 0.901640290060353 0.999934360600105 -0.00546191073593434 -0.0100718430474101 0.902872359722418 0.999969475824186 -0.00671614184582065 0.00399260048206405 0.901513554602294 0.999934343640603 -0.0054607615643926 -0.0100741496501839 0.902720688675248 0.00199999999999889 0.000999999999999446 0.0519999999999996 0.0530000000000008

 7922 22 500 3 0.9 0.00600000000000023 0.303 4.047 0.0760000000000005 0.999985304793147 -0.00169998839181277 -0.00514783811170982 0.899779745616301 0.999978199194017 0.00596372503981516 0.00283462878351072 0.8997267745079 0.999985292665477 -0.00169994365046944 -0.00515020818273352 0.89967978294411 0.999978185135921 0.00596527437625484 0.00283632753494165 0.899632004008549 0.00300000000000011 0.000999999999999446 0.052999999999999 0.0520000000000014

 7923 23 500 3 0.9 0.00600000000000023 0.298999999999999 4.077 0.0759999999999987 0.99999053117841 0.00298752184410769 -0.00316421660952553 0.895089448543486 0.999993253250189 -0.00364501460955296 0.000455326914142827 0.900593609602771 0.999990532090119 0.0029884450383717 -0.00316305649224323 0.895042581446572 0.99999326698244 -0.00364127779021761 0.000455066852606101 0.90048267093648 0.00300000000000011 0.00200000000000067 0.0500000000000007 0.0549999999999997

 7950 50 500 3 0.9 0.00600000000000023 0.296 3.935 0.0760000000000005 0.999890183792553 -0.0117586322373642 -0.0090196964029185 0.898643781145484 0.999992383968537 -0.00348377883232553 0.0017593436189795 0.893767934962564 0.999890175198798 -0.0117604824031774 -0.00901823677678413 0.898562113939496 0.999992380743586 -0.00348489410368187 0.00175896783979103 0.893730297243064 0.00300000000000011 0.000999999999999446 0.0530000000000008 0.0489999999999995

 7929 29 500 3 0.9 0.00699999999999967 0.327 4.372 0.0749999999999993 0.999941473786945 0.010298359292852 -0.00331553866945107 0.907368596124732 0.999988198878568 0.00453258807840789 0.0017486420183026 0.896415981816192 0.999941466077076 0.0102984504179411 -0.00331758023532516 0.907084377095614 0.999988209259528 0.00452945398565255 0.00175082509547596 0.896357437647478 0.00200000000000067 0.000999999999999446 0.0609999999999999 0.0510000000000002

 7945 45 500 3 0.9 0.00600000000000023 0.293 3.953 0.0749999999999993 0.999998983242094 -0.00112290008826167 -0.00087898246282688 0.897759473579621 0.999935606863487 -0.000737587933894507 0.0113242258273993 0.907513181901994 0.999998976808186 -0.00112645294847841 -0.000881751855689215 0.897687338329221 0.99993566011104 -0.000731265739232476 0.0113199332470829 0.907247506179512 0.00199999999999889 0.000999999999999446 0.052999999999999 0.0540000000000003

 7931 31 500 3 0.9 0.00800000000000001 0.315 4.378 0.0760000000000005 0.999969776656649 0.00716555781094434 -0.00301671253337118 0.890212487662414 0.999997533679521 0.00219276004408378 -0.000352758082013705 0.902889519931808 0.999969858956421 0.00715567654371092 -0.00301288431210167 0.890578638112699 0.999997530009808 0.0021948143659042 -0.000350377200855138 0.902743121609764 0.00300000000000011 0.00200000000000067 0.0579999999999998 0.048

 7933 33 500 3 0.9 0.00800000000000001 0.3 4.208 0.077 0.999996591914209 0.00133004790130192 0.00224658241496001 0.903124062515113 0.999969609819089 0.00566011627771215 0.00536120527325694 0.893720164597993 0.999996613860794 0.00132569820898694 0.00223937294877463 0.902965798011191 0.999969612379305 0.00566007960262058 0.00536076644460683 0.893682652482181 0.00200000000000067 0.000999999999999446 0.0580000000000016 0.0460000000000012

 7948 48 500 3 0.9 0.00700000000000056 0.298 4.074 0.0800000000000001 0.999970394334776 -0.00646005489510372 0.00418068710925765 0.906875116546604 0.999993256897618 -0.000888302321107408 -0.00356329598562238 0.891229822494461 0.999970394764025 -0.00645932426166135 0.00418171323287604 0.90662686764325 0.999993245624427 -0.00089331072516195 -0.00356520707285552 0.891489170084881 0.00300000000000011 0.00100000000000122 0.0570000000000004 0.0489999999999995

 7926 26 500 3 0.9 0.00700000000000012 0.301 4.364 0.0800000000000001 0.999973721093572 -0.00434091679756267 -0.00580633822917736 0.897702407125632 0.999908086957358 0.012848053519938 -0.00432956787980377 0.895975217534269 0.99997371588214 -0.00434136487792344 -0.0058069007104799 0.897630422174265 0.999908107704066 0.0128465926748318 -0.00432911126234476 0.895920766894209 0.00200000000000067 0.000999999999999446 0.0510000000000002 0.0470000000000006

 7921 21 500 3 0.9 0.00699999999999967 0.302 4.387 0.0790000000000006 0.99998053113476 0.0029035646333981 -0.00552328379336139 0.893565227221088 0.999999487993213 0.000497966383827022 0.000880932909765831 0.901676764659752 0.999980530066303 0.00290405596714857 -0.00552321892150614 0.893533944614765 0.999999489461809 0.000490633361191968 0.000883377058008645 0.901553386543384 0.00200000000000067 0.000999999999999446 0.048 0.0469999999999988

 7928 28 500 3 0.9 0.00800000000000001 0.316 4.519 0.077 0.999970477234166 -0.00480767329064397 0.00599424203748358 0.898514649984207 0.999922475658334 -0.0124217093605355 -0.000862444125849475 0.902315644484379 0.999970504960893 -0.00480589438021488 0.00599104226853057 0.898430791176278 0.999922499403372 -0.0124202132549099 -0.000856440082741472 0.902173123910736 0.00200000000000067 0.00100000000000122 0.052999999999999 0.0499999999999989

 7951 51 500 3 0.9 0.00800000000000001 0.3 4.205 0.0779999999999994 0.999933250362351 -0.00441810166393646 0.010675916703989 0.898179596426215 0.999960776197176 0.00275609263111201 0.0084172454252849 0.898206261793439 0.999933224652504 -0.00441993146782256 0.0106775672259095 0.898104793360108 0.999960801750439 0.00275703939917551 0.00841389899929619 0.898128685965819 0.00200000000000067 0.000999999999999446 0.0530000000000008 0.048

 7924 24 500 3 0.9 0.00600000000000023 0.308999999999999 4.476 0.0800000000000001 0.999969544150946 -0.000924684756613721 0.00774956312648646 0.897603608123984 0.999979199034319 0.00548953461349703 -0.00338622332519507 0.901865656124799 0.999969566067894 -0.000921457678433257 0.00774711906026407 0.897530417419596 0.999979154348853 0.00549317954028774 -0.00339350059553762 0.901733832031114 0.00199999999999889 0.00100000000000122 0.0519999999999996 0.0489999999999995

 7927 27 500 3 0.9 0.00599999999999978 0.300999999999999 4.419 0.0790000000000006 0.999977947482607 0.00576194644142893 0.00330219952125909 0.895479302110684 0.999996072277153 -0.00241000558123291 -0.00143084009055644 0.898815860868682 0.99997794453131 0.00576228244766195 0.00330250691600468 0.895427873191003 0.999996069727111 -0.00240916644825044 -0.0014340318532544 0.898730855021426 0.00299999999999834 0.00100000000000122 0.0499999999999989 0.0490000000000013

 7938 38 500 3 0.9 0.00699999999999967 0.297 4.203 0.0779999999999994 0.999905294422198 0.00371171970539853 0.013252370478006 0.903107279940909 0.999971112274503 -0.000828750741361475 -0.00755564614720987 0.901028264380298 0.999905353316445 0.00370927883929327 0.0132486097235976 0.902951775827197 0.999971147159212 -0.00083082107494466 -0.00755080031729328 0.900910007746617 0.00200000000000067 0.000999999999999446 0.0540000000000003 0.0489999999999995

 7939 39 500 3 0.9 0.00699999999999967 0.297 4.291 0.0789999999999988 0.999982341609029 -0.00479114810527429 -0.00351587399619112 0.903512364489253 0.999985565401417 0.00237592798361926 -0.00481912388556383 0.898789244961125 0.999982364459204 -0.00478540460159865 -0.00351719680691194 0.903342135777541 0.999985566673398 0.00237365480642456 -0.00481998005618411 0.89870530700465 0.00199999999999889 0.00100000000000122 0.0560000000000009 0.048

 7932 32 500 3 0.9 0.00599999999999934 0.303 4.497 0.0800000000000001 0.999971414931189 -0.00641224207284089 0.00400655364557324 0.90167285150915 0.999936185898058 0.00419655321452938 0.0104887116826313 0.904799184051344 0.999971420705456 -0.00640927021468429 0.00400986628535795 0.901539795285788 0.999936158354904 0.00420422125040837 0.0104882666877827 0.904606389495676 0.00200000000000067 0.000999999999999446 0.0540000000000003 0.0499999999999989

 7930 30 500 3 0.9 0.00600000000000023 0.325 4.707 0.0809999999999995 0.999985727201107 0.00517451157881 0.00133034732108609 0.90605527649184 0.999996703698307 -0.000515175746703526 0.00251538992415921 0.893152598528447 0.999985731486776 0.00517587572885949 0.00132179169987598 0.905831883666898 0.999996703422645 -0.000515570398187118 0.00251541865457924 0.893166642388498 0.00200000000000067 0.00100000000000122 0.0540000000000003 0.043000000000001

 7936 36 500 3 0.9 0.00600000000000023 0.299 4.44 0.0800000000000001 0.999983033403357 0.00324018673433308 -0.00484087753890999 0.896865451346435 0.999903150804645 0.011597133501292 -0.0076938615464903 0.897314248390647 0.999983024121102 0.00324006234107818 -0.00484287782631237 0.896803558814597 0.999903166145866 0.0115958648605214 -0.00769377992983204 0.89724817134055 0.00300000000000011 0.000999999999999446 0.0519999999999996 0.0460000000000012

 7942 42 500 3 0.9 0.00700000000000056 0.296 4.374 0.0800000000000001 0.999934574943673 -0.0114333658077393 0.000352105839596272 0.894539690489332 0.999947924218029 -0.00530847532793105 -0.00871601639207778 0.903469804902127 0.99993453997452 -0.0114363669686507 0.000353944209822754 0.894496675994629 0.999947807058299 -0.00532125939955175 -0.00872166026065802 0.90331247361336 0.00200000000000067 0.000999999999999446 0.0510000000000002 0.0489999999999995

 7949 49 500 3 0.9 0.00599999999999934 0.293 4.34 0.0779999999999994 0.999960949917658 0.0016252139965674 -0.00868661724951726 0.89830383255241 0.999938270220105 0.00874662389687324 -0.00685217626967941 0.898225187334322 0.999960942659845 0.00162538106092521 -0.00868742143798697 0.898224967434111 0.999938246140037 0.00874787073453079 -0.00685409833597712 0.898148112377099 0.00199999999999889 0.00100000000000122 0.0500000000000007 0.0459999999999994

 7941 41 500 3 0.9 0.00600000000000023 0.294 4.306 0.0789999999999988 0.999930441195218 -0.0102417148329155 0.00584979045937208 0.901596450023991 0.999983442529163 0.00107448198142081 -0.00565333140687781 0.896617010605385 0.999930435891017 -0.0102435461894703 0.00584749008242904 0.901466027228062 0.999983437843891 0.00107786831579022 -0.00565351552639499 0.896551015690132 0.00200000000000067 0.000999999999999446 0.0540000000000003 0.0490000000000013

 7944 44 500 3 0.9 0.00499999999999989 0.296 4.399 0.0779999999999994 0.999980217324313 -0.000200182174720224 0.00628688214590791 0.894974449186462 0.99997114321155 0.00733661325537566 -0.0019715096059703 0.908969759381399 0.999980215855229 -0.000200338225317634 0.00628711084085349 0.894928088898089 0.999971187610953 0.00732928078037139 -0.00197625686136411 0.908662339385113 0.00200000000000067 0.00100000000000122 0.048 0.0489999999999995

 7925 25 500 3 0.9 0.00800000000000001 0.301 4.635 0.0790000000000006 0.999979913791152 0.00612370653517444 -0.0016346964583897 0.899274786929516 0.999946338199264 -0.0103298708227834 -0.000783894551702346 0.90678912250843 0.99997993035588 0.00611932163410937 -0.00164097172040793 0.899179500928155 0.999946326263165 -0.0103299234016924 -0.000798295255918591 0.906546292031415 0.00300000000000011 0.000999999999999446 0.0519999999999996 0.0499999999999989

 7940 40 500 3 0.9 0.00699999999999967 0.290999999999999 4.344 0.0800000000000001 0.999997271562373 -0.00233457726255088 -8.13438070471934e-05 0.904466753370627 0.999974592108726 -0.00510757191924556 -0.00497271013407772 0.910258409247345 0.999997246626418 -0.00234507466781311 -8.58159974933383e-05 0.904275787467065 0.999974698799952 -0.00509632545124093 -0.00496278418236228 0.909891385344784 0.00200000000000067 0.000999999999999446 0.052999999999999 0.0510000000000002

 7952 52 500 3 0.9 0.00600000000000023 0.295 4.384 0.0800000000000001 0.999998549030162 0.00169310024199062 -0.000188013673203808 0.901009761375993 0.999932760852737 0.00829046522133177 -0.00810814157732828 0.906808379781327 0.999998554985222 0.00168938766135551 -0.000189728220250759 0.900889582906366 0.999932716540458 0.0082916791739339 -0.00811236392776536 0.906564477537814 0.00200000000000067 0.000999999999999446 0.0530000000000008 0.048

 7943 43 500 3 0.9 0.00800000000000001 0.292 4.447 0.0790000000000006 0.999937263528974 0.00279906719792637 0.0108459314495671 0.89922803436619 0.999997380457995 0.00203772160032594 0.00104248157162462 0.897800388096309 0.999937254245223 0.0027996844059923 0.0108466280359628 0.89913825874039 0.999997378387183 0.00203836396160333 0.00104321192572018 0.8977255611957 0.00200000000000067 0.000999999999999446 0.0500000000000007 0.0470000000000006

 7946 46 500 3 0.9 0.00600000000000023 0.293 4.419 0.0779999999999994 0.999996026027538 -0.00147530265554938 -0.00240237615826632 0.896359299067254 0.999998281952981 -0.00135992113022626 0.00125964503181033 0.897208919667585 0.999996015451442 -0.00147881796503088 -0.00240461611598862 0.896298891332337 0.999998278629328 -0.0013616368588509 0.00126042986550451 0.897141666054589 0.00200000000000067 0.00100000000000122 0.0510000000000002 0.0470000000000006

 7937 37 500 3 0.9 0.00600000000000023 0.292 4.4 0.0800000000000001 0.999828324372293 -0.0172448995989842 0.00677755270835599 0.896676088352221 0.999985328710056 0.000695902655460599 0.00537197208989326 0.905226308560497 0.999828334862051 -0.0172446017364433 0.00677676308645805 0.896614716732114 0.999985300374959 0.000700613148951809 0.00537663233061034 0.905024632836745 0.00200000000000067 0.000999999999999446 0.0490000000000013 0.0490000000000013

 7947 47 500 3 0.9 0.00699999999999967 0.29 4.499 0.0790000000000006 0.999982520574524 -0.00578959533046369 -0.00119963800032442 0.895760718669566 0.999994050403593 0.00156482688502876 0.00307416236320767 0.895114738375882 0.999982514503905 -0.00578975483607129 -0.00120392083848705 0.895708872922433 0.999994050577128 0.00156318525766587 0.00307494100721282 0.895066166243627 0.00200000000000067 0.000999999999999446 0.048 0.0460000000000012

 7935 35 500 3 0.9 0.00700000000000056 0.298 4.905 0.0800000000000001 0.999982641835741 -0.00571941906473155 -0.00141572341046726 0.893793303950841 0.999956195259525 0.00177539244763819 -0.00918996973619158 0.899317258293151 0.999982626682757 -0.0057221312787271 -0.0014154668071692 0.893754711058398 0.999956178860875 0.00177586404080062 -0.00919166279116247 0.899228248226822 0.00300000000000011 0.000999999999999446 0.048 0.0459999999999994

 7956 56 500 3 0.9 0.00600000000000023 0.306999999999999 4.054 0.0750000000000011 0.99996398387736 -0.00811440187864431 0.00248745457660495 0.901748577023751 0.999981704746599 -0.00518460569977569 -0.00311609303827712 0.899755560541936 0.99996394565534 -0.0081203926257491 0.00248326660026027 0.901615499227548 0.999981730384936 -0.0051797387536111 -0.00311595936971065 0.899657696182198 0.00199999999999889 0.000999999999999446 0.0530000000000008 0.0519999999999996

 7953 53 500 3 0.9 0.00800000000000001 0.3 4.44 0.0760000000000005 0.999911225398684 -0.00919048049939596 -0.00964761057941068 0.902995842964648 0.999970973108751 0.00475192474583646 0.00595585016165574 0.906765756157098 0.999911308309317 -0.00918975458102876 -0.00963970569527285 0.902847651416254 0.999971017414549 0.00474354405072518 0.00595509200185361 0.906528923050208 0.00200000000000067 0.000999999999999446 0.0709999999999997 0.0549999999999997

 7955 55 500 3 0.9 0.00700000000000012 0.31 4.342 0.0780000000000012 0.99992199725184 0.00807088449604942 -0.00953206354059376 0.899943099677791 0.999992470615901 -0.00387849346383608 -0.000126490936433651 0.908900487320786 0.999921996940075 0.00806953418749805 -0.0095332393953549 0.899838129865943 0.999992490409592 -0.00387316224326392 -0.000133186557299707 0.908594146218587 0.00300000000000011 0.000999999999999446 0.0569999999999986 0.0540000000000003

 7959 59 500 3 0.9 0.00599999999999978 0.317 4.198 0.077 0.999967726033225 -0.0014554846304241 0.00790116804226338 0.905538020073419 0.999998045560082 0.00172140178033491 -0.000972446362310969 0.898269673321009 0.999967779726378 -0.00145620956492651 0.00789423604923605 0.905321099886844 0.999998049833112 0.00172083728015853 -0.000969045420519365 0.898191035686661 0.00200000000000067 0.000999999999999446 0.0590000000000011 0.0500000000000007

 7957 57 500 3 0.9 0.00600000000000023 0.31 4.325 0.077 0.999926989337508 -0.0120009296404749 -0.00141197811311722 0.895368045442259 0.999976636582817 0.00597292173681912 -0.00332422839810515 0.897354261463988 0.999926984478713 -0.0120010464116096 -0.00141442438243651 0.895319550068947 0.999976612411328 0.00597584792567543 -0.00332623990918883 0.897285893045648 0.00200000000000067 0.000999999999999446 0.0500000000000007 0.0500000000000007

 7968 68 500 3 0.9 0.00700000000000012 0.31 4.044 0.077 0.999991258475871 -0.0036111983738416 0.00210765702811063 0.892642573177417 0.999998343829541 0.00171558845420607 -0.000607531423589521 0.901166839637798 0.999991255635968 -0.00361160484479473 0.00210830786279601 0.892728723980803 0.999998351196495 0.00171254552560488 -0.000603980225911025 0.901047086308777 0.00199999999999889 0.00100000000000122 0.0489999999999995 0.0519999999999996

 7960 60 500 3 0.9 0.00600000000000023 0.311 4.331 0.077 0.999965408642944 -0.0067303619210682 0.00488709995409633 0.90249967342905 0.999967695923655 -0.00607112638935432 0.0052676876806337 0.901536373465387 0.999965425306215 -0.00673162829441903 0.00488194353361035 0.902351362754912 0.99996770609048 -0.00607041661258754 0.00526657557546346 0.901404862712666 0.00200000000000067 0.00100000000000122 0.0549999999999997 0.052999999999999

 7966 66 500 3 0.9 0.00700000000000012 0.305 4.201 0.077 0.999941423013141 0.00823059914480225 0.0070290668066071 0.893104353480009 0.999971819490202 -0.00553433967989443 0.00507260384444809 0.898573499065068 0.999941415454174 0.00823107806091096 0.00702958131455883 0.893132986349517 0.999971810844972 -0.0055364183157427 0.00507203979296258 0.898483767584617 0.00300000000000011 0.000999999999999446 0.0509999999999984 0.0540000000000003

 7954 54 500 3 0.9 0.00499999999999989 0.305 4.577 0.077 0.999997425816602 -0.00225673291664886 0.000235619845795705 0.898860830204119 0.999883843294815 -0.0149749039403442 -0.00283763457262957 0.907030443426192 0.999997427644512 -0.00225567743058434 0.000237957325021531 0.898771349384135 0.999883849640203 -0.0149756883102153 -0.00283125207684196 0.906793238719599 0.00300000000000011 0.00100000000000122 0.0640000000000001 0.0500000000000007

 7965 65 500 3 0.9 0.00599999999999978 0.31 4.231 0.077 0.999943080044597 -0.000666937659133704 0.0106485616438908 0.906254258765032 0.999941473131415 0.000460532301579827 -0.0108091730384326 0.900750152255069 0.999943195456942 -0.000676823920251589 0.0106370939988304 0.906021703831034 0.999941471492319 0.0004590584980076 -0.0108093873587199 0.900639990020594 0.00300000000000011 0.000999999999999446 0.0579999999999998 0.0489999999999995

 7963 63 500 3 0.9 0.00599999999999978 0.305 4.405 0.077 0.999965003721469 0.00624557396909152 -0.00556633974166439 0.901771965427203 0.999903821319261 -0.0124936398377296 0.00602138478628059 0.896734509637212 0.999964967408316 0.00625345611419545 -0.00556401318407519 0.901637699583217 0.999903829853349 -0.012493256423042 0.00602076312042904 0.896670714803756 0.00200000000000067 0.00100000000000122 0.0549999999999997 0.048

 7958 58 500 3 0.9 0.00599999999999978 0.309000000000001 4.588 0.0780000000000012 0.999894708556912 -0.00833963748009799 -0.011875278800472 0.897204736594578 0.999964455060907 -0.00359675613123528 -0.00762574324739515 0.898569356741555 0.999894665013388 -0.00833935599547981 -0.0118791421973633 0.897139584482647 0.999964446291926 -0.0035971005087609 -0.00762673062411219 0.898482978235647 0.00300000000000011 0.000999999999999446 0.0579999999999998 0.0510000000000002

 7961 61 500 3 0.9 0.00700000000000012 0.305 4.449 0.077 0.999931131116816 -0.0112051065306474 0.00348978668130963 0.89703202431203 0.999973309454864 0.00225177614300951 -0.00695053106527847 0.902338114361848 0.999931115113769 -0.0112076574006497 0.00348617884284224 0.896965619386355 0.999973315245558 0.00225032273314226 -0.00695016866012521 0.902202571151341 0.00200000000000067 0.00100000000000122 0.0510000000000002 0.0470000000000006

 7964 64 500 3 0.9 0.00600000000000023 0.306 4.44 0.077 0.999986883947791 0.0047902810747578 0.00181249541030841 0.905092069526036 0.999991370564561 0.00415071882571482 0.000174154071116513 0.901215717294318 0.999986880823801 0.00479391959210102 0.00180458173271807 0.904889898329594 0.999991354658062 0.00415449816388406 0.000175368583933703 0.901093785020727 0.00199999999999889 0.000999999999999446 0.0540000000000003 0.0489999999999995

 7970 70 500 3 0.9 0.0089999999999999 0.3 4.398 0.0799999999999983 0.999976257096637 -0.00645470453764123 0.00241288879417524 0.905017384758025 0.999960388436453 0.00570081448430799 -0.00683536920975028 0.896215825882816 0.999976271658251 -0.00645631290175992 0.00240252870490722 0.904822733165994 0.999960375775657 0.00570145014137038 -0.0068366910776851 0.896157771029475 0.00200000000000067 0.00100000000000122 0.0530000000000008 0.0489999999999995

 7975 75 500 3 0.9 0.00700000000000012 0.299 4.3 0.0800000000000001 0.999987680069654 0.000205370074776801 0.00495958990672273 0.902730314193342 0.99997537152581 0.00660135794600384 -0.00238294252718313 0.898067010103416 0.999987690856367 0.000195160491855253 0.00495782695682367 0.902581845958651 0.999975378997261 0.00660211101582092 -0.00237771516759154 0.897990962312933 0.00300000000000011 0.000999999999999446 0.0510000000000002 0.048

 7976 76 500 3 0.9 0.00700000000000012 0.299 4.283 0.0800000000000001 0.999960323811767 -0.00853781916236507 -0.00254095380043403 0.902680034433499 0.999946774177846 -0.00677875346545767 0.00777800184970444 0.902232085953556 0.999960319673021 -0.00853640835941013 -0.00254731461556363 0.902533595092672 0.999946661560077 -0.00678303858611486 0.00778873689345223 0.90209325398219 0.00300000000000011 0.00100000000000122 0.0510000000000002 0.0489999999999995

 7973 73 500 3 0.9 0.00599999999999978 0.301 4.363 0.0809999999999995 0.999983984542875 0.00289095160337767 0.00486549654024726 0.904425740430821 0.999996420165944 0.000904037732943778 -0.00251840645538453 0.90300486543695 0.99998393910585 0.00288892935575192 0.00487602476662873 0.904241421878786 0.999996434737426 0.000906646606246905 -0.00251167361910248 0.902847747095226 0.00300000000000011 0.00100000000000122 0.052999999999999 0.0510000000000002

 7962 62 500 3 0.9 0.00699999999999967 0.306999999999999 4.682 0.081999999999999 0.999990887433428 -0.00388445560216542 -0.00177089095636431 0.89682126096509 0.999949350860077 0.00731725807565792 0.00691038701987097 0.897996317952414 0.999990898097805 -0.00388284418841267 -0.00176840112901933 0.896759346843876 0.99994935048472 0.00731745556798423 0.00691023221005637 0.897919682234072 0.00200000000000067 0.000999999999999446 0.0499999999999989 0.0489999999999995

 7981 81 500 3 0.9 0.00700000000000012 0.301 4.302 0.0810000000000013 0.999945725017633 -0.00722892963921101 -0.00750263921770635 0.89907234646488 0.999992484667622 -0.00193178020731015 0.00336137375285468 0.904161876365174 0.999945712133835 -0.00723066704874113 -0.00750268213296542 0.898986615986134 0.999992490782501 -0.00193334277132394 0.00335865513826072 0.903985982751518 0.00300000000000011 0.00200000000000067 0.0500000000000007 0.0500000000000007

 7967 67 500 3 0.9 0.00800000000000001 0.311 4.608 0.0800000000000001 0.999888279913295 0.0140205512010788 0.00518187572692285 0.899489943083151 0.999995184413717 -0.00103381493685873 0.00292615379840005 0.895942444972617 0.999888272063218 0.014022140381658 0.00517908964478434 0.89939667979962 0.99999518464373 -0.00103721011413066 0.00292487342147166 0.89588938536056 0.00200000000000067 0.000999999999999446 0.0499999999999989 0.0449999999999999

 7972 72 500 3 0.9 0.00599999999999978 0.301 4.525 0.0790000000000006 0.999996375896097 0.00129742226789879 0.00235900193507494 0.903642937881087 0.999958835058032 -0.00889399542209222 -0.00179583819321488 0.896356228285221 0.999996404815649 0.00129466109952828 0.00234823516987236 0.903467496781366 0.999958813077552 -0.00889687552377755 -0.00179381003683609 0.896293801102164 0.00300000000000011 0.000999999999999446 0.0530000000000008 0.0490000000000013

 7982 82 500 3 0.9 0.0089999999999999 0.299 4.32 0.0789999999999988 0.999981379871921 0.00164238572494422 -0.00587728496665564 0.901758674359062 0.99998062264645 0.00130109005245662 -0.00608781539572252 0.895127391290676 0.999981336432245 0.00163833354162577 -0.00588580074317092 0.901629583237252 0.999980613416342 0.00130121219166452 -0.00608930524020742 0.895080459580209 0.00199999999999889 0.000999999999999446 0.0499999999999989 0.0449999999999999

 7978 78 500 3 0.9 0.00700000000000012 0.298 4.434 0.0790000000000006 0.999994795839492 -0.00284466755352013 -0.00152189370247378 0.901354983419834 0.99998203698606 0.00537015266950387 0.00266217308141654 0.902004162789039 0.999994789167152 -0.00284579672008571 -0.00152416520456656 0.901231484268284 0.999982030082355 0.00537364373782192 0.00265771807223194 0.901866971572419 0.00200000000000067 0.00100000000000122 0.0510000000000002 0.0500000000000007

 7979 79 500 3 0.9 0.00700000000000012 0.3 4.441 0.0800000000000001 0.999978272768519 0.00617508153817544 0.00230702381573841 0.895635271314533 0.999942257649349 0.00146946250803441 -0.0106452828548856 0.89478056554846 0.999978292072034 0.0061721052311386 0.00230662127645578 0.895584042945234 0.999942260710038 0.00147160007251922 -0.0106447000580186 0.894734352315907 0.00200000000000067 0.000999999999999446 0.048 0.048

 7980 80 500 3 0.9 0.0089999999999999 0.300999999999999 4.372 0.0800000000000001 0.999944908175703 0.00893017917582148 -0.00551656717280968 0.894944380168615 0.999933249926503 -0.000989966820794938 -0.0115115445147581 0.900247636958711 0.999944914143291 0.0089287451479359 -0.00551780654326147 0.894899271088694 0.999933271085672 -0.000991417430537738 -0.0115095815469985 0.900141764197529 0.00299999999999834 0.00100000000000122 0.0489999999999995 0.048

 7977 77 500 3 0.9 0.00599999999999978 0.303 4.454 0.0809999999999995 0.999986442972766 -0.00310546325609072 0.00417970915725205 0.896711439777303 0.999974231639185 -0.00491717508033122 -0.00523043467127869 0.90356430334089 0.999986443767682 -0.00310518231749813 0.00417972769928125 0.89664909721663 0.999974237080807 -0.00491749484818546 -0.00522909352334524 0.903403311832973 0.00200000000000067 0.000999999999999446 0.0510000000000002 0.048

 7971 71 500 3 0.9 0.00700000000000012 0.3 4.628 0.0800000000000001 0.999998279331963 -0.000913345995266652 0.00161466163813332 0.907026585882572 0.99986526008902 -0.0162504698238181 0.00232032274099281 0.902885667769001 0.999998263395605 -0.000921760747120974 0.00161974161507834 0.906770702688518 0.99986515273024 -0.016257095000929 0.00232017625714206 0.90273317085903 0.00200000000000067 0.00100000000000122 0.0530000000000008 0.048

 7974 74 500 3 0.9 0.00699999999999967 0.297000000000001 4.608 0.0820000000000007 0.99996078492394 0.00861462357047245 -0.00205350311347199 0.898530843967974 0.999831888791193 -0.0143181899698034 -0.011453540597726 0.901956117017211 0.999960821241098 0.00861089616392539 -0.00205145072664051 0.898449340917034 0.999831852193133 -0.0143227519814999 -0.0114510312079815 0.901821162590301 0.00200000000000067 0.000999999999999446 0.0489999999999995 0.0490000000000013

 7969 69 500 3 0.9 0.00599999999999978 0.304 4.754 0.081999999999999 0.999997796889141 0.00101333639595355 -0.00183830525582035 0.898268980686956 0.9999971024166 0.00182219224100444 0.00157314139232823 0.893068026315255 0.999997794855034 0.0010111098735026 -0.00184063627376109 0.898188079905105 0.999997101343063 0.00182215874622235 0.00157386243876217 0.893101717154393 0.00300000000000011 0.000999999999999446 0.0499999999999989 0.0429999999999993

 7983 83 500 3 0.9 0.00699999999999967 0.307 4.507 0.0839999999999996 0.999974629518197 -0.00123426927685635 -0.00701547570002448 0.902520347525524 0.999959113686778 -0.000265387790200279 -0.00903883422094771 0.904328462028479 0.999974554288646 -0.00124027828525557 -0.00702513238298069 0.902372944721936 0.999959084012831 -0.000258293389872398 -0.00904232186693937 0.904139952924505 0.00200000000000067 0.000999999999999446 0.0520000000000014 0.0499999999999989

 7984 84 500 3 0.9 0.00700000000000012 0.309 4.567 0.0840000000000014 0.999994086522877 0.00145603622193731 0.00311558626863558 0.90447376298008 0.999985200132511 8.81623931743363e-06 -0.00544053657432744 0.899717376727363 0.999994099419548 0.00145659524170771 0.00311118247447411 0.90427678748655 0.999985201216631 1.1117568500934e-05 -0.00544033309038069 0.899621590209099 0.00300000000000011 0.000999999999999446 0.0530000000000008 0.048

 7985 85 500 3 0.9 0.00599999999999978 0.298 4.381 0.077 0.999949211317766 0.00948059367318493 -0.00341952168901485 0.899323046588811 0.999968512702329 -0.00604891326647056 0.00513656034581606 0.895494207515626 0.999949221363848 0.00948040984007539 -0.00341709278467527 0.899227255000748 0.999968506003551 -0.00605039829091044 0.00513611541413843 0.89544088473236 0.00300000000000011 0.000999999999999446 0.0519999999999996 0.0500000000000007

 7987 87 500 3 0.9 0.00700000000000012 0.299 4.22 0.0750000000000011 0.999987611005408 0.00296098391559571 0.00400130103199987 0.898582168033236 0.999956229789385 -0.00860585412079146 -0.00367120964400546 0.910223751020497 0.999987614933621 0.00295653650369708 0.00400360728228782 0.898500172334643 0.999956216963975 -0.00860650837172324 -0.00367316876056717 0.909862238982127 0.00300000000000011 0.000999999999999446 0.0499999999999989 0.0540000000000003

 7986 86 500 3 0.9 0.00800000000000001 0.298999999999999 4.474 0.0780000000000012 0.999996843773392 0.000760768596445052 -0.00239450921852558 0.903379565815976 0.999946578319805 0.000754055230730025 0.0103088266657185 0.901013314049112 0.999996831373667 0.00075821623181674 -0.00240048969420984 0.903226693881424 0.999946622755223 0.000750320647745789 0.0103047881758621 0.900896065485736 0.00200000000000067 0.00100000000000122 0.0509999999999984 0.0500000000000007

 7988 88 500 3 0.9 0.00700000000000012 0.303999999999999 4.406 0.0789999999999988 0.999915145185366 0.000747617180916863 -0.01300551796276 0.899746382731746 0.999987225276752 0.00239734348077645 0.00444994691394845 0.905042725936174 0.999915122264676 0.00074442039481672 -0.0130074634227648 0.899645575288579 0.999987218600834 0.00239029665641264 0.00445523477081267 0.904842978765332 0.00200000000000067 0.000999999999999446 0.0519999999999996 0.0510000000000002

 7996 96 500 3 0.9 0.00599999999999978 0.306999999999999 4.058 0.0780000000000012 0.999943526267614 0.0101746298645651 0.00306939450202058 0.901153925499005 0.999919246398143 -0.0127059160491254 -0.000245723265674771 0.902777471900966 0.999943539793333 0.0101733102569987 0.00306936214767079 0.901034047320392 0.999919275767476 -0.0127034516761056 -0.000253503766256148 0.902627614505356 0.00300000000000011 0.000999999999999446 0.0510000000000002 0.0490000000000013

 7990 90 500 3 0.9 0.00600000000000023 0.311 4.352 0.0779999999999994 0.999950287794479 -0.0096889592864958 -0.00235499632334184 0.895953322696957 0.999968131114983 0.000819141728170373 -0.00794139542131966 0.899268988392592 0.999950274538055 -0.00968994853310706 -0.00235655441126529 0.895899600532668 0.999968129965447 0.000818304520851511 -0.00794162647814431 0.899175422108603 0.00200000000000067 0.00100000000000122 0.048 0.0489999999999995

 7992 92 500 3 0.9 0.00800000000000001 0.303 4.326 0.0760000000000005 0.999991363656074 -0.00415597872604023 2.13094740221169e-05 0.894937231048513 0.999952726797467 -0.0011741147690875 -0.0096522341879909 0.895036679558835 0.99999135689572 -0.00415759360706081 2.34362084698094e-05 0.894889819637362 0.999952735397558 -0.00117452997080788 -0.00965129267446606 0.894990031116445 0.00200000000000067 0.000999999999999446 0.0490000000000013 0.0469999999999988

 7995 95 500 3 0.9 0.00800000000000001 0.304 4.174 0.0760000000000005 0.999947570288481 0.00729180380123565 0.00718931648269409 0.905528256754169 0.999995225332944 0.0026646168751034 0.0015649690807149 0.896871822199674 0.999947715633902 0.00728744677124076 0.00717350110452715 0.905312965408389 0.999995237270352 0.0026623333456588 0.00156122316424743 0.896805246061707 0.00300000000000011 0.000999999999999446 0.0519999999999996 0.0490000000000013

 7989 89 500 3 0.9 0.00700000000000012 0.303999999999999 4.528 0.077 0.999985003552824 -0.000517637529716734 0.00545203822870184 0.896387378341551 0.999950456116362 -0.00712438371379565 0.00695186804948094 0.902121839082239 0.999984999335374 -0.000516146841069905 0.00545295302285822 0.896329876209172 0.999950449142061 -0.0071277650493509 0.00694940472216281 0.901980007044083 0.00200000000000067 0.000999999999999446 0.0570000000000004 0.0519999999999996

 7994 94 500 3 0.9 0.00700000000000012 0.311000000000001 4.35 0.0779999999999994 0.999930018936639 -0.00944827781836169 -0.00711949967621854 0.900846796562034 0.999969417905359 -0.000286024012572565 -0.00781546187261538 0.906266301261189 0.999930007929851 -0.00944836775131094 -0.00712092608057543 0.900734861181746 0.999969363036093 -0.000288340662291053 -0.00782239406147631 0.906035844241929 0.00200000000000067 0.00100000000000122 0.0700000000000003 0.0510000000000002

 7998 98 500 3 0.9 0.00600000000000023 0.305 4.32 0.0789999999999988 0.999972004849445 -0.00281377595446217 -0.00693341057918694 0.900590556351813 0.999872498792768 -0.0159666263893545 0.000230216527006384 0.904153749371531 0.999971972169636 -0.00281330364564033 -0.00693831375529155 0.900473346692568 0.999872668871519 -0.0159559949914708 0.000228621034481326 0.903966252445999 0.00300000000000011 0.000999999999999446 0.0540000000000003 0.0510000000000002

 7997 97 500 3 0.9 0.00599999999999978 0.306 4.344 0.077 0.999983495536875 -0.00389579139408735 -0.00422273173043863 0.898777624721406 0.999931175520611 -0.00935866475711855 0.00707528203913111 0.898604596123465 0.999983464294278 -0.0038986771855463 -0.00422746427758206 0.898691495568121 0.999931203534302 -0.00935618035603616 0.00707460865259136 0.898518888302689 0.00200000000000067 0.000999999999999446 0.0510000000000002 0.0490000000000013

 8000 100 500 3 0.9 0.00600000000000023 0.309 4.235 0.0790000000000006 0.999988274454712 0.00118681786503316 0.00469493519059098 0.906496048903851 0.999992125709451 0.00376361165621639 0.00125846986243066 0.90716530851021 0.999988287759169 0.00118829018242201 0.004691727925562 0.906262644951595 0.999992140240871 0.00376265637162553 0.0012497493793354 0.906922947515794 0.00300000000000011 0.000999999999999446 0.052999999999999 0.0489999999999995

 7999 99 500 3 0.9 0.00700000000000012 0.304 4.312 0.0779999999999994 0.999998005407111 0.00176752956609173 0.000930065069391369 0.901281197637442 0.999928653646127 0.00149499857065315 0.011851269835686 0.898641295484006 0.99999801278224 0.00176260727146612 0.000931475805897353 0.901154836866757 0.999928666039261 0.00149222982212592 0.0118505731127734 0.898559404073705 0.00200000000000067 0.000999999999999446 0.0520000000000014 0.0470000000000006

 7991 91 500 3 0.9 0.00600000000000023 0.309 4.679 0.0789999999999988 0.999994259102653 0.00334412780095817 0.00054641649594906 0.89963619194271 0.999997660476916 -0.00133067143306883 -0.0017053897595245 0.901200755849261 0.999994261364047 0.00334399824016447 0.000543060533708222 0.899542009621682 0.99999764717409 -0.00133033697292001 -0.00171343217630944 0.901075793326265 0.00300000000000011 0.00100000000000122 0.048 0.0500000000000007

 7993 93 500 3 0.9 0.00699999999999967 0.311 4.783 0.0800000000000001 0.999747684823036 0.0203068279253574 -0.00960205345686324 0.89450901129087 0.999990056790254 -0.00433089452881616 0.00106286085881836 0.899654391747347 0.999747657734423 0.0203083798575175 -0.00960159164401847 0.894466514744044 0.999990065142179 -0.00432892391907648 0.00106303087551666 0.899555279841565 0.00200000000000067 0.00100000000000122 0.048 0.048

 8003 3 1000 3 0.9 0.00900000000000034 0.345 8.022 0.153 0.999982041853031 -0.00276383251500394 0.00531763117103862 0.905601787528199 0.999967290763353 -0.002662598814537 0.00763727510000239 0.898748057826786 0.999981996373553 -0.00277126293172937 0.00532231439576988 0.9053948547804 0.999967291256296 -0.00266338946205417 0.0076369348640882 0.898662238055537 0.00300000000000011 0.00100000000000122 0.439 0.0820000000000007

 8010 10 1000 3 0.9 0.0100000000000002 0.347 7.979 0.15 0.999982122805372 -0.00491581963880099 -0.00340423074141977 0.906587543259289 0.999998182822225 -0.0016550361214156 0.000946154155352135 0.90227929865423 0.999982087896413 -0.00491378174939011 -0.00341740182737165 0.906351694332089 0.999998187623117 -0.00165194281302991 0.000946485828278413 0.902138932134558 0.00300000000000011 0.00100000000000122 0.446 0.0860000000000003

 8002 2 1000 3 0.9 0.00999999999999979 0.351999999999999 8.8 0.16 0.999980960849025 0.00489967210709275 0.00375115351633609 0.900265527940631 0.999984650475042 -0.000487414660930006 0.00551917034128841 0.899832582443325 0.999980968869895 0.00489595041369814 0.00375387367560279 0.900159212034648 0.999984636890147 -0.000489762702853437 0.00552142338303281 0.899732251199756 0.00200000000000067 0.00200000000000067 0.0839999999999996 0.081999999999999

 8013 13 1000 3 0.9 0.0100000000000002 0.358 8.612 0.162999999999998 0.999963935437176 -0.00111631310986827 -0.00841912525359302 0.901427352118418 0.999983883451547 -0.0015976351168599 -0.00544797202603902 0.898207954541023 0.99996390562684 -0.00111501512557985 -0.00842283709841259 0.901304603149789 0.999983897044958 -0.00159714338194387 -0.00544562060708795 0.898131193510825 0.00300000000000011 0.00200000000000067 0.081999999999999 0.0809999999999995

 8004 4 1000 3 0.9 0.0089999999999999 0.340999999999999 9.006 0.158000000000001 0.999996562318751 -0.000137399063993757 -0.00261848661966157 0.903155720151232 0.999991305744491 0.000997674411562867 -0.00404883701766063 0.89991972304004 0.99999655556009 -0.000137757945056123 -0.0026210476349425 0.903005901837407 0.999991285791208 0.000999594694648864 -0.00405328904638336 0.899818753852625 0.00300000000000011 0.00200000000000067 0.0839999999999996 0.0829999999999984

 8007 7 1000 3 0.9 0.0089999999999999 0.345 8.988 0.158000000000001 0.999995489205572 -0.00169602805992162 0.00247892261459579 0.899598383405168 0.999996083050632 -0.000701196981952419 -0.00270965056525583 0.898869812034624 0.999995475266586 -0.00169907388549099 0.00248245730814222 0.899500869217044 0.999996083158243 -0.000700474637249458 -0.00270979767803244 0.898785378470271 0.00300000000000011 0.00200000000000067 0.0860000000000003 0.0809999999999995

 8006 6 1000 3 0.9 0.00999999999999979 0.347 9.016 0.157 0.999989986893182 -0.00434674724958423 -0.0010639086997348 0.899126870863963 0.999987355486134 -0.00225997008672673 -0.00449237165155552 0.897312331906771 0.999989978014601 -0.00434843176186127 -0.00106536921732998 0.899038113106884 0.999987359748872 -0.00225919249770742 -0.00449181385835008 0.897245027868785 0.00199999999999889 0.00199999999999889 0.0820000000000007 0.0790000000000006

 8015 15 1000 3 0.9 0.00900000000000034 0.356 8.72 0.159000000000001 0.999942679203332 0.00365424597974629 0.0100640346770726 0.907499744199804 0.999994702087775 -0.00151057898796072 0.00288339166682351 0.899726570213104 0.999942569788132 0.0036580411108384 0.0100735227571318 0.907233794631937 0.999994694953141 -0.00151314437008548 0.00288452070385548 0.899628627976059 0.00300000000000011 0.00200000000000067 0.0860000000000003 0.0800000000000001

 8014 14 1000 3 0.9 0.00800000000000001 0.352 8.82 0.157999999999999 0.999979045377758 -0.000172624812170024 0.00647139908064663 0.904116641987363 0.999999820784906 -0.000342351784281581 -0.000491147036028844 0.902863942322019 0.999979059568475 -0.000168097582254534 0.00646932513873709 0.903940807987023 0.999999823064482 -0.000339710206428773 -0.000488331834821409 0.902711540395603 0.00300000000000011 0.000999999999999446 0.0850000000000009 0.0830000000000002

 8009 9 1000 3 0.9 0.00800000000000001 0.351 8.961 0.159000000000001 0.999979343662642 -0.00166792119162914 -0.00620727693367096 0.905539909994062 0.999992375298461 -0.00352724230655108 0.0016756809521335 0.893120140517559 0.999979326516695 -0.00166873889089063 -0.00620981881634053 0.90533133219744 0.999992375461738 -0.00352732182139986 0.00167541611530525 0.89314689378278 0.00300000000000011 0.000999999999999446 0.0839999999999996 0.0750000000000011

 8005 5 1000 3 0.9 0.0089999999999999 0.343 9.217 0.162000000000001 0.999949687634998 -0.0100066145481195 -0.000699902818706196 0.909791593705809 0.99999999026651 0.000130464188762389 -4.94578203646733e-05 0.905369417723517 0.999949770326632 -0.00999708895911157 -0.000717660128068067 0.909447727279024 0.999999989301809 0.000136718635018555 -5.20038167377741e-05 0.905154853604601 0.00300000000000011 0.000999999999999446 0.0869999999999997 0.0839999999999996

 8012 12 1000 3 0.9 0.0089999999999999 0.355 9.046 0.163 0.99996411841312 -0.0012779491818605 -0.00837428994967957 0.904742186237906 0.999996769029315 0.00201521488042747 0.00154946439679208 0.905655771064517 0.999964113787427 -0.00127631660178222 -0.00837509123877323 0.904548945775472 0.999996764272649 0.00201601378729965 0.00155149368040829 0.905443254469598 0.00300000000000011 0.00199999999999889 0.0869999999999997 0.0809999999999995

 8001 1 1000 3 0.9 0.00999999999999979 0.348 9.383 0.162000000000001 0.999994527934533 0.00276777195839229 -0.00181205391098964 0.903116487935205 0.999985306220274 -0.00499721468090168 0.00210123510747173 0.901567950079179 0.999994510627694 0.00277314414519115 -0.00181339075436916 0.902959703231494 0.999985309276142 -0.00499599161850206 0.00210268867097524 0.901441448269476 0.00300000000000011 0.00100000000000122 0.0860000000000003 0.0790000000000006

 8011 11 1000 3 0.9 0.0089999999999999 0.346 9.221 0.16 0.999995690306208 -0.00271121321410725 -0.00112636224999886 0.901824285268446 0.999975392410671 -0.00388185056180296 0.00584344156651546 0.896111495598787 0.999995687535169 -0.00271080688684471 -0.00112979515226743 0.901691343550767 0.999975400981065 -0.00388195394370855 0.00584190605337676 0.896054642492266 0.00300000000000011 0.00100000000000122 0.0859999999999985 0.0769999999999982

 8008 8 1000 3 0.9 0.0089999999999999 0.345999999999999 9.299 0.165000000000001 0.999993942461934 0.00081084970936722 -0.0033849020942851 0.90607463529519 0.999958472987934 0.00824232969808886 -0.00388796872248615 0.90501672847991 0.999993945427765 0.00079724591456977 -0.00338725652461764 0.905848645096788 0.999958465152229 0.00824330419176711 -0.00388791800335677 0.904821019711323 0.00300000000000011 0.00200000000000067 0.0890000000000004 0.0790000000000006

 8016 16 1000 3 0.9 0.00900000000000034 0.349 9.192 0.163 0.999991180423427 -0.00352723096019429 0.00227985023951233 0.900391098943382 0.999989115378091 0.00061606669559252 -0.0046248878008142 0.900745644780554 0.999991195948885 -0.00352300797523457 0.00227957003065833 0.900285562396115 0.999989104342982 0.000615651302218576 -0.00462732847265558 0.900631752721452 0.00300000000000011 0.00200000000000067 0.0800000000000001 0.0760000000000005

 8017 17 1000 3 0.9 0.00800000000000001 0.353000000000001 7.518 0.173 0.999995965023633 0.00272182732210255 0.000813383354425731 0.9071377453907 0.999991026220136 -0.000117079160183138 -0.00423482841082208 0.901574831341255 0.999995977066351 0.00271616187673204 0.000817505824965594 0.906886839131475 0.999991024980142 -0.00011782660091498 -0.00423510047776928 0.9014496083026 0.00299999999999834 0.00100000000000122 0.0809999999999995 0.388

 8023 23 1000 3 0.9 0.00900000000000034 0.354 7.656 0.148999999999999 0.999979641129894 0.00405811172375552 0.00492433294638907 0.898394963649153 0.999991471662827 0.00343936184214309 -0.00228634899615944 0.89789826142908 0.999979634182504 0.00406006222060017 0.0049241359638062 0.898317122302056 0.999991463477355 0.00344059089819113 -0.00228807925749437 0.897825932758319 0.00300000000000011 0.000999999999999446 0.392999999999999 0.0779999999999994

 8022 22 1000 3 0.9 0.00800000000000001 0.35 8.175 0.156000000000001 0.999983184432066 -0.00543314718107871 0.00202774870579465 0.911088172486043 0.999981635714343 0.00602865188965869 0.000619346800611563 0.900129436272645 0.999983239236363 -0.00542674547039576 0.0020178404174882 0.910703608436431 0.999981620761309 0.00603108988341678 0.000619753501896318 0.900026824778686 0.00300000000000011 0.00199999999999889 0.0860000000000003 0.0779999999999994

 8018 18 1000 3 0.9 0.00800000000000001 0.357 8.593 0.157 0.999997834383001 0.00185503523023615 -0.000943437122162068 0.904804242939778 0.999996445299877 -0.00159977515683329 0.0021330979955127 0.899660858168079 0.999997833436882 0.00185325392892224 -0.000947930069583754 0.904615161165588 0.999996445849749 -0.00160002293090525 0.00213265432997876 0.899563934385614 0.00300000000000011 0.00199999999999889 0.0800000000000001 0.077

 8021 21 1000 3 0.9 0.00800000000000001 0.364000000000001 8.609 0.16 0.999999938631689 1.12473388720863e-05 0.000350157271601421 0.904762771593835 0.999997477397801 -0.00161337688047542 0.00156275816289055 0.89839052940514 0.999999938190634 1.22921656344752e-05 0.000351379609980659 0.904572437491727 0.999997469782243 -0.00161720012489755 0.00156367927272213 0.898311096095123 0.00300000000000011 0.00200000000000067 0.0820000000000007 0.0749999999999993

 8024 24 1000 3 0.9 0.0089999999999999 0.354 8.518 0.157999999999999 0.999996740909357 0.00225854344183522 -0.00119044201241859 0.900738199611606 0.999993800765664 0.00081635793032819 -0.00342519925991961 0.895611904341009 0.999996735976018 0.00225994642351563 -0.00119192259517601 0.900628143610435 0.999993794073677 0.000816574341386677 -0.00342710088536612 0.89555947930555 0.00199999999999889 0.00100000000000122 0.0779999999999994 0.0749999999999993

 8019 19 1000 3 0.9 0.0089999999999999 0.358 8.808 0.158999999999999 0.999959580920343 0.00867775608058994 0.00235224892785649 0.899321895364456 0.999914276618711 -0.00592260173600739 0.0116774227788591 0.899426357603894 0.999959547447037 0.00868176503738497 0.0023516856406855 0.899229899507248 0.999914235748659 -0.00592368292378398 0.0116803736153685 0.899329356895241 0.00200000000000067 0.00200000000000067 0.0789999999999988 0.0790000000000006

 8020 20 1000 3 0.9 0.00900000000000034 0.354 8.75 0.156000000000001 0.999956612223358 -0.00907921400790794 0.00208363715242473 0.904188531021947 0.999994770040657 -0.0031846909938828 0.000563590814727011 0.9006314407218 0.999956613657627 -0.00907959567186277 0.00208128441295074 0.904014857898576 0.999994768844331 -0.00318485453582848 0.00056478806529383 0.900519206243316 0.00199999999999889 0.00100000000000122 0.0800000000000001 0.077

 8028 28 1000 3 0.9 0.0089999999999999 0.350000000000001 8.416 0.157 0.999947841690058 0.00901930022582427 0.00479229828274487 0.903565854999793 0.999996742518068 -0.00254525908958366 -0.000191335884048968 0.902223784853641 0.999947842056763 0.00902022835543746 0.00479047455260066 0.903402218792084 0.999996752882427 -0.00254159849616293 -0.000185746297440315 0.902084142967904 0.00200000000000067 0.000999999999999446 0.0800000000000001 0.0790000000000006

 8025 25 1000 3 0.9 0.0100000000000002 0.351 8.603 0.154999999999999 0.999997687265402 -0.00196023539511923 -0.000884839558197538 0.901513731092593 0.99998277906219 0.00105737658622658 0.00577265396619233 0.905779223525614 0.999997685209759 -0.00196141664264359 -0.000884545011937412 0.901391769951483 0.999982811225042 0.00105632813858472 0.00576727191370633 0.905562642760743 0.00200000000000067 0.00200000000000067 0.077 0.0779999999999994

 8027 27 1000 3 0.9 0.00999999999999979 0.358000000000001 8.494 0.157 0.999992928232052 -0.00287960288807236 0.00241896115990228 0.910170382163575 0.999994987578418 -0.00315887804140901 0.000215191910365397 0.896521903719589 0.999992920675639 -0.00288103416714478 0.00242038028698235 0.909811394185221 0.999994992959176 -0.00315733030529519 0.000212889458644809 0.896461250640168 0.00200000000000067 0.00100000000000122 0.0839999999999996 0.0759999999999987

 8031 31 1000 3 0.9 0.00900000000000034 0.355 8.485 0.157 0.99997137818394 -0.00294043624475813 0.00697112957864229 0.904811013208745 0.999999670720909 0.000644172577974204 0.000493558266727269 0.902018465917822 0.999971371923626 -0.00294338417155848 0.00697078351410073 0.904624027749512 0.999999667190513 0.000648954593349507 0.000494445952187726 0.901886030811828 0.00300000000000011 0.000999999999999446 0.0790000000000006 0.0760000000000005

 8026 26 1000 3 0.9 0.0100000000000002 0.354 8.647 0.157 0.999992794255454 0.00242378125804693 0.00292176685981047 0.906507163681783 0.999969245974675 0.00754616015993939 -0.00213601771517564 0.896825642688528 0.999992784127596 0.00242591737358086 0.00292345987397322 0.906273737885716 0.99996924876987 0.00754567574020783 -0.00213642042785918 0.896763038649652 0.00200000000000067 0.000999999999999446 0.0809999999999995 0.0719999999999992

 8029 29 1000 3 0.9 0.00800000000000001 0.351 8.59 0.158999999999999 0.999914433683878 -0.0128067451555726 -0.00266694378840916 0.903868166439537 0.999975497935375 0.00455683295825037 0.0053140194100106 0.899327342068577 0.999914415578735 -0.0128091764040814 -0.00266205140569439 0.903696354098206 0.999975505314262 0.00455524758308768 0.00531399011499669 0.899235870422856 0.00199999999999889 0.000999999999999446 0.0800000000000001 0.0729999999999986

 8030 30 1000 3 0.9 0.0089999999999999 0.355 9.167 0.157 0.999967185674127 -0.00424045634478599 0.00690261580522347 0.901882840707386 0.999982762990045 -0.00344857591939468 -0.00475195190674619 0.895685225922642 0.999967226618165 -0.00424085600500199 0.00689643603027438 0.901750945559653 0.999982755024869 -0.00345073630350877 -0.00475205974676803 0.89563118718615 0.00199999999999889 0.00200000000000067 0.0749999999999993 0.072000000000001

 8032 32 1000 3 0.9 0.0089999999999999 0.378 8.968 0.159000000000001 0.999994810842869 -0.000945296774987071 0.00307972423157417 0.905128246335042 0.999961465014076 0.00653388058064133 0.00586318100190275 0.902177770910898 0.999994824144331 -0.000943765917259324 0.00307587230599303 0.904928286397151 0.999961445535598 0.00653542055399191 0.00586478648719188 0.902038705414996 0.00200000000000067 0.00200000000000067 0.077 0.0749999999999993

 8034 34 1000 3 0.9 0.0110000000000001 0.328 7.378 0.143000000000001 0.999952522888449 -0.00973886643071224 0.00032626625662865 0.906379508435834 0.999985288459936 -0.00115114448069409 -0.00530072920293371 0.902755490251237 0.999952566762765 -0.00973442667740715 0.000324286632901047 0.906145615543675 0.999985281039958 -0.00115172197798422 -0.00530200338750042 0.902608323847229 0.00300000000000011 0.000999999999999446 0.0789999999999988 0.345000000000001

 8033 33 1000 3 0.9 0.00999999999999979 0.326 8.293 0.152000000000001 0.999980857642504 -0.00509241899225762 0.00351448678596296 0.899295284542912 0.999979920043331 -0.000391821649113121 0.00632502853184513 0.895800539397549 0.999980865002234 -0.00509144350608909 0.00351380597203687 0.899202126904212 0.999979918974065 -0.00039162450149606 0.00632520978881512 0.89574661587842 0.00200000000000067 0.00100000000000122 0.0780000000000012 0.0739999999999998

 8036 36 1000 3 0.9 0.00999999999999979 0.326 8.326 0.151 0.99998803744354 -0.00280513355082332 0.00400701829045848 0.901273960079441 0.999967866983498 0.0079410537074435 -0.00109757299939724 0.900863895673876 0.999988059480816 -0.00280022918721711 0.0040049484754465 0.901151261095758 0.999967890152644 0.00793811146757428 -0.00109774769341818 0.900749933852628 0.00199999999999889 0.000999999999999446 0.0759999999999987 0.0739999999999998

 8037 37 1000 3 0.9 0.0110000000000001 0.327 8.339 0.151999999999999 0.9999761178836 -0.00684180501897099 -0.000976404898995349 0.904023834545316 0.999990711492575 -0.00429784936491652 0.000324683552794135 0.900463399761267 0.999976105649454 -0.00684411314591972 -0.000972751457725059 0.90385263624269 0.999990710897353 -0.00429784327526666 0.000326591773720079 0.90035482627282 0.00200000000000067 0.000999999999999446 0.0760000000000005 0.0750000000000011

 8038 38 1000 3 0.9 0.0109999999999997 0.324 8.415 0.152999999999999 0.999967831232738 -0.00771175780672905 -0.0022057405161584 0.907815791877611 0.999989047569827 -0.00429284346198199 -0.0018644665193489 0.902103846619361 0.999967822874592 -0.00770879679588116 -0.00221983499558496 0.907542497663465 0.999989039639097 -0.00429591684586832 -0.00186163909740677 0.901964855358549 0.00200000000000067 0.000999999999999446 0.0800000000000001 0.0759999999999987

 8035 35 1000 3 0.9 0.00999999999999979 0.327 8.867 0.153 0.999993388210593 0.00296278408846693 -0.00210842252464729 0.902078891424245 0.999979671283854 0.000533327681500688 -0.00635394213220486 0.899789549299725 0.999993383491922 0.00296607783333174 -0.00210602817273037 0.901944394403183 0.999979657531338 0.000532927857241487 -0.00635613966237306 0.899691923285552 0.00300000000000011 0.00199999999999889 0.077 0.0710000000000015

 8039 39 1000 3 0.9 0.0109999999999997 0.326 8.962 0.153 0.999968599312877 0.00787061652825448 -0.000924004171253824 0.900920090956355 0.999991175747258 0.00233445366446344 -0.0034926714281719 0.900620776635003 0.99996859433708 0.00787162407461212 -0.000920800713209791 0.900805702022878 0.999991176377575 0.00233541618732623 -0.00349184739436617 0.90050996736418 0.00200000000000067 0.000999999999999446 0.0739999999999998 0.0719999999999992
