
 10210 10 100 3 0.95 0.00600000000000023 0.308 3.047 0.0180000000000007 0.999990065187311 0.000768154734150869 -0.00439083875602123 0.946033276198409 0.999911824120427 -0.0120481244141198 0.00558450376150212 0.956019869612385 0.99998986400305 0.000742322543124712 -0.00444081618658954 0.945534426320042 0.999911998916371 -0.0120423247181468 0.00556568400565976 0.955772156174369 0.00200000000000067 0.000999999999999446 0.032 0.0360000000000014

 10213 13 100 3 0.95 0.00599999999999978 0.27 3.303 0.0179999999999989 0.999973824519448 -0.00395506756053242 -0.00605868934172653 0.942815703028446 0.999956172499675 0.00889398637640137 -0.00292405303230154 0.949400150467391 0.999973854669351 -0.00395101637553351 -0.00605635594391413 0.942635175008435 0.999956163403936 0.00889433777405789 -0.00292609399054175 0.949483322565731 0.00200000000000067 0.000999999999999446 0.032 0.0299999999999994

 10215 15 100 3 0.95 0.00699999999999967 0.275 3.032 0.0179999999999989 0.999981937574072 -0.00497761583491562 0.00336865940769547 0.945669930810537 0.999977040379159 0.00225374791696659 0.00639056608331156 0.946925227372104 0.999981970634809 -0.00497230345791825 0.00336669031055406 0.945229363759205 0.999977192207097 0.00228742526253387 0.00635474242428485 0.947387315014871 0.00200000000000067 0.000999999999999446 0.0329999999999995 0.0339999999999989

 10217 17 100 3 0.95 0.00699999999999967 0.271 3.09 0.0179999999999989 0.999979031190347 0.00516412260087936 0.00390755900517245 0.944000199227694 0.999953414785815 -0.00214278376085391 -0.00941152144668549 0.949291250696017 0.999979011609529 0.00515383633364752 0.00392610640137463 0.943707274565694 0.999953368055692 -0.00214212254706721 -0.00941663554949117 0.949391883377887 0.00199999999999889 0.000999999999999446 0.0350000000000001 0.0289999999999999

 10203 3 100 3 0.95 0.00600000000000023 0.277 3.325 0.0180000000000007 0.999971413559478 -0.00610068472693005 0.00446695754644336 0.945119291399449 0.999999306529933 0.000343184548206663 0.00112657179937079 0.949558828996293 0.999971324039619 -0.006121081975445 0.00445908666670416 0.944750792319408 0.999999314238033 0.000345830618549349 0.00111889438639686 0.949613053443446 0.00199999999999889 0.000999999999999446 0.0330000000000013 0.0300000000000011

 10222 22 100 3 0.95 0.00800000000000001 0.278 3.234 0.0190000000000001 0.999895107775142 -0.0125196727782968 -0.00728225520439498 0.943320064398034 0.999988112492669 0.00450482670708359 0.00186585360855137 0.951437758173539 0.99989501564357 -0.0125230696778462 -0.00728906146138292 0.943094713990472 0.999988087764115 0.00451079593290683 0.00186468493869882 0.951358738067833 0.00200000000000067 0.000999999999999446 0.0329999999999995 0.0289999999999999

 10221 21 100 3 0.95 0.00800000000000001 0.273 3.233 0.0180000000000007 0.999971042844797 -0.00389487055025653 0.0065378479093556 0.94139050153483 0.9999172784675 0.0125472767966213 0.00282879252283282 0.950722226997154 0.999971060829945 -0.00389388722130989 0.006535682438834 0.941286060008336 0.999917251283158 0.0125485241896839 0.00283286550949832 0.950660960206937 0.00200000000000067 0.000999999999999446 0.0329999999999995 0.0259999999999998

 10204 4 100 3 0.95 0.00600000000000023 0.278 3.372 0.0179999999999989 0.99992736807931 -0.0107183439133229 -0.00551141268100242 0.94752786343037 0.999967155891467 0.00381813959798493 -0.00714905226868702 0.952296081400562 0.999927464392688 -0.0107068507409205 -0.00551627595593757 0.947905793705279 0.999967040615144 0.00382223781138064 -0.00716297295147007 0.952192175582603 0.00200000000000067 0.00100000000000122 0.0310000000000006 0.0300000000000011

 10208 8 100 3 0.95 0.00700000000000012 0.274 3.421 0.0169999999999995 0.999986331166333 -0.00140226079894271 -0.0050369777793653 0.939472808082261 0.999995883315204 -0.00157704216396351 -0.00239714218568312 0.945674220706589 0.999986328678351 -0.001403120744394 -0.00503723223296735 0.939448507660711 0.999995823792182 -0.00158417081477009 -0.00241718866122769 0.945190616555833 0.00200000000000067 0.000999999999999446 0.0289999999999999 0.0329999999999995

 10211 11 100 3 0.95 0.00700000000000012 0.290999999999999 3.585 0.0170000000000012 0.999997148619282 -0.00231673995730714 -0.000579197096057684 0.946563066149635 0.999981369086948 0.00409930833941188 -0.00452295811749823 0.949907625479792 0.99999709956826 -0.00235535814399249 -0.000503133262812743 0.945968007082012 0.999981369667192 0.00409908270152547 -0.00452303432812871 0.949890472869398 0.00200000000000067 0.000999999999999446 0.0340000000000007 0.0280000000000005

 10212 12 100 3 0.95 0.00499999999999989 0.274 3.606 0.0180000000000007 0.99997494863231 0.00195790910600301 0.00680210994774789 0.949113665680684 0.999952582536089 -0.00662688738145907 -0.00713561791581322 0.940975954259449 0.999974880436975 0.00195730632880228 0.00681230115247253 0.94924714726762 0.999952576101496 -0.00662863202080538 -0.00713489912437178 0.940893892240516 0.00200000000000067 0.00100000000000122 0.0329999999999995 0.0299999999999994

 10201 1 100 3 0.95 0.00600000000000023 0.276 3.569 0.0190000000000001 0.999992832606183 0.000268407063650514 -0.00377659819284886 0.943860825857508 0.999987300981551 -0.00424716163557835 0.00271283867448607 0.947422989137907 0.999992775440528 0.00027514668861543 -0.00379122157746446 0.943562390644382 0.999987347704847 -0.00424186904422887 0.0027038818828633 0.947851554669122 0.00200000000000067 0.000999999999999446 0.0350000000000001 0.0310000000000006

 10223 23 100 3 0.95 0.00999999999999979 0.278 3.351 0.0179999999999989 0.999980215443229 -0.00232078943353541 -0.00584659375359074 0.944505217779717 0.999912798181647 -0.00705877908142182 0.011161078372068 0.929677710759537 0.999980132893282 -0.00236780182039521 -0.00584186042906577 0.944152638547839 0.999912590108354 -0.00708022212355168 0.0111661361931252 0.929346810138366 0.00200000000000067 0.000999999999999446 0.0350000000000001 0.032

 10219 19 100 3 0.95 0.00600000000000023 0.284 3.672 0.0190000000000001 0.99988628947522 -0.0117095228850554 0.00950237829602959 0.950528415298685 0.99985641952811 -0.0137738967400047 0.00987016195532819 0.9454737357087 0.99988627057615 -0.0117143823509149 0.00949837667475499 0.950454305986631 0.999855905452951 -0.0138141157740281 0.00986602940607706 0.945075849956152 0.00200000000000067 0.000999999999999446 0.0350000000000001 0.0290000000000017

 10209 9 100 3 0.95 0.00599999999999978 0.306999999999999 3.855 0.0180000000000007 0.999903631227733 -0.0115118297934707 0.00775925462912645 0.947689016587059 0.999967528076643 -0.00805710081268068 -0.000160993113749612 0.949371233010184 0.999903204158593 -0.01151133984031 0.00781481723781149 0.94807524093044 0.999967511403019 -0.00805921446208397 -0.000158747305835862 0.949460961190725 0.00200000000000067 0.000999999999999446 0.0350000000000001 0.0289999999999999

 10207 7 100 3 0.95 0.00599999999999978 0.277 3.684 0.0190000000000001 0.999986813401774 0.00508973895059582 0.000683798201564232 0.951693143449491 0.999978089917645 0.00659739688051807 -0.000542253684685093 0.949338839843409 0.999986809765091 0.00509058383881851 0.000682826490091244 0.951610552867761 0.999978074392369 0.00659904597539459 -0.000550751072504409 0.949434827343593 0.00200000000000067 0.000999999999999446 0.0289999999999999 0.0279999999999987

 10218 18 100 3 0.95 0.00700000000000056 0.275 3.551 0.0190000000000001 0.999983277773342 0.00432878735694649 -0.00383481077780621 0.947367079781768 0.999988538547191 -0.00293362242642052 0.00378373277506296 0.952400918419421 0.999983253914478 0.00432179832113245 -0.00384888943525348 0.94783646658314 0.999988554552185 -0.00292190633558566 0.0037885654273221 0.95229530497954 0.00199999999999889 0.00100000000000122 0.036999999999999 0.0289999999999999

 10216 16 100 3 0.95 0.00699999999999967 0.278 3.579 0.0190000000000001 0.999940799327234 -9.54339477477313e-05 -0.0108806586737392 0.949323261954811 0.999941341224114 -0.000611349472650457 0.0108138967418097 0.952481000610343 0.999940689847103 -9.32231817173063e-05 -0.0108907344810873 0.949418983205921 0.999941437451213 -0.000621331253114195 0.0108044257355587 0.952357997315848 0.00199999999999889 0.000999999999999446 0.0309999999999988 0.0330000000000013

 10229 29 100 3 0.95 0.00600000000000023 0.271 3.511 0.0180000000000007 0.999996361718658 -7.38340177358988e-05 -0.0026964973548287 0.948856770830841 0.99986454726304 0.00544053476739338 0.015533438380499 0.94391087332534 0.999996309762524 -6.88130247363178e-05 -0.00271582880569573 0.949045950985578 0.999864510947934 0.00543059015695277 0.0155392547245875 0.943656417998462 0.00199999999999889 0.000999999999999446 0.0329999999999995 0.027000000000001

 10227 27 100 3 0.95 0.00899999999999945 0.274999999999999 3.537 0.0180000000000007 0.999970647149019 -0.00723876050858002 0.00251101307655198 0.945914534999072 0.999977822382883 0.00181903012342534 -0.00640670522169488 0.949760125585425 0.999970773042751 -0.00721489794183546 0.0025294876896878 0.945394643125997 0.999977819306242 0.0018194018379602 -0.00640707987196097 0.949768182546036 0.00200000000000067 0.000999999999999446 0.0329999999999995 0.0229999999999997

 10202 2 100 3 0.95 0.00700000000000056 0.279 3.801 0.0180000000000007 0.999726805094446 -0.00994448031615833 -0.0211523636242798 0.949788162005061 0.999993984851357 3.10090572471888e-05 0.00346832806141292 0.947961169308082 0.999726818464665 -0.00994399114613583 -0.0211519616727385 0.949792780827423 0.999994115584387 5.65699270340598e-05 0.0034301015208726 0.948298139795425 0.00199999999999889 0.00100000000000122 0.0229999999999997 0.0299999999999994

 10226 26 100 3 0.95 0.00600000000000023 0.27 3.636 0.0190000000000001 0.999968114701404 -0.00425184675514264 0.0067595399022061 0.937735431767408 0.999994969102694 0.00220732049364722 -0.00227804862573231 0.949522585724993 0.99996827471211 -0.0042460892995969 0.00673945806023944 0.93746875 0.999994980024897 0.00220935062328982 -0.00227127603539965 0.949581332751772 0.00200000000000067 0.000999999999999446 0.020999999999999 0.027000000000001

 10225 25 100 3 0.95 0.00700000000000056 0.283 3.639 0.0190000000000001 0.999989038264626 0.00102692187419784 0.00456823620795949 0.947145457354787 0.999995982135392 -0.0028198348490797 -0.000290249024702382 0.953949601670841 0.999988974148398 0.00102665625360788 0.00458230930559662 0.947601125209699 0.999995948922305 -0.00283083706664305 -0.000297490302746432 0.95379232238365 0.00200000000000067 0.00100000000000122 0.0329999999999995 0.0309999999999988

 10231 31 100 3 0.95 0.00800000000000001 0.275 3.603 0.0190000000000001 0.999933758615244 -0.00972726476988805 -0.00615294252273277 0.943839801294045 0.999969697818963 0.00703347880967263 0.00333670791131628 0.952730099921243 0.999933453159432 -0.00975084983753926 -0.00616523966271662 0.943561856637565 0.999969633818187 0.00704208674499365 0.00333773213363915 0.95261817621433 0.00200000000000067 0.000999999999999446 0.0319999999999983 0.0289999999999999

 10214 14 100 3 0.95 0.00699999999999967 0.273 3.619 0.0200000000000014 0.999928676163245 -0.00388995660365219 0.0112920690770603 0.945016842419461 0.999867911524766 -0.015156854271219 -0.00586764618084609 0.958916926766836 0.999928902835671 -0.00384909786996829 0.0112859966081528 0.944652723815165 0.999868306475345 -0.0151215243499517 -0.00589145206714507 0.958499152449766 0.00200000000000067 0.00100000000000122 0.0299999999999994 0.0329999999999995

 10232 32 100 3 0.95 0.00699999999999967 0.275 3.637 0.0190000000000001 0.999965833353986 0.00820669115230934 -0.000991133189688269 0.954437007539409 0.999937633662439 0.00501673779640764 0.0099780322430235 0.954906842121951 0.999965789259323 0.00821169292031061 -0.000994188292946429 0.95426124832481 0.999937444391397 0.00501826059980399 0.00999621751235429 0.954704051651422 0.00199999999999889 0.000999999999999446 0.0330000000000013 0.032

 10220 20 100 3 0.95 0.00700000000000056 0.277 3.706 0.0199999999999996 0.999956271091407 0.00454901823758166 -0.00817082236029204 0.950615250457232 0.999987055743016 0.00341551968247972 0.00377128250247454 0.944126570657534 0.999956253085498 0.00455087473565906 -0.00817199206755707 0.950544046124339 0.999986993428979 0.00343442541228259 0.00377063588259254 0.943795028705707 0.00300000000000011 0.000999999999999446 0.0310000000000006 0.032

 10205 5 100 3 0.95 0.00700000000000056 0.281000000000001 4.09 0.020999999999999 0.99999542293404 0.00293237820314485 0.000745163769580304 0.946745775055618 0.999927303903951 0.00871095918249253 0.00833703169582983 0.958525083557556 0.999995423403772 0.002927823782123 0.000762246293928601 0.946141617882184 0.999927710268794 0.00869472831035675 0.00830517526696609 0.958127142574157 0.00199999999999889 0.000999999999999446 0.0310000000000006 0.032

 10230 30 100 3 0.95 0.0109999999999992 0.272 3.834 0.020999999999999 0.999999320178109 -0.00021732708756417 0.00114560562875885 0.944522167811092 0.99997907832632 0.00594800302984951 -0.00254247312676662 0.952962918052886 0.999999353591226 -0.000181503081091221 0.00112244098325433 0.944159852339861 0.999979064412283 0.00594767456296265 -0.00254870642253552 0.95282803288592 0.00200000000000067 0.000999999999999446 0.0329999999999995 0.0310000000000006

 10224 24 100 3 0.95 0.00899999999999945 0.275 3.905 0.0180000000000007 0.999894346069918 0.0139419547817343 -0.0041132218849223 0.955964683793175 0.999978074209624 -0.00635042700425385 -0.00187701275306585 0.950774060383224 0.999894200235743 0.0139437895764906 -0.00414235044021678 0.955713026767578 0.999978069782771 -0.00634968291607054 -0.00188188214009977 0.95070627908037 0.00200000000000067 0.000999999999999446 0.0340000000000007 0.0280000000000005

 10228 28 100 3 0.95 0.00899999999999945 0.274 4.035 0.0190000000000001 0.999966039565712 0.00604364250167731 0.00560304386714055 0.956603397991843 0.999973388647962 0.0055572391095999 0.004726424588409 0.941556850911818 0.999966014049789 0.00607624485892587 0.00557225212911147 0.956317162657364 0.999973343863776 0.00556654536254976 0.00472494810813968 0.941441909358585 0.00200000000000067 0.000999999999999446 0.0340000000000007 0.0289999999999999

 10206 6 100 3 0.95 0.00600000000000023 0.279 4.488 0.0190000000000001 0.999974397697868 -0.0034207084222511 0.00628511755459972 0.946363490537948 0.999960181926002 -0.00233536152205933 -0.00861281888105299 0.943833216301706 0.999974386712819 -0.00338889369006158 0.00630407153192698 0.945794167740463 0.999960443000667 -0.00230034604853322 -0.00859190560738919 0.943570677983485 0.00200000000000067 0.000999999999999446 0.0310000000000006 0.0280000000000005

 10233 33 100 3 0.95 0.00600000000000023 0.272 3.47 0.0179999999999989 0.999963418305699 -0.00519220258284555 -0.00679728495213976 0.941473545799826 0.999978495935236 0.00647283031577639 0.00105362934994959 0.948790655333318 0.999963463807374 -0.00516807508823645 -0.00680896836839306 0.941363642910505 0.999978582613672 0.00645847919448241 0.00105941514332006 0.948967777231083 0.00199999999999889 0 0.0329999999999995 0.0280000000000005

 10234 34 100 3 0.95 0.00800000000000001 0.283 3.187 0.0190000000000001 0.999891392795032 -0.0134775906100265 -0.00596298295825939 0.945216214266656 0.999949904026312 -0.00812096312620521 0.00585144389636859 0.940097478732595 0.999891998956359 -0.013442455677905 -0.00594060673697803 0.944776348730157 0.999949886434528 -0.00812012900343343 0.00585560624891227 0.940053202135467 0.00300000000000011 0.000999999999999446 0.0370000000000008 0.0280000000000005

 10245 45 100 3 0.95 0.00699999999999967 0.281000000000001 2.738 0.0190000000000001 0.999959693507436 0.0051804741213082 0.00733307905269061 0.947711567910618 0.999913166599458 0.00485669625832129 0.0122503780553462 0.954015855367085 0.999959743304489 0.00516124212135088 0.0073398467413298 0.948127988208006 0.999913071746417 0.00487893359095395 0.0122492839652176 0.953851156262078 0.00200000000000067 0.000999999999999446 0.0380000000000003 0.0350000000000001

 10236 36 100 3 0.95 0.00600000000000023 0.281 3.422 0.0190000000000001 0.9998468983745 -0.0102121165699654 -0.0142088875727004 0.956022117476237 0.99984951864979 0.0100119483165707 -0.0141668961557833 0.947977583122949 0.999847244660038 -0.0101846680465031 -0.0142042205880194 0.955774707748752 0.999849011666954 0.0100265513649767 -0.014192326671131 0.94829485033461 0.00200000000000067 0 0.0390000000000015 0.0300000000000011

 10244 44 100 3 0.95 0.00499999999999989 0.279 3.156 0.0190000000000001 0.99998259118174 -0.00424911836933802 0.00409418203509765 0.959335056320506 0.999984957430427 -0.00548491724381199 2.44068924852342e-05 0.951899283816352 0.999982268549966 -0.00426178573079973 0.00415929898525245 0.958901775429584 0.999984895063263 -0.00549630614008849 1.62520318228229e-05 0.951809142722827 0.00199999999999889 0.000999999999999446 0.036999999999999 0.0299999999999994

 10237 37 100 3 0.95 0.00699999999999967 0.278 3.385 0.0190000000000001 0.999962969759943 0.00849842618186349 -0.00135493959545526 0.952489050826731 0.999958432250145 0.00909078154121895 -0.000701044079471656 0.96080159918859 0.999963012863995 0.00849278026033968 -0.00135852398266135 0.952366265972964 0.999958372924309 0.00909612704456266 -0.000716164336807368 0.960244607076716 0.00199999999999889 0.00100000000000122 0.036999999999999 0.032

 10248 48 100 3 0.95 0.00700000000000012 0.284 3.122 0.0169999999999995 0.999982493731113 0.00587083856882394 -0.000738570106947335 0.942110520957895 0.99996086483474 0.00821636749614498 -0.00328025976516997 0.947103854621482 0.999982516407828 0.00586619278535335 -0.000744755579124507 0.941976746765103 0.999960885080409 0.00820803522336573 -0.0032949153215673 0.947543529501168 0.00200000000000067 0.000999999999999446 0.0299999999999994 0.0289999999999999

 10250 50 100 3 0.95 0.00700000000000012 0.285 3.269 0.0190000000000001 0.999796496357058 0.00660894855213345 -0.0190601067989366 0.941760335429167 0.999981945484202 -0.00509410020557536 -0.00318729489174597 0.944801471789049 0.999796570744084 0.00661804821438072 -0.0190530461134531 0.941636202201056 0.999981890611583 -0.00508960146898469 -0.00321160485916173 0.944415766879147 0.00199999999999889 0 0.0329999999999995 0.0330000000000013

 10253 53 100 3 0.95 0.00700000000000012 0.282 3.245 0.0179999999999989 0.999990790406233 0.00357627147617174 0.00237263251405866 0.943192905446755 0.999988242352476 0.00130040823497412 -0.00467162661487082 0.953461532354116 0.999990723508626 0.00358663915345436 0.00238514491738305 0.942975189297611 0.999988256481486 0.00128289532651823 -0.0046734439868391 0.953327380481403 0.00300000000000011 0.00100000000000122 0.0340000000000007 0.0310000000000006

 10254 54 100 3 0.95 0.00599999999999978 0.28 3.2 0.0190000000000001 0.999946072615363 0.00960073950438075 -0.00395950275659315 0.94229474326596 0.999996847679955 -8.08807553642644e-05 -0.002509599262214 0.951980077947211 0.999946112163577 0.00959538425552697 -0.00396249541771342 0.942141107646612 0.999996836117273 -8.43481850476889e-05 -0.00251408846869289 0.951890565618428 0.00200000000000067 0.000999999999999446 0.032 0.0279999999999987

 10240 40 100 3 0.95 0.00699999999999967 0.278 3.696 0.0190000000000001 0.999994477608053 -0.00332122861346435 -0.00011913812747159 0.947504788174185 0.999988485381685 -0.00351080493091993 -0.0032715978940706 0.958797292506312 0.999994478836445 -0.00331989207158083 -0.000143573187874483 0.947910583832761 0.999988593706196 -0.00349544376031092 -0.00325489330436297 0.958409218858386 0.00200000000000067 0.00100000000000122 0.0340000000000007 0.0300000000000011

 10239 39 100 3 0.95 0.00499999999999989 0.28 3.734 0.0190000000000001 0.99998260819162 0.004741376862099 -0.00350751475210479 0.94602139629969 0.999985819508158 -0.00225428627350837 -0.00482482911558393 0.952258082293006 0.999982620125292 0.00471832244275726 -0.00353509274013801 0.945525355047656 0.999985741784154 -0.00227111268973596 -0.00483303999009609 0.95215433673319 0.00200000000000067 0.000999999999999446 0.0339999999999989 0.0310000000000006

 10235 35 100 3 0.95 0.00700000000000012 0.285 3.857 0.0180000000000007 0.999947308876863 -0.010130918557698 0.00165648999306022 0.946262695999594 0.999976048255073 -0.0005139369919903 -0.00690208554972028 0.950412135805191 0.999947712172836 -0.0100939712256464 0.0016384947994309 0.945736396503848 0.999976013691553 -0.00051182518615715 -0.00690724811549984 0.950346175179594 0.00300000000000011 0 0.032 0.0289999999999999

 10255 55 100 3 0.95 0.00999999999999979 0.278 3.357 0.0190000000000001 0.999964816447124 -0.00563026913358199 -0.00621819405879557 0.953307845969034 0.999990970928452 0.00378937093569078 -0.00192320812278312 0.955320594020799 0.999964904673758 -0.00562728594288779 -0.00620669587780119 0.95317770800438 0.999991015047513 0.00378138087720182 -0.00191598092532092 0.955132371696076 0.00300000000000011 0.00100000000000122 0.032 0.0280000000000005

 10251 51 100 3 0.95 0.00700000000000012 0.282 3.47 0.0180000000000007 0.999957558426144 -0.00920216358854165 0.000448922837230422 0.932938290316558 0.999956237026586 -0.000117617412061274 0.0093546885450111 0.948760254465358 0.999957650108211 -0.00919247111974921 0.000443243474085305 0.932814154296186 0.9999562424127 -0.000108431101941527 0.00935422378234993 0.948948059116702 0.00199999999999889 0.000999999999999446 0.0329999999999995 0.0279999999999987

 10241 41 100 3 0.95 0.00599999999999978 0.294 3.741 0.0199999999999996 0.999923002182102 0.00290621608139686 0.0120641458554001 0.951277891124683 0.999990717880374 -0.00413410779691777 0.00121379809632112 0.933961357100625 0.999922982229973 0.00291582892449634 0.0120634800119744 0.951196902546412 0.999990783679306 -0.00411724664611319 0.00121689625761487 0.933870911480362 0.00199999999999889 0.000999999999999446 0.032 0.0350000000000001

 10252 52 100 3 0.95 0.00600000000000023 0.28 3.651 0.0200000000000014 0.99996970625207 -0.00573155116240845 0.00526648833873333 0.94090788028393 0.99982448911982 0.0125752090351796 -0.0138872270094848 0.944296881933391 0.999969692889804 -0.00573278288609125 0.00526768471461409 0.940826126150695 0.999823957198921 0.0125948886609834 -0.0139076738064828 0.943988853575548 0.00200000000000067 0.00100000000000122 0.0310000000000006 0.0289999999999999

 10243 43 100 3 0.95 0.00599999999999978 0.28 3.868 0.0190000000000001 0.999950213116518 -0.00902127549469114 0.00426472468979072 0.948524973807162 0.999992409593582 0.00352025204446048 0.00166990441780434 0.944847505461751 0.999950142243539 -0.00902690360719007 0.00426943068709503 0.948755846652262 0.999992401713931 0.00352372407868353 0.00166729811996348 0.944472959599398 0.00200000000000067 0.00100000000000122 0.0309999999999988 0.0300000000000011

 10242 42 100 3 0.95 0.00499999999999989 0.284 3.956 0.0190000000000001 0.99996844540333 -0.00791416909094915 -0.000688567532601022 0.948202342247091 0.999918202161461 -0.0102997878666674 -0.00758309673505533 0.952304051632205 0.999968459684994 -0.00790963838203441 -0.000719205037218696 0.948516878673084 0.999918055658826 -0.0103153224720785 -0.00758129868624829 0.952197759784605 0.00200000000000067 0.000999999999999446 0.0329999999999995 0.0299999999999994

 10238 38 100 3 0.95 0.00499999999999989 0.28 4.166 0.0190000000000001 0.999905715519009 -0.00760060355372498 -0.0114363848325128 0.950505997814369 0.999935757859673 0.00236550290526008 -0.0110853303787602 0.959609225418574 0.99990578974127 -0.00759431955943121 -0.0114340698054575 0.950432846618163 0.999935946414813 0.00240794500821252 -0.0110591531479655 0.95912193167798 0.00199999999999889 0.00100000000000122 0.0330000000000013 0.0340000000000007

 10260 60 100 3 0.95 0.00700000000000012 0.276 3.429 0.0190000000000001 0.99996572578747 -0.00678390271007268 -0.00474614731743965 0.948755970746897 0.999986415455141 -0.00436591196512648 -0.00284740546653896 0.946781517692061 0.999965972266326 -0.00674758960552329 -0.00474598187699873 0.948961666319829 0.999986561078212 -0.00435497558651944 -0.00281280120382973 0.946152818778057 0.00199999999999889 0.00100000000000122 0.0340000000000007 0.0310000000000006

 10249 49 100 3 0.95 0.00599999999999978 0.282 3.714 0.0200000000000014 0.999930714557358 0.0100443597364913 0.00613815300364102 0.948262981335087 0.999971479352978 0.00755206477076057 8.24518991923753e-05 0.950376598592666 0.99993059572477 0.0100289117172364 0.00618260974621255 0.948588664595211 0.999971441860673 0.00755704433654241 8.08948779700204e-05 0.95030854701359 0.00199999999999889 0.000999999999999446 0.0360000000000014 0.0299999999999994

 10261 61 100 3 0.95 0.00700000000000012 0.282 3.487 0.0190000000000001 0.999939499707483 0.00636178307137255 -0.00897355230116058 0.943408952548952 0.999929203813723 0.0111019547438097 -0.00428181752530302 0.956284146561963 0.999939521467035 0.00636213613748871 -0.00897087688270795 0.943164988347667 0.99992926360598 0.0110936699510556 -0.00428932062441123 0.956027508772126 0.00200000000000067 0 0.0309999999999988 0.0310000000000006

 10263 63 100 3 0.95 0.00700000000000012 0.295 3.252 0.0179999999999989 0.99996552990837 0.00758667100903031 0.00337363573508353 0.957291095753644 0.999881678437453 -0.0125992183005957 0.0088254644815602 0.947272876967854 0.999965619104082 0.00758408737609103 0.00335294325367112 0.956958094838322 0.999881675082758 -0.0125971690359773 0.00882876922210953 0.94771730698178 0.00200000000000067 0.00100000000000122 0.0350000000000001 0.032

 10257 57 100 3 0.95 0.00700000000000012 0.28 3.695 0.0210000000000008 0.999997929836943 -0.00171783709687683 0.00109057669890526 0.960044057920131 0.99995617865186 -0.00613116854314385 -0.00707457053567336 0.94026969854818 0.999997980853987 -0.00168219712586597 0.00109931832447175 0.959534943244131 0.999956164143029 -0.00613234457530843 -0.0070756019086361 0.940219528768838 0.00300000000000011 0.00100000000000122 0.0350000000000001 0.027000000000001

 10247 47 100 3 0.95 0.00700000000000012 0.282 3.985 0.0190000000000001 0.99998808438137 0.00280247365605674 0.00399715357287197 0.946628411622134 0.999968719775007 0.00735584751349205 0.00290705674036937 0.939992927479818 0.999988154890439 0.00279697502393879 0.00398334150304912 0.94604389026444 0.999968725472161 0.00735536820740962 0.00290630970725604 0.93994970227665 0.00199999999999889 0.000999999999999446 0.0310000000000006 0.0280000000000005

 10246 46 100 3 0.95 0.00599999999999978 0.28 3.96 0.0199999999999996 0.999974655596438 -0.00575890284984515 0.00418607247310896 0.954503455469307 0.999966645290601 0.00212735377625371 0.00788559903701693 0.945300990096362 0.999974704610666 -0.00575467116034228 0.00418017926032804 0.954315794972889 0.999966556738028 0.00213521205104834 0.00789469917024594 0.944891067809271 0.00200000000000067 0.00100000000000122 0.0340000000000007 0.0280000000000005

 10264 64 100 3 0.95 0.00599999999999978 0.286 3.448 0.0310000000000006 0.999977854297543 0.00406838996276611 -0.00526679386283564 0.949265028095583 0.999992823438271 0.00361849152364564 -0.00112231503969591 0.954071087815077 0.999977910249674 0.00406561041972525 -0.00525831005266802 0.949368890985854 0.999992793382731 0.00362784552813428 -0.00111889205347908 0.953909908401788 0.00200000000000067 0.000999999999999446 0.0289999999999999 0.0310000000000006

 10262 62 100 3 0.95 0.0089999999999999 0.295999999999999 3.758 0.0190000000000001 0.999994010242739 0.00195466614711617 0.00285635412674868 0.948333535683438 0.999958625879842 -0.00333623254823125 0.00846262848543464 0.946764419040218 0.999993990680317 0.00195057720103576 0.00286598182771917 0.948601831113011 0.999957855606414 -0.00341323378422985 0.00852272527749664 0.946142201157041 0.00200000000000067 0 0.0289999999999999 0.0309999999999988

 10258 58 100 3 0.95 0.00800000000000001 0.278 4.09 0.0199999999999996 0.999995531429636 0.00148813145380246 0.00259279492736454 0.938791068127821 0.999969893980761 -0.00772277123563751 -0.000754941419307825 0.950303676587981 0.999995554923124 0.00149902330517008 0.00257741403801385 0.938490817615087 0.999969885672041 -0.0077243486990031 -0.000749790785406827 0.950238174914494 0.00200000000000067 0.00100000000000122 0.0449999999999999 0.0289999999999999

 10259 59 100 3 0.95 0.00900000000000034 0.275 4.14 0.0210000000000008 0.999880928985646 0.0143319910755028 -0.00572030441610059 0.952943259824416 0.999942195754057 0.0097190637678619 -0.00459836384296899 0.949764948388217 0.999880933078871 0.0143285333315002 -0.00572824562088723 0.952822886117464 0.999942190238876 0.009719175226801 -0.0045993274714739 0.949776456606011 0.00200000000000067 0.000999999999999446 0.0299999999999994 0.0239999999999991

 10256 56 100 3 0.95 0.00500000000000034 0.279 3.854 0.0199999999999996 0.999984025826952 0.00367057295543198 0.00429825372685614 0.936890087968296 0.999924069144229 0.00286434486818428 0.0119854693075566 0.957713529882126 0.999983956555978 0.00369491994095413 0.00429350640879123 0.936514645950424 0.999924523794808 0.00285999613001071 0.0119485202373766 0.957383593272128 0.00199999999999889 0.000999999999999446 0.266 0.0310000000000006

 10266 66 100 3 0.95 0.00600000000000023 0.28 3.297 0.0180000000000007 0.999835737014429 -0.0181108205327746 0.00070510172516652 0.940423847263207 0.999920315139486 -0.00933685377532812 -0.00849626582260352 0.951623201024203 0.999835750959948 -0.0181103265736016 0.000697978333025819 0.940366487470906 0.999920335440969 -0.00933995979626295 -0.00849046068391046 0.951532903487563 0.00199999999999889 0.000999999999999446 0.0310000000000006 0.0309999999999988

 10275 75 100 3 0.95 0.00900000000000034 0.276 2.78 0.0190000000000001 0.999835171582261 0.0111185477630867 -0.0143529635515026 0.946810066604467 0.999920363259056 -0.000584829531849291 -0.0126065504519137 0.952304320843572 0.999835618348762 0.0111099550162003 -0.0143284744717575 0.946169037772984 0.99992051810393 -0.000591226615175919 -0.0125939638660218 0.95220170029121 0.00199999999999889 0.000999999999999446 0.0329999999999995 0.0299999999999994

 10265 65 100 3 0.95 0.00599999999999978 0.271 3.75 0.0190000000000001 0.999926732142951 0.0121048358413675 5.74035894656112e-05 0.946934722770807 0.999940947354309 -0.0041557075361993 -0.0100415088030023 0.940492306497401 0.99992704071575 0.0120792571593571 6.92236998226865e-05 0.947431981772727 0.99994092012506 -0.00415979936341742 -0.0100425260121847 0.940436196478307 0.00200000000000067 0 0.0360000000000014 0.0280000000000005

 10268 68 100 3 0.95 0.00600000000000023 0.278 3.304 0.0180000000000007 0.999971754968892 -0.00644831511194557 -0.00386115224403037 0.92870167146766 0.999913267576414 -0.0130510696823142 -0.00176830563167286 0.947522730414084 0.99997158429574 -0.00644226271985626 -0.00391508009062036 0.928293567711767 0.999913111060669 -0.0130606082499715 -0.00178629256132726 0.947942652251576 0.00200000000000067 0.000999999999999446 0.0330000000000013 0.0339999999999989

 10270 70 100 3 0.95 0.0100000000000002 0.275 3.359 0.0180000000000007 0.99998138588609 0.00610124988845044 5.12945679102872e-05 0.951086904056688 0.999988974904483 0.000438777508824979 -0.00467520521240393 0.944740594280785 0.999981372170652 0.00610355055492077 4.45232798539085e-05 0.951007172489082 0.999989053289414 0.000415433076752313 -0.00466054896983531 0.944352412677426 0.00200000000000067 0.000999999999999446 0.032 0.0329999999999995

 10269 69 100 3 0.95 0.00699999999999967 0.276 3.594 0.0190000000000001 0.999993283237925 0.00244262510852271 0.00273259247138072 0.951535042143005 0.999998109203425 0.00185781992469661 -0.000574538686204039 0.949143033616901 0.999993286371408 0.00244639640763819 0.00272806831422197 0.951445000324327 0.999998093002213 0.00186580596830675 -0.000576853556331097 0.949268511615428 0.00200000000000067 0.000999999999999446 0.0339999999999989 0.0300000000000011

 10273 73 100 3 0.95 0.00700000000000012 0.282 3.384 0.0190000000000001 0.999985565427783 -0.00156918649869602 -0.00513873426142871 0.944131721131891 0.999994477791601 0.00321755488897559 -0.000831701172708087 0.949681655764015 0.999985506004648 -0.00156598094333778 -0.00515126045871731 0.943852921985441 0.999994482947916 0.00321635025406739 -0.000830159486549055 0.949699935695973 0.00199999999999889 0.000999999999999446 0.0299999999999994 0.0229999999999997

 10281 81 100 3 0.95 0.00700000000000012 0.279 3.011 0.0179999999999989 0.999994255138677 0.00338362239237273 -0.000201963234851739 0.951535185026306 0.999976297095739 -0.00474787164750315 0.00498627732014539 0.954265584410553 0.999994264942586 0.00338075511316815 -0.000201436841603117 0.951443859162272 0.999976389603149 -0.00474239578571213 0.00497291850556503 0.954118792974669 0.00200000000000067 0.00100000000000122 0.0340000000000007 0.0290000000000017

 10277 77 100 3 0.95 0.00699999999999967 0.278 3.429 0.0180000000000007 0.999977444296054 -0.00387904834959708 -0.00548305417028491 0.945176537845277 0.999973060735849 -0.00700802592444783 0.00218297393936422 0.951956985372554 0.999977544381289 -0.00387337595114198 -0.00546879254569194 0.944787746253231 0.999973047105652 -0.00700924195451881 0.00218531221140042 0.951861580345229 0.00199999999999889 0.000999999999999446 0.032 0.0310000000000006

 10271 71 100 3 0.95 0.00599999999999978 0.276 3.758 0.0190000000000001 0.999988172141285 0.00169160412962491 0.00456004967077522 0.953437670473562 0.99983605184556 -0.0178679607672724 0.00293349755428829 0.945543634996983 0.999988112934759 0.00170721030914085 0.0045672116372868 0.95330093304662 0.999835271091374 -0.0179124618929812 0.00292820603283439 0.945087656645164 0.00200000000000067 0.000999999999999446 0.032 0.0339999999999989

 10276 76 100 3 0.95 0.00600000000000023 0.277 3.459 0.0180000000000007 0.999969150212409 0.00638050585270629 -0.00458124093842945 0.949463626470305 0.999999682104532 -0.000791172600733641 9.91803904964059e-05 0.955423905911312 0.999969140770037 0.00637758956600512 -0.00458735860396258 0.94953549904168 0.999999672151428 -0.000799961237804271 0.000125535069006906 0.955222479591831 0.00200000000000067 0.00100000000000122 0.0310000000000006 0.032

 10274 74 100 3 0.95 0.00600000000000023 0.282 3.71 0.0190000000000001 0.999963932253878 -0.00187337457959151 -0.00828400018383253 0.947861608932659 0.999842491976675 -0.0132450589555546 -0.0118135367750905 0.945218419919841 0.999964056222453 -0.00187636084353348 -0.00826834524702894 0.948198889470961 0.999841894636121 -0.0132731011400595 -0.0118326039643427 0.944786479040766 0.00200000000000067 0.00100000000000122 0.032 0.032

 10285 85 100 3 0.95 0.0089999999999999 0.277 3.244 0.0180000000000007 0.999761103283488 -0.0196707472783503 -0.00952880175547631 0.943729369059817 0.999994970937905 -0.00316954901871619 0.000109808544429496 0.940986080364579 0.999760903950932 -0.019687631529412 -0.00951483557279005 0.943474208354347 0.999994966696682 -0.00317110043239712 0.000103456996969972 0.9409014586271 0.00199999999999889 0.000999999999999446 0.0310000000000006 0.0300000000000011

 10282 82 100 3 0.95 0.00500000000000034 0.281 3.253 0.0190000000000001 0.999971868372147 -0.00229398660525981 -0.00714143471393118 0.947015023874796 0.999992251423118 0.0011395497312939 -0.00376809237321851 0.9544480714952 0.999972141689177 -0.0023197260630898 -0.00709469636791765 0.947513654842609 0.999992290764434 0.00114784265227801 -0.00375511237450713 0.954288609436207 0.00300000000000011 0.000999999999999446 0.036999999999999 0.0289999999999999

 10267 67 100 3 0.95 0.00499999999999989 0.274 4.452 0.0179999999999989 0.999983703696502 -0.00570359891092108 0.000247590164428249 0.953683470225017 0.999942615574175 -0.0102715014743915 0.00304332320638511 0.952429579121255 0.999983682427688 -0.00570762346000247 0.000240650785544885 0.953536863230437 0.999942647581127 -0.0102674054595431 0.00304662658950178 0.95233060629729 0.00200000000000067 0.00100000000000122 0.0329999999999995 0.0280000000000005

 10287 87 100 3 0.95 0.00599999999999978 0.279000000000001 3.217 0.0180000000000007 0.999979597002064 0.00339636295578261 0.00541020316277316 0.936258954751961 0.999970918191031 -0.00465731623171161 -0.00603921995823052 0.953254504489026 0.999979630935071 0.00336206533625268 0.0054253323984422 0.936728939427074 0.999971005526075 -0.00465054608291064 -0.0060299691791678 0.953109842133816 0.00300000000000011 0.000999999999999446 0.0489999999999995 0.0329999999999995

 10278 78 100 3 0.95 0.00800000000000001 0.282999999999999 3.656 0.0190000000000001 0.999987119605909 0.00489459199174665 -0.00134297859692169 0.951797346664887 0.999955936496234 -0.00146034196583717 0.00927321234970835 0.949711730211678 0.999987099201968 0.0048971518845436 -0.00134882654651432 0.951708218772883 0.999955945180226 -0.00146338920949587 0.00927179544329985 0.949733864717718 0.00199999999999889 0 0.0300000000000011 0.0259999999999998

 10279 79 100 3 0.95 0.0100000000000002 0.276 3.554 0.0239999999999991 0.999975244176087 0.0029529695449223 0.00638678368523659 0.950973723936631 0.99985966427786 0.00967486112619777 -0.01367657897116 0.948861663585203 0.999975215602539 0.00296021537344513 0.00638790306746645 0.950894465102533 0.999859341195972 0.00968031337744381 -0.0136963263714112 0.949030151181084 0.00199999999999889 0.000999999999999446 0.0340000000000007 0.027000000000001

 10272 72 100 3 0.95 0.00699999999999967 0.28 3.834 0.0189999999999984 0.999982540369129 0.00289559666361981 -0.00515116267116675 0.943576100421669 0.99990396153545 -0.00873964270241852 -0.0107557589758957 0.941381463682921 0.999982540585856 0.00291171702669594 -0.00514202561382049 0.943339428290865 0.999903978278603 -0.00873767372381826 -0.0107558021792404 0.941276300989827 0.00200000000000067 0.000999999999999446 0.0300000000000011 0.0280000000000005

 10288 88 100 3 0.95 0.00600000000000023 0.28 3.334 0.0179999999999989 0.999995754043176 -0.00145477892685383 -0.00252497799877844 0.949472433026157 0.999989406255617 -0.000234748952356235 0.0045969848235373 0.961685644457964 0.999995768673293 -0.0014507350556523 -0.00252150814173411 0.94953767797934 0.999989524774154 -0.000258774257424284 0.0045698334592269 0.961229036034235 0.00199999999999889 0.00100000000000122 0.0279999999999987 0.0329999999999995

 10286 86 100 3 0.95 0.0110000000000001 0.279 3.295 0.0179999999999989 0.999965203075308 0.00831829031810071 0.000631414873141807 0.941747797876104 0.999967562402116 0.00552152852252983 0.00586403157770817 0.943979831536819 0.999965252471557 0.00831277717380439 0.000625767650945226 0.941637363452105 0.999967744080285 0.0055155702648704 0.00583860288414638 0.943676159219118 0.00199999999999889 0 0.0289999999999999 0.0310000000000006

 10280 80 100 3 0.95 0.00500000000000034 0.274999999999999 3.705 0.0190000000000001 0.999885599359073 -0.00754100535746532 -0.013111881350343 0.937366631467271 0.999959455411155 -0.0051444030410654 -0.00739071384760228 0.954511529649942 0.999885127868117 -0.00756095216036144 -0.0131363263733633 0.93696875 0.99995945792168 -0.00515687046436606 -0.00738168002515632 0.954333852297349 0.00200000000000067 0.000999999999999446 0.0229999999999997 0.0309999999999988

 10283 83 100 3 0.95 0.00600000000000023 0.284999999999999 3.41 0.0190000000000001 0.999991391446172 -0.00341154046736613 -0.00236186900342453 0.943735165065235 0.999969099757547 -0.00601804787271235 -0.00505792742952265 0.957744430681184 0.999991540878088 -0.00336760095663513 -0.00236165959953054 0.943473507589974 0.999969110286951 -0.00602820077427788 -0.00504373545584519 0.957386258045783 0.00199999999999889 0.000999999999999446 0.0330000000000013 0.0340000000000007

 10289 89 100 3 0.95 0.0089999999999999 0.283 3.47 0.0239999999999991 0.999938101609744 0.000323232739139372 -0.0111215318053643 0.948383507599486 0.999993173890551 -0.00152160085088093 0.00336703180167962 0.955044028383927 0.999938129865553 0.000339453951084783 -0.0111185076334774 0.94866448379657 0.999993278600168 -0.0015209196085119 0.00333609922392574 0.95484987776144 0.00200000000000067 0.000999999999999446 0.032 0.0300000000000011

 10295 95 100 3 0.95 0.00599999999999978 0.287 3.329 0.0190000000000001 0.999980658006482 0.00617731319956585 -0.000724164731135208 0.950636876060856 0.999957962759546 0.00686430310418311 0.00607898483891071 0.950268104373488 0.999980696002024 0.00617121065879346 -0.000723728065298553 0.950568101572718 0.999957967158434 0.00686657295331022 0.00607569685286876 0.950202261378573 0.00200000000000067 0.000999999999999446 0.032 0.0299999999999994

 10284 84 100 3 0.95 0.00800000000000001 0.286 3.879 0.0199999999999996 0.999975447295235 -0.00496090671824735 0.00494916267941463 0.946422482429854 0.999999813038087 0.000543711786267565 -0.000279823666399949 0.948724451852262 0.999975291445336 -0.00500471814550521 0.00493652662301948 0.945880696484342 0.999999832152736 0.000506187254981931 -0.000281902399707051 0.948928650202582 0.00200000000000067 0.000999999999999446 0.032 0.0299999999999994

 10296 96 100 3 0.95 0.00600000000000023 0.29 3.367 0.0190000000000001 0.999998479188646 -0.00140297100268139 -0.00103599843680295 0.951453473323491 0.999882791929282 -0.0135074307468356 0.00720775404153255 0.948067331952556 0.999998468350185 -0.00140656608372382 -0.00104157051468738 0.951366158000254 0.99988254992997 -0.0135131332997953 0.0072305998342394 0.948401666850822 0.00199999999999889 0.00100000000000122 0.0309999999999988 0.032

 10290 90 100 3 0.95 0.00700000000000012 0.287 3.812 0.0180000000000007 0.999972960942215 0.00175384184641828 0.00714152807444605 0.956202019801205 0.999987557259548 0.00458685798266567 -0.00196113740700957 0.95301357690333 0.999972967765813 0.00173962519767071 0.0071440493981213 0.955955020685011 0.99998753024417 0.00459326512561562 -0.00195991623579779 0.952891607591255 0.00200000000000067 0.000999999999999446 0.0310000000000006 0.0289999999999999

 10294 94 100 3 0.95 0.00800000000000001 0.279 3.798 0.0199999999999996 0.99996898570306 -0.00546795946557196 -0.00566824940141706 0.949806737808021 0.99996520307231 -0.00668840594527308 -0.00498576678815928 0.945573882389862 0.999968984907877 -0.00546800138677128 -0.00566834924330853 0.949809111519841 0.999964810347684 -0.00674447787565248 -0.00498899634242522 0.945132177509422 0.00200000000000067 0 0.0229999999999997 0.0289999999999999

 10291 91 100 3 0.95 0.00800000000000001 0.282999999999999 3.916 0.0180000000000007 0.999995865653125 0.00180550223310854 -0.00223804341863621 0.93838312379084 0.999978743238759 -0.00645751640599055 0.000901971451396314 0.960847369716312 0.999995795232214 0.00181200492610101 -0.00226410159682913 0.937995617454454 0.999978605714153 -0.00648519565794793 0.000854605907705695 0.960241568398967 0.00199999999999889 0 0.266 0.0329999999999995

 10293 93 100 3 0.95 0.00700000000000012 0.276000000000001 4.139 0.0190000000000001 0.999918350849982 0.0113921402285205 -0.00578884914870118 0.946865269641527 0.999993190728038 0.00369030641675579 1.16665561350689e-05 0.948228129286819 0.999918772939801 0.0113719170596046 -0.0057556081305046 0.946192423582384 0.999993286569833 0.00366406374272524 3.81071304114525e-05 0.948540704205526 0.00199999999999889 0.000999999999999446 0.0329999999999995 0.0309999999999988

 10292 92 100 3 0.95 0.00500000000000034 0.284000000000001 4.255 0.0190000000000001 0.999932536913054 0.00651545861427114 -0.00961615420373825 0.948243259409587 0.999963768490918 1.2838994356599e-05 -0.00851243446977349 0.949971301656338 0.999932315323603 0.00653204947633948 -0.00962793338244172 0.948544108334261 0.999963748503625 1.52231834850321e-05 -0.00851477814356426 0.949942110088863 0.00100000000000122 0.000999999999999446 0.032 0.0259999999999998

 10299 99 100 3 0.95 0.00700000000000012 0.266 2.925 0.0169999999999995 0.999988689831529 -0.00115618727841777 0.00461339787995068 0.952360638875643 0.999952806938245 -0.00858376575829352 0.00455003975048646 0.951182645508347 0.999988707110577 -0.00115482461548543 0.00460999256218376 0.952259058915732 0.999952810807618 -0.00858206956442083 0.00455238837696043 0.951113031389866 0.00199999999999889 0.000999999999999446 0.0289999999999999 0.0250000000000004

 10297 97 100 3 0.95 0.00699999999999967 0.269 3.29 0.0169999999999995 0.999996723010447 0.000977464521237976 -0.00236612161072183 0.946322111937969 0.999958063817011 -0.00268406444265858 0.0087559354384052 0.958585885491127 0.999996760433113 0.000965553950549185 -0.00235517066210225 0.94576990781516 0.999958197023325 -0.00268727036861747 0.00873972447085716 0.958195327986257 0.00199999999999889 0 0.0309999999999988 0.0299999999999994

 10300 100 100 3 0.95 0.00499999999999989 0.264 3.199 0.0169999999999995 0.999976545395938 -0.00209107988367137 0.00652196618558629 0.955959371287412 0.999944250821302 0.0076306738427738 0.00729849752550554 0.936784138124264 0.999976655045165 -0.00209289264272193 0.00650454956697589 0.95570845631502 0.999944229147602 0.00762806032847297 0.00730419674117304 0.936581585870459 0.00200000000000067 0.000999999999999446 0.0329999999999995 0.271999999999998

 10298 98 100 3 0.95 0.00499999999999989 0.268 3.954 0.0169999999999995 0.999939884763023 -0.0100556062086526 -0.00437168661839995 0.944282992960605 0.999991686577907 -0.00158792374518439 -0.00375569877010706 0.944952956346632 0.999940184597562 -0.0100310346471059 -0.0043595379231205 0.94396661137796 0.999991579881005 -0.00156156674220862 -0.00379495407107387 0.944523276013246 0.00199999999999889 0.00100000000000122 0.0290000000000017 0.032

 10301 1 500 3 0.95 0.0129999999999999 0.288 15.668 0.0790000000000006 0.999996303626889 0.00229505903206776 -0.00145788771773576 0.947213253407994 0.999985595655433 -0.00323417708245525 0.0042835242789011 0.949912463462453 0.999996301451201 0.0022998131656905 -0.00145187579383268 0.947673589392757 0.999985594857862 -0.00323466987843185 0.00428333836459668 0.949896007242619 0.00300000000000011 0.00100000000000122 0.0549999999999997 0.0440000000000005

 10317 17 500 3 0.95 0.0150000000000001 0.285000000000001 15.348 0.0790000000000006 0.999991959800054 0.00284533005143271 0.00282567375089064 0.951725018267699 0.999990114285605 -0.0018955948647556 -0.00402219482006971 0.953564276678513 0.999991965407983 0.00284526731381738 0.00282375165194996 0.95163632418309 0.999990124656911 -0.0018930210099552 -0.00402082828681182 0.953426059378605 0.00199999999999889 0.000999999999997669 0.0500000000000007 0.0509999999999984

 10315 15 500 3 0.95 0.0139999999999998 0.286 15.911 0.0779999999999994 0.999990962831119 0.000627190232889769 -0.00420486486148638 0.95220992867021 0.999992029224 -3.66633515181753e-05 0.00399251102266584 0.949441142056347 0.999990968233732 0.000631014278352408 -0.00420300748788436 0.952110855328148 0.999992036875695 -3.58844187153692e-05 0.00399060114595241 0.949513390886982 0.00200000000000244 0 0.0519999999999996 0.046999999999997

 10304 4 500 3 0.95 0.0129999999999999 0.293 16.424 0.0790000000000006 0.999991493293794 0.000459604939231511 -0.00409903688044603 0.948334471778467 0.999993885035829 0.00254792693920594 -0.00239540377856698 0.953158565708255 0.999991501569394 0.000461130499784881 -0.0040968460614737 0.948603780436352 0.999993868727938 0.0025493866973415 -0.00240065282776542 0.953033604955681 0.00200000000000244 0.00100000000000122 0.0529999999999973 0.0510000000000019

 10314 14 500 3 0.95 0.0139999999999998 0.287 16.042 0.0789999999999971 0.999986671724327 0.00141843678308838 -0.00496431372847432 0.948792842793974 0.999999148720927 0.00109972013200113 -0.000702262808881626 0.952080457669257 0.999986695277931 0.00141769974880491 -0.00495977767089648 0.948982064425528 0.999999142203797 0.00110516639446832 -0.000702992824442587 0.951981520786873 0.00199999999999889 0 0.0500000000000007 0.0519999999999996

 10308 8 500 3 0.95 0.0140000000000002 0.29 16.369 0.0809999999999995 0.999998460995599 0.00145836793544378 -0.000975279138718226 0.947492662655522 0.999998082046883 0.000282087452333949 -0.00193812518306135 0.951451419441859 0.999998471339277 0.00145456225129814 -0.000970344148757093 0.947909170041033 0.99999808913697 0.00028218739742963 -0.00193444893490809 0.951366611658622 0.00200000000000244 0.00100000000000122 0.0560000000000009 0.0519999999999996

 10303 3 500 3 0.95 0.0129999999999999 0.293 16.793 0.0809999999999995 0.999992767729198 -0.00347684258160237 0.00154144573711564 0.950373350184138 0.999984622546006 0.00115204172876222 0.00542470933570086 0.947054186574249 0.999992761528513 -0.00347828095931051 0.00154222311814954 0.950307809375694 0.999984689681691 0.00115527672794777 0.00541162987399436 0.947521859515761 0.00199999999999889 0.00100000000000122 0.054000000000002 0.0549999999999997

 10310 10 500 3 0.95 0.012 0.287 16.383 0.0799999999999983 0.999992412340626 -0.00330521332566892 0.00206175314876506 0.944227381680513 0.999989144988874 -0.00465182230189371 0.000265431145452356 0.953086473410997 0.999992369655163 -0.00330716711425807 0.00207924917485304 0.94391286258901 0.999989156709425 -0.00464934322476413 0.00026470956105916 0.952960326106892 0.00200000000000244 0.00100000000000122 0.0539999999999985 0.054000000000002

 10305 5 500 3 0.95 0.0129999999999999 0.29 16.575 0.0790000000000006 0.999992319183867 -0.00112259347610396 0.00375517738033021 0.951355262907069 0.999995536960727 -0.000480845637561927 0.00294870244343025 0.957193673515834 0.999992320436201 -0.00112055058312957 0.00375545403535988 0.95127099427679 0.999995556533699 -0.000465004593712468 0.00294460244932526 0.956881963293021 0.00199999999999889 0.00100000000000122 0.0530000000000008 0.0549999999999997

 10307 7 500 3 0.95 0.0129999999999999 0.291 16.828 0.0799999999999983 0.999976362659301 0.00686245786320505 0.000425199659944796 0.952436590026041 0.999999775294347 0.000144220566909209 -0.000654684415684197 0.948874412239048 0.999976356694235 0.00686331430867542 0.000425404776712804 0.952324448920012 0.999999773128038 0.000143594047756834 -0.000658122041801669 0.94905386188887 0.00300000000000011 0.000999999999997669 0.0560000000000009 0.0500000000000007

 10312 12 500 3 0.95 0.0129999999999999 0.289 16.794 0.078000000000003 0.999999500643473 -0.000749271064312278 0.00066129091693523 0.951889607797712 0.999986411701953 0.0042658587962956 0.0029964746255468 0.951016633898264 0.999999500761243 -0.000748150545435171 0.000662380574669501 0.951797385644692 0.99998641390214 0.00426626327385358 0.00299516423852865 0.950942237060835 0.00199999999999889 0.00100000000000122 0.0500000000000007 0.0499999999999972

 10318 18 500 3 0.95 0.0129999999999999 0.287 16.752 0.0809999999999995 0.999993125765674 -0.00258359322061642 -0.00265959911789487 0.948060684509816 0.999998351342885 -0.00175550056619024 -0.000464251305677225 0.949284731001625 0.999993092958415 -0.00259223497560232 -0.002663522722652 0.948382206317504 0.999998350193363 -0.00175516760885431 -0.000467971384954978 0.949387204610024 0.00200000000000244 0.000999999999997669 0.0530000000000008 0.0499999999999972

 10302 2 500 3 0.95 0.012 0.295 17.519 0.0809999999999995 0.999990922162551 -0.0015596121071096 0.00396524937004149 0.946031780191786 0.999989808214177 0.0011095259975753 0.00437634777334994 0.94782327773211 0.999990876529059 -0.0015755013090435 0.00397047280169706 0.945517943966389 0.99998981727648 0.00112623187544502 0.0043700051619939 0.948184008170847 0.00199999999999889 0.00100000000000122 0.0629999999999988 0.0519999999999996

 10313 13 500 3 0.95 0.0150000000000001 0.287 17.068 0.0779999999999994 0.999998557723057 -0.00169548637314408 9.93869437890636e-05 0.9503753966686 0.999999444604572 -0.000276124714588802 -0.00101712619157619 0.946897011168113 0.999998557394776 -0.00169567323536115 9.95019877475464e-05 0.9503107993787 0.999999422018222 -0.00026354732299683 -0.00104235600003126 0.947379655010855 0.00199999999999889 0.00100000000000122 0.0620000000000012 0.0539999999999985

 10316 16 500 3 0.95 0.0130000000000003 0.284 17.241 0.0809999999999995 0.999991071498268 -0.000503402198451329 0.00419565370034555 0.949766166235399 0.999986319246965 0.00318550042481464 -0.00414896444313555 0.952624172374321 0.999991071958087 -0.00050300668649984 0.00419559154217144 0.949778383874255 0.999986308632691 0.00318704783713337 -0.00415033411280033 0.952512771828524 0.00200000000000244 0.000999999999997669 0.0549999999999997 0.0529999999999973

 10319 19 500 3 0.95 0.0139999999999998 0.286 17.101 0.0799999999999983 0.999979180039545 -0.00531538044040927 0.00365871811055766 0.949969631138644 0.999973195169027 -0.00502942130867765 0.00532107740463434 0.948163577712435 0.999979184692217 -0.00531489211053883 0.0036581558389553 0.949941998985177 0.999973283918041 -0.00501796382517107 0.00531521299835914 0.948464400837358 0.00199999999999889 0.000999999999997669 0.054000000000002 0.0530000000000008

 10311 11 500 3 0.95 0.0140000000000002 0.285 17.453 0.0809999999999995 0.999991258530809 -0.00365110618759366 -0.00203771577424446 0.946229698962515 0.999999756206102 0.000641967941032036 -0.000274708753582611 0.947455728240201 0.999991260523881 -0.00365422109153372 -0.00203114353837946 0.945698761541325 0.999999764364714 0.000636814895580984 -0.000256392871772812 0.947885398966262 0.00199999999999889 0.00100000000000122 0.0630000000000024 0.0530000000000008

 10306 6 500 3 0.95 0.0139999999999998 0.29 17.697 0.083000000000002 0.999998020249826 -0.00187365449127816 -0.000670011400216634 0.951933490836557 0.999970113183658 -0.00288995494529343 -0.00717083676268285 0.949623734348848 0.999998014799019 -0.0018753365385933 -0.000673432169973521 0.951837359208974 0.999970114947687 -0.00289179957285628 -0.00716984705138076 0.949662457132436 0.00199999999999889 0.00100000000000122 0.0589999999999975 0.0449999999999982

 10309 9 500 3 0.95 0.0129999999999999 0.289 17.821 0.0790000000000006 0.999991046795742 -0.00388346020329273 -0.00168079302861036 0.95161911669955 0.999991010904221 -0.00423988123925804 -3.89593529446939e-05 0.947208919450698 0.999991057561444 -0.00388208818034623 -0.00167755432268692 0.95153063667347 0.999991051690951 -0.00423026819794738 -3.69999838777454e-05 0.947670542930871 0.00300000000000011 0.000999999999997669 0.0529999999999973 0.0519999999999996
