
 2640 40 1000 2 0.7 0.00199999999999978 0.331 0.372 0.242 0.999921494536593 0.012530154177279 0.709304494836196 0.999833624916838 -0.018240682159818 0.688670811325055 0.999921494523162 0.0125301552490644 0.709302181633833 0.999833623175368 -0.0182407776154274 0.688668686543583 0.00200000000000067 0.00100000000000033 0.0700000000000003 0.0680000000000005

 2644 44 1000 2 0.7 0.00400000000000045 0.359 0.377 0.243 0.999873714338873 -0.0158919908817418 0.702548172568705 0.999966099362022 -0.0082340832338505 0.708679990744766 0.999873715778279 -0.0158919003185968 0.702545957421728 0.999966101044489 -0.00823387890866311 0.708677959029468 0.00300000000000011 0.00100000000000033 0.0800000000000001 0.0819999999999999

 2641 41 1000 2 0.7 0.00300000000000011 0.357 0.379 0.243 0.999938568847525 -0.0110841567637732 0.693596010320574 0.999973798799718 0.00723890282159517 0.700459800157108 0.999938571669794 -0.0110839021546102 0.693593746317326 0.999973800329715 0.00723869146652531 0.700457550872675 0.00199999999999978 0.00100000000000033 0.0810000000000004 0.0800000000000001

 2650 50 1000 2 0.7 0.00300000000000011 0.353000000000001 0.397 0.242 0.999998423814877 0.00177549085085641 0.712082869347881 0.999955662522021 -0.0094166336950064 0.682431412830013 0.999998423603842 0.00177560970671403 0.712080578291831 0.999955663897939 -0.0094164875846865 0.682429319655886 0.00299999999999923 0.00100000000000033 0.0819999999999999 0.0780000000000003

 2649 49 1000 2 0.7 0.00199999999999978 0.352 0.384 0.241000000000001 0.999999205762261 -0.00126034711339133 0.722038717076344 0.999963977655398 -0.00848783786333538 0.710828254217364 0.999999205593087 -0.00126048133482477 0.722333687776385 0.999963975814842 -0.00848805469907077 0.710826234593739 0.00199999999999978 0.00100000000000033 0.104 0.077

 2656 56 1000 2 0.7 0.00300000000000011 0.337 0.377 0.244000000000001 0.99997848295291 -0.00656000237777509 0.717706683435318 0.999998043858753 -0.00197794809499067 0.684480339393086 0.99997848470063 -0.00655973595745897 0.71770438873456 0.999998044062483 -0.00197784509207638 0.684478207123128 0.00300000000000011 0.000999999999999446 0.0819999999999999 0.0749999999999993

 2653 53 1000 2 0.7 0.00300000000000011 0.336 0.38 0.242999999999999 0.999962062460509 0.00871054761333673 0.694767430196751 0.999749328061733 0.0223893063785745 0.721762926623308 0.999962061574151 0.00871064936581909 0.694765199628977 0.999749382411161 0.0223868793828545 0.722015770317032 0.00299999999999923 0.00100000000000033 0.0789999999999997 0.0949999999999998

 2654 54 1000 2 0.7 0.00300000000000011 0.335999999999999 0.374000000000001 0.24 0.999981133162953 -0.00614274516285193 0.692265961223386 0.999920605006477 0.012600939785634 0.701896387618398 0.999981132672441 -0.00614282501321064 0.692263823689201 0.999920607136593 0.0126007707536997 0.701894112114551 0.00300000000000011 0.000999999999999446 0.0780000000000003 0.0749999999999993

 2643 43 1000 2 0.7 0.00300000000000011 0.336 0.364999999999999 0.237 0.999935382734772 0.0113679529847873 0.705841156103818 0.999825863750173 -0.0186612479813064 0.715110850138777 0.999935383524123 0.0113678835525975 0.705838876901612 0.999825860013003 -0.0186614482090247 0.715108801696373 0.00300000000000011 0.000999999999999446 0.085 0.0759999999999996

 2648 48 1000 2 0.7 0.00300000000000011 0.336 0.371 0.239 0.999779909873199 0.020979318719583 0.690236772778257 0.999690325883872 0.0248847811764267 0.712788816024548 0.999779907606923 0.0209794267198247 0.690234584550977 0.999690332422389 0.0248845185047528 0.712786751191383 0.00300000000000011 0.000999999999999446 0.0759999999999996 0.0730000000000004

 2642 42 1000 2 0.7 0.00199999999999978 0.337 0.379 0.239 0.999969608608478 -0.0077962721481384 0.714800031157114 0.999749440510102 -0.0223842846599423 0.708708126375277 0.999969607700573 -0.0077963885974038 0.714797711210517 0.999749438283427 -0.0223843841097234 0.708706106221345 0.00300000000000011 0.000999999999999446 0.0819999999999999 0.0729999999999995

 2647 47 1000 2 0.7 0.00300000000000011 0.34 0.375 0.238 0.999996574308177 0.00261751254247062 0.673976449012802 0.999995348594371 -0.00305004747860977 0.699676403858998 0.999996573845077 0.00261768945983616 0.673973797721393 0.999995348888341 -0.00304995109540456 0.699674199230929 0.00300000000000011 0.00100000000000033 0.077 0.0729999999999995

 2646 46 1000 2 0.7 0.00300000000000011 0.340000000000001 0.378 0.24 0.999975125033282 0.00705331940799279 0.693470162935047 0.999920252991137 0.0126288423119306 0.68458781703622 0.999975125252639 0.0070532883089647 0.693468070251708 0.999920256627423 0.0126285543966028 0.684585488767108 0.00300000000000011 0.00100000000000033 0.0780000000000003 0.0739999999999998

 2664 64 1000 2 0.7 0.00300000000000011 0.334 0.382 0.244 0.999857840749384 -0.0168611474099431 0.730713675362596 0.999985273324074 0.00542707425564152 0.703501024175392 0.999857641399354 -0.0168729646275117 0.730033094444823 0.999985273575432 0.00542702794073497 0.703498917751656 0.00300000000000011 0.00100000000000033 0.102 0.0739999999999998

 2645 45 1000 2 0.7 0.00300000000000011 0.343 0.377 0.246 0.999999932151643 0.000368370341940211 0.725161305940373 0.999537066243654 -0.0304245493808584 0.705870024679925 0.999999928417265 0.000378372123574669 0.72570664969208 0.999537060724617 -0.0304247306971216 0.705867851059867 0.00300000000000011 0.000999999999999446 0.102 0.0759999999999996

 2655 55 1000 2 0.7 0.00300000000000011 0.339 0.38 0.246 0.999751202741352 0.022305439184631 0.719434514498698 0.999857059449897 0.0169074145925892 0.697489495489902 0.999751200217401 0.0223055523102869 0.719483929105697 0.999857057439353 0.0169075334900956 0.697487354200672 0.00300000000000011 0.000999999999999446 0.0910000000000002 0.0739999999999998

 2652 52 1000 2 0.7 0.00300000000000011 0.336 0.377 0.241000000000001 0.999866170581083 -0.0163597349465363 0.716438346373144 0.99999505385923 0.0031451958723503 0.705173626768545 0.999866170232536 -0.0163597562488433 0.716436396666663 0.999995053786075 0.00314521913135053 0.705171483353286 0.00300000000000011 0.00100000000000033 0.0800000000000001 0.0719999999999992

 2658 58 1000 2 0.7 0.00399999999999956 0.335999999999999 0.359 0.244000000000001 0.999992346080656 -0.00391251582810936 0.713669640604764 0.999672757312835 -0.0255808187233087 0.687648209333378 0.999992346022924 -0.00391253058375382 0.713667347238808 0.99967275769752 -0.0255808036901873 0.687645996195882 0.00300000000000011 0.00100000000000033 0.0830000000000002 0.0720000000000001

 2657 57 1000 2 0.7 0.00299999999999923 0.337000000000001 0.383 0.244 0.999998596154775 0.00167561585062936 0.710717506450786 0.999980262601204 -0.00628286622699042 0.704303591051583 0.999998596265137 0.0016755499861862 0.710715031475907 0.999980264111126 -0.00628262590336854 0.704301454327995 0.00300000000000011 0.00100000000000033 0.0819999999999999 0.0729999999999995

 2662 62 1000 2 0.7 0.00400000000000045 0.337 0.388 0.246 0.99972492014367 -0.0234538705490871 0.703554226229865 0.999999295416147 0.00118708348848127 0.693462426304384 0.99972492488808 -0.0234536683169755 0.703552012498932 0.999999295655658 0.00118688170754794 0.693460278089348 0.00300000000000011 0.000999999999999446 0.0859999999999994 0.0749999999999993

 2659 59 1000 2 0.7 0.00300000000000011 0.343 0.393 0.247 0.999953155953709 0.00967914759766955 0.709065924853912 0.999989524468971 -0.00457722102601399 0.695254433574617 0.999953155813204 0.00967916211326359 0.709063697250761 0.999989522215862 -0.00457771323825341 0.695252141652733 0.00199999999999978 0.000999999999999446 0.0860000000000003 0.0760000000000005

 2661 61 1000 2 0.7 0.00300000000000011 0.341 0.386 0.242 0.999982167125732 0.00597205412944749 0.697379559398652 0.999181799114585 0.040444187692936 0.690578204056687 0.999982165950378 0.00597225093159329 0.697377213483018 0.99918180379523 0.0404440720564792 0.690576111274047 0.00300000000000011 0.00100000000000033 0.0800000000000001 0.072000000000001

 2663 63 1000 2 0.7 0.00300000000000011 0.343 0.381 0.247 0.999958409962532 -0.00912021629159296 0.713323085581006 0.999828745624052 0.0185061996053792 0.708585766184959 0.999958409502777 -0.0091202666998342 0.713320823007394 0.999828745197636 0.0185062226432413 0.708583647737726 0.00300000000000011 0.000999999999999446 0.0860000000000003 0.072000000000001

 2667 67 1000 2 0.7 0.00399999999999956 0.338 0.380000000000001 0.243 0.999999890946167 -0.0004670199721913 0.718558023899527 0.999999976652579 0.000216089890284088 0.699169008433758 0.999999891093849 -0.000466703642198293 0.718555874103662 0.99999997663925 0.000216151567187894 0.699166839569169 0.00300000000000011 0.00100000000000033 0.0829999999999993 0.0739999999999998

 2669 69 1000 2 0.7 0.00299999999999923 0.340999999999999 0.375 0.247 0.999998526053012 -0.00171694257441187 0.711219608998523 0.999980977470721 -0.00616803831869497 0.706205904949809 0.9999985263107 -0.00171679248235 0.71121728144385 0.999980979356736 -0.00616773254475145 0.706203547448259 0.00300000000000011 0.00100000000000033 0.0819999999999999 0.0759999999999987

 2672 72 1000 2 0.7 0.00300000000000011 0.337 0.401 0.247 0.999977778943455 -0.00666645477859211 0.710186514617021 0.999224072996056 -0.0393859358803616 0.706555165169098 0.99997777777958 -0.00666662935915801 0.710184371842827 0.999224068929898 -0.0393860390389537 0.706552981985632 0.00300000000000011 0.00100000000000033 0.0810000000000004 0.072000000000001

 2665 65 1000 2 0.7 0.00300000000000011 0.338 0.387 0.244 0.999627993958774 -0.0272740479936048 0.707471598780692 0.999637143516806 -0.0269366163717733 0.709209715240598 0.999627993869332 -0.0272740512717483 0.707469420019527 0.999637140794281 -0.0269367174064641 0.709207505949302 0.00199999999999978 0.00100000000000033 0.0800000000000001 0.0739999999999998

 2671 71 1000 2 0.7 0.00200000000000067 0.339 0.393 0.25 0.999995311542363 0.00306217133622184 0.705811497813582 0.999763029428332 -0.0217688995653009 0.685472729551727 0.999995312160773 0.00306196937920647 0.705809433849556 0.999763026750846 -0.0217690225317114 0.685470499814876 0.00300000000000011 0.00100000000000033 0.0789999999999997 0.0710000000000015

 2651 51 1000 2 0.7 0.00199999999999978 0.348000000000001 0.39 0.243 0.999998243212267 0.00187445255486968 0.72888746117005 0.999801289157245 0.0199344475597134 0.683956386942324 0.999998236943745 0.00187779375925053 0.728614958464546 0.999801291216612 0.0199343442730181 0.683954327779029 0.00300000000000011 0.00100000000000033 0.625 0.0699999999999985

 2668 68 1000 2 0.7 0.00300000000000011 0.338 0.387 0.247 0.9999285729725 -0.0119519434896375 0.699667014360878 0.999317209586776 0.0369474576080533 0.710853723938025 0.999928572225612 -0.0119520059759369 0.69966479610239 0.99931718995761 0.0369479885139455 0.710851474135429 0.00199999999999978 0.00100000000000033 0.077 0.0719999999999992

 2660 60 1000 2 0.7 0.00200000000000067 0.348999999999999 0.387 0.249 0.999943346336286 -0.0106444406988248 0.700009076781317 0.999985081989227 -0.00546221557600259 0.67708799564655 0.999943349012055 -0.0106441893329141 0.70000676515845 0.99998508305074 -0.00546202123807551 0.677085691365858 0.00300000000000011 0.00100000000000033 0.0800000000000001 0.0690000000000008

 2666 66 1000 2 0.7 0.00299999999999923 0.345000000000001 0.388000000000001 0.247999999999999 0.999874780270234 0.0158247837125963 0.726960794358222 0.999991617835304 0.00409441804547777 0.713447672301784 0.999874745225591 0.0158269978220529 0.727652408620311 0.999991617382477 0.00409452863918038 0.713445602358241 0.00300000000000011 0.000999999999999446 0.104 0.0709999999999997

 2670 70 1000 2 0.7 0.00200000000000067 0.347 0.381 0.248 0.999999267139245 0.00121066963826589 0.727771002544137 0.999908203044958 -0.0135493720667512 0.703597528218095 0.999999276215213 0.0012031496371632 0.728526206026033 0.999908202617327 -0.0135494036247907 0.703595327420199 0.00199999999999978 0.00100000000000033 0.105 0.0709999999999997

 2674 74 1000 2 0.7 0.00300000000000011 0.341 0.379 0.244 0.99992096191026 -0.0125725865461739 0.710690914257934 0.999974475263525 -0.00714484579531949 0.714470252136994 0.999920965525585 -0.0125722990093795 0.710688945897189 0.999974473603086 -0.00714507818236781 0.714468212647209 0.00300000000000011 0 0.0809999999999995 0.0810000000000004

 2673 73 1000 2 0.7 0.00300000000000011 0.34 0.374000000000001 0.244000000000001 0.999977241612446 0.00674657373507612 0.70956537842787 0.999866325441607 0.0163502675176366 0.696710783270483 0.999977240020847 0.00674680963789903 0.709563356977193 0.99986632324088 0.0163504020979421 0.696708607412266 0.00200000000000067 0.00100000000000033 0.0810000000000004 0.0760000000000005

 2679 79 1000 2 0.7 0.004 0.338 0.375 0.24 0.999999758635629 -0.000694786790031172 0.701726589516875 0.999342305012865 0.036262341507058 0.68140400958062 0.999999758772473 -0.000694589803516447 0.701724349337249 0.99934230321306 0.0362623911072568 0.68140186280925 0.00299999999999923 0.00100000000000033 0.077 0.0720000000000001

 2678 78 1000 2 0.7 0.00300000000000011 0.339 0.36 0.241 0.999806676322811 -0.0196624001671968 0.705740915961794 0.999954767491832 0.00951120236120125 0.695630290372417 0.999806678541098 -0.0196622873699442 0.705738768304923 0.999954766828355 0.00951127211524652 0.695628084255723 0.00199999999999978 0.00100000000000033 0.077 0.0739999999999998

 2676 76 1000 2 0.7 0.00299999999999967 0.339 0.368 0.238 0.999980958294796 -0.00617114639433529 0.703305386561193 0.999987303234362 0.00503918347228988 0.713271608756354 0.999980959879955 -0.00617088952783981 0.703303269814036 0.999987301729266 0.00503948213832441 0.713269596629226 0.00300000000000011 0.00100000000000033 0.0789999999999997 0.0729999999999995

 2677 77 1000 2 0.7 0.00299999999999967 0.339 0.375999999999999 0.239999999999999 0.999942214161527 -0.0107502715195319 0.722412125029022 0.999993564371408 -0.003587647664837 0.712716665543325 0.999942210774517 -0.0107505865593826 0.72272914490809 0.999993564619236 -0.0035875785862863 0.712714518738493 0.00300000000000011 0.000999999999999446 0.0999999999999996 0.0750000000000002

 2675 75 1000 2 0.7 0.004 0.339 0.37 0.24 0.999987257347359 0.00504828118346828 0.714468616965539 0.99999855342602 0.0017009250033457 0.709569070759233 0.999987258438487 0.00504806504305433 0.714466575988009 0.999998553229522 0.00170104052356942 0.709566891503424 0.00300000000000011 0.000999999999999446 0.077 0.0749999999999993

 2680 80 1000 2 0.7 0.00300000000000011 0.348 0.394 0.249 0.999749839068715 0.0223664767470821 0.70913537261317 0.999815828038844 -0.0191914044040648 0.705741408378281 0.999749835796074 0.0223666230290454 0.709133247817207 0.999815834540019 -0.0191910657089379 0.705739081816471 0.00299999999999923 0.00100000000000033 0.0779999999999994 0.0789999999999997

 2682 82 1000 2 0.7 0.00300000000000011 0.347 0.374 0.25 0.999840450210325 -0.0178626460305989 0.705321039740067 0.999605407686208 0.0280896586752223 0.686862602908279 0.999840455288091 -0.017862361806429 0.705318740328855 0.999605409828662 0.0280895824332043 0.686860592084952 0.00199999999999978 0.00100000000000033 0.0810000000000004 0.077

 2681 81 1000 2 0.7 0.00299999999999967 0.346 0.375 0.250999999999999 0.999999704148677 -0.000769222048267225 0.689247809081955 0.999886017212467 0.0150980986548117 0.695376017662952 0.999999703861562 -0.000769595210079026 0.689245282755424 0.999886018147307 0.0150980367440099 0.695373916733834 0.00200000000000067 0.000999999999999446 0.0790000000000006 0.0790000000000006

 2684 84 1000 2 0.7 0.00299999999999967 0.341 0.387 0.249000000000001 0.999991878701234 0.00403020242373906 0.682004820638076 0.999751318356525 -0.0223002565992168 0.70385225980931 0.99999187895142 0.00403014034593764 0.682002349018433 0.999751314284364 -0.0223004391590481 0.703850206594729 0.00300000000000011 0.00100000000000033 0.0819999999999999 0.0760000000000005

 2688 88 1000 2 0.7 0.00199999999999978 0.343999999999999 0.383999999999999 0.24 0.99999991419755 -0.000414252208389516 0.683771501559896 0.99999955069928 0.00094794579941965 0.70878044432586 0.999999914205603 -0.00041423276915493 0.683769098536657 0.999999550869047 0.000947766693048592 0.708778303716272 0.00300000000000011 0.000999999999999446 0.0800000000000001 0.0789999999999997

 2685 85 1000 2 0.7 0.00300000000000011 0.344 0.385 0.245 0.999936890718428 -0.0112345262633709 0.690394644844786 0.99931918500248 0.0368939898354647 0.696628229055176 0.999936892773317 -0.0112343433650231 0.690392117850376 0.999319192675515 0.0368937820012759 0.696626214345772 0.00299999999999923 0.00100000000000033 0.0830000000000002 0.0739999999999998

 2683 83 1000 2 0.7 0.00299999999999967 0.343 0.372 0.255 0.999988630756761 0.00476847535580707 0.67399097057334 0.999999902718363 0.000441093259679169 0.727103278395997 0.999988630229102 0.0047685860089668 0.673988433588874 0.999999897905074 0.000451873701554916 0.727801198877275 0.00300000000000011 0.00100000000000033 0.0819999999999999 0.102

 2686 86 1000 2 0.7 0.00300000000000011 0.352 0.396 0.242 0.999981452672505 0.00609050991186907 0.695899032926871 0.999976223782621 -0.00689578635464535 0.706980522137262 0.999981452733634 0.00609049987522542 0.695896759403801 0.999976224270272 -0.00689571563874652 0.70697790861007 0.00300000000000011 0.000999999999999446 0.0829999999999993 0.0730000000000004

 2689 89 1000 2 0.7 0.00299999999999967 0.349 0.39 0.25 0.999999942203329 0.000339990204139017 0.707731313862179 0.999943207082653 0.0106575142157182 0.704830677835797 0.999999942188631 0.000340033432088097 0.707729180821982 0.999943207402755 0.0106574841820554 0.704828496549752 0.00300000000000011 0 0.0810000000000004 0.0739999999999998

 2687 87 1000 2 0.7 0.00199999999999978 0.354 0.391999999999999 0.241000000000001 0.999986559914262 -0.00518459167526679 0.707004956203399 0.999700721293253 -0.0244636024687681 0.6915340378412 0.999986560588855 -0.00518446156042048 0.707002758862791 0.999700728867666 -0.0244632929397794 0.691531854021688 0.00300000000000011 0.00199999999999978 0.0819999999999999 0.0720000000000001

 2690 90 1000 2 0.7 0.00300000000000011 0.347 0.38 0.256 0.999818915056684 -0.0190299000227104 0.707022024345057 0.999985191689906 -0.00544209526762055 0.676391304749084 0.999818918689052 -0.0190297091794566 0.70702003048456 0.999985193502822 -0.00544176213413363 0.676389079017428 0.00300000000000011 0.00100000000000033 0.0749999999999993 0.0700000000000003

 2691 91 1000 2 0.7 0.00300000000000011 0.342 0.373 0.242999999999999 0.999991415268291 -0.00414359623031077 0.715908967102819 0.999996467765023 -0.00265790471568421 0.705029846818318 0.999991414894585 -0.00414368641739741 0.715906655393417 0.999996468076486 -0.00265778752975079 0.705027583358827 0.00199999999999978 0 0.0789999999999997 0.0730000000000004

 2692 92 1000 2 0.7 0.00299999999999967 0.345 0.380000000000001 0.242999999999999 0.999909884085202 -0.0134247424078445 0.711857939011693 0.999982955200044 -0.00583860508906269 0.690832233003647 0.999909888378482 -0.0134244226293448 0.711855712231439 0.999982954768743 -0.00583867895802373 0.690830070594657 0.00300000000000011 0.00100000000000033 0.0810000000000004 0.0720000000000001

 2696 96 1000 2 0.7 0.00300000000000011 0.34 0.378 0.246 0.999992928530474 0.00376070326498376 0.709204785806075 0.999961004974031 -0.00883111155661482 0.702271319304282 0.99999292856686 0.00376069358954711 0.709202708215111 0.999961003751421 -0.00883124999370314 0.702269021862292 0.00299999999999923 0.00100000000000033 0.0830000000000002 0.0760000000000005

 2694 94 1000 2 0.7 0.00299999999999967 0.343 0.409 0.248 0.999999891629971 0.000465553483725616 0.706976134087952 0.999850516433069 0.0172900199110777 0.705322160107767 0.999999891561266 0.00046570103775526 0.70697380681064 0.999850516282388 0.0172900286246999 0.705319983532607 0.00300000000000011 0.000999999999999446 0.0829999999999993 0.0740000000000007

 2697 97 1000 2 0.7 0.00300000000000011 0.348 0.38 0.243 0.999868220218465 -0.0162339827879095 0.710873546904977 0.999999969087479 0.000248646417483391 0.705734883956257 0.999868219831397 -0.0162340066278737 0.710871372073665 0.999999969097588 0.000248605757743579 0.705732704754613 0.00300000000000011 0.000999999999999446 0.0830000000000002 0.0760000000000005

 2698 98 1000 2 0.7 0.00300000000000011 0.342 0.388 0.242999999999999 0.999956064264712 0.00937387541139304 0.711559595815685 0.999977408901897 -0.00672173235471369 0.677881767778469 0.999956063385987 0.00937396914870511 0.711557532264726 0.999977410800739 -0.00672144986216691 0.677879008900966 0.00300000000000011 0.00100000000000033 0.0819999999999999 0.0750000000000002

 2700 100 1000 2 0.7 0.00300000000000011 0.334 0.381 0.246 0.999718148579302 0.0237407540143954 0.694955954047223 0.999702041669148 0.0244095858739423 0.698451225812586 0.999718150420968 0.0237406764621283 0.694953692789627 0.999702041925064 0.024409575392835 0.698448962882822 0.00200000000000067 0.00100000000000033 0.0810000000000004 0.0729999999999995

 2695 95 1000 2 0.7 0.00199999999999978 0.334000000000001 0.384 0.250999999999999 0.999982088679367 -0.00598517505590305 0.709992421464729 0.999998944950142 -0.00145261784477339 0.701276802631268 0.999982088048796 -0.00598528040869727 0.709990213749767 0.999998944595094 -0.00145286224364611 0.701274857313708 0.00299999999999923 0.000999999999999446 0.0800000000000001 0.0709999999999997

 2693 93 1000 2 0.7 0.00299999999999967 0.343000000000001 0.388999999999999 0.254 0.999831313049091 -0.0183669661765278 0.71104563253315 0.999935386010016 0.0113676648877281 0.676133905704132 0.999831319773322 -0.0183666001300524 0.711043419848729 0.999935382769264 0.0113679499508217 0.676131303136045 0.00199999999999978 0.00100000000000033 0.0810000000000004 0.0709999999999997

 2699 99 1000 2 0.7 0.00300000000000011 0.338 0.387 0.246 0.999986574326382 -0.00518181116868427 0.712794255778285 0.998926660595878 -0.046319831074464 0.699679806961226 0.999986574691635 -0.00518174068155595 0.712792308520943 0.998926666713228 -0.0463196991484076 0.699677599130669 0.00300000000000011 0.00100000000000033 0.0760000000000005 0.069

 2703 3 2000 2 0.7 0.004 0.377 0.747 0.487 0.999994596883912 -0.0032872789633476 0.68677385078882 0.99991124188843 -0.0133232257782173 0.714886042480015 0.999994596815491 -0.00328729977712667 0.686772241189545 0.999911241090505 -0.0133232856625579 0.714884544222452 0.00300000000000011 0.00100000000000033 0.126 0.129

 2704 4 2000 2 0.7 0.00300000000000011 0.385 0.752 0.524 0.999792562468331 -0.0203674257825841 0.698515850546822 0.999899234913722 0.0141957746866351 0.702875980092948 0.999792562783885 -0.0203674102927035 0.698514300588836 0.999899234740357 0.0141957868978531 0.7028745821325 0.00299999999999923 0.00199999999999978 0.128 0.125

 2701 1 2000 2 0.7 0.004 0.38 0.779 0.529 0.999943141428539 0.0106636724454811 0.701436532823057 0.999999907205695 0.000430799954355447 0.70640060782826 0.999943141406061 0.010663674553303 0.701435113195598 0.999999907204493 0.000430802745229423 0.706399120309257 0.00300000000000011 0.000999999999999446 0.127 0.125999999999999

 2702 2 2000 2 0.7 0.004 0.385 0.769 0.552 0.99996442201114 0.00843532524135861 0.692064279022281 0.999999549583357 -0.000949122269609136 0.707154288557714 0.999964420782752 0.00843547085917954 0.692062792471164 0.999999549628303 -0.00094907491312297 0.707152659709215 0.00300000000000011 0.000999999999999446 0.127999999999999 0.128

 2708 8 2000 2 0.7 0.00499999999999989 0.386 0.723 0.477 0.999998409813044 -0.00178335957789886 0.690981869752457 0.999775166416617 0.0212041650772913 0.70522583777969 0.999998410012313 -0.00178324783624579 0.690980396501489 0.999775164806006 0.0212042410173982 0.705224387213594 0.00300000000000011 0.000999999999999446 0.135 0.129

 2706 6 2000 2 0.7 0.004 0.396 0.736 0.489 0.999953529793404 -0.00964044883350722 0.701789184431764 0.999915018916576 -0.0130366769179808 0.688794132839085 0.99995353024658 -0.00964040182788886 0.701787610147278 0.999915019090095 -0.0130366636090305 0.688792588208712 0.00300000000000011 0.00100000000000033 0.139 0.128

 2705 5 2000 2 0.7 0.004 0.382 0.763 0.49 0.999852144982233 0.0171955858995386 0.700204518312877 0.999983081626761 0.00581691157287132 0.720471533053833 0.999852146170141 0.0171955168274296 0.700203091678309 0.999983070519968 0.00581882062421309 0.72061972885908 0.00300000000000011 0.00200000000000067 0.137 0.167

 2707 7 2000 2 0.7 0.004 0.382 0.763000000000001 0.482 0.99988630091909 -0.015079298204429 0.69120913815107 0.999999926042924 -0.00038459608105603 0.698256054144636 0.999886303940797 -0.0150790978381333 0.691207453343767 0.99999992604971 -0.000384578436418764 0.698254544193781 0.00299999999999923 0.00100000000000033 0.137 0.127000000000001

 2709 9 2000 2 0.7 0.004 0.381 0.768 0.479 0.999995790967553 0.00290138711281409 0.710581783288171 0.999999963247001 0.000271119894866324 0.69912917329002 0.999995790801301 0.00290144441279529 0.71058023109809 0.999999963225333 0.000271199801315718 0.699127676881045 0.00300000000000011 0.00100000000000033 0.136 0.123000000000001

 2711 11 2000 2 0.7 0.00299999999999967 0.38 0.755 0.481 0.999971539136564 -0.00754459520785912 0.705584971879671 0.999964543706432 -0.00842088653211169 0.69953175497913 0.999971538428344 -0.00754468907579817 0.705583440898311 0.999964544026861 -0.00842084848172485 0.699530203852721 0.00300000000000011 0.00100000000000033 0.135 0.124000000000001

 2710 10 2000 2 0.7 0.00300000000000011 0.381 0.757 0.486 0.999986634494149 0.00517018694689575 0.700204595532733 0.99999482239192 -0.00321794800328606 0.696639428175206 0.99998663448201 0.00517018929479257 0.70020282559858 0.999994823054367 -0.00321774213764578 0.696637950697455 0.00199999999999978 0.000999999999999446 0.130999999999999 0.125

 2712 12 2000 2 0.7 0.004 0.379 0.755999999999999 0.484 0.999901975200118 -0.0140014281736739 0.707357165633453 0.999995222291634 -0.00309118001820226 0.689153061162174 0.999901975981106 -0.0140013723998973 0.70735576030515 0.999995222314625 -0.00309117258071069 0.68915152816298 0.00299999999999923 0.00100000000000033 0.129 0.128

 2715 15 2000 2 0.7 0.004 0.379 0.76 0.475 0.999886717777603 0.0150516315372122 0.716261710838472 0.999995434365538 0.00302179550588795 0.69600130830246 0.999886720935597 0.0150514217487874 0.716260196117348 0.999995434868528 0.0030216290480675 0.695999864142254 0.00300000000000011 0.00100000000000033 0.132 0.125

 2716 16 2000 2 0.7 0.004 0.382 0.739 0.476 0.999996474043376 -0.0026555415296812 0.677439459828429 0.99986706705657 -0.0163048525198246 0.69406428288317 0.999996474132683 -0.00265550789912179 0.677437854751148 0.999867068755936 -0.0163047483087971 0.694062711033614 0.00300000000000011 0.00100000000000033 0.133 0.129

 2714 14 2000 2 0.7 0.00499999999999989 0.382 0.766 0.492 0.999999848241738 -0.000550923316512866 0.71001870036023 0.999415629212203 0.0341818678011573 0.700820242867128 0.999999848275677 -0.000550861709331769 0.710017242595986 0.999415624328966 0.0341820105778348 0.700818722724314 0.00300000000000011 0.00100000000000033 0.135000000000001 0.132999999999999

 2713 13 2000 2 0.7 0.00499999999999989 0.385999999999999 0.752 0.483000000000001 0.99992980430545 0.0118484792975464 0.702264777962012 0.999995634518433 0.00295481709698174 0.701503930290141 0.999929804732475 0.011848443259562 0.702263262177529 0.999995634757062 0.0029547363370609 0.70150246462216 0.00199999999999978 0.00100000000000033 0.139 0.130000000000001

 2717 17 2000 2 0.7 0.00300000000000011 0.383 0.762 0.475000000000001 0.999886605518362 0.0150590871226603 0.684207478836372 0.999933657586763 -0.0115186989351282 0.696296865323481 0.999886605650043 0.0150590783793777 0.684205995744412 0.999933657565855 -0.0115187007501636 0.696295303364337 0.00300000000000011 0.00199999999999978 0.133 0.127000000000001

 2718 18 2000 2 0.7 0.004 0.384 0.762 0.476 0.999966783979742 -0.00815051760396859 0.68840368534432 0.999742795438519 -0.0226791306882533 0.706153844856038 0.999966784206143 -0.00815048982726023 0.688402101555256 0.999742796571008 -0.0226790807657739 0.706152352494247 0.00299999999999923 0.000999999999999446 0.137 0.129

 2720 20 2000 2 0.7 0.004 0.39 0.745 0.479 0.999944053190353 0.0105778300822743 0.705537020369028 0.99972851457434 -0.0233001533682497 0.698851955944284 0.999944053181156 0.0105778309516012 0.705535435553478 0.999728517871532 -0.0233000118967529 0.698850279809383 0.00300000000000011 0.000999999999999446 0.138999999999999 0.129

 2719 19 2000 2 0.7 0.004 0.38 0.757 0.479 0.999995571026542 0.00297622702432446 0.705322588805184 0.999902413932452 0.0139700612759843 0.703457379982823 0.99999557089062 0.00297627269302981 0.705321155138727 0.999902413895886 0.0139700638932189 0.703455858860463 0.00300000000000011 0.000999999999999446 0.133 0.124000000000001

 2723 23 2000 2 0.7 0.004 0.38 0.738 0.472 0.999988087781579 0.00488101372057459 0.687234267603998 0.999997806837047 0.00209435457757783 0.687708310244596 0.999988087096499 0.00488115407304352 0.687232740810751 0.999997806810067 0.00209436745940205 0.687706776116423 0.00300000000000011 0.000999999999999446 0.127000000000001 0.121

 2722 22 2000 2 0.7 0.004 0.378 0.752 0.475000000000001 0.999791694222445 0.0204100015632694 0.704138809258375 0.999943737239657 0.0106076554991193 0.709424411528756 0.999791697677433 0.0204098323186609 0.704137158084709 0.999943736281302 0.0106077458392102 0.709422866680935 0.00300000000000011 0.000999999999999446 0.13 0.123000000000001

 2721 21 2000 2 0.7 0.00300000000000011 0.381 0.768 0.481999999999999 0.999934879279847 -0.0114121514009114 0.699194210289276 0.999990630247558 -0.0043289048374922 0.719490148522646 0.999934879519374 -0.0114121304134943 0.699192713394076 0.999990627575314 -0.00432952209016435 0.719542911342058 0.00300000000000011 0.000999999999999446 0.13 0.148

 2724 24 2000 2 0.7 0.00300000000000011 0.377 0.782 0.479 0.999945098427813 -0.0104785557302521 0.706251734459985 0.999936712756321 -0.011250354753634 0.697918691147373 0.999945099564445 -0.0104784472633697 0.706250126399988 0.999936711979721 -0.0112504237779592 0.697917195036784 0.00300000000000011 0.00100000000000033 0.133 0.122999999999999

 2726 26 2000 2 0.7 0.004 0.383999999999999 0.775 0.474 0.999958382321623 0.00912324639162643 0.701154203928341 0.999819016470394 -0.019024571064121 0.699726228060275 0.999958381386048 0.00912334893528881 0.701152670739201 0.999819020546253 -0.0190243568598314 0.699724679430757 0.00299999999999923 0.00100000000000033 0.137 0.127000000000001

 2728 28 2000 2 0.7 0.004 0.384 0.761 0.473000000000001 0.999709958060243 -0.0240831840749344 0.705898486483176 0.999990427031637 -0.00437559654044422 0.699943200453354 0.999709958690665 -0.0240831579056482 0.705897040920395 0.99999042752582 -0.00437548359921017 0.699941704140678 0.00300000000000011 0.00100000000000033 0.132 0.125999999999999

 2727 27 2000 2 0.7 0.004 0.38 0.784 0.476999999999999 0.999941666107285 -0.0108011287644478 0.697632969554942 0.999484611328309 0.0321015843518624 0.69453654344982 0.999941667143736 -0.0108010328119633 0.697631418088432 0.999484615256396 0.0321014620504131 0.694534965108387 0.00399999999999956 0.000999999999999446 0.132 0.125

 2725 25 2000 2 0.7 0.004 0.382 0.779 0.484999999999999 0.999897939762515 0.0142867091619555 0.699136280941606 0.999977371054537 0.00672736046731767 0.698608204378676 0.999897939254095 0.0142867447452115 0.699134778577471 0.999977371286473 0.00672732599142339 0.698606625863109 0.00300000000000011 0.00199999999999978 0.135 0.127000000000001

 2729 29 2000 2 0.7 0.004 0.382 0.784 0.48 0.999999523509353 -0.000976207492183556 0.702765042106668 0.999998882818376 -0.00149477824455508 0.693395869152809 0.999999523431236 -0.000976287509413929 0.702763598810589 0.999998882536157 -0.00149496703514413 0.693394344767609 0.00300000000000011 0.00100000000000033 0.135 0.124000000000001

 2731 31 2000 2 0.7 0.004 0.385 0.757 0.478 0.999861658897164 -0.0166331917385444 0.688973264028715 0.999978015596308 -0.00663086148772502 0.703799318246388 0.999861661233524 -0.0166330512936591 0.688971745724124 0.999978015272069 -0.00663091038492767 0.703797573905166 0.00300000000000011 0.00100000000000033 0.129 0.124000000000001

 2730 30 2000 2 0.7 0.00300000000000011 0.389 0.775 0.484999999999999 0.999979516810864 0.00640046550733289 0.704268220717921 0.999998543738818 0.00170661074746716 0.697573212042038 0.999979516328454 0.0064005408764532 0.704266721417448 0.999998543540992 0.00170672666084693 0.6975716410052 0.00300000000000011 0.00100000000000033 0.131 0.125999999999999

 2732 32 2000 2 0.7 0.004 0.392 0.782999999999999 0.505 0.999998691676428 -0.00161760484454704 0.708696277705851 0.9999874703026 -0.00500592027576472 0.699821171065164 0.999998691760147 -0.00161755308851209 0.708694799169897 0.99998746935483 -0.00500610959956355 0.699819686034659 0.00199999999999978 0.000999999999999446 0.127000000000001 0.125

 2733 33 2000 2 0.7 0.004 0.394 0.751 0.497 0.999959669923174 0.00898100924939108 0.704217034301379 0.999997117062411 0.00240122195263087 0.713686236905641 0.999959670401474 0.00898095599455827 0.70421552723489 0.999997117137891 0.00240119051877127 0.71368481808101 0.00300000000000011 0.00100000000000033 0.126 0.123

 2734 34 2000 2 0.7 0.00299999999999967 0.382 0.755 0.524 0.999998677890314 -0.00162610504724832 0.695764272795689 0.999956951959499 -0.00927869753079533 0.699502481773211 0.999998677885043 -0.00162610828853912 0.695762713469346 0.999956951503388 -0.00927874668530376 0.699500910898878 0.00200000000000067 0.000999999999999446 0.125 0.121

 2735 35 2000 2 0.7 0.004 0.378 0.731 0.503 0.999701136869805 -0.0244466141054063 0.713655984375915 0.999996833210326 0.00251665836367892 0.697434458520866 0.99970114160852 -0.0244464203232859 0.713654268990654 0.999996833043934 0.00251672447889558 0.697432955107274 0.00300000000000011 0.00100000000000033 0.128 0.122

 2736 36 2000 2 0.7 0.004 0.377 0.781000000000001 0.515 0.999830396331651 -0.0184168013317438 0.688057840964177 0.999987072390111 0.00508478639220613 0.716222538458975 0.999830398647122 -0.0184166756266521 0.688056318741247 0.999987073014347 0.00508466362687808 0.716221173622796 0.00199999999999978 0.00100000000000033 0.123 0.122

 2738 38 2000 2 0.7 0.004 0.372 0.722 0.461 0.999707269349508 0.0241945367748707 0.691934776891781 0.999886748723836 -0.01504957562448 0.694258595097699 0.999707271569491 0.0241944450460169 0.691933204138035 0.999886747690298 -0.0150496442920955 0.694257035234358 0.00199999999999978 0.00100000000000033 0.127 0.124

 2739 39 2000 2 0.7 0.004 0.372 0.727 0.465 0.999997543698264 -0.00221643800715511 0.698144851460949 0.999810136700545 -0.019485649869548 0.699267262924709 0.999997543785173 -0.00221639879549237 0.698143391773312 0.999810138071283 -0.0194855795367229 0.699265781612439 0.00300000000000011 0.00100000000000033 0.127 0.123

 2740 40 2000 2 0.7 0.004 0.374 0.72 0.465 0.999992321391696 0.00391882095107283 0.696478913799733 0.999965820636105 -0.00826786305889858 0.693133204113352 0.999992321134013 0.00391888670521557 0.696477328005356 0.999965820432706 -0.00826788765923731 0.693131656639049 0.00300000000000011 0.00100000000000033 0.128 0.122999999999999

 2737 37 2000 2 0.7 0.004 0.372 0.763 0.462 0.999963260424785 -0.00857191930866457 0.701117352047497 0.999988110542566 0.00487634837845133 0.685681180800295 0.999963258924679 -0.00857209430277719 0.70111550311594 0.999988109913407 0.00487647739779761 0.685679639772996 0.00900000000000034 0.000999999999999446 0.127000000000001 0.123

 2741 41 2000 2 0.7 0.004 0.367 0.717 0.462000000000001 0.999999124678523 -0.00132311835761245 0.698673534569702 0.999910407474833 0.013385702204754 0.700281797021158 0.999999124666678 -0.00132312730972376 0.698672064864623 0.999910408657783 0.013385613838178 0.700280232959886 0.00300000000000011 0.00100000000000033 0.129 0.127

 2743 43 2000 2 0.7 0.004 0.369 0.707999999999999 0.46 0.999964297641278 0.00845005578591156 0.701742578461956 0.999905857968919 -0.0137213410219366 0.710667219483847 0.999964296895994 0.00845014398109542 0.701741124976318 0.999905857981532 -0.0137213401027649 0.710665662860678 0.00300000000000011 0.00100000000000033 0.129 0.126

 2742 42 2000 2 0.7 0.004 0.374 0.743 0.467000000000001 0.99987165632731 -0.0160209510729465 0.704582462912988 0.999913252740447 -0.0131714461627811 0.705752986125119 0.999871659729724 -0.0160207387260046 0.704580847898261 0.999913251435603 -0.0131715452199531 0.705751574410706 0.00300000000000011 0.00100000000000033 0.131 0.122

 2744 44 2000 2 0.7 0.004 0.373 0.703 0.471 0.999764187051834 -0.0217156691949615 0.685475763653091 0.999937690143994 0.0111631460392548 0.699685419190356 0.999764185388092 -0.0217157457915922 0.685474236012165 0.999937689405443 0.0111632121947215 0.699683932158685 0.00199999999999978 0.00100000000000033 0.129 0.123

 2746 46 2000 2 0.7 0.004 0.37 0.707 0.464 0.999976814543771 -0.00680957964148316 0.695469662147793 0.999901084955075 0.014064860669896 0.690525034821498 0.999976815546505 -0.00680943238981705 0.695468143715162 0.999901086456884 0.0140647539026881 0.690523489876346 0.00300000000000011 0.000999999999999446 0.13 0.121

 2747 47 2000 2 0.7 0.004 0.37 0.692 0.462 0.999998337186956 -0.00182362916249702 0.706872283170575 0.999981098969429 0.00614830902710902 0.690679248263571 0.999998337157978 -0.00182364505258682 0.706870788168341 0.999981098615596 0.00614836657545601 0.690677621973954 0.00199999999999978 0.00100000000000033 0.130000000000001 0.124

 2748 48 2000 2 0.7 0.004 0.367 0.704 0.463 0.999995179532014 -0.00310498192193621 0.710309458235039 0.999449914764688 0.033164256012429 0.70808784421452 0.999995180019593 -0.00310482488756767 0.710308007045151 0.99944991482264 0.0331642542659727 0.708086450340914 0.00199999999999978 0.000999999999999446 0.130999999999999 0.119

 2745 45 2000 2 0.7 0.004 0.369 0.722 0.475000000000001 0.999999350821148 -0.00113945481836731 0.70899483078818 0.999932015143416 -0.0116604069923313 0.705838762292641 0.999999350779972 -0.00113949095405981 0.708993419496591 0.999932013859483 -0.0116605170947943 0.705837253750182 0.00300000000000011 0.00199999999999978 0.130999999999999 0.121

 2750 50 2000 2 0.7 0.004 0.367999999999999 0.728 0.465 0.999970407732918 -0.00769309160625515 0.691051080022369 0.999990919173186 0.00426163949274262 0.690367029799978 0.999970407415206 -0.0076931329032343 0.691049614051563 0.999990919172878 0.00426163956508926 0.690365456202929 0.00199999999999978 0.00100000000000033 0.127 0.117

 2749 49 2000 2 0.7 0.004 0.373 0.728 0.46 0.999996279266148 0.00272790283193333 0.702467434652008 0.999923150516552 -0.0123973005550452 0.701564972359544 0.999996279490828 0.00272782046719374 0.702465801961198 0.999923149314189 -0.0123973975331115 0.701563393737559 0.00300000000000011 0.00100000000000033 0.128 0.117

 2751 51 2000 2 0.7 0.00300000000000011 0.368 0.73 0.466 0.999705188604444 0.0242803599098721 0.699617033133634 0.999944508750552 0.0105346770058525 0.689259223015582 0.999705189178712 0.0242803362652888 0.69961551813463 0.999944509619848 0.0105345944925325 0.689257801288488 0.00200000000000067 0.00100000000000033 0.133999999999999 0.117

 2753 53 2000 2 0.7 0.004 0.367 0.715 0.458 0.999989125996652 -0.00466346313926246 0.715362114226354 0.999999837058399 0.000570861783196109 0.712578296713242 0.99998912626229 -0.00466340617808522 0.715360676664043 0.999999837088205 0.000570809568261731 0.712576928566569 0.00399999999999956 0.000999999999999446 0.13 0.12

 2755 55 2000 2 0.7 0.004 0.371 0.712 0.467 0.999999984260602 -0.000177422644470777 0.688795435566517 0.999965802802683 0.00827001966048971 0.702405991464003 0.99999998430206 -0.00017718882543602 0.68879390519186 0.999965802565863 0.00827004829544034 0.702404488142699 0.00300000000000011 0.00100000000000033 0.128 0.119000000000001

 2752 52 2000 2 0.7 0.004 0.369 0.724 0.463 0.999996339066869 -0.00270589224842828 0.686215009400139 0.999981831916996 -0.006027921360584 0.696335367293707 0.999996339465037 -0.00270574509622785 0.686213058413948 0.999981831627061 -0.00602796945821915 0.696333704583594 0.00300000000000011 0.000999999999999446 0.124000000000001 0.117

 2754 54 2000 2 0.7 0.004 0.37 0.726 0.464 0.999987522812013 -0.00499541993179266 0.695553090185861 0.999865480979011 -0.0164018275387662 0.691441779791578 0.999987522361543 -0.00499551010632208 0.695551433051302 0.999865478341159 -0.0164019883430552 0.691440216240158 0.00299999999999923 0.00100000000000033 0.127 0.117

 2756 56 2000 2 0.7 0.004 0.367 0.724 0.462000000000001 0.999969879466065 0.00776145351225097 0.700834667875912 0.999997856671774 -0.00207042311077697 0.687545856046759 0.999969879140919 0.00776149540329923 0.700833108337775 0.999997856532889 -0.00207049019032062 0.687544291234544 0.00200000000000067 0.00100000000000033 0.131 0.114000000000001

 2757 57 2000 2 0.7 0.00300000000000011 0.368 0.716 0.460999999999999 0.999932141316762 -0.0116495820386495 0.693475790529033 0.999962830631995 0.00862191129904016 0.703270133014217 0.999932141348323 -0.0116495793296236 0.693474368912381 0.999962829912399 0.00862199475687024 0.703268589496391 0.00300000000000011 0.000999999999999446 0.124000000000001 0.117

 2759 59 2000 2 0.7 0.004 0.371 0.729 0.468 0.999969004115576 0.00787342416639006 0.698725945317273 0.999985550060907 -0.00537584127240176 0.692527321913707 0.999969003295899 0.00787352826923641 0.698724531675004 0.999985549051856 -0.0053760289674294 0.692525823983108 0.00300000000000011 0.00100000000000033 0.123 0.113

 2758 58 2000 2 0.7 0.004 0.374000000000001 0.71 0.469 0.99999435121589 0.00336118079134189 0.704762182585446 0.999959270328088 -0.00902539112277332 0.696749079665507 0.999994351496733 0.00336109723587026 0.704760675509467 0.999959270881355 -0.00902532982377153 0.696747507181415 0.00300000000000011 0.00100000000000033 0.126 0.114
