
 7565 65 2000 2 0.9 0.012 0.352 2.248 0.464 0.99999795841786 -0.00202068308061626 0.898241158655751 0.999992041633339 -0.00398957015068102 0.903470786534159 0.999997944533931 -0.0020275423331965 0.898100142756931 0.999992040882034 -0.00398975846192421 0.903185439666868 0.00199999999999978 0.00200000000000067 0.195 0.186

 7564 64 2000 2 0.9 0.0100000000000002 0.354 2.288 0.442 0.999999981304954 -0.000193365177798337 0.90000881097846 0.999999506232092 0.000993748244036785 0.900783699704958 0.999999980824257 -0.000195835354082613 0.899831265010707 0.99999950599306 0.00099398875030897 0.90058834385322 0.00199999999999978 0.00199999999999978 0.191 0.182

 7563 63 2000 2 0.9 0.012 0.356 2.309 0.445 0.999995859508506 -0.00287766673619545 0.899432121551749 0.999993852084963 0.00350653565181596 0.89784575528982 0.999995864007649 -0.00287610284849227 0.899271181945994 0.999993858704778 0.00350464730439895 0.897713280317511 0.00199999999999978 0.00100000000000033 0.187000000000001 0.185

 7567 67 2000 2 0.9 0.0109999999999997 0.359 2.338 0.435 0.999998749074266 0.00158172371277553 0.903823617135714 0.999999211819393 0.00125553199624057 0.899918870719357 0.999998740340528 0.00158723575976034 0.90352669011399 0.99999920932132 0.00125752007364514 0.899741268398352 0.00199999999999978 0.000999999999999446 0.193000000000001 0.183

 7566 66 2000 2 0.9 0.0110000000000001 0.355 2.363 0.434 0.999997388825655 0.00228524437905717 0.897754595132754 0.999999999633505 -2.70737814910573e-05 0.899537404488971 0.999997379881497 0.00228915489656018 0.897625080657871 0.999999999600891 -2.82527536302467e-05 0.899371515837696 0.00199999999999978 0.000999999999999446 0.186 0.182

 7568 68 2000 2 0.9 0.00999999999999979 0.358 2.341 0.435 0.999999999512482 -3.12255586776788e-05 0.898016455965395 0.999983441019091 0.00575479692240918 0.897776943915769 0.999999999427565 -3.38359185782095e-05 0.897883859631634 0.999983422088105 0.00575808552936636 0.897648796503035 0.00199999999999978 0.00100000000000033 0.183000000000002 0.181000000000001

 7561 61 2000 2 0.9 0.0110000000000001 0.357 2.388 0.435 0.99999944513977 0.00105343255655902 0.899404588759109 0.999965070476867 0.00835809943677553 0.896809744087675 0.999999441259659 0.00105710944105938 0.899243286214908 0.999965096847971 0.00835494379562535 0.896699728398002 0.00199999999999978 0.00100000000000033 0.183 0.179

 7569 69 2000 2 0.9 0.0110000000000001 0.349 2.3 0.433 0.999999855329685 -0.000537903904025942 0.89425099199238 0.999983089872235 -0.00581549392381727 0.904394569096921 0.999999855476409 -0.000537631063604104 0.894179421263156 0.999983114535715 -0.00581125145308703 0.904073507065742 0.00199999999999978 0.00199999999999978 0.177 0.190000000000001

 7562 62 2000 2 0.9 0.0110000000000001 0.356 2.495 0.441 0.999999663428746 -0.000820452555109253 0.898800926628876 0.999999777740377 -0.000666722727940118 0.903483540242629 0.999999663400277 -0.000820487253098181 0.898651382758785 0.999999777125322 -0.000667644596343003 0.903202060664957 0.00199999999999978 0.000999999999999446 0.191000000000001 0.205

 7570 70 2000 2 0.9 0.0109999999999997 0.35 2.354 0.444 0.999982219110582 0.00596334324651519 0.900978357255061 0.999992091827613 -0.00397696897591758 0.901611694058496 0.999982205542645 0.00596561799543669 0.90077097990331 0.999992072917857 -0.00398172091529254 0.901389057071507 0.00300000000000011 0.000999999999999446 0.193999999999999 0.182

 7571 71 2000 2 0.9 0.0110000000000001 0.349 2.283 0.465000000000001 0.999999780588282 -0.000662437458930604 0.900690893055368 0.999996011788906 -0.00282425322567503 0.900231071818875 0.999999779727849 -0.00066373507826989 0.900498471730941 0.999996011814205 -0.00282424426777616 0.900048859140713 0.00199999999999978 0.00199999999999978 0.188000000000001 0.179

 7582 82 2000 2 0.9 0.012 0.347 2.316 0.443 0.999997380734106 0.00228878241162834 0.900000145597132 0.999999997345825 7.28584262604843e-05 0.89675530658531 0.999997381226222 0.00228856739016468 0.899818187795627 0.999999997319905 7.32133209758021e-05 0.896648000440255 0.00199999999999978 0.00100000000000033 0.191000000000001 0.173

 7574 74 2000 2 0.9 0.0100000000000002 0.364 2.333 0.446 0.999999979763164 -0.000201180693375734 0.900175387816041 0.999997838030063 0.00207940741574752 0.906100877394856 0.999999979571366 -0.000202131805678779 0.899990988508034 0.999997842046656 0.00207747491718367 0.905711418686801 0.00200000000000067 0.000999999999999446 0.187999999999999 0.183999999999999

 7573 73 2000 2 0.9 0.00999999999999979 0.353 2.383 0.444 0.999999963944329 0.000268535549884716 0.900307113466678 0.999996388737981 0.00268747297608758 0.899869540450611 0.999999964413204 0.000266783789861257 0.90011959519299 0.999996385221438 0.00268878114713041 0.899697859262471 0.00200000000000067 0.000999999999999446 0.187000000000001 0.173999999999999

 7572 72 2000 2 0.9 0.0110000000000001 0.351999999999999 2.375 0.446 0.999975828794436 0.006952828696281 0.897528720999499 0.999997485966408 -0.0022423337985919 0.899733009218674 0.999975812496752 0.00695517228108329 0.897406897986051 0.999997477110387 -0.00224627978241202 0.899565233275019 0.00199999999999978 0.000999999999999446 0.182 0.173

 7591 91 2000 2 0.9 0.0109999999999997 0.347 2.291 0.446 0.999998092402004 0.00195325173832009 0.903150698135472 0.999999954704835 0.000300982271630572 0.898952776124868 0.999998103222728 0.00194770401902532 0.902882523999531 0.99999995410139 0.00030298055740676 0.898799375765998 0.00199999999999978 0.00199999999999978 0.187000000000001 0.175999999999998

 7575 75 2000 2 0.9 0.0109999999999997 0.355 2.353 0.448 0.999996091348669 0.00279594123411775 0.902089426840977 0.999996247380105 -0.00273956670088381 0.900749240761969 0.999996094854854 0.0027946869310544 0.901850720300845 0.999996247960287 -0.00273935491476845 0.900550284014499 0.00199999999999978 0.000999999999999446 0.191000000000001 0.181000000000001

 7580 80 2000 2 0.9 0.0089999999999999 0.349 2.31 0.447 0.999977836997556 -0.00665774088474751 0.904629727253391 0.999995134938744 -0.00311931063598333 0.900633366835135 0.999977874362988 -0.00665212631267449 0.904300506037968 0.99999514569839 -0.00311585937686603 0.900438018573914 0.00199999999999978 0.00200000000000067 0.193999999999999 0.179

 7590 90 2000 2 0.9 0.0100000000000002 0.34 2.285 0.444 0.99999789147371 -0.00205354525979698 0.902105768734646 0.999993561787755 -0.00358836774032111 0.8920641922585 0.999997894891174 -0.00205188041061546 0.901864222444528 0.99999355779055 -0.00358948149417197 0.892189458164997 0.00199999999999978 0.00100000000000122 0.191000000000001 0.157999999999999

 7586 86 2000 2 0.9 0.012 0.34 2.281 0.442 0.999986341127368 0.00522662019841102 0.903528344943166 0.999994858529029 -0.0032066985368373 0.899825345874517 0.999986317336307 0.00523117005751137 0.903237301449198 0.999994861400542 -0.00320580294318975 0.899645418937305 0.00199999999999978 0.00100000000000122 0.192 0.18

 7584 84 2000 2 0.9 0.0110000000000001 0.34 2.316 0.447 0.999994986081629 0.00316667200753473 0.896354426640688 0.99998174501826 -0.00604231993826366 0.898008301510112 0.99999498929427 0.0031656573333271 0.896253283984468 0.999981735391785 -0.0060439128743637 0.897876562119343 0.00299999999999923 0.00100000000000122 0.182 0.173999999999999

 7583 83 2000 2 0.9 0.00999999999999979 0.343 2.351 0.446000000000001 0.99999998892058 0.000148858459171132 0.901859807490145 0.999999768160339 0.000680939988386779 0.904563474686925 0.999999989592866 0.000144271510692923 0.901629773126685 0.999999768529229 0.000680398037044968 0.904239934372396 0.00199999999999978 0.000999999999999446 0.188000000000001 0.177

 7581 81 2000 2 0.9 0.0110000000000001 0.34 2.33 0.444 0.99999999648908 8.37964258760921e-05 0.900546363418937 0.999993102906842 0.00371404614203659 0.89906085841905 0.999999996424514 8.45634216998751e-05 0.900355123806297 0.999993101062879 0.00371454258920762 0.898907570080759 0.00200000000000067 0.00100000000000122 0.187000000000001 0.17

 7592 92 2000 2 0.9 0.0100000000000002 0.341 2.343 0.446 0.999995577407347 0.00297408233701069 0.897313823398957 0.999999538894517 0.000960318047756669 0.89799238361501 0.999995576986773 0.00297422374586952 0.897191979919869 0.999999538786614 0.000960430403260453 0.897859183681462 0.00199999999999978 0.00200000000000067 0.188000000000001 0.173999999999999

 7577 77 2000 2 0.9 0.012 0.339 2.308 0.445 0.999980249705524 -0.00628491836681538 0.8992406055266 0.999999986450924 -0.000164615165081604 0.902239040473704 0.999980277309535 -0.00628052481449145 0.899078412712791 0.999999986630927 -0.000163518026240239 0.901996846589993 0.00199999999999978 0.000999999999999446 0.188000000000001 0.176

 7579 79 2000 2 0.9 0.0109999999999997 0.341 2.373 0.446 0.999999886498444 -0.000476448423282667 0.905044024480345 0.999987850967475 0.00492929177992879 0.894725430895187 0.999999887539937 -0.000474257433555238 0.904695150237355 0.999987851218486 0.00492924085790747 0.894648102901312 0.00199999999999978 0.00200000000000067 0.195 0.172000000000001

 7585 85 2000 2 0.9 0.0100000000000002 0.344 2.323 0.447 0.999994098346919 -0.00343558893535842 0.903445916074225 0.999976818546463 0.00680899182660262 0.9017285646752 0.999994109515251 -0.00343233663861788 0.903160453312268 0.999976828128307 0.00680758447985588 0.90150843754909 0.00200000000000067 0.00100000000000122 0.193999999999999 0.172000000000001

 7576 76 2000 2 0.9 0.012 0.343 2.34 0.447 0.999966612410769 0.00817153986294779 0.901687159543079 0.999998738701271 0.00158826819752268 0.899341144859478 0.99996656489945 0.00817735184485343 0.901467068936369 0.999998733593859 0.00159148065611794 0.899179801803796 0.00199999999999978 0.00200000000000067 0.186999999999999 0.171000000000001

 7587 87 2000 2 0.9 0.012 0.341 2.356 0.448 0.999997747051332 -0.00212270870798433 0.898537392581203 0.999978678155796 -0.00653017869483072 0.899474310904219 0.999997751887944 -0.00212042897972343 0.898395105895999 0.999978694149564 -0.00652772907931409 0.899306813971579 0.00300000000000011 0.00200000000000067 0.184999999999999 0.175000000000001

 7589 89 2000 2 0.9 0.0100000000000002 0.342 2.321 0.444 0.999998187274539 -0.00190406082789383 0.899543767571583 0.999999996197091 -8.72113437469428e-05 0.903075775000193 0.999998190288069 -0.00190247748674611 0.899377615952757 0.999999996110183 -8.82022299520233e-05 0.90280056084802 0.00199999999999978 0.00199999999999889 0.189 0.177

 7578 78 2000 2 0.9 0.0110000000000001 0.348000000000001 2.36 0.449 0.99999468922716 -0.00325906696406083 0.898668896071583 0.999988976099999 0.00469549555171152 0.898704585668199 0.999994674906567 -0.00326345806003647 0.898521373464377 0.999988970175654 0.00469675707640669 0.898555196683699 0.00199999999999978 0.00200000000000067 0.189 0.177

 7588 88 2000 2 0.9 0.0110000000000001 0.341 2.367 0.451 0.999997848674759 0.00207428200917853 0.906952825072394 0.999998434212234 0.00176962512408084 0.898720038060038 0.999997856084914 0.00207070654019397 0.906545381751299 0.999998438053756 0.00176745298331329 0.898569130353302 0.00199999999999978 0.00100000000000122 0.186 0.181999999999999

 7593 93 2000 2 0.9 0.00999999999999979 0.393 5.03 0.474 0.999992918885686 0.00376326699638661 0.903334771116112 0.999997335774298 0.0023083423286792 0.899236196368071 0.99999288439851 0.00377241995906396 0.903052353486482 0.999997331414528 0.00231023025330973 0.899076199858667 0.00300000000000011 0.000999999999999446 0.193 0.184999999999999

 7594 94 2000 2 0.9 0.0110000000000001 0.594 4.226 0.473000000000001 0.999999784850905 0.000655971145299362 0.902402710682028 0.999987581362229 0.00498368551578791 0.902158881426218 0.999999785887094 0.000654389613448204 0.902156646174939 0.999987577937773 0.00498437259303296 0.901921870792042 0.00300000000000011 0.00200000000000067 0.19 0.186

 7599 99 2000 2 0.9 0.00999999999999979 0.553 4.774 0.472000000000001 0.999999451770229 -0.00104711949724777 0.897244465183111 0.999984098157581 -0.00563945316222674 0.897825095160212 0.999999455573983 -0.00104348058850849 0.897127437517148 0.999984099291057 -0.00563925217145993 0.897697105617036 0.00200000000000067 0.00100000000000122 0.182 0.180999999999999

 7598 98 2000 2 0.9 0.00999999999999979 0.468 5.145 0.468 0.999999883510042 -0.000482679917694629 0.901739835896891 0.999992413612267 -0.00389521731273265 0.896537482930978 0.999999883289812 -0.000483135966484877 0.901517413005563 0.999992404693319 -0.00389750634035058 0.896431611253399 0.00199999999999889 0.00199999999999889 0.189 0.179

 7595 95 2000 2 0.9 0.0119999999999996 0.896 3.704 0.470999999999998 0.999999047674557 0.00138009056884201 0.901805274073621 0.999999995150919 9.84792476130911e-05 0.901332870524808 0.999999055833047 0.00137416629787899 0.901578178880932 0.999999995127295 9.87188381091905e-05 0.901118413159777 0.00200000000000067 0.00200000000000067 0.190999999999999 0.187000000000001

 7597 97 2000 2 0.9 0.00999999999999979 0.724 4.509 0.474 0.999992471284375 0.00388038330174134 0.90514280417847 0.9999985715686 0.00169022506183802 0.900056388516974 0.999992488938058 0.00387583119699597 0.904792994696367 0.999998567413833 0.00169268138793604 0.899878485611905 0.00300000000000011 0.00200000000000067 0.194999999999999 0.185

 7596 96 2000 2 0.9 0.00999999999999979 0.815 4.181 0.478 0.999999765917203 -0.000684226233484143 0.89952970987487 0.999999999196726 -4.00817602405642e-05 0.901191833541321 0.99999976594597 -0.000684184189298223 0.899361624816637 0.999999999128557 -4.17478950758363e-05 0.90097881641644 0.00200000000000067 0.00100000000000122 0.189 0.19

 7600 100 2000 2 0.9 0.0110000000000001 0.838 3.868 0.482000000000001 0.999991917632174 0.00402053110017226 0.900972777688922 0.999984191861528 0.00562281309016188 0.897884259069646 0.999991922543714 0.00401930930970061 0.900767723073275 0.999984187740705 0.0056235459064217 0.897753102167238 0.00199999999999889 0.00199999999999889 0.186 0.177

 7560 60 2000 2 0.9 0.00900000000000034 0.329 2.142 0.452 0.999998400191915 -0.00178874637980276 0.899655960032417 0.999998496772689 -0.00173391244349502 0.887474074073629 0.99999840125645 -0.0017881511524723 0.899490113353932 0.999998512300836 -0.00172493365492088 0.886707640769591 0.00199999999999978 0.000999999999999446 0.17 0.167

 7612 12 5000 2 0.9 1.399 1.304 5.868 1.828 0.999999762772042 0.000688807564238055 0.899726769765217 0.999999440446559 0.00105787833378093 0.898742555873845 0.999999759932519 0.000692917674515214 0.899555657672971 0.999999439238348 0.00105901982512606 0.898595737322848 0.631 0.832000000000001 106.672 125.738

 7624 24 5000 2 0.9 1.181 0.468 6.116 1.987 0.999999137124284 0.0013136783046316 0.897672230650884 0.999999968614761 -0.000250540370404887 0.897925189399416 0.999999137842176 0.00131313171631362 0.897547125439596 0.999999968244148 -0.000252015284459852 0.89779395132633 1.181 1.409 105.681 126.574

 7603 3 5000 2 0.9 1.007 1.897 5.764 1.529 0.999999961884504 0.000276099603662003 0.90087415933378 0.999999914398793 -0.000413766124754262 0.903015156954993 0.999999961026359 0.000279190402061542 0.900675781810819 0.999999912291487 -0.000418828147525717 0.902746880067247 0.44 0.688000000000001 105.705 131.889

 7616 16 5000 2 0.9 1.491 0.614 5.717 1.769 0.999995221754517 -0.00309135377047304 0.899185009556694 0.999987256346496 -0.00504847943518154 0.898744401140282 0.999995225502975 -0.00309014097623053 0.899025020985436 0.999987260561376 -0.00504764449561557 0.89859611321531 1.045 1.205 105.852 130.452

 7604 4 5000 2 0.9 1.224 1.467 5.84 1.732 0.999997963525016 0.00201815406265146 0.901079980229265 0.99999937821307 0.00111515625533181 0.89964918156621 0.999997968111219 0.00201588031228507 0.900875177630152 0.999999376543963 0.00111665199865091 0.899482918996718 0.651999999999999 1.174 106.014 129.853

 7609 9 5000 2 0.9 1.322 0.706 5.563 1.682 0.999997473321193 0.00224796602042721 0.902291057413053 0.999998970453512 0.00143495362834819 0.898880843751514 0.999997475369362 0.00224705471739159 0.902049714127687 0.999998969398631 0.00143568857191489 0.898730722960393 0.629000000000001 1.076 110.243 127.892

 7606 6 5000 2 0.9 1.291 1.329 5.749 1.667 0.999999969888001 0.000245405779141731 0.901074227639121 0.99999737805354 -0.00228995328451443 0.89712157032745 0.999999969277675 0.000247880312134862 0.900868380539336 0.999997379287215 -0.00228941448875009 0.897005240140047 0.427999999999999 0.600999999999999 108.837 131.212

 7607 7 5000 2 0.9 1.393 1.083 5.769 1.639 0.99999811394521 0.0019421910365569 0.902166538987945 0.999996445440998 0.00266629056352697 0.899890939621016 0.999998111551331 0.00194342320980736 0.901924551905516 0.99999645812284 0.00266152996874456 0.899718261155364 0.723999999999998 0.832000000000001 111.884 127.402

 7621 21 5000 2 0.9 1.452 0.689 5.92 1.755 0.999997168480504 -0.00237971237243308 0.898339390465106 0.999999248164325 -0.00122624254726225 0.901389881940182 0.999997170744117 -0.0023787609718655 0.898198561572455 0.999999246843508 -0.00122731919888599 0.901175797259745 0.656000000000001 1.385 107.169 129.4

 7601 1 5000 2 0.9 0.567 1.506 6.172 1.427 0.999999961250365 -0.000278386904901028 0.900156266555441 0.999999979547577 -0.000202249461442095 0.901025955618811 0.999999961135254 -0.000278800089343045 0.899975538661348 0.999999979170338 -0.000204106159469931 0.900821047428997 0.470000000000001 0.587 106.805 132.498

 7610 10 5000 2 0.9 1.192 0.957 5.799 2.651 0.999998856015789 -0.0015126027612882 0.900381273419147 0.999999738924843 -0.000722599644376626 0.899460233954032 0.999998854886308 -0.00151334928958815 0.900193500825888 0.999999740633002 -0.000720231857507764 0.89929578931892 0.684999999999999 1.292 107.645 130.539

 7611 11 5000 2 0.9 1.381 1.497 5.587 2.127 0.999999997790492 -6.64756811739441e-05 0.903264314699897 0.999997496165011 -0.00223778097850626 0.899161007349979 0.999999997831827 -6.58509417899827e-05 0.90298488601435 0.999997497363669 -0.00223724527025649 0.899003932113343 0.608000000000001 1.089 111.664 128.895

 7617 17 5000 2 0.9 1.134 0.474 5.905 2.751 0.999999999675499 2.54755283479089e-05 0.899382185155621 0.999999994399427 -0.000105835469665994 0.899674296006074 0.999999999653823 2.63126077085781e-05 0.899217790419738 0.99999999445107 -0.00010534637985253 0.899503524435013 1.168 1.347 107.54 128.768

 7615 15 5000 2 0.9 1.459 0.5 5.617 2.714 0.999999989239624 -0.000146699529136621 0.902120047148369 0.999999251329668 -0.00122365849096397 0.898431688567643 0.999999989644657 -0.000143912078494927 0.901879245032436 0.999999247625176 -0.00122668214338929 0.898289747993003 1.207 1.499 112.08 127.468

 7608 8 5000 2 0.9 1.258 1.201 5.772 1.831 0.999997660025535 -0.00216331769629001 0.902040053464561 0.999994569442429 0.00329561612625687 0.901491310832447 0.999997662706835 -0.00216207790492656 0.901804283011226 0.999994562455196 0.00329773559298329 0.901275471109612 0.696999999999999 0.629999999999999 111.541 128.609

 7622 22 5000 2 0.9 1.159 0.465 5.629 2.373 0.999999893412609 0.000461708534386152 0.900944999324475 0.999996178476418 0.00276460350856571 0.901394518295377 0.999999893886985 0.000460679952747283 0.90074563187538 0.99999616868555 0.00276814273852844 0.901179413303557 1.122 1.362 109.147 130.741

 7613 13 5000 2 0.9 1.348 1.259 5.805 2.673 0.999996284972337 0.00272581025105979 0.901769948365204 0.999996449550235 0.00266474894211719 0.897565443627611 0.999996285429048 0.00272564269607787 0.901543579751914 0.999996453799188 0.00266315396624095 0.89744230175115 1.062 1.37 110.348 126.837

 7602 2 5000 2 0.9 0.801 1.77 5.717 1.547 0.999999817882819 -0.000603518291575214 0.900827747989327 0.999998915014733 0.00147308158560164 0.904398475498188 0.999999817857928 -0.000603559533761995 0.900628039286953 0.99999892135768 0.0014687693748352 0.904081588927584 0.699 1.047 109.664 131.105

 7605 5 5000 2 0.9 1.216 1.827 5.721 2.351 0.999999805132637 -0.000624287344135571 0.897748945542799 0.999998775964753 0.00156463062605724 0.905025939412043 0.999999805839065 -0.000623154742167114 0.897619798031722 0.999998770488855 0.00156812651833848 0.904679365167307 1.215 1.405 105.952 133.447

 7623 23 5000 2 0.9 1.43 0.812 5.769 2.409 0.999996143198429 0.00277733474156741 0.901405485554972 0.99999580161002 -0.00289771674483893 0.898525024215522 0.999996148176925 0.00277554162507596 0.901190775744574 0.999995805430533 -0.00289639799382447 0.898381589420531 1.232 1.22 115.957 126.125

 7618 18 5000 2 0.9 0.907999999999999 0.471 5.994 3.761 0.999996988627366 -0.00245412636161436 0.901355409248709 0.999998155582951 -0.00192063288945879 0.900348929886123 0.999996992073034 -0.0024527219338843 0.90113988556545 0.999998155807528 -0.00192051595721911 0.900159868276668 1.159 1.393 110.487 127.712

 7614 14 5000 2 0.9 1.313 0.624 5.648 2.57 0.999985465927075 -0.00539146868766864 0.90059246551448 0.999996156187312 0.0027726540718453 0.901880915617184 0.999985459424606 -0.00539267460169782 0.90039865829912 0.999996154650504 0.00277320828752299 0.901651161721992 1.359 1.353 113.875 126.126

 7619 19 5000 2 0.9 1.228 0.553 5.932 2.84 0.999995540726878 -0.00298639018879592 0.900972336331411 0.99999996020147 0.000282129506158764 0.899586304369554 0.999995545218874 -0.0029848856606119 0.900766970182249 0.999999960052532 0.000282656919773587 0.899417222645991 1.223 1.472 111.846 123.479

 7620 20 5000 2 0.9 1.294 0.522 5.85 2.284 0.999998283143944 0.00185302702737636 0.900641550798123 0.999992505376759 -0.00387158757015259 0.900097748028478 0.999998283043784 0.0018530810786353 0.900445985161316 0.99999251613727 -0.00386880723883092 0.89991842505357 1.183 1.456 115.761 123.058

 7629 29 5000 2 0.9 0.389 1.199 39.873 13.707 0.999994317258528 0.00337126840375852 0.899029463460827 0.999999604079979 -0.000889853856319402 0.898421468668967 0.999994313699198 0.00337232401608178 0.89887574321299 0.999999602012485 -0.000892174238847828 0.898282800477554 1.67899999999999 1.944 129.868 71.057

 7628 28 5000 2 0.9 0.239 1.487 52.427 9.202 0.999999986742195 -0.000162836143193055 0.900196918754795 0.999999981833155 -0.000190613980638976 0.899567298534747 0.999999986452678 -0.000164604509929574 0.900014355369317 0.99999998172951 -0.000191156948773387 0.899398154397056 1.63800000000001 1.78500000000001 129.156 70.983

 7625 25 5000 2 0.9 0.314 0.925 56.743 10.616 0.999985963965107 0.00529828960840229 0.899197315643606 0.999998662699528 -0.00163542017723616 0.899587359684426 0.99998595292454 0.00530037296790479 0.899035594659462 0.999998664671082 -0.00163421420015422 0.89941884103602 1.712 1.88200000000001 136.301 60.262

 7627 27 5000 2 0.9 0.209 1.318 65.28 11.157 0.999994909291632 0.00319082917457071 0.900782755132414 0.999994372079612 0.003354967824278 0.898328110192502 0.999994911068991 0.00319027210763714 0.900581175024006 0.999994375342967 0.00335399499541942 0.898193168499169 1.8 1.986 135.198 55.218

 7631 31 5000 2 0.9 0.805000000000001 1.048 62.35 7.54000000000001 0.999998287970626 0.00185042044332309 0.899309971332162 0.999996832260216 -0.0025170358626739 0.901119096651051 0.999998286501477 0.00185121422582163 0.899149371569127 0.999996832807755 -0.00251681832065177 0.900910694027304 1.72 1.887 130.747 59.748

 7632 32 5000 2 0.9 0.818000000000001 1.628 60.558 19.341 0.999998609587654 0.00166757991062657 0.90282846264897 0.999997134922114 -0.002393772663359 0.899907600016921 0.999998603692945 0.00167111105567062 0.902560334933494 0.999997131576561 -0.00239516985840085 0.899734739712028 2.18300000000001 1.97399999999999 137.068 44.067

 7626 26 5000 2 0.9 0.316 1.157 72.845 17.495 0.999999185080965 -0.00127665085509977 0.900787566043149 0.999995658801929 -0.0029465873982396 0.902359820526408 0.99999918026257 -0.00128041953587503 0.900587687111341 0.999995659787054 -0.00294625305343634 0.902113346358601 2.09999999999999 1.998 138.588 39.116

 7630 30 5000 2 0.9 0.525 1.359 65.74 26.261 0.999999987638556 -0.000157235131904394 0.89810691953319 0.999998637137143 -0.0016509766370232 0.901289722814652 0.999999987692786 -0.000156889859165329 0.89797463470372 0.999998640273582 -0.00164907579780908 0.901074368350307 2.02 1.89400000000001 130.483 39.841

 7641 41 5000 2 0.9 1.615 3.295 18.067 2.815 0.999999877981553 0.000494000889907455 0.903385675543519 0.999998383034081 0.00179831288265876 0.900613844964742 0.999999877281588 0.000495415794744869 0.903105184086836 0.999998386469628 0.00179640144204315 0.900421018126828 0.247 0.18 107.458 128.279

 7637 37 5000 2 0.9 2.331 3.775 18.268 1.385 0.999999602288168 -0.000891865183679988 0.899651041771589 0.999999685568084 0.000793009289534199 0.895818419699758 0.999999602196262 -0.000891968227250042 0.899482460114396 0.999999684334591 0.000794563224958818 0.895723645993842 0.57 0.863 105.899 124.798

 7638 38 5000 2 0.9 1.652 3.124 21.716 1.225 0.999999981360825 -0.000193076021261944 0.897013399648936 0.999990775820098 -0.00429514548281629 0.90097731900587 0.999999981429229 -0.000192721411620824 0.896901253876345 0.999990776645411 -0.0042949533300566 0.900771077866774 0.520000000000003 0.768999999999998 100.141 130.156

 7645 45 5000 2 0.9 1.976 3.681 18.769 2.03 0.999999052691519 0.00137645053124312 0.899867310580664 0.999998315342411 -0.0018355686691875 0.900394592445287 0.999999047802997 0.00137999749995803 0.89969339208396 0.999998313468073 -0.00183658950497752 0.9002070748517 1.015 1.355 104.618 127.63

 7635 35 5000 2 0.9 2.126 3.57 20.624 2.947 0.999999666257856 -0.000816997048737083 0.900310773470734 0.999997184971268 0.00237277254268391 0.894810905459809 0.999999666089205 -0.0008172034502745 0.900125787271364 0.999997183665293 0.00237332287770459 0.894732085748388 0.997999999999998 1.368 109.249 123.741

 7651 51 5000 2 0.9 1.761 2.836 14.481 2.559 0.999999938429801 0.000350913655791747 0.901979223186103 0.999999805399759 -0.00062385931407713 0.898410941267345 0.999999938817419 0.000349807314683577 0.901747561296641 0.99999980527082 -0.000624065959817711 0.898271302526253 1.107 1.533 108.072 124.45

 7656 56 5000 2 0.9 1.78 2.563 14.837 1.831 0.999997589489646 0.00219568096460971 0.898883139564955 0.999999933164821 -0.000365609563571633 0.898096692207976 0.999997588542764 0.00219611216849097 0.898733628065941 0.999999933585333 -0.00036445758389069 0.897961935605702 1.074 1.315 109.368 125.021

 7644 44 5000 2 0.9 1.865 2.271 18.014 1.689 0.999999955349261 0.000298833524787285 0.899246970666958 0.999993684962524 0.00355387606317997 0.899329882899326 0.999999955644225 0.000297844840048599 0.89908596281952 0.999993680283794 0.00355519232575897 0.899169044325171 0.834000000000003 0.994 109.659 124.243

 7652 52 5000 2 0.9 1.412 1.643 17.364 1.553 0.999999953786111 -0.000304019366784319 0.902234383338622 0.999999967540074 0.000254793742904241 0.898664628258116 0.999999954335725 -0.000302206134920118 0.901991862245606 0.999999967620427 0.000254478182595098 0.898517382038262 0.728999999999999 1.058 110.472 125.102

 7649 49 5000 2 0.9 1.906 1.521 19.022 1.821 0.999998940207728 -0.00145587891729891 0.898277692880611 0.999999421213991 -0.00107590505324333 0.8992944349011 0.999998936897426 -0.00145815088994074 0.898139330179258 0.999999419092906 -0.00107787469160798 0.899135370858028 0.564 1.13 108.8 126.972

 7650 50 5000 2 0.9 2.272 3.828 20.463 1.28299999999999 0.999999927287454 0.000381346413413257 0.903501708996135 0.99999778113316 0.00210659173944345 0.89845041130051 0.999999926970828 0.000382175796465254 0.903218633491624 0.999997775759489 0.00210914107500709 0.898309185192162 0.646999999999998 0.744999999999997 114.357 124.116

 7640 40 5000 2 0.9 2.234 2.986 19.739 1.801 0.999999752507047 -0.000703552304565841 0.900093793357492 0.999993328709791 -0.00365274361434523 0.898286274292285 0.999999754330334 -0.000700955970593666 0.899913498343332 0.999993326268255 -0.00365341196025663 0.8981494021989 0.687000000000005 0.701999999999998 113.455 127.159

 7643 43 5000 2 0.9 1.917 3.386 20.675 1.69600000000001 0.999999903645236 0.000438986922391424 0.899535562320593 0.999999935431377 -0.000359356706097046 0.901539658098727 0.999999904134917 0.000437870021970987 0.899370118757253 0.999999934480251 -0.000361993775477778 0.901322098630698 0.643000000000001 1.024 110.096 128.252

 7653 53 5000 2 0.9 1.809 1.514 19.949 1.881 0.999999339923331 -0.00114897906959177 0.899015991039779 0.999994632183963 0.00327652304444766 0.901294898518155 0.999999343076131 -0.0011462317853881 0.898861121554549 0.999994636126963 0.00327531942001684 0.90108942800932 0.784999999999997 1.218 111.785 124.411

 7647 47 5000 2 0.9 1.919 1.293 19.247 3.23399999999999 0.999995219525896 0.00309207460375382 0.899330996804485 0.999999617687626 -0.000874428157482998 0.899801497075648 0.999995217735026 0.00309265372749432 0.899168376669216 0.999999617463118 -0.000874684867884619 0.899628582325209 0.932000000000002 1.482 109.881 127.248

 7634 34 5000 2 0.9 1.923 3.884 21.206 4.685 0.999999392150829 -0.00110258694521201 0.8961335725776 0.999999993279911 0.000115931782360076 0.900626116579655 0.999999394277935 -0.00110065605986791 0.896032792642879 0.999999993316732 0.000115613741041556 0.900430230780932 1.271 1.633 107.085 127.471

 7639 39 5000 2 0.9 2.039 3.582 20.142 1.424 0.999996657416963 -0.00258556665006073 0.903675792388549 0.999998291998893 -0.00184824221834844 0.897799145583383 0.999996656691455 -0.00258584723289277 0.903383476765309 0.999998297579159 -0.00184522052451868 0.897671443357778 0.687000000000005 0.798000000000002 114.112 128.451

 7642 42 5000 2 0.9 1.893 2.924 16.513 2.14899999999999 0.999995513407589 -0.00299552410990427 0.899308637478481 0.999999984007039 0.000178846085035704 0.901608204071917 0.999995515634723 -0.00299478053360377 0.899144990558224 0.999999984473955 0.000176216033345602 0.901386260562795 0.835999999999999 1.018 111.232 130.084

 7636 36 5000 2 0.9 1.936 3.575 21.797 2.169 0.99999134410266 0.00416073548257936 0.90096170780092 0.999998452131225 -0.00175947013434105 0.90117610748179 0.999991340697448 0.0041615538107507 0.900758555002419 0.999998451113977 -0.00176004819437453 0.900968317004098 0.984999999999999 1.062 111.57 127.016

 7633 33 5000 2 0.9 1.798 4.19 21.039 1.725 0.999995969450341 0.00283920465499166 0.901179088373913 0.99999950292832 -0.00099706725640198 0.900952673116042 0.99999597077278 0.0028387388405907 0.900963715976021 0.999999504837855 -0.000995150262766853 0.900749804973544 0.762 0.852000000000004 113.623 128.185

 7648 48 5000 2 0.9 1.893 3.659 19.89 2.62 0.999998042491752 0.00197863909424882 0.899964928206766 0.999999832517772 0.000578761115544173 0.897635785337712 0.999998042680741 0.00197854357739736 0.899784863087442 0.999999833248768 0.000577496698540958 0.89751226152912 1.6 1.666 112.999 121.882

 7654 54 5000 2 0.9 1.583 2.753 13.905 2.238 0.999993672636517 0.00355734267822888 0.902114681788229 0.999997148571025 -0.00238806403169265 0.900901049884334 0.999993667311556 0.00355883924700024 0.90187726863949 0.999997149076273 -0.00238785245063792 0.900696583037689 1.187 1.284 113.297 125.795

 7655 55 5000 2 0.9 1.38 2.52 15.84 6.47900000000001 0.999997207876453 0.00236309951094386 0.899864220884195 0.999999119671835 0.00132689696490639 0.900229751456314 0.999997201788545 0.00236567433944645 0.899690650202813 0.999999120956481 0.00132592845405788 0.900048301053511 1.829 1.557 110.476 123.552

 7646 46 5000 2 0.9 1.857 3.835 20.296 5.638 0.99999988650725 -0.000476429938609076 0.900748359626157 0.999999211378261 0.00125588329719827 0.901740627325226 0.999999888127112 -0.000473017719874635 0.90055031028908 0.999999214251153 0.00125359366492911 0.901515511223166 1.609 1.752 110.716 120.33

 7657 57 5000 2 0.9 0.562999999999999 0.712999999999999 34.226 6.91099999999999 0.999999655295375 0.000830306648464797 0.900328102596152 0.99999966489711 0.000818660898461613 0.900343979088016 0.999999659021795 0.000825806450040539 0.900141531826412 0.999999665253309 0.000818225683955134 0.900157595463066 1.553 1.774 120.995 87.512

 7661 61 5000 2 0.9 1.154 1.733 43.269 6.4 0.99999819177825 0.00190169404238679 0.90195371728141 0.999996234895195 0.00274412015669264 0.897833647200519 0.999998189191287 0.00190305390031503 0.901724655833958 0.999996240405967 0.00274211121776983 0.897705529599101 1.861 1.89800000000001 128.082 76.204

 7660 60 5000 2 0.9 0.972 1.362 43.39 10.161 0.999999870021899 -0.000509858986450357 0.901142589482607 0.999999992350275 0.000123690940550291 0.893598282430093 0.999999868892393 -0.000512069522859713 0.900934362238602 0.999999992377532 0.000123470387097874 0.893535332657154 1.91 2.17899999999999 126.387 62.339

 7658 58 5000 2 0.9 0.283 0.609000000000001 41.659 11.865 0.999998436294588 -0.00176844801412004 0.900077452443939 0.999996882636475 -0.00249694159562273 0.900665974471659 0.999998437475244 -0.00176778026650072 0.899898461807959 0.999996881875198 -0.00249724646007709 0.900471026720011 2.001 1.955 130.223 70.632

 7659 59 5000 2 0.9 0.255 1.553 59.181 15.234 0.999999995552613 -9.43121122261772e-05 0.901625622310079 0.999999921762386 -0.000395569491985616 0.897499203452466 0.999999995308372 -9.68672058093196e-05 0.901401480159777 0.999999921464539 -0.000396321733442045 0.897376974145235 1.95700000000001 1.86399999999999 131.175 52.583

 7664 64 5000 2 0.9 3.024 5.786 66.889 16.15 0.999999999605655 -2.80836248043043e-05 0.897839359614268 0.999998065794809 0.00196682654070169 0.903812307584854 0.999999999605439 -2.80913296857038e-05 0.897708590736169 0.9999980599322 0.0019698050249735 0.903517860877836 1.456 1.70100000000001 125.477 30.249

 7662 62 5000 2 0.9 2.421 3.817 84.509 14.852 0.999999898423924 -0.000450724019393492 0.90034969719108 0.999999984517398 0.000175969329053656 0.900916169517447 0.999999897971741 -0.000451726141374381 0.900162987043933 0.999999984653418 0.000175194645290119 0.900715853327525 1.886 1.86699999999999 123.599 28.045

 7663 63 5000 2 0.9 3.315 3.586 89.611 15.848 0.999999931137729 0.000371112567727646 0.90084499985434 0.99999981727048 0.000604532055967556 0.899574465368714 0.999999930910647 0.000371723959803384 0.900645662451858 0.999999816714928 0.000605450337349153 0.899405443431363 2.09700000000001 2.15400000000002 113.011 28.975

 7671 71 5000 2 0.9 1.685 2.529 10.524 2.384 0.999996380660012 0.00269047707231293 0.900230296878982 0.999997320795005 -0.00231482241455382 0.898421018144552 0.999996387098207 0.00268808305904561 0.900047362614204 0.999997324802595 -0.00231309049826644 0.898278588371054 0.412999999999997 0.577999999999996 55.358 67.003

 7665 65 5000 2 0.9 1.539 1.967 17.339 2.201 0.9999978967043 0.00205099658119274 0.899189777286213 0.999995950593645 -0.00284583841991965 0.902249502061466 0.999997899861904 0.00204945645995582 0.89903297472025 0.999995942944284 -0.0028485250520474 0.902008325235552 0.447000000000003 0.438000000000002 61.832 66.379

 7667 67 5000 2 0.9 1.67 2 17.193 3.14400000000001 0.999999806885029 0.000621473977235537 0.899115874669956 0.999998065187533 0.00196713527510051 0.899101458146753 0.999999807735138 0.000620104577833847 0.898958423157964 0.999998062075869 0.00196871646160453 0.898943421625444 0.433000000000007 0.458000000000006 63.516 65.036

 7666 66 5000 2 0.9 1.712 2.002 19.049 2.057 0.999999860527847 0.00052815176530946 0.897757527529112 0.999998271687113 -0.00185919950149438 0.9004160229136 0.999999860527205 0.000528152981026975 0.897627714672254 0.999998273534985 -0.00185820532993169 0.900224973354905 0.616999999999997 0.802999999999997 61.553 66.332

 7668 68 5000 2 0.9 1.779 1.848 17.941 3.092 0.999999156797585 0.00129861623249045 0.897913475948639 0.999996392188537 0.00268618873317313 0.899589798668714 0.999999157385568 0.00129816337697072 0.897782134075024 0.999996389547972 0.0026871715650017 0.899422636305522 0.432000000000002 0.802 63.63 63.988

 7669 69 5000 2 0.9 1.684 1.587 19.321 1.823 0.99999306209296 -0.00372501891884663 0.897624051033482 0.999995783416755 -0.00290398841436476 0.90162706960537 0.99999305833375 -0.00372602795400112 0.897498713095161 0.999995782306627 -0.00290437066464474 0.901404082716789 0.472000000000001 0.597000000000001 62.503 67.006

 7678 78 5000 2 0.9 1.477 2.633 15.582 1.938 0.999999977215627 -0.000213468371054282 0.899918497044964 0.999999912313012 -0.000418776751941344 0.90092003596905 0.999999977191977 -0.000213579132481326 0.899743924496626 0.999999912434542 -0.000418486449741863 0.900715771707696 0.531999999999996 0.573999999999998 63.905 66.044

 7673 73 5000 2 0.9 1.762 1.802 18.702 2.521 0.99999754878497 0.00221414183159449 0.903634485178778 0.999999980560944 -0.000197175329895207 0.898882736290909 0.999997553670357 0.00221193428967192 0.903346491773412 0.999999980871557 -0.00019559367311014 0.898734408137414 0.498999999999995 0.892000000000003 67.256 62.249

 7672 72 5000 2 0.9 1.29 3.119 15.56 2.494 0.999995574166644 -0.00297517178064591 0.900398654690675 0.99999868735782 0.00162027239610452 0.900162430706983 0.999995567223062 -0.00297750469792024 0.900210968816048 0.999998693119076 0.00161671275721775 0.899982208624677 0.640999999999998 0.743000000000002 65.179 62.757

 7674 74 5000 2 0.9 1.724 1.989 17.1 3.05 0.999999764558116 -0.000686209671150242 0.902912848293015 0.999998630456737 0.00165501802136979 0.901854141909274 0.999999766355016 -0.000683586068129505 0.902649765371536 0.999998634360636 0.00165265751526358 0.901625342424428 0.747999999999998 0.966999999999999 65.381 63.186

 7677 77 5000 2 0.9 1.564 1.983 15.991 1.42 0.99999823483072 0.00187891869030391 0.899849042330891 0.999999991212979 -0.000132567122017151 0.899468761151259 0.999998239609236 0.00187637374471199 0.899673529964232 0.999999991291913 -0.000131970355030844 0.899303016245962 0.981000000000002 0.969999999999999 64.116 63.087

 7670 70 5000 2 0.9 1.593 2.045 21.875 3.694 0.999997404460311 -0.00227839255636601 0.898594571975264 0.999999729326706 -0.000735762539069736 0.899208005673404 0.999997404075369 -0.00227856150324961 0.898447693297951 0.999999728446267 -0.000736958202232204 0.899049791725547 0.768000000000001 0.923999999999999 65.245 61.629

 7675 75 5000 2 0.9 1.438 1.872 15.035 2.892 0.999999998590036 -5.31029983624984e-05 0.900238553837184 0.999999032827189 -0.00139080720668959 0.901260899605894 0.999999998572014 -5.34412915278086e-05 0.900052984713758 0.999999032176267 -0.0013912751449106 0.90104930258281 0.765000000000001 0.703000000000003 66.608 61.98

 7679 79 5000 2 0.9 1.562 2.25 15.581 4.761 0.999999587023788 0.000908819153291472 0.902455776846009 0.999996067837579 0.00280433760100093 0.896303705506226 0.99999958526592 0.000910751330974378 0.90220554237626 0.999996068600525 0.00280406552940361 0.896201995224568 1.218 1.183 67.852 54.771

 7676 76 5000 2 0.9 1.602 2.484 18.174 7.882 0.999997033587922 0.00243573712781631 0.89995132087708 0.999999898309913 0.000450976898749061 0.89843860756654 0.999997034770723 0.00243525147786304 0.899776105934574 0.999999897604389 0.000452538630934779 0.898297430974051 1.142 1.072 65.953 48.187
