
 363 63 500 10 0.9 0.00800000000000001 0.266 0 0.0639999999999996 0.999925866378839 -0.00478928407653351 -0.00660492667732594 -0.00160574877910794 0.00182563262942164 -0.00513912801904024 -0.0031095096938741 0.00476119553129173 0.00404946516132864 0.000800778494428515 0.900274385155419 0.999906215815039 -0.00366187652270329 -0.000934843259504276 0.00792630251474398 0.0045250403515183 0.00181461337873185 0.00122756042820073 -0.0030591003517734 0.0019954846842492 -0.00847550946645681 0.898531837260497 0.999925861551554 -0.00478911959945812 -0.0066053633011861 -0.0016056379974677 0.00182569247499725 -0.00513922064861824 -0.00310980701274028 0.00476095777596815 0.00405005394811925 0.000800961080808478 0.900248850278742 0.999906221532028 -0.00366179345181868 -0.000934804257695641 0.00792610011660594 0.00452479093457112 0.00181404077304773 0.00122771090787011 -0.00305942202830575 0.00199498477860009 -0.00847529998201704 0.898511760927932 0.00199999999999978 0.00100000000000033 0.0259999999999998 0.0249999999999999

 386 86 500 10 0.9 0.143 0.657 0 0.162999999999999 0.999847607178458 -0.0042690310996438 0.00073602397023038 -0.00128310099022865 0.00696943408033944 -0.00279231592045125 -0.00100988661263807 -0.00889820482559667 0.00121723703402314 -0.0120954573233123 0.898757776884512 0.999966452133327 0.00291666567542947 0.000262248972354323 0.00206565870011237 -0.00266076360187345 -0.00460321340118079 0.00136713509718947 -0.00149064415519038 -0.00229368715200751 0.00407806733031889 0.901721518338387 0.999847608914922 -0.0042694344680075 0.000736605954914918 -0.00128310662245387 0.00696951202521999 -0.00279209759391318 -0.00100997222681948 -0.00889776815249189 0.00121714968316364 -0.0120954637492652 0.89873675309407 0.999966455852871 0.00291626257826742 0.000262412206409138 0.00206588507407011 -0.00266076172219687 -0.0046031521800051 0.00136667927091162 -0.00149035568494763 -0.00229292586001792 0.00407807504661181 0.901690004722155 0.00900000000000034 0.0830000000000002 0.0730000000000004 0.0620000000000012

 371 71 500 10 0.9 0.101 1.349 0 0.151 0.999955140042622 0.000733240294101948 0.00567026404984854 0.00126889346196459 -0.00443135260266839 -0.0019267752356618 -0.00317241552693823 -0.000259472163473191 0.0041836873384793 0.00210574012512411 0.900214877544885 0.9999810355257 0.000497766013609115 0.00302092125832779 -0.00230074837440287 -0.00206092877650583 0.00137177204795958 0.000372314192490208 -0.00310665267914055 -0.00270369508934688 -0.000179854879294751 0.90601436434675 0.999955138780774 0.000733123407633738 0.00567011879545667 0.00126920131461677 -0.00443159802643196 -0.00192718650662218 -0.00317227469812758 -0.000259339001422072 0.00418371179767883 0.00210587275906113 0.900189130263919 0.999981033662102 0.000498114868844502 0.00302078441040445 -0.00230017614610939 -0.00206147431674987 0.0013728272113522 0.000371125247769817 -0.00310688298526603 -0.00270381971708618 -0.000181165913411044 0.905958771867288 0.0150000000000006 0.0549999999999997 0.0690000000000008 0.0649999999999995

 395 95 500 10 0.9 0.175000000000001 0.686000000000001 0 0.141 0.999875734184729 -0.0017912789724463 -0.00331497394638875 -0.0112914729062003 -0.00172361094767507 0.00121554124356671 -0.00337311852008731 0.000220281235685525 -0.0094414798355712 0.00134340108031123 0.900763135590614 0.999946378822334 -0.00456848781534692 -0.00162162906842197 0.00106726069811203 0.000623376331540167 -0.00193920173171746 0.00563459816917419 -0.00512614151404936 -0.00280032288532008 0.00354721579968064 0.902264836390089 0.999875735401104 -0.0017911807741545 -0.00331500124044593 -0.0112910290145986 -0.00172383808935921 0.00121492209676448 -0.00337280670787035 0.000220783870679395 -0.00944200565402788 0.00134356364419222 0.900735751192147 0.999946373155122 -0.00456891745745739 -0.00162133208874445 0.00106805655367753 0.000623932929122073 -0.00193893328317672 0.00563500840894893 -0.00512658000067022 -0.00280065718280943 0.0035466557678735 0.902230561040975 0.0750000000000002 0.00600000000000023 0.0700000000000003 0.0679999999999996

 383 83 500 10 0.9 0.158 0.653 0 0.14 0.999930827062847 -0.00105186180803912 0.00364801141803777 0.00187174757506468 0.00552488282057218 0.00606256375503896 0.0030781862417841 0.00499374230740282 -0.0035912811334894 -0.00241541868843911 0.89787733818087 0.999975196676799 0.00364125637521192 -0.000145343312737384 0.000884860322103524 -0.000375008593347972 0.000883908243679668 -0.000781426316655543 -0.00208520489734373 -0.00182065118705408 -0.00513300869021297 0.905194458383289 0.99993082423625 -0.00105214716673355 0.0036482895369336 0.00187192727044877 0.00552553940555025 0.00606218749090951 0.00307804438693981 0.00499377365890801 -0.00359157804129588 -0.00241502214769239 0.89785944468611 0.999975195462695 0.00364235389236542 -0.00014490191368637 0.000885139379109645 -0.000377035046953254 0.000883652475133865 -0.000782477229292468 -0.00208537550500166 -0.00181956294322189 -0.00513248294135667 0.905144523202502 0.0350000000000001 0.00799999999999912 0.0950000000000006 0.0640000000000001

 367 67 500 10 0.9 0.188000000000001 0.674 0 0.138 0.999849648638823 -0.0018362364614697 0.000523057757048445 -0.0094655442363487 -0.00607320996821466 -0.0127852860771728 0.000569696613529188 0.00111489844501757 -0.0023253262696329 0.000340765234914583 0.897827892497916 0.999925056581775 -0.00497365043981553 -0.00125344015121757 -0.00471286210491108 -0.000872029534210128 0.00268211251275899 -0.00368913341406222 -0.00162035985199569 0.00878471697124427 3.3957367357586e-05 0.894948924491045 0.999849647257809 -0.00183620388360199 0.00052320319115908 -0.00946537521831313 -0.00607318382653437 -0.0127854288543332 0.000569943846295617 0.00111559687059703 -0.00232547566811862 0.000340854663116635 0.897810183716002 0.999925036141645 -0.00497622398207782 -0.00125071887494498 -0.00471624221783413 -0.000871533349487354 0.00268231150440605 -0.00369154709973327 -0.00161728267431019 0.00878371345963377 3.07064157391505e-05 0.89509103380107 0.016 0.0410000000000004 0.139000000000001 0.072000000000001

 375 75 500 10 0.9 0.242 0.576 0 0.154 0.999935676111374 -0.00426958539240159 0.00405122339897857 -0.0011466035048478 0.00221149392875188 -0.000873054911487654 -0.00011842563173566 -0.00048701813932225 0.00730077837823762 -0.00578633417108195 0.898387246695616 0.999953583068004 0.000987644340283167 -0.00541186268877019 -0.00494075696744014 -0.00150166057814302 -0.00156921846933339 -0.00137431269326108 -0.00243996754752905 -0.00505196216901674 -0.000273863247903607 0.902833759950798 0.999935675368153 -0.00426957224682664 0.00405124296472496 -0.00114668442508475 0.00221156809570143 -0.000873061262073758 -0.000118701840621465 -0.000487153755042613 0.00730087411694395 -0.00578627539494424 0.898367993082728 0.999953597004474 0.000987453370161637 -0.00541169408385681 -0.00494020327559101 -0.00150118246536026 -0.00156814827494844 -0.00137369724658778 -0.00244021001691397 -0.00505052143732114 -0.00027323753058579 0.902796145735307 0.0289999999999999 0.0199999999999996 0.0669999999999984 0.0700000000000003

 370 70 500 10 0.9 0.145 0.783 0 0.18 0.999973978511415 -0.00309293886329399 -0.00424490313952648 0.000858916549847405 -0.000120025687451706 -0.00269148535904325 0.000684043797927602 0.00153669722854598 0.00162895950962248 -0.003313265150875 0.897320172287159 0.999899340483915 0.000629191274338646 -0.00762003097561528 -0.00233683317903021 -0.00966625389282326 0.00347944688207629 0.00248222600160555 -0.00185842939255353 0.000892333337571656 -0.00462956556867524 0.894209615610159 0.999973978491793 -0.00309297607587407 -0.00424489309682145 0.000858917520092298 -0.000120032127297497 -0.00269147236790516 0.000684054175196274 0.00153668389584266 0.00162896180067139 -0.00331326218421158 0.897318062785345 0.999899354482207 0.000627871907249878 -0.00761961698627172 -0.00233950882478465 -0.00966496994111799 0.00348143050460938 0.00248017212236605 -0.00185519071814354 0.000894269788074417 -0.00462926681473238 0.89438996430871 0.0300000000000011 0.0360000000000014 0.0659999999999989 0.0690000000000008

 392 92 500 10 0.9 0.115 0.764 0 0.151000000000001 0.99980129048827 0.00390460554835662 0.000518263969063174 0.00842596096024693 -0.00211776758977349 -0.00270392497245173 -0.00653563486248201 -0.00659897364709147 0.0109771405702175 0.00960798817062214 0.899663889938004 0.999931054873962 0.000947917012125049 -0.00139396085904926 0.00411238600869433 -0.00512569029451454 0.00310711766489857 0.000607499099657925 0.00568617349523678 -3.6436331862443e-05 0.00703578520584352 0.903154647467021 0.999801294233327 0.00390484491723798 0.000518638264179476 0.00842592979610398 -0.0021181511177813 -0.00270392701671077 -0.00653558234572719 -0.00659909191599537 0.0109771370357829 0.00960738170745568 0.899639900268922 0.999931055585968 0.000948005287024457 -0.00139397819678972 0.0041126025058725 -0.00512520101648119 0.0031062596855805 0.000607889194110924 0.00568657993417206 -3.48077410747737e-05 0.00703592348098874 0.903115489074526 0.0449999999999999 0.00700000000000145 0.0860000000000003 0.0650000000000013

 366 66 500 10 0.9 0.225 0.617 0 0.156 0.999959830102443 0.00333345642609053 0.00159513156392256 0.00146741037854073 -0.000898364764604382 -0.00351109913784279 0.000103477908302465 0.00353468804759242 0.00544257778721767 -0.00304421667694849 0.900158861947991 0.99994622423581 -0.00259694986396915 0.00587580181204402 -0.00287056988660984 0.000834534136292251 -0.00590334628489628 0.00128817664745253 -0.0012395615368663 -0.00168011698192658 -0.00405889393879059 0.905112063524315 0.999959827404364 0.00333332119818162 0.00159526471875422 0.00146769650967225 -0.000898784854769151 -0.00351095847319789 0.000103493018520205 0.00353509704260473 0.00544290088970218 -0.00304402842298894 0.900133288860964 0.999946225399326 -0.00259567646675729 0.00587569473695059 -0.00287054090167092 0.000834211860245513 -0.0059038519908323 0.0012881392174285 -0.00124045730665783 -0.00167960530067311 -0.00405887803641295 0.905062214221289 0.0229999999999997 0.0250000000000004 0.0759999999999987 0.0640000000000001

 390 90 500 10 0.9 0.0949999999999998 0.865 0 0.16 0.999959330914484 0.00402282916618929 -0.000936711134389284 0.00198779595846966 -0.00272763546197686 0.000351045615917458 -0.00607679389511134 -0.00264106241762609 2.12863121595976e-05 0.00297628727673109 0.902990170505085 0.999876610835271 0.00646315012730933 -0.0065896924261841 0.00591584679757313 0.00530011033417416 -0.00250565809923181 0.00466862917069645 0.00530572491848523 -0.00560729337820162 -0.00328807832342783 0.900817131618183 0.999959329969268 0.00402252034482733 -0.000936759078773565 0.00198856338743622 -0.00272792810039277 0.000351367153352295 -0.00607701076860627 -0.00264034233016997 2.22114405289369e-05 0.00297637768474616 0.902952101403488 0.99987660490429 0.00646379302795382 -0.00658923941410115 0.0059161290287116 0.00530019199492567 -0.00250488187297412 0.00466875332910566 0.00530578395059299 -0.00560796543438078 -0.00328806027157839 0.900788700921769 0.145 0.00300000000000011 0.072000000000001 0.0609999999999999

 391 91 500 10 0.9 0.0979999999999999 0.815 0 0.146 0.99990085580258 -0.00292637291167986 -0.00469457404457214 -0.00931105935455714 0.00455549493708614 -0.00527089934976809 -0.00481203281842556 0.00240497385294207 0.000156432836380045 0.00186577348511956 0.89852571341358 0.999880043890668 -0.00168980980121662 0.00503198100909561 0.00227412393273783 0.00695186279932605 0.000888872950818375 -0.00657748487300177 -0.0058438972438286 0.00557035529851645 0.00699915049048882 0.906490330613101 0.999900863334912 -0.00292679415076818 -0.00469480702294038 -0.00931041696867548 0.00455501662882119 -0.00527060065082242 -0.00481198025640998 0.00240507633744124 0.000156170257768806 0.00186573254971509 0.898506059332127 0.999880069110781 -0.0016906544138601 0.00503108912513025 0.0022737492657675 0.00695038374215057 0.000889237515668483 -0.00657727815173765 -0.00584438010398798 0.00557015587317613 0.00699747872482278 0.90643134030223 0.0229999999999997 0.0210000000000008 0.0680000000000014 0.0609999999999999

 378 78 500 10 0.9 0.171 0.536 0 0.149999999999999 0.999946075964152 0.000370683796953595 0.00611398268526321 0.000400387880534495 -0.000613260010821817 -0.00403589733226568 0.00627858837947121 0.0028517189100088 -0.000240619805378669 0.00242718703392183 0.897454039773981 0.999939355092191 -0.00192273819826583 -0.000732851791638628 0.000150555274181827 0.00791943038946397 -0.00167455052677757 0.00576077167284675 0.00218443658066031 0.00350979020718817 -0.00110954904970629 0.899882124741739 0.999946077812103 0.000370764072143307 0.00611365614966562 0.000400130277834796 -0.000613278571751012 -0.00403595350525283 0.00627858439245406 0.0028518400098317 -0.000240595258199963 0.00242705081176956 0.897443423615991 0.999939351541438 -0.00192285241654403 -0.000732578201387902 0.000150701699118729 0.00791985127997876 -0.0016741951838191 0.00576062060968169 0.00218457663452201 0.00350994507203809 -0.001110262378181 0.899857594897744 0.0380000000000003 0.0750000000000011 0.0620000000000012 0.0609999999999999

 369 69 500 10 0.9 0.246 0.710999999999999 0 0.141 0.999885253141674 0.00658115376032081 -0.0036476573430708 -0.00544678904883052 0.00231047706363387 -0.00386395959241261 -0.00246336590464046 0.0100714792613533 -0.00148143749970374 -0.00363731203062551 0.892415212219603 0.999944030299189 -0.00363188938562282 0.00279068177308396 -0.000924001538147018 0.000112965025244883 -0.00343151203600808 -0.00047688229328036 0.00763840469529272 0.00442229064811801 0.000432008526106288 0.899161551231535 0.999885251598646 0.0065749148967139 -0.00365168459466574 -0.0054447336226562 0.00231425881409134 -0.00386374703051995 -0.00246324909363888 0.010072298313809 -0.00148871993854988 -0.00364071333154631 0.892682419764998 0.999944033718448 -0.00363180665665757 0.00279033962033667 -0.000923698468024409 0.000112795623653371 -0.00343111375222868 -0.000477246888026325 0.0076383676457376 0.00442219701857604 0.000432066480152648 0.899139925630508 0.0249999999999995 0.0149999999999988 0.133000000000001 0.0619999999999994

 364 64 500 10 0.9 0.0860000000000003 1.034 0 0.162 0.999917345354033 -0.00528709092837833 0.00180485485356296 -0.000466529973469484 -0.00663542068030326 0.00303032861456458 0.00248537300225646 0.00565366758918739 0.00542129566072652 -0.0036236440875989 0.897764186198125 0.999890929966602 -0.0037744137386927 -0.00582143978285858 0.00152556601528746 -0.00434839345864895 -0.00662183064013776 -0.0088281089071976 0.00447510137079394 -0.00240996271854115 -0.00106692665239502 0.907619973060708 0.999917349590921 -0.00528699775232188 0.001804670456234 -0.000466435654360519 -0.00663536414645656 0.00303002399878197 0.00248515970007016 0.00565390576923281 0.00542086696189004 -0.00362348914297799 0.89774656344844 0.999890941536642 -0.00377464553245315 -0.0058212016922372 0.00152619019018187 -0.00434828881388666 -0.00662103199580691 -0.00882764663444906 0.00447425988552169 -0.00241054426778296 -0.00106709317377102 0.907554137771171 0.0449999999999999 0.00699999999999967 0.0779999999999994 0.0650000000000013

 388 88 500 10 0.9 0.187 0.636 0 0.153 0.999925587694512 -0.00258890195313554 -0.00517926261803677 -0.00292816746365473 -0.00532056595164268 -0.00384696645801855 0.0067892544762007 0.00215027083854708 -0.00219320437214742 0.00284295182602395 0.900253529466102 0.999907768555863 -0.00137569131745536 0.00661721372522498 -0.00397269078593373 -0.00469132000828 0.00801366934871146 0.000497986857473485 -0.000800759324921209 0.00498179217834632 0.00332524072842395 0.893045491648214 0.999925591582113 -0.00258882488936542 -0.00517983680132834 -0.00292821430807952 -0.00532102029516731 -0.00384635083704399 0.00678864654385194 0.0021492373383521 -0.00219311777522217 0.00284284297444027 0.900226761370576 0.999907771133832 -0.00137552517101278 0.00661866241842717 -0.00397145355882636 -0.0046886329528049 0.00801355154379131 0.00049462873728078 -0.000800435298085805 0.00498350516042529 0.00332521515803861 0.893284926968931 0.0800000000000001 0.0190000000000001 0.0739999999999998 0.0830000000000002

 376 76 500 10 0.9 0.104 0.805 0 0.178 0.9998866612742 -0.00910060950130524 0.0022565625572628 -0.00123289328270703 0.00439413590537054 0.00119813030108882 0.00534944983544077 -0.00296622684179774 0.00834320893342833 0.00307623391804449 0.899873290876632 0.999926192131916 -0.000386680575297211 0.00310602463271719 -0.000928134638862892 -0.00524010545967755 -0.00208433473428127 0.00352734552627654 -0.00482271399573219 -0.00831193632013115 -0.00059980423708262 0.899557102267156 0.999886665808836 -0.00910058408504049 0.00225634944745484 -0.00123290106442178 0.00439387769065104 0.00119761005401701 0.00534896899583403 -0.00296629271560546 0.00834332513194236 0.00307601724376993 0.899849425227029 0.99992619499735 -0.000386808367618517 0.00310604781101717 -0.000928608117609483 -0.00523975797388978 -0.00208398025964439 0.00352724704976228 -0.00482256110591286 -0.0083119614199197 -0.000599819975889064 0.899534148167465 0.0190000000000001 0.0690000000000008 0.0640000000000001 0.0570000000000004

 381 81 500 10 0.9 0.153 0.542 0 0.158 0.999951906032331 0.00122224739720347 -0.00460813060874926 -0.00112370406308277 -0.00371371014210697 -0.00114952833210706 0.00228372200040512 -0.00490251017711121 -0.00392977144995901 0.00351965919000346 0.905284016002916 0.999910671512324 0.000661153161614041 -0.00314619011166794 -0.00253818499415284 -0.00185148905858021 0.00545525844813602 -0.00335139851903044 -0.00617213410248566 -0.00811441564475804 0.00367590367780298 0.900230147144948 0.999951906100575 0.00122198469053403 -0.00460795341531442 -0.00112392633782243 -0.00371419633236478 -0.00114899678070879 0.00228343002604762 -0.00490232807274297 -0.00393032832992 0.00351937383030519 0.905232391513738 0.999910669504348 0.000661702359307218 -0.00314602102583182 -0.00253774639213977 -0.00185128833460024 0.00545530791362276 -0.00335113049745919 -0.00617258205143092 -0.00811446356394403 0.00367621267803184 0.900204543942319 0.0169999999999995 0.0140000000000011 0.112 0.0629999999999988

 374 74 500 10 0.9 0.159999999999999 0.590999999999999 0 0.146 0.999883451559798 -0.00084750440350441 0.00407004036266159 0.00569818405700366 0.00526288818111318 -0.00253065878350014 -0.0094117801557337 0.00160231305418334 0.00110908430634577 -0.00753984060464558 0.9009803494988 0.999888622948292 0.00425256394326272 -0.00880300042023243 -0.00245500229987622 0.00374843252772487 -0.000189772704627897 0.00936663743468618 -0.00369950629807327 -0.00178240361503903 0.00156639055220471 0.900835765637219 0.999883445204253 -0.000847580039129088 0.00406990467868428 0.00569817732141148 0.00526303803133078 -0.00253054026812702 -0.00941217778130295 0.00160327209596099 0.001109163405917 -0.00753997658097144 0.900951397188046 0.999888620293029 0.00425233996274402 -0.00880271461597084 -0.00245460672204769 0.0037483764062655 -0.000189214743575113 0.00936733637715288 -0.00369967124086208 -0.00178260221644319 0.00156632624838237 0.900807263487858 0.0210000000000008 0.0250000000000004 0.0699999999999985 0.0590000000000011

 372 72 500 10 0.9 0.133 0.624 0 0.148 0.999885975704218 0.00569354991488084 -0.00585690671986628 0.00701528299555323 0.00616305256545382 0.00271626643111851 -0.00261692704599983 -0.00094102116544194 -0.000872452255082136 0.00763185471389179 0.899261612717788 0.999926218063234 0.00330234641775607 -0.00493864454900369 -0.0061328247669911 -0.0036267943624813 0.00017988515998006 0.00369390127126621 0.00490599742181772 0.00039219509329078 0.00485774206561818 0.902529874864133 0.999885967600872 0.00569419668657253 -0.00585685038220223 0.00701563804970938 0.00616283386726427 0.00271613204191736 -0.00261753471056743 -0.000940523924422665 -0.000872167161785966 0.00763226060888098 0.899239101070177 0.999926214816925 0.00330230248934112 -0.00493825170624067 -0.00613259303693878 -0.00362742933486239 0.000180191311558552 0.00369369141946743 0.00490618558760752 0.000392997483483364 0.00485855123068432 0.902494112143037 0.0510000000000002 0.0279999999999987 0.0670000000000002 0.0589999999999993

 368 68 500 10 0.9 0.219 0.81 0 0.146999999999999 0.999929949063392 -0.00317071980979793 0.00291733015800726 -0.0023341356094592 -0.00498398477302203 -0.00244623152923805 -0.00137536817505846 -0.00885071995869918 -0.00165413581314711 -0.00151568402730536 0.899147698525139 0.999925314848532 0.00143251363573206 -0.000295842734448161 0.00393232774808263 0.00265380609445586 0.00698277362921159 -0.00610204406641579 -0.0047039027949294 -0.000279908393501761 -0.0040644924604247 0.901065394189106 0.999929949705331 -0.00317114737502359 0.00291703708249639 -0.00233416026489951 -0.00498390103490106 -0.00244621174029493 -0.001375234131117 -0.00885065989275457 -0.00165416508233522 -0.00151563985201406 0.899126210898172 0.99992531311541 0.00143300943532623 -0.000295849454077264 0.00393268181540779 0.00265448215327862 0.0069827189822033 -0.00610161251813626 -0.00470367845942275 -0.0002800408501663 -0.00406495174781131 0.901036618748106 0.0150000000000006 0.0939999999999994 0.0649999999999995 0.0579999999999998

 385 85 500 10 0.9 0.321 0.519 0 0.148 0.999963439337258 -0.00295622392775579 -0.00286280545770995 -0.00448421311378048 -2.23148173515114e-05 -0.000175332651533423 -0.00228800328261026 0.00325980430439524 -0.00308647341331783 0.00326466932601694 0.898146126864051 0.999907058773729 -0.0015586130604014 0.00668250263201319 0.00194374092402356 0.00887562020103141 0.00527631795289923 -0.00386300958954864 0.00241997221437441 0.00129285070700037 0.00243799773172969 0.903254734144004 0.999963438365975 -0.0029562046420324 -0.00286295369511314 -0.0044843446490767 -2.25392095981688e-05 -0.000175325466117561 -0.00228834906983489 0.00325967801079978 -0.00308628829178477 0.00326473122403508 0.898127165599266 0.999907059903033 -0.00155824517839751 0.0066822745602611 0.00194441761959348 0.00887549977836234 0.0052763948423321 -0.00386368495437449 0.00241893324355037 0.00129315529174404 0.00243792656558471 0.903215311010721 0.016 0.0109999999999992 0.0679999999999996 0.0590000000000011

 365 65 500 10 0.9 0.238 0.628 0 0.147 0.999914909284206 0.00197668351841754 -0.00134857352492023 -0.00521697296994482 -0.00711687359413717 -0.00164129293011681 0.00522158897283933 -0.00607185147866163 -0.00156790521973924 0.00415896923642048 0.896758624913823 0.999957063899259 0.00141669191325563 -0.00118613407348499 0.000613635963517854 0.00110362373751509 0.00280441046826865 -0.00765844154137888 0.00161554292937614 0.00289798788334605 0.00182678292642366 0.896519883006261 0.99991490804777 0.00197754612312525 -0.00134817369290343 -0.0052172077668666 -0.0071164109149235 -0.0016417331281416 0.00522161918624593 -0.00607204869717943 -0.00156747310098853 0.00415914651795549 0.896791986405031 0.999957058098937 0.00141650932382529 -0.00118615789276384 0.000614216346707817 0.0011036713726438 0.00280485330948665 -0.00765926775250123 0.0016156069061299 0.00289725909174601 0.00182681585720654 0.896567633142339 0.0919999999999987 0.00300000000000011 0.0670000000000002 0.0569999999999986

 384 84 500 10 0.9 0.113 0.485 0 0.15 0.999919888060777 0.00645461936096504 0.0026274634413911 0.00149694072775724 -0.0047235434810152 -0.00300893817391679 0.00463196461481434 0.00344241270968269 -0.00541025893314027 -0.00393308766971706 0.90595860766184 0.999852968296094 -0.00396968109817066 0.000919204565290043 -0.00174243019262416 -0.00438881121467037 0.00267388852843129 0.00790498110364992 0.000249434284268768 -0.0136095590545038 -0.000469080323972577 0.904467557846391 0.999919895369237 0.00645486088182378 0.00262640050638375 0.00149592333441945 -0.00472310091951828 -0.00300976033471349 0.00463151214194161 0.00344174743527962 -0.0054104575857231 -0.00393267447721899 0.90590323681698 0.999852972548249 -0.00396865669710886 0.000920076864015261 -0.00174257995939595 -0.00438915719926876 0.00267357774707701 0.00790469240851476 0.000249581986831137 -0.013609556178023 -0.000469821889100112 0.904421819262464 0.0329999999999995 0.0670000000000002 0.0809999999999995 0.0609999999999999

 373 73 500 10 0.9 0.113 0.552 0 0.168 0.999842237497204 -0.00504183155942952 0.000793758489983061 0.00755435732620195 0.00677905869927049 -0.00544358955369541 -0.00537964864879411 0.00766291013761753 -0.00489171542762493 -0.00672336885007686 0.894350366267577 0.999896698346228 -0.00382684216667107 0.000236034918947134 -0.00446323872902198 -0.000691954241966578 -0.00889391867192493 0.0034892978540502 0.00796942651736126 0.00334731966869939 -0.00234512374911167 0.898632393677874 0.999842270095725 -0.00503803561962139 0.000792531174288138 0.00755689160768028 0.00678000054899076 -0.00544089441302209 -0.00537881857901283 0.00766275847285304 -0.00489159879569128 -0.00672081658244381 0.894521968210838 0.999896697991597 -0.00382656091442078 0.000236328172117707 -0.0044630903652447 -0.000692033654226267 -0.0088937715219889 0.00348924036743715 0.00796971471736235 0.00334773554154113 -0.00234503384155094 0.898612296559812 0.00900000000000034 0.0510000000000002 0.0830000000000002 0.0599999999999987

 389 89 500 10 0.9 0.305 0.649 0 0.145000000000001 0.999920586771813 0.00592338345114794 -0.00479857584342061 0.00709149375235891 0.00259030934515408 -0.00280423181684628 0.000963952243901929 0.00361777445305929 0.00179210288857065 0.00431457035726347 0.899971252384224 0.999892344081477 -0.00998574772188497 0.00446770558476125 0.000992250450820229 0.0064675816553199 0.00287700662784782 0.00161121668474614 -0.00289462380960095 -0.00577843923938006 -0.000410036196941211 0.904203520817443 0.999920584174043 0.00592310296906034 -0.00479890962165999 0.00709172695108325 0.0025906720586426 -0.00280391880934039 0.000963681704567428 0.0036176262473945 0.00179287752508402 0.00431465146163468 0.899946555880766 0.999892337651982 -0.00998636518134824 0.00446685453475372 0.000992239618730224 0.00646814468726285 0.00287751249155458 0.00161160591299757 -0.00289442353591063 -0.00577824400202129 -0.000410179984204647 0.904159637104452 0.0840000000000014 0.00600000000000023 0.0640000000000001 0.0569999999999986

 379 79 500 10 0.9 0.226 0.705 0 0.208 0.999921909259073 -0.00901231423767891 -0.00125133936965918 0.00103538605830653 0.00149655725434809 -0.00409981381776863 0.000216457548179996 0.00559444875656843 -0.0020056839221499 -0.0042308469071904 0.898236497646409 0.999943000288602 -0.000370538095524469 -0.00302780735378639 0.00678449927882589 -0.00579827152968453 0.000185793361550151 -0.000486515904745999 0.000166424287831531 0.00493809016115145 -0.000598520174106159 0.895783156368947 0.999921911493194 -0.00901189432547156 -0.00125170601280201 0.00103557646015084 0.00149635902070985 -0.00409956677590908 0.000216737046191219 0.00559463254417935 -0.00200572580951481 -0.00423109058907106 0.898217635335558 0.999943025719235 -0.000370738736704059 -0.0030260812715822 0.00678234898675915 -0.0057979372499549 0.000185623881112836 -0.000486097636140326 0.000166842979219243 0.0049374606162051 -0.000597716656961077 0.895871979884586 0.0709999999999997 0.0459999999999994 0.0779999999999994 0.0589999999999993

 377 77 500 10 0.9 0.236 0.543 0 0.166 0.999858738533761 -0.00137987301021276 0.00804086516685187 -0.00945395586035949 -0.00645986025443092 -0.00454188321564603 -0.000440629118189181 0.000594554148315363 0.00788605724418571 -0.00121247224560287 0.895927105625001 0.999929226409251 0.00126735612603186 -0.00987011388898277 0.00387039127270375 0.00194588376325724 0.00318015671843464 -0.000340378457569658 -0.000523490454720572 0.00361409904486443 -0.000430618427412625 0.897689146848335 0.999858733567461 -0.00137949512208256 0.00804097834706821 -0.00945493672187489 -0.00645873389203677 -0.00454407632146668 -0.000440566789177261 0.000596137002730676 0.00788504078680273 -0.0012122380761152 0.896010576658402 0.99992921933647 0.00126712148379287 -0.00987047175998129 0.00387068996040811 0.00194620424227286 0.00318039554400213 -0.000340665605985049 -0.000523958155959884 0.00361438744844708 -0.000430416272046957 0.897671773140268 0.0630000000000006 0.0779999999999994 0.0679999999999996 0.0560000000000009

 380 80 500 10 0.9 0.263 0.545000000000001 0 0.225000000000001 0.999896765327122 -0.00505519313681227 -0.00938287369342181 0.00244872875870583 -0.00460554408508431 -0.00303103712983443 4.70883407516372e-05 0.00705914334100496 0.00203444980996275 -0.00158056603027235 0.903734826387367 0.999832019539822 0.0027846194877116 -0.00652645016795989 -0.00530427588838913 -0.000422633924403274 0.00114556952032939 0.0102215261796185 -0.0074007935431371 0.00978971325231208 0.000931625301388469 0.898214163965625 0.999896759330808 -0.00505585643723447 -0.00938299684818514 0.00244858734918588 -0.00460571800472093 -0.00303159903831542 4.77231693379505e-05 0.00705891426990382 0.00203466599270401 -0.00158086705159234 0.903692448299016 0.99983201720633 0.00278459064074636 -0.0065265594319039 -0.00530424593465621 -0.000422118930015224 0.00114538347385791 0.0102217195266933 -0.00740080318041402 0.00978975651359998 0.000931430644432651 0.898195184779312 0.0139999999999993 0.00400000000000134 0.0749999999999993 0.0559999999999992

 382 82 500 10 0.9 0.183 0.598 0 0.158 0.999940103445142 -0.000679456043434307 0.00441418389507046 -0.00335956899087181 -0.00430233224964972 0.00295434516678559 0.00378783546429537 -0.000864374160573818 0.00593740085883381 0.00331215202502057 0.900673628261231 0.999972738479482 0.00134818426291924 0.000991481367456163 -0.00320540644469323 -0.00237954913652695 0.00320866724993148 -5.53025194769969e-05 0.00375476178294732 0.00279869417318071 0.00188553656978695 0.902386757292569 0.999940099690292 -0.000679407903415133 0.0044143705015153 -0.00335981079014901 -0.0043029869232771 0.00295434725405581 0.00378790453284182 -0.000864247360988165 0.00593729141199876 0.0033120994971062 0.900646108720332 0.999972737283636 0.00134720311610976 0.000991716038159231 -0.00320544138860603 -0.00238039162937449 0.00320881434427632 -5.6099648827249e-05 0.00375476042929404 0.0027987675590655 0.00188524569556219 0.902351397669803 0.0820000000000007 0.0150000000000006 0.0879999999999992 0.0609999999999999

 387 87 500 10 0.9 0.177 0.512 0 0.165000000000001 0.999943456906949 -0.0041012790952819 0.0011739544968309 0.00232020840616194 -0.000646450257925717 -0.00315445411664303 -0.00048408350844767 0.00166397710736114 0.00868853625261753 0.00079916517339526 0.895486459000671 0.99991089366048 -0.00424231315941192 -0.00262995566270676 0.00593269872893382 0.000697279207279305 0.00154389588138905 -0.00589702738244322 0.00634507363863916 0.00520765498504158 0.00361518498890813 0.903955551764852 0.999943462513328 -0.00409930409100868 0.00117359083789999 0.00231819154971381 -0.000643507539830912 -0.00315431539446872 -0.000483556802899785 0.00166438951001555 0.00868946518250279 0.000800951288785228 0.895597606460259 0.999910886040918 -0.00424275148667937 -0.00262922727421369 0.00593369279689644 0.000697595149844186 0.00154521626571547 -0.00589608996091421 0.00634547567985205 0.0052081962610778 0.00361509493583164 0.903912629704257 0.0750000000000011 0.0120000000000005 0.0719999999999992 0.0739999999999998

 393 93 500 10 0.9 0.338 0.638 0 0.265000000000001 0.999952850543651 0.00559346629864569 0.000857822514851957 -0.00371333916839837 -0.00222524254064066 -0.00291594436684236 -0.000342803431997296 0.0051049024811086 -0.00238061724868693 -0.00178486952219614 0.900654791815394 0.999933003506073 -0.00215755585420452 0.0014348760638433 0.00559838951581901 0.00404175687454737 0.00679829755622495 0.000165223978219786 -0.00198376702516062 -0.00360695888888204 0.00405057851126651 0.900201658075816 0.999952855475238 0.00559367011295858 0.000858258611047336 -0.00371337376939654 -0.00222471774422206 -0.00291611067871536 -0.000342552338135124 0.00510412568456976 -0.00238012432707965 -0.00178449587806956 0.90062781425435 0.999932999452985 -0.0021580847373607 0.00143461805714114 0.00559815403629999 0.0040419510821932 0.00679872936527766 0.000165029800243432 -0.00198400450251739 -0.00360730090129746 0.00405038265016243 0.900176230847862 0.0180000000000007 0.00300000000000011 0.0619999999999994 0.0579999999999998

 394 94 500 10 0.9 0.118 0.479 0 0.172 0.999914969014288 -0.00279976369251439 0.00261337678380947 0.00713808778977372 -0.00380510457819413 0.00332704480763184 0.00236558623226675 -0.00483158913755018 -0.00421366099704041 0.00567369280942096 0.899140555969465 0.999972140428177 0.00254400468648515 0.000986591328982996 0.00225543470897543 0.00104970878453441 -0.00408672580683787 0.00211143481784234 -0.00406263850723092 0.00199122900016556 -0.000674285959696176 0.899932616625763 0.999914958762467 -0.00279974396826775 0.00261349517494009 0.0071384492966245 -0.0038050757883446 0.00332713058058798 0.00236577559679266 -0.00483256754697446 -0.00421408710574392 0.00567374024040344 0.899118607572242 0.999972137694644 0.00254421479579473 0.000986935253932702 0.00225561146950815 0.00104989997544916 -0.00408684825147397 0.00211130053156191 -0.00406282269715772 0.00199145223715357 -0.000674064074125011 0.899908688305766 0.0239999999999991 0.00300000000000011 0.0690000000000008 0.0559999999999992
