
 1320 20 500 5 0.6 0.00199999999999978 0.291 0.717 0.0629999999999997 0.999060935791211 -0.0151360828825655 0.00909155329231007 -0.0112139306590804 -0.0379438662878239 0.622633241502215 0.999857378106259 -0.0145777742530016 -0.00275440366443903 -0.00806981980752214 -5.66836305914611e-05 0.603015640795133 0.99906088508818 -0.0151371670660082 0.00909244146284079 -0.0112153760039077 -0.0379441287865973 0.62254413858495 0.999857385344025 -0.0145776607382282 -0.00275516518341253 -0.00806886842267741 -5.6635689729849e-05 0.602971089406192 0.00200000000000067 0.00100000000000033 0.0279999999999996 0.0259999999999998

 1321 21 500 5 0.6 0.00300000000000011 0.295 0.643000000000001 0.0659999999999998 0.998179795612964 -0.0194419475247353 0.0416039760476109 -0.00472216246033596 0.0388061421070859 0.624938987637166 0.998858701831487 -0.00318416761647524 0.0315140568092908 -0.008293796232565 0.0347740135673238 0.607297127617303 0.998180031691125 -0.0194429427691205 0.0416050127640985 -0.00471953100792754 0.0387987789697875 0.624841880897162 0.998858600442114 -0.00318385984821997 0.0315165826536529 -0.0082923035552866 0.0347750209039638 0.607246009343187 0.00200000000000067 0.00100000000000033 0.0329999999999995 0.0289999999999999

 1329 29 500 5 0.6 0.00299999999999967 0.292 0.666 0.0649999999999995 0.999748464311036 0.0164944713145479 0.0133452458664135 -0.0072325657928165 -0.000731388129015043 0.629875594393541 0.998356086579259 0.0367326080479486 -0.02267274183079 -0.0176086762006622 -0.0333424833579748 0.580164277443843 0.999748589344404 0.0164909366814493 0.0133427904818319 -0.00722730075401378 -0.000737005570491791 0.629761298579689 0.9983561281698 0.0367335277429019 -0.0226719261514416 -0.0176076786543878 -0.0333413062484695 0.580147592065362 0.00199999999999978 0.00100000000000033 0.032 0.0280000000000005

 1330 30 500 5 0.6 0.00199999999999978 0.287 0.674 0.0659999999999998 0.998219250296395 0.0138438663637391 0.0479113452944672 0.00160483631453713 -0.0326894966967174 0.610742202939539 0.999832081838028 0.00830238644268535 0.00539663803215091 -0.0131897724027867 0.00798653295895744 0.573123235955469 0.998219269050029 0.0138437052205496 0.0479112363679408 0.00160521093052733 -0.0326891335240982 0.610683935084797 0.999832076721107 0.00830265691513485 0.0053961515652507 -0.0131898470414524 0.00798709778426308 0.573110842143725 0.00300000000000011 0.00100000000000033 0.0300000000000002 0.0280000000000005

 1327 27 500 5 0.6 0.00199999999999978 0.289 0.671 0.0659999999999998 0.998712868941519 -0.0196971302974124 0.0160438464446152 -0.0354654168209884 -0.0258733003233605 0.602468663681694 0.999562877627912 0.0171056058238841 0.0150223923098848 0.0112790420302254 -0.0151182954652377 0.616456304105134 0.998712939308127 -0.01969632106037 0.0160424276073422 -0.0354648582428212 -0.0258728456395637 0.602426641230184 0.999562881251935 0.0171057008315656 0.0150210831709683 0.0112794205560743 -0.0151189667200531 0.61638274386761 0.00300000000000011 0.000999999999999446 0.0299999999999994 0.0300000000000002

 1322 22 500 5 0.6 0.00199999999999978 0.289 0.687 0.0659999999999998 0.99846975466156 -0.0399354136997703 0.014037113811881 0.0181904927890107 -0.0305839364150287 0.611308418247271 0.999100115310407 0.0229872371902398 -0.018206563896644 0.0291387023185399 0.00948702120582466 0.596751822715272 0.998469763079027 -0.0399357744394751 0.0140343255936688 0.0181929628593963 -0.0305830009050396 0.61124781608055 0.999100091477361 0.0229881632573299 -0.0182065622488712 0.0291390117149369 0.00948634003912712 0.596716977241277 0.00300000000000011 0.000999999999999446 0.0299999999999994 0.0280000000000005

 1323 23 500 5 0.6 0.00199999999999978 0.293 0.696000000000001 0.0649999999999995 0.99908264943373 0.0164461889563327 0.0082686376438457 0.0311578822532321 0.0228953810690926 0.591654038071861 0.998101235705269 -0.0393519170365479 0.0197960891030112 -0.0372192468307255 -0.0216377547528201 0.586472240028779 0.999082666009144 0.0164465003976964 0.00826831291153512 0.0311578044068996 0.0228946572559796 0.591625473663636 0.998101216433276 -0.0393520255797258 0.0197963157061572 -0.0372196001109174 -0.0216376313221595 0.586449373533239 0.00300000000000011 0.000999999999999446 0.0299999999999994 0.0279999999999996

 1328 28 500 5 0.6 0.004 0.295 0.694 0.0659999999999998 0.997882348205626 -0.04458368986044 0.0425279694556799 0.0188916326002554 -0.0088086190590373 0.590956826663656 0.998695984268342 -0.0101528549575752 0.0189027111267473 -0.0320736420659822 -0.0334248341683186 0.622996215856528 0.997882458350071 -0.0445826316219807 0.0425267002806697 0.0188914378184073 -0.0088080426468151 0.590929713581316 0.998695943784491 -0.0101509315236449 0.0189057177726608 -0.032069431534211 -0.0334289672915502 0.622901806980102 0.00299999999999923 0.00100000000000033 0.0290000000000008 0.0299999999999994

 1324 24 500 5 0.6 0.00100000000000033 0.295 0.702000000000001 0.0659999999999998 0.999003306375847 -0.00422630934124542 -0.00570369025396267 0.0381233936009214 0.0221044551462767 0.59491221478435 0.999851371735151 0.00791100873287394 -0.00414600564103458 -0.0141359673579893 0.00419945761295936 0.5823286376705 0.999003225800763 -0.00422734770034266 -0.00570395849238724 0.0381252042834494 0.0221047059910774 0.594880997293602 0.999851368556541 0.0079114228610954 -0.00414500618288858 -0.0141357942524177 0.00420100327575117 0.582310427165252 0.00200000000000067 0.00100000000000033 0.0300000000000002 0.0269999999999992

 1326 26 500 5 0.6 0.00300000000000011 0.289 0.722 0.0670000000000002 0.998543261762448 -0.0182544263539723 -0.032493796289836 -0.0390160673496346 -0.000173200871532332 0.605530117150684 0.997882982789145 -0.013106211425252 -0.062337970700112 -0.00456239242656372 0.01228584007112 0.589723924217936 0.998543258285295 -0.0182554574369764 -0.0324933060616433 -0.0390160802210984 -0.000173643652807604 0.605480795906148 0.997883049730619 -0.0131071736471181 -0.0623366608264274 -0.00456264046074272 0.0122859305036682 0.589698241989219 0.00199999999999978 0.00100000000000033 0.0299999999999994 0.0279999999999996

 1325 25 500 5 0.6 0.00199999999999978 0.293 0.71 0.0669999999999993 0.99911298916098 -0.0365342914292414 -0.00467556226077918 -0.00710854718070809 -0.0191334292300188 0.596075247375952 0.998861098509076 0.0310705499846218 0.020385733538986 -0.0121036154404544 0.0273687992108248 0.594392932640619 0.999112943556521 -0.0365355885893744 -0.00467625914547658 -0.00710619899399516 -0.0191340356567328 0.596041644243065 0.998861110851719 0.0310715899605488 0.0203853265750333 -0.0121027438266808 0.0273678566513293 0.594361708034092 0.00300000000000011 0.00100000000000033 0.0299999999999994 0.0280000000000005

 1338 38 500 5 0.6 0.00499999999999989 0.298 0.701 0.0679999999999996 0.999125483370255 -0.0153227634423889 0.0338300798517481 -0.0137784265838875 -0.0133851432095684 0.604811685982938 0.998239675036426 -0.0298098066138499 0.0222260864421248 0.0314754516555355 0.0338263748776552 0.601545748891993 0.999125535266663 -0.0153218607583334 0.0338300737260046 -0.013777047565716 -0.0133837376345671 0.604763824300327 0.998239750870023 -0.0298090378701763 0.0222255380482776 0.0314758613555726 0.0338247934893599 0.601503606118767 0.00199999999999978 0.000999999999999446 0.0299999999999994 0.0280000000000005

 1341 41 500 5 0.6 0.00300000000000011 0.287 0.694 0.0659999999999998 0.998913425247652 -0.000919899378338967 0.017925377333883 0.0396710000877193 -0.0166137065285155 0.609077921875936 0.999636893989694 0.0239861873604485 0.00887506656459307 0.00846120306743912 -0.000619860204512328 0.584638073813887 0.998913460452348 -0.000921237181198467 0.0179262108869591 0.0396687220642844 -0.0166160555546345 0.60902206162159 0.999636914045278 0.0239855008990596 0.00887465993629115 0.00846116346324644 -0.000620442194788906 0.58461676945054 0.00200000000000067 0.000999999999999446 0.032 0.0289999999999999

 1332 32 500 5 0.6 0.00200000000000022 0.292 0.703 0.0679999999999996 0.999847802518082 -0.0148716149380899 -0.000764680102379978 -0.00553826089943201 0.00720762092837341 0.60206188028803 0.998742874046874 0.0212099327093107 -0.00149707300494071 -0.0283120842285706 0.0354823188941892 0.614640567895515 0.999847836255482 -0.0148704694018069 -0.000764901197137672 -0.00553801138057465 0.00720547230286965 0.602019871002005 0.998742743535583 0.0212097942598924 -0.00149789681018777 -0.0283121001916955 0.0354860275369065 0.61457151448239 0.00200000000000067 0.00100000000000033 0.0309999999999997 0.0299999999999994

 1343 43 500 5 0.6 0.00200000000000022 0.287 0.627 0.0649999999999995 0.998612818295104 -0.044481028689162 0.0166437545576941 0.00734433848393982 0.0215156536019516 0.617072059634059 0.999325797010038 0.0230984117798658 0.00131574076859392 -0.0284675689303624 -0.00151034728653603 0.576873025207239 0.998612917682258 -0.0444800191856393 0.0166441676662196 0.00734552774466635 0.0215124019166631 0.616998434170242 0.999325790392963 0.0230995675871518 0.00131565678261792 -0.0284668831580701 -0.00151004743680508 0.576858812223189 0.00300000000000011 0.00100000000000033 0.0309999999999997 0.0269999999999992

 1331 31 500 5 0.6 0.00300000000000011 0.287 0.681999999999999 0.0670000000000002 0.998087672846948 -0.0244382079923569 0.0192970889375026 0.0140991869551951 -0.0515034618916625 0.619293622534128 0.99967587760674 -0.0111536114480749 0.0159326367642085 -0.0137511380315583 0.00898854668100696 0.575096648185993 0.998087672727583 -0.0244393189197466 0.0192944104301158 0.0141002558794297 -0.0515036479316238 0.619214542766418 0.999675892926515 -0.0111537745615891 0.0159322423962383 -0.0137508646186086 0.00898775773328541 0.575083678646151 0.00200000000000067 0.00100000000000033 0.0300000000000002 0.0260000000000007

 1347 47 500 5 0.6 0.00199999999999978 0.29 0.682 0.0669999999999993 0.999193341330169 -0.0316250469117368 0.0138545535997407 0.0120475891673037 0.0165960835467456 0.619198738691589 0.999304275200052 0.00218978366067845 0.00104268881088591 0.00617368731437582 0.0367010735456775 0.585246681663977 0.999193356434635 -0.0316247210559059 0.0138537964439641 0.0120484452329263 0.0165958056924738 0.619119162915804 0.999304308065483 0.00219021053563107 0.00104236840778402 0.00617322642051841 0.0367002398253716 0.585225044784334 0.00200000000000067 0.000999999999999446 0.0300000000000002 0.0280000000000005

 1336 36 500 5 0.6 0.00300000000000011 0.283 0.716 0.0660000000000007 0.999414086293299 -0.0179823283789537 0.00282054180677896 0.0282206220689863 -0.00661521114980966 0.617682869863552 0.999136960617321 0.0357546404836392 -0.0115120602377535 0.0136842463978662 0.0112762352703979 0.624361924175827 0.999414045589771 -0.0179828428657195 0.00281913158348685 0.028221228076509 -0.00661797728337889 0.617607752482322 0.999136845322748 0.0357561809158256 -0.0115129656797209 0.0136859527964756 0.0112785709259484 0.624264625836411 0.00300000000000011 0.000999999999999446 0.0300000000000002 0.0300000000000002

 1334 34 500 5 0.6 0.004 0.287 0.685 0.0670000000000002 0.998174113407556 -0.0452267547707563 -0.0140897840329135 -0.0374658742131654 0.000875346385480574 0.611283235869477 0.999385121569259 -0.0175861802295324 0.000752492976220889 0.0149955818578776 -0.0263566183338452 0.604741549240828 0.998174076631862 -0.0452284742014796 -0.0140894147424542 -0.0374649531798436 0.000873806032319087 0.611223345548129 0.999385084824489 -0.0175875160499171 0.000752242760258889 0.0149960482156899 -0.0263568620720598 0.604692344162646 0.00300000000000011 0.000999999999999446 0.0300000000000002 0.0289999999999999

 1348 48 500 5 0.6 0.00300000000000011 0.283 0.653 0.0659999999999998 0.999537722878756 -0.0221720989607435 -0.00542608763148935 0.0046402909606959 -0.0195387779259969 0.606285964476815 0.999741726497 -0.00324590820526694 0.0112937863749765 0.0130529734339824 0.0144227131486595 0.599656585375594 0.999537729155133 -0.0221722946828134 -0.00542589013348059 0.00463967475989888 -0.0195384359220532 0.606235937420939 0.999741741645205 -0.00324558266912275 0.0112951866985443 0.0130527316057289 0.0144208585189888 0.599617805515001 0.00199999999999978 0.000999999999999446 0.0310000000000006 0.0279999999999996

 1351 51 500 5 0.6 0.00199999999999978 0.281 0.637 0.0670000000000002 0.999601298710244 -0.00230841947337458 -0.0246605077661209 0.0134271825086734 -0.0018668001834904 0.603710662001015 0.999656881131595 -0.00379761447905755 0.0173272009327109 0.0103641654932742 0.0162496249798755 0.610458589783934 0.999601286270962 -0.00230889872310456 -0.0246602897180905 0.0134285158885887 -0.00186615759628847 0.603665531393193 0.999656865491024 -0.00380227811296757 0.0173258033801551 0.0103657823018645 0.0162499554558039 0.610398728151576 0.00200000000000067 0.00100000000000033 0.032 0.0289999999999999

 1335 35 500 5 0.6 0.00299999999999967 0.281 0.694999999999999 0.0660000000000007 0.998596981055295 -0.0133250075509969 0.0118781921792435 -0.0254486199630319 -0.0428694517523514 0.604210600291306 0.999456557798218 -0.00147799313076156 0.0078435779554969 -0.0297343192898919 0.0117793527693721 0.625896178738182 0.998596962689373 -0.0133239309385449 0.0118786504417942 -0.0254493738240844 -0.0428696396946276 0.60416422691302 0.999456503997283 -0.00148137514141795 0.0078438505750298 -0.029734440962734 0.0117830036073274 0.625792719036813 0.00300000000000011 0.00100000000000033 0.0309999999999997 0.0289999999999999

 1333 33 500 5 0.6 0.00300000000000011 0.287 0.691000000000001 0.0659999999999998 0.999743174148236 -0.0106146440644295 0.0123679718005989 0.00931356737928465 -0.0126966850636656 0.59788174384771 0.999186995570698 0.00407406564985885 -0.0395767551313753 -0.00630089402389147 0.00165198645645794 0.603344382013214 0.999743208299626 -0.0106132502903879 0.012367159327149 0.00931314164786653 -0.0126962647998196 0.597846336476903 0.999186978790979 0.00407414383399028 -0.0395772280619342 -0.00630111473502588 0.0016497692583215 0.603298836234088 0.00199999999999978 0.00100000000000033 0.0300000000000002 0.0280000000000005

 1350 50 500 5 0.6 0.00200000000000022 0.283 0.647 0.0670000000000002 0.999347131526868 -0.0289543885500627 0.00741741283638166 -0.0201349319673491 -0.0025535454171755 0.612158176425954 0.998709489637792 0.0437545869106649 -0.00804979123648253 -0.0217477749864646 0.0112750421678031 0.600303380553347 0.999347127763781 -0.0289554382293591 0.0074160766455607 -0.0201340268589505 -0.00255413328888385 0.612094302376914 0.998709562340553 0.0437526289783118 -0.00805048939596829 -0.0217478056946733 0.011275642552851 0.600263309156548 0.00299999999999923 0.000999999999999446 0.0309999999999997 0.0269999999999992

 1337 37 500 5 0.6 0.00199999999999978 0.277 0.696 0.0659999999999998 0.997924870878912 -0.057996076306715 -0.0122558148378563 -0.0196400917679876 -0.0156993315888991 0.609404304528254 0.999520847606019 -0.0121487675253012 0.00430658759981605 -0.0254322571459935 -0.0120472506517694 0.617373821950584 0.997925058040189 -0.0579940906745239 -0.0122540457963642 -0.0196376867453722 -0.0156991593160506 0.609348397444543 0.999520877632189 -0.0121496830035024 0.00430395810113335 -0.0254300737517922 -0.0120493847948489 0.617298339497567 0.00300000000000011 0.00100000000000033 0.0309999999999997 0.0280000000000005

 1342 42 500 5 0.6 0.00200000000000022 0.283 0.692 0.0670000000000002 0.998849395387837 -0.033706805504545 0.000706800528102954 -0.0233844080474334 -0.0248275349021143 0.609755853330508 0.998542554886435 0.0144082841602898 0.0514060998524794 0.00266335392126648 0.00744895108548283 0.590165284428611 0.998849336270636 -0.0337081607329808 0.000704553092111454 -0.0233843322602903 -0.024828208581965 0.609700070878758 0.998542554198449 0.0144075414241296 0.0514063290749182 0.00266421330352775 0.00744859070317266 0.590138116335893 0.00300000000000011 0 0.0289999999999999 0.0270000000000001

 1345 45 500 5 0.6 0.00199999999999978 0.281 0.694000000000001 0.0649999999999995 0.999421782328844 -0.0254144245230803 -0.00647341192135207 0.00347984594110177 0.0213586901077816 0.60599675286051 0.999486909058787 -0.0191478383730494 0.0065856452748198 -0.02285991934515 0.00966086277716798 0.571098700492326 0.999421813277554 -0.0254123259109563 -0.00647389211076222 0.00348092302344361 0.021359417891056 0.605947266502239 0.999486891376471 -0.0191486789947496 0.00658540771241707 -0.0228600297792334 0.00966092661747427 0.571087791906007 0.00199999999999978 0.000999999999999446 0.0300000000000002 0.0259999999999998

 1339 39 500 5 0.6 0.00300000000000011 0.29 0.696000000000001 0.0659999999999998 0.999258696655787 -0.0102214908611118 -0.0336023531555813 -0.000968929433212043 0.0157328103184395 0.608903808211593 0.999108155175678 -0.00523071952621727 -0.0177963893773825 0.0259100724606892 -0.0277036189856638 0.593612231006075 0.999258670931815 -0.0102234232321526 -0.0336021393149614 -0.000967353223499877 0.0157337422820432 0.608848790607731 0.999108119707873 -0.00523191680978773 -0.0177969301435033 0.0259103813866336 -0.0277040357016864 0.593581788148122 0.00199999999999978 0.00100000000000033 0.0309999999999997 0.0270000000000001

 1340 40 500 5 0.6 0.00199999999999978 0.284 0.707000000000001 0.0659999999999998 0.999648465825159 -0.00564679534096374 -0.00941651778884297 -0.0152123654213014 -0.0187342362215145 0.602624651971698 0.999723865046262 -0.00147100615973302 -0.0202698982512114 -0.00675092512699245 0.00967398742283624 0.591482026577312 0.999648500518788 -0.00564537316222938 -0.00941510880582312 -0.0152135455172748 -0.0187325633955087 0.602581685649873 0.999723872681006 -0.00147064552994557 -0.020269788009919 -0.00675002943746544 0.00967410926356091 0.591455178515517 0.00199999999999978 0.000999999999999446 0.0299999999999994 0.0259999999999998

 1344 44 500 5 0.6 0.00199999999999978 0.29 0.715000000000001 0.0669999999999993 0.999200256608554 -0.0287767372336218 0.0133273281847926 0.011132285571714 0.0216610509669237 0.592977214522248 0.998772022041629 -0.0150395486706541 0.0284052977446748 0.0132194816593731 0.0353078507892037 0.598983172127283 0.999200308704466 -0.0287757599505326 0.0133254799672348 0.0111323803288364 0.0216610345096163 0.592948315810326 0.998771948554327 -0.0150393607582996 0.0284040695101295 0.0132200586381438 0.0353107815524055 0.598944746216147 0.00300000000000011 0 0.0289999999999999 0.0270000000000001

 1346 46 500 5 0.6 0.004 0.29 0.691 0.0659999999999998 0.999641909214812 -0.010804521386699 -0.0205520677421961 0.0129427136943403 0.00306827846139231 0.601970871509156 0.999588612604713 0.0224711057065287 -0.0139533873280323 -0.0110812899295936 0.000403676704233022 0.59206247411808 0.9996419302347 -0.0108058194792253 -0.0205505424236694 0.0129425192719601 0.00306789553480215 0.601929486793895 0.999588578850152 0.0224719389410826 -0.013954008739835 -0.011081880738676 0.000403177312116839 0.592033614317691 0.00300000000000011 0.000999999999999446 0.0289999999999999 0.0269999999999992

 1349 49 500 5 0.6 0.00499999999999989 0.303 0.746 0.0700000000000003 0.999622489191191 0.00875237608246584 -0.00356977138370696 0.00631113656924707 -0.0250140221393898 0.606784893364511 0.999873407085278 -0.00663364216675463 -0.0143109143830193 -0.00145315782188472 0.00150021903306357 0.621681352660752 0.999622543611234 0.00875214988222317 -0.00356872010590174 0.00631214888813134 -0.025011821002576 0.606734981230012 0.999873427643197 -0.00663418622732992 -0.0143091121027091 -0.00145323736971042 0.00150122554088867 0.621593920520949 0.00199999999999978 0 0.0309999999999997 0.0270000000000001

 1352 52 500 5 0.6 0.00199999999999978 0.285 0.74 0.069 0.998306057550286 0.0127020183386385 -0.0150196411600391 -0.0512122958113963 0.0193748632428593 0.619518002429827 0.999446619300955 0.0268756035518264 -0.0126450851152259 0.0142883559086672 -0.00448350415116804 0.578248867282364 0.998306154887426 0.0127011407096391 -0.015020843837257 -0.0512107978716158 0.0193734501399874 0.619434591128958 0.999446623723055 0.0268755582684487 -0.012644441712974 0.0142888349313644 -0.00448307778380972 0.578233510884917 0.00300000000000011 0 0.0309999999999997 0.0259999999999998

 1353 53 500 5 0.6 0.00199999999999978 0.298 0.652 0.0620000000000003 0.999639415984353 -0.003446883809276 0.0184166901257421 -0.016682806408837 -0.00957426224858526 0.615300522127406 0.997003075451258 0.026708268966542 -0.0436817875485194 0.0576802553707346 -0.00603535305321662 0.611247510147467 0.999639426772024 -0.00344642426723631 0.0184168240778765 -0.0166821667970301 -0.00957415816193375 0.615230682636765 0.997003263761213 0.0267074010294154 -0.0436812806845566 0.0576778235081863 -0.00603499568014156 0.611186583855404 0.00199999999999978 0.00100000000000033 0.032 0.0299999999999994

 1354 54 500 5 0.6 0.00199999999999978 0.298 0.709 0.0640000000000001 0.999938870612941 -0.00581308120065265 0.00121229509304375 0.00564378220070915 0.00742571123525861 0.5969610645934 0.999586918618399 -0.0251539199076515 -0.00383396496845433 0.0112837996094135 0.00715884203268695 0.610446077182257 0.999938868960738 -0.00581385138678053 0.00121045668357048 0.0056442262242831 0.00742529316051199 0.596926208094731 0.999586824817395 -0.0251572211456594 -0.00383367599354111 0.0112851199111249 0.00715841272039642 0.610383999362015 0.00199999999999978 0.00100000000000033 0.0310000000000006 0.0300000000000002

 1355 55 500 5 0.6 0.00199999999999978 0.292 0.67 0.0640000000000001 0.999592523777439 -0.0123093057196856 -0.00907445784926468 -0.0240944678603553 -0.000615007494065639 0.587945662212362 0.999794433324495 0.0132899938882364 -0.0149945932358721 -0.00152910959240106 -0.00270021357460583 0.592534821135209 0.999592529527613 -0.0123083611000032 -0.00907543358109779 -0.0240943326733486 -0.000615465646264366 0.58792241266155 0.99979444142202 0.0132887908353272 -0.0149950612316046 -0.00153007086048534 -0.00269999288667601 0.592506463816786 0.00199999999999978 0.000999999999999446 0.0280000000000005 0.0280000000000005

 1357 57 500 5 0.6 0.00099999999999989 0.288 0.659 0.0640000000000001 0.998909938989812 -0.021342731503328 -0.0265007023324288 -0.0308758376424287 0.00823510929582215 0.59266981669917 0.998258604955364 -0.00839139335468233 -8.53599837010025e-06 0.0232316470688748 0.0535689523114131 0.60498094115345 0.998909973705146 -0.0213429475856046 -0.0264998867265744 -0.0308751259413356 0.00823563126463684 0.59264057219545 0.998258684968534 -0.00839261334076318 -8.41525640244968e-06 0.0232313790299641 0.0535673863816038 0.60493297019111 0.00299999999999923 0.000999999999999446 0.0299999999999994 0.0299999999999994

 1356 56 500 5 0.6 0.00200000000000022 0.289 0.667 0.0650000000000004 0.999258994400058 0.00912554936013295 -0.0316540585929868 -0.00234630909318898 0.0197661798962857 0.600299867985265 0.999441387809368 -0.0150654794692661 0.0241302327813532 -0.0168733725268777 0.00479216313708529 0.600908493135066 0.999258950488867 0.00912696567485359 -0.0316544488764524 -0.0023442514388441 0.01976736494776 0.600260660374641 0.999441361323276 -0.0150651235393533 0.0241319770900002 -0.0168723158769438 0.0047937425563091 0.60086676729825 0.00199999999999978 0.00100000000000033 0.032 0.0300000000000002

 1362 62 500 5 0.6 0.00199999999999978 0.287 0.675 0.0649999999999995 0.999847683200915 -0.0024223084999054 0.00237480041004361 -0.0167307401377997 0.00363118117812719 0.604218309612915 0.998787479217808 -0.0058957991462851 0.0184008839754769 -0.0230640587220999 0.0389649531546951 0.599375236653997 0.999847688193744 -0.00242240878509432 0.00237420552797502 -0.0167306257277488 0.00363065561202592 0.604171883428135 0.998787427206193 -0.00589586948497214 0.0184029451153777 -0.0230640696104709 0.0389652958661083 0.599337179475621 0.00299999999999923 0.00100000000000033 0.032 0.0289999999999999

 1361 61 500 5 0.6 0.00200000000000022 0.289 0.705000000000001 0.0649999999999995 0.998790478466773 -0.0466170288535949 0.00282787788264909 0.0043797792919827 0.0147395178011958 0.601385176510361 0.999615345828777 0.0219612947405035 -0.0138463155174408 0.00898294798524989 0.00380106682682663 0.60543475544144 0.998790527730079 -0.0466158402040283 0.00282653930715842 0.00437949188200444 0.0147402810401913 0.601344536625288 0.99961536404055 0.0219622730204323 -0.013842988405958 0.00898317321782709 0.00380221103899882 0.605385089152865 0.00300000000000011 0.00100000000000033 0.0300000000000002 0.0300000000000002

 1359 59 500 5 0.6 0.00199999999999978 0.289 0.7 0.0640000000000001 0.999677108731686 -0.0105427287553442 0.0137117285943384 0.0155557492306712 -0.0102243001264304 0.594356044952453 0.999011919431478 -0.0278581174198125 0.00522385148899833 0.014928211596198 -0.0308053567065522 0.595465932442583 0.999677113279115 -0.0105417332552876 0.0137119583161713 0.0155554027592941 -0.0102251009794933 0.594324434017639 0.999011878612745 -0.0278589122441473 0.00522410083158583 0.0149277644577763 -0.0308061360446463 0.595434027680185 0.00300000000000011 0.00100000000000033 0.0309999999999997 0.0270000000000001

 1360 60 500 5 0.6 0.00099999999999989 0.29 0.728 0.0660000000000007 0.99952349246304 -0.0286106403383335 -0.00977976551689134 0.00509765824936961 -0.00354814609705835 0.605482324362292 0.998108779261996 0.0548147347643226 0.027428321139173 -0.004359825656103 0.00169962718866303 0.611724379943383 0.999523498639988 -0.0286107888843061 -0.00977896480998246 0.00509674446148505 -0.00354872780510916 0.605434821540779 0.998108828363052 0.0548142122456931 0.0274281802754385 -0.004356950445677 0.00169728878243208 0.611662105679649 0.00199999999999978 0.00100000000000033 0.0310000000000006 0.0280000000000005

 1358 58 500 5 0.6 0.00199999999999978 0.288 0.734 0.0659999999999998 0.999697887088581 -0.01960478884248 0.00695904085323731 0.0122523960839885 -0.00460839946966414 0.58355052283362 0.999511720437627 -0.0218283278367628 0.00236814118923477 -0.0173992379065799 -0.0138384695412107 0.604813583906755 0.999697854128683 -0.0196058334574486 0.00695910572496616 0.0122533125345117 -0.0046085707531221 0.583531319957164 0.99951176177368 -0.0218261227397126 0.00236881467593656 -0.0173999239404734 -0.013837984178426 0.604764920808191 0.00200000000000067 0.00100000000000033 0.0280000000000005 0.0289999999999999

 1365 65 500 5 0.6 0.00199999999999978 0.287 0.643 0.0670000000000002 0.999744498250613 -0.0102732049766069 -2.40669786629826e-05 0.0180819258026224 0.00885679723076362 0.602468908204299 0.99929166315237 0.0114652460240048 0.0296050912282708 -0.0174027958400663 0.010266516356332 0.606454932702624 0.999744478594285 -0.0102740122616575 -2.24528979058003e-05 0.0180825238753731 0.00885686278833782 0.602426023066845 0.999291721952232 0.0114672814532165 0.0296038123300762 -0.0174011917983473 0.0102649263679144 0.606403252656434 0.00199999999999978 0.00100000000000033 0.0300000000000002 0.0279999999999996

 1366 66 500 5 0.6 0.00199999999999978 0.282 0.663 0.0659999999999998 0.997328091779812 -0.0707295610204901 -0.012933550969391 -0.00139095338659688 -0.0128372525365182 0.605641921708415 0.999418196818416 -0.0114605630656941 -0.0148146209270529 0.0154761390136408 0.0239361544626726 0.615612301448369 0.997328158663108 -0.0707289733919679 -0.0129336373375974 -0.0013894339031707 -0.0128353714095531 0.605592922749987 0.999418217085839 -0.0114582043937196 -0.0148171121157368 0.0154768995223619 0.0239344036641569 0.615541100819638 0.00199999999999978 0.00100000000000033 0.0289999999999999 0.0279999999999996

 1364 64 500 5 0.6 0.00200000000000022 0.283 0.676 0.0670000000000002 0.999092200603854 -0.0244194623383438 -0.00938554036907856 0.0261314188922552 0.0211547897723627 0.611307570988873 0.998317383455652 0.00506095134558144 -0.0465349740937157 -0.0184800034370004 -0.0288058035958779 0.590231038988974 0.99909234153439 -0.0244189914100697 -0.00938483682794155 0.0261288725388894 0.0211521347245377 0.61124750487995 0.998317264285005 0.0050613884850712 -0.0465360678306031 -0.0184809160609245 -0.0288075043959235 0.590204643460413 0.00300000000000011 0.00100000000000033 0.0299999999999994 0.0270000000000001

 1367 67 500 5 0.6 0.00200000000000022 0.293 0.687 0.0739999999999998 0.998711372327154 0.00372195516378089 0.0278662484008149 -0.0421849852055234 -0.00237509103958046 0.595573578766393 0.999511777114731 -0.00404982510201046 -0.0166041733742494 0.0048594156214345 -0.0257000745518519 0.602444665586254 0.998711419739949 0.00372166533804376 0.0278667845447879 -0.0421836324409246 -0.00237334391763986 0.595540060386942 0.999511840975711 -0.00405040906570126 -0.0166023996488578 0.00485816013632316 -0.0256988821106235 0.602398933062396 0.00199999999999978 0.00100000000000033 0.0309999999999997 0.0310000000000006

 1363 63 500 5 0.6 0.00199999999999978 0.288 0.726 0.0729999999999995 0.999037660385119 -0.0197818304651437 0.0290655570949284 0.00937538059224384 -0.0244893435025794 0.588202735758115 0.999613705321127 0.0249518140715472 -0.00202245045042024 -0.0100082542572638 -0.00675215888457931 0.592841889657707 0.999037653436235 -0.0197822882758073 0.0290650493903029 0.00937511691558628 -0.0244899606768077 0.588178869346506 0.999613714577402 0.0249519771869973 -0.00202315243930045 -0.0100073253122412 -0.00675135227426248 0.592812128674937 0.00199999999999978 0 0.0300000000000002 0.0279999999999996

 1372 72 500 5 0.6 0.00199999999999978 0.286 0.661 0.0679999999999996 0.999345023359447 -0.0249179315494699 -0.0125740859390446 0.0193371357270417 -0.0125135334208268 0.612287965740786 0.999153631919432 0.00426489953038372 -0.0381287972966988 -0.00824179406724768 0.0123328059039509 0.603298382184095 0.999344976007317 -0.024917938987868 -0.0125759030543245 0.019338318934935 -0.0125136456986361 0.612225803398208 0.99915352548951 0.0042631689798501 -0.0381309296727241 -0.00824206924649942 0.0123352498540196 0.603252737652802 0.00300000000000011 0.000999999999999446 0.0309999999999997 0.0279999999999996

 1368 68 500 5 0.6 0.00199999999999978 0.286 0.676 0.069 0.999570456708271 -0.0143875467246561 0.0021559666610411 -0.0095450482177998 -0.0235827148042743 0.613844458033716 0.999884225034255 -0.00285199366856601 0.0115064506750304 -0.00531296742014219 0.00792317043979647 0.608067650967652 0.999570430758401 -0.0143889243772937 0.002156886625526 -0.00954545704622137 -0.0235827245795213 0.613777509886592 0.999884225095435 -0.00284956740287728 0.0115069337002443 -0.00531293025900445 0.00792335912350039 0.608013767364617 0.00199999999999978 0.000999999999999446 0.032 0.0279999999999996

 1369 69 500 5 0.6 0.00199999999999978 0.282 0.714 0.0670000000000002 0.99928870233121 -0.020736510735864 -0.0181295853469057 -0.0242636082686285 -0.00864187275097807 0.59895295191262 0.999437759316744 0.00427210567886841 0.003611662945754 -0.0275288452597794 0.0183039048955122 0.594354071577951 0.999288738825103 -0.0207363358236051 -0.0181289951118912 -0.0242626457579195 -0.00864201313377612 0.598915749075198 0.999437749247091 0.00427028676878853 0.00361155673318744 -0.027529303915275 0.0183042103004747 0.594322664824914 0.00300000000000011 0.00100000000000033 0.0289999999999999 0.0279999999999996

 1379 79 500 5 0.6 0.00199999999999978 0.287 0.62 0.0669999999999993 0.999544201081425 0.000862133877172369 0.0117914189444817 0.0275811748078908 0.00329970379987096 0.597539740484273 0.998894849198018 0.0128720891174655 0.0398391922265468 -0.00372189927621015 -0.0210327315376591 0.595257945830994 0.999544190348372 0.000862630161489748 0.0117925905896918 0.0275810174620278 0.00329995347925221 0.597505252787927 0.998894831918854 0.0128726010918606 0.0398390738831593 -0.00372208397086418 -0.0210334302951553 0.595226269036245 0.00199999999999978 0.000999999999999446 0.0299999999999994 0.0279999999999996

 1377 77 500 5 0.6 0.00299999999999967 0.281 0.642 0.0679999999999996 0.999660939060562 -0.00891750752963679 -0.0152641116621221 0.0183326507538828 -0.00542271034793786 0.600010685047089 0.997938930084966 0.0364464075667818 -0.0405722072537241 -0.0319335952698042 0.0111217214519482 0.61666875358646 0.999660911576994 -0.00891893063080998 -0.0152634885125135 0.0183339906068914 -0.00542266063028702 0.599971135979241 0.997938800565582 0.036448728275647 -0.0405708839250962 -0.0319371072606375 0.0111204806629551 0.616594790151815 0.00199999999999978 0.000999999999999446 0.0299999999999994 0.0280000000000005

 1378 78 500 5 0.6 0.00199999999999978 0.282 0.634 0.0670000000000002 0.998112152155155 -0.0611028955726288 0.00146502015219262 0.00284957401445297 0.00531991698580009 0.612621204993812 0.998875168517273 -0.0173914828705318 -0.0221107556366901 0.0341030412155525 -0.0171473353083902 0.577025017131754 0.998112085028973 -0.0611040734626276 0.001462297436814 0.00284919643697809 0.00531993338870876 0.612556486839842 0.998875148489634 -0.0173918013956756 -0.0221106900404336 0.0341036401201044 -0.0171470723600072 0.577010435872256 0.00300000000000011 0.00100000000000033 0.0300000000000002 0.0259999999999998

 1374 74 500 5 0.6 0.00199999999999978 0.283 0.689 0.0670000000000002 0.998368021943665 -0.0496814593791422 0.0106426579271277 0.0153117314883686 -0.0211028449581076 0.594442057852653 0.999312023064723 -0.0163717069130914 0.0208524763471949 0.0248185850464092 0.00752727291431868 0.600094865890731 0.998367992244561 -0.0496815161373612 0.0106415016914057 0.0153132379973644 -0.0211036063184755 0.594411676439966 0.999311985916021 -0.0163714440301596 0.0208540663166523 0.0248192438135254 0.00752619954104094 0.600055533809091 0.00199999999999978 0.000999999999999446 0.0289999999999999 0.0270000000000001

 1381 81 500 5 0.6 0.00299999999999967 0.28 0.652 0.0670000000000002 0.99826984080408 -0.0355265581244071 0.0421147316529926 0.0154793929523189 0.0134880087653744 0.610008621433992 0.997657375638608 -0.00865638341091012 0.0120113955639426 0.0650562188837091 -0.0151077007281333 0.61319085828421 0.998270030913273 -0.0355254890216039 0.0421114304149478 0.0154787599724764 0.0134877881178155 0.609950426798336 0.997657283490307 -0.00865886463690013 0.0120126777926166 0.0650575922523034 -0.0151054302991906 0.613124607625125 0.00300000000000011 0.000999999999999446 0.0299999999999994 0.0279999999999996

 1382 82 500 5 0.6 0.00200000000000022 0.28 0.639 0.0659999999999998 0.997768538833171 -0.0537712829271355 -0.020421086509387 -0.018184366782222 0.0286164302035522 0.601021502079672 0.999064882567084 0.00453859705620287 -0.00607877175853344 0.00553469458142564 0.0422039956375877 0.615623207737627 0.997768669197134 -0.0537691943118596 -0.0204211118604173 -0.0181836160115121 0.0286162682885928 0.600981789504724 0.999064743472133 0.00453730899703712 -0.0060816130747571 0.00553476108317016 0.0422070086619323 0.615552857260018 0.00199999999999978 0.00100000000000033 0.0279999999999996 0.0279999999999996

 1371 71 500 5 0.6 0.00199999999999978 0.286 0.694 0.0670000000000002 0.999621112598932 -0.0152448254104345 0.0153929443904042 -0.0115294583884428 0.0124641645103934 0.602018847689538 0.999235507099029 -0.0242097642647797 0.0138789535393042 -0.0155242420106885 0.0225535191364318 0.606383605837712 0.999621179850467 -0.0152439319643472 0.0153907738707686 -0.0115295852620875 0.0124624265682988 0.601976798520851 0.999235496315586 -0.0242075184062765 0.0138801186801692 -0.0155258872604065 0.0225545579818346 0.606331059867983 0.00300000000000011 0.000999999999999446 0.0289999999999999 0.0289999999999999

 1375 75 500 5 0.6 0.00300000000000011 0.286 0.652 0.0669999999999993 0.998820154691159 -0.0186211934820663 -0.000885765726825749 -0.0111241890987275 -0.0434398155153265 0.617458685025438 0.999036974018082 0.0243963423825764 0.0181917913547722 -0.0263907229390247 0.0173934324733924 0.583441337403421 0.998820341284073 -0.0186170170097052 -0.000887973172101793 -0.011121975912137 -0.04343783685087 0.61738339298405 0.999036999370577 0.0243950003349557 0.0181914588857555 -0.0263907404444473 0.017394179764866 0.58342256522697 0.00199999999999978 0.00100000000000033 0.0289999999999999 0.0260000000000007

 1376 76 500 5 0.6 0.00200000000000022 0.281 0.685 0.0660000000000007 0.998101214204407 -0.0482083708661093 -0.00682699899718203 0.0236912108688412 -0.0293604801456884 0.607980342708725 0.999272951238031 -0.0267993187960969 -0.000778304072212577 0.00843956040819497 0.0257591439878733 0.588389137575048 0.998101141977336 -0.0482086635661226 -0.00682678413174802 0.0236920384591569 -0.029361837012954 0.607928219164026 0.999272975937133 -0.0267988250209047 -0.000777674010704274 0.00843915341783461 0.0257588519147968 0.588364886854654 0.00300000000000011 0 0.0279999999999996 0.0259999999999998

 1384 84 500 5 0.6 0.00200000000000022 0.279 0.677 0.0660000000000007 0.998397262089455 -0.0521171529606206 -0.0169985018371089 0.00792493000801834 -0.0116170495058154 0.600860398717275 0.999570355867466 0.0279500951249701 0.00342108143883126 0.00759050425669519 0.00292853212572549 0.613353645764173 0.998397254393153 -0.0521170650764085 -0.0169998498184477 0.00792344657959391 -0.0116171445926084 0.600819878127413 0.999570275630286 0.0279525062236016 0.00342638989203283 0.00759027485114452 0.00292729434887846 0.613289548629404 0.00300000000000011 0.00100000000000033 0.0279999999999996 0.0270000000000001

 1380 80 500 5 0.6 0.00199999999999978 0.28 0.667 0.0650000000000004 0.998714622285974 -0.00499625843195613 0.0293290209093809 -0.00354716984545937 0.0408823525796811 0.622394278055967 0.999155457382821 0.013134426005634 -0.0157110627373147 0.0294188305142131 0.0200886474026863 0.620998943969772 0.998714849632952 -0.00499519994363182 0.0293259377492334 -0.00354190623152309 0.0408795960783417 0.62230519851285 0.999155381643876 0.0131384328280512 -0.0157129442296627 0.0294200919606936 0.0200864752398754 0.620912681936017 0.00300000000000011 0.00100000000000033 0.0300000000000002 0.0279999999999996

 1373 73 500 5 0.6 0.00200000000000022 0.281 0.72 0.0659999999999998 0.998996118864942 -0.0159768740459964 -0.0221206213034946 -0.0318747241113837 -0.0156899351327927 0.611614922142593 0.999225874794515 0.000653666188473116 0.00930965971397479 -0.0247141567513967 -0.0291507213243305 0.62384033249847 0.998996146117012 -0.015982160979323 -0.0221190857220228 -0.0318713503757428 -0.0156918337308786 0.611552062857387 0.999225944390271 0.000652633520713847 0.00931221598827106 -0.0247143476994583 -0.0291473802945743 0.623746491784622 0.00199999999999978 0.00100000000000033 0.0310000000000006 0.0279999999999996

 1383 83 500 5 0.6 0.00300000000000011 0.279 0.699 0.0660000000000007 0.999426893305076 -0.00375942381844913 0.0317063453154315 -0.00673663646390236 -0.00900428048258826 0.619041308575755 0.999529260851582 -0.00162004418821148 0.00517415860634215 -0.0155414876263481 -0.0258905852269623 0.625602327052284 0.999426980592198 -0.00375795708783503 0.031702946129784 -0.00673598291109904 -0.00900766139472882 0.618961431235996 0.999529326149289 -0.0016218335810658 0.00517206207082268 -0.015543118244117 -0.0258873921546433 0.625499838176364 0.00300000000000011 0 0.0290000000000008 0.0280000000000005

 1370 70 500 5 0.6 0.00200000000000022 0.287 0.71 0.0670000000000002 0.999580995644409 0.000303544874779009 0.00843728572932421 0.0242783573301093 -0.013308440251017 0.609987955145029 0.998521038251218 -0.0143537989691608 0.008068081683366 0.0167321561426052 -0.0490371862328282 0.590063039608712 0.99958099835551 0.000301239835972252 0.00843815941889134 0.0242790157695015 -0.0133065337352851 0.609932357328658 0.998521030611013 -0.0143536326322516 0.00806850132033723 0.0167333341365077 -0.0490369194882566 0.590037662507287 0.00300000000000011 0.00100000000000033 0.0280000000000005 0.0259999999999998

 1385 85 500 5 0.6 0.00099999999999989 0.302 0.657999999999999 0.0619999999999994 0.999246192962494 -0.0128196639182753 -0.00497937059097456 0.0357527893165111 -0.00629650630054108 0.600640196437475 0.999163513768487 0.00523005187924037 0.0336703857297087 -0.0194190270466942 0.0115812704192269 0.592018819724851 0.999246190973125 -0.0128180686565314 -0.00497944467758917 0.0357533422597565 -0.00629687141189296 0.600600437324025 0.999163529168415 0.00522975341640879 0.0336698254580877 -0.0194189206226522 0.0115818838879728 0.591990326977107 0.00200000000000067 0.00100000000000033 0.0279999999999996 0.0270000000000001

 1386 86 500 5 0.6 0.00199999999999978 0.325 0.69 0.0640000000000001 0.999127558175204 -0.0261331686095709 0.00977620913856884 -0.0019461977655019 0.0310131914258057 0.585519335261712 0.998114026742837 -0.0142565464499908 0.00614156751546221 -0.059127591235283 0.00559907185931477 0.63002043175111 0.9991275561305 -0.0261328469673777 0.0097760446218703 -0.00194576261700032 0.0310136074886978 0.585498562780106 0.998114310826709 -0.0142556357203697 0.00614144519367386 -0.059122855452311 0.00560089164603902 0.629904729758315 0.00299999999999923 0.000999999999999446 0.0270000000000001 0.0289999999999999

 1387 87 500 5 0.6 0.00200000000000022 0.354 0.640000000000001 0.0630000000000006 0.997783356229517 -0.0591078662452631 -0.00731557229350618 0.0278439593971044 0.0102873955111691 0.609874284040855 0.998738803234284 -0.00980436147147396 -0.0366060474395151 -0.00859049261581166 -0.0317943098330483 0.62387563888018 0.99778342302618 -0.0591065513268752 -0.00731666926059414 0.0278434666255861 0.0102890252990569 0.609817434565245 0.998738839541091 -0.00980721286208584 -0.036604495843898 -0.00858929648776241 -0.0317943994730641 0.62378065910555 0.00199999999999978 0.00100000000000033 0.0289999999999999 0.0289999999999999

 1388 88 500 5 0.6 0.00499999999999989 0.395 0.652 0.0640000000000001 0.999476083188188 -0.00938693085253099 0.00855707584211102 0.0222646441250809 -0.0197612433562134 0.643024161722667 0.999362811067867 -0.0249694752729148 -0.0172936836188039 -0.00987406787466393 -0.0159351325575271 0.607207902245323 0.999476001055778 -0.00938189207422928 0.00855939450041487 0.0222700760553094 -0.0197606652958286 0.6428493115457 0.999362848917234 -0.0249681824008052 -0.0172944700933573 -0.0098740884733017 -0.0159339183078728 0.60715469084987 0.00199999999999978 0.00100000000000033 0.0300000000000002 0.0280000000000005

 1391 91 500 5 0.6 0.00200000000000022 0.456 0.689 0.0639999999999992 0.999688319745291 0.0011768251056046 0.0229055213196835 -0.00732539662438412 -0.00659955338462109 0.604920848742513 0.999758340011763 -0.01159776695113 0.0141146314146557 -0.00525590436184482 0.0110411062868816 0.606733321380122 0.999688381722806 0.00117749229100472 0.0229040681234977 -0.00732271240137414 -0.00659806841601944 0.604873189063826 0.999758375030496 -0.011597463281643 0.0141120841635282 -0.00525383610330906 0.0110424946717199 0.606681094711444 0.00300000000000011 0.000999999999999446 0.0279999999999996 0.0289999999999999

 1389 89 500 5 0.6 0.00299999999999967 0.462 0.704999999999999 0.0640000000000001 0.998731284881501 -0.0316571321654242 0.011010418922608 0.0173015636855582 -0.0333627509535706 0.616775113651478 0.999078524929812 0.0307064598901279 0.0155203581332909 0.0131501032369185 -0.0220319679865312 0.575297784183748 0.998731262424668 -0.0316598844311775 0.011005556635513 0.0173018954271084 -0.0333622437975281 0.616704975259716 0.99907852174479 0.0307064959352107 0.0155200573468156 0.0131500572339953 -0.0220323015211781 0.575284722035906 0.00199999999999978 0.00100000000000033 0.0289999999999999 0.0270000000000001

 1393 93 500 5 0.6 0.004 0.451 0.718 0.0629999999999997 0.998952881579532 -0.018589373310163 0.0343022750744713 0.0211955956336284 -0.0110306950975517 0.613477145574973 0.999722203252094 -0.00150424319025488 0.008281655749231 -0.0105463632598757 0.0193246468854165 0.606802545180384 0.998952891303888 -0.018589792033106 0.0343014024528129 0.0211947832770751 -0.011033382952538 0.613412498559682 0.999722245048455 -0.00150356268494448 0.00828245883609952 -0.010545586436703 0.0193226172364024 0.606751549338242 0.00199999999999978 0.00100000000000033 0.0289999999999999 0.0289999999999999

 1392 92 500 5 0.6 0.00200000000000022 0.47 0.71 0.0640000000000001 0.999807644302691 -0.00386846591110039 0.007278128383187 0.0173215230720246 -0.00408693664021933 0.610141765918515 0.999280745438108 -0.0277784828573346 0.00383844410096383 0.00763074527330061 0.0243595106736998 0.613848072705389 0.999807739246888 -0.00386733069425585 0.00727642282665682 0.0173170521571382 -0.00408676776477785 0.610085327695133 0.99928082493655 -0.0277775655192981 0.00383832112351814 0.00762824563352485 0.0243580977799077 0.613782069172791 0.00199999999999978 0 0.0290000000000008 0.0289999999999999

 1390 90 500 5 0.6 0.00200000000000022 0.479 0.702 0.0640000000000001 0.999366856168421 -0.0324819312629941 0.0046194717859562 -0.0137646422113622 7.77089757596693e-05 0.59149329687534 0.998977033505031 -0.0320400509910959 0.00685073735669735 -0.0206542058639061 0.0233407977536772 0.593472301842153 0.999366854982841 -0.0324824337237182 0.00461994538993237 -0.0137633892005871 7.67032991815806e-05 0.591466116943237 0.998977069113016 -0.0320393928182801 0.00684991191328885 -0.0206542973889046 0.0233403384798941 0.593442145247698 0.00199999999999978 0 0.0289999999999999 0.0279999999999996

 1394 94 500 5 0.6 0.00100000000000033 0.465 0.685 0.0650000000000004 0.999096458914643 -0.013003869669661 -0.0140717551865173 -0.0227250278928638 0.0303763719208684 0.63519014849156 0.997959928644902 0.0508755359038905 -0.034847780781639 -0.000337777647685014 0.0165281198691815 0.599788155706069 0.999096467353936 -0.0130023518718456 -0.0140755875085167 -0.0227247199089089 0.0303751988971027 0.635051267566312 0.997959865420139 0.0508769100730315 -0.0348479165553042 -0.00033720119573118 0.0165274329267123 0.599749079586773 0.00199999999999978 0.000999999999999446 0.0300000000000002 0.0270000000000001

 1396 96 500 5 0.6 0.00099999999999989 0.381 0.708 0.0650000000000004 0.999766166751785 -0.011244136765505 -0.010231520447627 -0.00439308569460279 -0.0147376386931832 0.60431009872732 0.999226992531044 -0.0233217195782465 0.0186805527925106 -0.0113415810715851 0.0228893049138938 0.58958351350789 0.999766153408889 -0.0112431571952636 -0.0102305580449956 -0.00439324853034432 -0.0147399105734758 0.604264852004566 0.999227040730947 -0.0233206836271936 0.0186801789200318 -0.0113414893466389 0.0228886068197926 0.589557127953623 0.00199999999999978 0.00100000000000033 0.0289999999999999 0.0280000000000005

 1395 95 500 5 0.6 0.00300000000000011 0.415 0.69 0.0650000000000004 0.999146100791392 -0.0411146333341094 -0.00211166837740936 -0.000253141460843207 0.00348324205636138 0.603120491854532 0.999693183782584 -0.014797071153489 -0.0143351374818538 0.00847531233211825 -0.0108285686112737 0.596713092289656 0.999146016612254 -0.0411168170962092 -0.00211244215054153 -0.000254347512768137 0.00348105375505705 0.60307520592014 0.999693166406213 -0.0147992211360969 -0.0143352416574776 0.00847392748830807 -0.010828180550257 0.596678557953675 0.00199999999999978 0.000999999999999446 0.0300000000000002 0.0270000000000001

 1397 97 500 5 0.6 0.00599999999999978 0.377 0.721 0.0649999999999995 0.999182469818228 -0.0228878644520761 0.00646877933525843 0.0211163712942824 0.0249557894293789 0.577730185290796 0.998745167936329 -0.0418721662652306 -0.0254468145129227 0.00738155463579671 -0.00726522528176067 0.585666278793342 0.999182455622428 -0.0228882102964221 0.00646928205363167 0.021115901483013 0.0249563078205182 0.577715948366336 0.9987451856332 -0.0418717741680782 -0.0254467745676297 0.00738109960130673 -0.00726565449917143 0.585644877489821 0.00200000000000067 0 0.0270000000000001 0.0259999999999998

 1399 99 500 5 0.6 0.00199999999999978 0.292 0.672 0.0649999999999995 0.998381332797113 -0.0314107346497365 0.0015112170267854 -0.0112727168643056 -0.0460295790619356 0.610997907602713 0.999589401993286 -0.0124228495466053 -0.0146254009744879 0.0207772278085434 -0.00459398332324302 0.609888450703103 0.998381358811045 -0.0314100935550132 0.00151226576679983 -0.0112743821752847 -0.0460290099860172 0.610939841462231 0.99958943326989 -0.0124223658098497 -0.0146251969259629 0.02077626667546 -0.00459348242341899 0.609830133289916 0.00199999999999978 0.000999999999999446 0.0289999999999999 0.0270000000000001

 1400 100 500 5 0.6 0.00199999999999978 0.3 0.688000000000001 0.0670000000000002 0.998528444225586 -0.0363649331397043 -0.0170126104239983 0.0354604302877876 -0.00846561755234482 0.621479407746864 0.998622733995624 0.0263082650229371 0.0401310379390241 -0.0140993067671159 -0.0158499110789851 0.586587083920241 0.998528385864602 -0.0363647173983385 -0.0170085822997183 0.0354646687048867 -0.00846376706784879 0.621390690920874 0.998622698702721 0.0263092033800414 0.0401317114253246 -0.0140984505062168 -0.0158496335793626 0.586564776726185 0.00200000000000067 0.00100000000000033 0.0310000000000006 0.0259999999999998

 1398 98 500 5 0.6 0.00099999999999989 0.291 0.72 0.0650000000000004 0.997847547344921 -0.0590471958795315 0.0273340966216381 -0.00705407717479999 0.00409732517385049 0.613665219422226 0.999301865219307 -0.0177554561485552 -0.0232930990838598 -0.0231938162159046 -6.61103800414068e-05 0.602161716270953 0.997847638841584 -0.0590467934009351 0.0273317553473596 -0.00705452373728768 0.0040956918603869 0.613602276151234 0.999301909396674 -0.0177533415322108 -0.0232934001978587 -0.0231932259380389 -6.72191326153337e-05 0.602117967854339 0.00199999999999978 0.00100000000000033 0.0280000000000005 0.0279999999999996

 1404 4 1000 5 0.6 0.00999999999999979 0.365 1.36 0.137 0.999854952178555 0.0156798025023046 0.00137455236541806 0.00631514963660253 0.00156457290362207 0.59594557315037 0.999685860461107 0.0158495845068508 0.0065070550826422 0.0181482833907641 -0.00229545403252716 0.60892858162872 0.999854970358348 0.0156791206209364 0.00137423223579725 0.00631395322430196 0.00156489830488862 0.59591178072528 0.999685888936026 0.0158495757864773 0.0065063942772992 0.0181470871136777 -0.00229444380492804 0.608873001092276 0.00199999999999978 0.00100000000000033 0.0449999999999999 0.0439999999999996

 1403 3 1000 5 0.6 0.0110000000000001 0.334 1.393 0.138 0.999612170816306 0.00265709157623242 0.00546044167562362 0.0271769075140102 0.000217013708265406 0.592595904639979 0.999375058328536 0.0169095492327388 -0.0187113741566011 -0.0171749941982367 -0.0178455593087673 0.601869017433876 0.999612196352808 0.00265729723660459 0.00546005284267168 0.0271760240459568 0.000217288106032253 0.59256668477658 0.999375034255126 0.0169090712555871 -0.0187136661204131 -0.0171740698913619 -0.0178458465907457 0.601826390751266 0.00200000000000067 0.000999999999999446 0.0449999999999999 0.0440000000000005

 1402 2 1000 5 0.6 0.0190000000000001 0.335 1.449 0.136 0.999420121218383 -0.0109201421860096 -0.0164786409467846 0.0240305590271952 -0.013826005347113 0.60318035515204 0.999607975352915 -0.0166217114362865 -0.0177430808782648 -0.0138417661514684 -0.00109677277943965 0.606298138406091 0.999420097224087 -0.0109196573585844 -0.0164798348867424 0.0240309129224772 -0.0138260845500466 0.603135635559043 0.999607964176974 -0.0166230585658546 -0.0177426024849773 -0.0138414978438677 -0.00109766678948746 0.606247220823527 0.00200000000000067 0.000999999999999446 0.0469999999999997 0.0460000000000003

 1401 1 1000 5 0.6 0.0180000000000002 0.33 1.404 0.133 0.999520660481912 0.00643157244097848 -0.0144644590324378 0.026041618882259 0.00544955563598673 0.600767089073562 0.99917247843328 -0.012941250177842 0.0264811296185555 0.0141550787678374 0.0241922695200677 0.585563264987849 0.999520692496352 0.00643103855191281 -0.0144641088542426 0.0260407649832793 0.00544932370985175 0.60072672477442 0.999172486588828 -0.012940981296594 0.0264815563286014 0.0141549702621143 0.0241916729118617 0.585541685531378 0.00199999999999978 0.00100000000000033 0.0519999999999996 0.0430000000000001

 1408 8 1000 5 0.6 0.0179999999999998 0.328 1.35 0.130999999999999 0.999525254074254 -0.00105582012069198 0.0106098002850475 0.0286113420506805 -0.00412006743165618 0.609735778782978 0.999531759514929 0.0031909425548042 3.83140986409432e-05 -0.0275237289990927 0.0129816208778807 0.61003878511135 0.999525272971252 -0.00105732602054845 0.0106084927229896 0.0286111227744145 -0.00411998654895179 0.609678394374683 0.999531741258815 0.00319185317294148 3.75613437181759e-05 -0.0275247024852758 0.0129807407988388 0.609982655439062 0.00199999999999978 0.00100000000000033 0.0529999999999999 0.0440000000000005

 1406 6 1000 5 0.6 0.0470000000000002 0.321 1.356 0.131 0.998962699829257 0.0181256978393076 -0.031279662732623 0.024342185766652 -0.0131918201592702 0.600230437149759 0.999727883255873 0.000283017200027015 0.00270277788832097 -0.0043724503100705 -0.0227520551152495 0.605302857794198 0.998962699140656 0.0181249221854171 -0.0312805658488399 0.0243413862585827 -0.0131922718504149 0.600190497093911 0.99972788902884 0.000283392151939661 0.00270338284373439 -0.00437326547980145 -0.022751568233234 0.605253836434194 0.00199999999999978 0.00100000000000033 0.0510000000000002 0.0439999999999996

 1405 5 1000 5 0.6 0.0150000000000001 0.329 1.416 0.131 0.998812203389055 -0.0113122631852945 0.0164591187106821 0.0160092459747738 -0.0414610240746016 0.595598143755746 0.999699792718945 -0.00184291804206441 -0.00692358045927905 0.00204429121984636 0.0233412295696043 0.596469704306536 0.998812236978173 -0.0113125764998771 0.0164582119121295 0.0160100418929874 -0.0414601820405082 0.595565907946647 0.999699807496447 -0.00184215167765687 -0.006924445527679 0.00204348879362008 0.0233404707846084 0.596435877337553 0.00199999999999978 0.00100000000000033 0.0520000000000005 0.0419999999999998

 1413 13 1000 5 0.6 0.0529999999999999 0.324 1.385 0.132 0.999754904118548 0.0131264899665696 -0.00273460884343405 0.0174737521351777 0.00223983322187128 0.606366517045878 0.999538610862222 0.00587540959160848 0.0178164230273256 0.0169730835318702 0.0168087615154305 0.604480504235735 0.999754892566959 0.0131253113403771 -0.00273410533933588 0.0174754775838543 0.00223904931977221 0.606315791123818 0.999538621358102 0.00587528719301842 0.0178162962846331 0.0169731289954403 0.01680826858268 0.604433059640321 0.00199999999999978 0.00199999999999978 0.0469999999999997 0.0439999999999996

 1416 16 1000 5 0.6 0.024 0.326 1.405 0.132 0.999760452079654 0.00130001531644996 0.00556827981479894 0.0185306658019832 0.01014677793692 0.602293752435394 0.999596971611588 -0.00449470979103973 -0.00971606806521707 -0.00323768040682351 0.0260922857521553 0.605678837779551 0.999760426231707 0.00129971741258554 0.00556902949217241 0.0185318216244118 0.010146840564445 0.602250965926713 0.999596966689219 -0.00449606721402196 -0.00971723965895002 -0.00323752008542766 0.0260918240532631 0.605629216087208 0.00199999999999978 0.00100000000000033 0.0529999999999999 0.0439999999999996

 1411 11 1000 5 0.6 0.0589999999999997 0.324 1.392 0.133 0.999906910075884 -0.000434355245169085 0.0030998015966102 0.00779228534480545 -0.0107542567007379 0.595079024472017 0.999787298707854 -0.0109828826582739 0.00118757004864001 -0.0155574327641905 0.00782876708904831 0.602888191333185 0.999906913459653 -0.00043385520627016 0.00309829217167597 0.00779232166693082 -0.0107543709210999 0.595046603295965 0.99978729874043 -0.0109834858584821 0.00118700872416808 -0.0155571161233256 0.00782863103775289 0.602843041827592 0.00199999999999978 0.00100000000000033 0.0529999999999999 0.0449999999999999

 1415 15 1000 5 0.6 0.0550000000000002 0.319 1.407 0.132 0.999171390699148 -0.0102879107188302 -0.017973096126356 0.0283310602877442 -0.0206157643558932 0.593895048796667 0.999649523252672 0.00414229542359955 -0.00571315737361845 0.00489564405168438 0.0250412569866599 0.612699995178799 0.999171404591302 -0.0102881621180095 -0.0179733227442503 0.0283305473578993 -0.0206154729077691 0.593864768262022 0.999649520417602 0.00414012753333067 -0.0057112025858719 0.00489791422915866 0.025041730652931 0.612636190325286 0.00199999999999978 0.00100000000000033 0.0450000000000008 0.0440000000000005

 1409 9 1000 5 0.6 0.0799999999999996 0.322 1.427 0.132000000000001 0.998714331176475 -0.0123503424591718 -0.0280374996932716 0.0327412891525006 -0.0236444568440239 0.605358806406488 0.999968421342855 -0.00258801642406753 0.00202584771868406 -0.00693651064185371 -0.00205894371032803 0.609381899628927 0.998714322765336 -0.0123497622890892 -0.0280384779082038 0.03274148972495 -0.0236436774204511 0.605310482090732 0.99996841477063 -0.00258801937136335 0.00202554043505895 -0.00693723236652532 -0.00206000239953705 0.609326394375456 0.00199999999999978 0.00100000000000033 0.0460000000000003 0.0419999999999998

 1414 14 1000 5 0.6 0.0709999999999997 0.323 1.398 0.132000000000001 0.998620515105955 -0.0184347274641098 -0.0148092603657926 0.0410527558921065 -0.0226403329022127 0.614069898541553 0.999811653894665 -0.00998013699087118 0.0125784200093929 -0.00709015364806248 0.00828049958473071 0.597835238151322 0.998620597618851 -0.0184352305646658 -0.0148087898593949 0.0410508176359812 -0.0226401060004856 0.614002902709698 0.999811634169563 -0.00998066007895786 0.0125794172527526 -0.00709039068085829 0.00828053290251165 0.597798818132689 0.00199999999999978 0.000999999999999446 0.0470000000000006 0.0430000000000001

 1410 10 1000 5 0.6 0.0750000000000002 0.329 1.423 0.129 0.999842352437445 0.00973838585698744 -0.00835429644149067 -0.00917677282900886 0.00815025672405351 0.597423714272099 0.999016812026317 -0.013908221411009 0.0363171589034485 0.0207644115179567 0.00467694873307622 0.595608004962902 0.999842371568411 0.00973804184705285 -0.00835438956459678 -0.0091755785646304 0.00814956995472107 0.597388232422698 0.999016857639166 -0.0139075305783307 0.0363162378382161 0.0207642323791028 0.00467720738937041 0.595575051047947 0.00199999999999978 0.00100000000000033 0.0460000000000003 0.0419999999999998

 1412 12 1000 5 0.6 0.0550000000000002 0.319 1.475 0.133 0.999561650718743 -0.0160439203295667 0.0225281317306734 0.00523448818224587 0.00917509929515284 0.590727247347504 0.999337262677964 -0.0256672774809224 0.02579724756421 -0.00030598031843077 0.000796670689087977 0.600066469332336 0.999561639503485 -0.0160449827559301 0.0225277270987409 0.00523461928136933 0.00917538196536368 0.590699978434768 0.999337290863834 -0.0256668089498196 0.02579662032745 -0.000305519624371866 0.000796896923433121 0.60002703569428 0.00199999999999978 0.000999999999999446 0.0449999999999999 0.0419999999999998

 1407 7 1000 5 0.6 0.04 0.323 1.481 0.131 0.999502909878645 0.0202857587151175 -0.0140764171298666 0.019046990741072 0.00463548939902313 0.601328061752346 0.999669609360994 -0.0164834834541349 0.000249284945847517 0.0120234759742067 -0.0156314035124084 0.58641989836546 0.999502940785824 0.0202847961674311 -0.0140763760465798 0.019046320356909 0.0046359166507329 0.601286443660752 0.999669624574152 -0.0164836190390317 0.0002492534988099 0.0120230577560629 -0.0156306097781739 0.58639761965671 0.00199999999999978 0.00200000000000067 0.0449999999999999 0.0419999999999998

 1418 18 1000 5 0.6 0.0380000000000003 0.367 1.308 0.129 0.999158629185619 0.0151620970539797 -0.0190901581337724 0.0285506912153741 -0.0165096465859085 0.590873369533867 0.999487855554855 0.00884572800218788 0.0262329603536856 0.0128638945757981 -0.00959852602711549 0.579663779057276 0.999158617964699 0.0151624512351501 -0.0190906128676592 0.028550695432841 -0.0165094672855438 0.590846572311222 0.999487851279303 0.0088455205563272 0.0262330211821139 0.0128638435122099 -0.00959906458578232 0.579647366186414 0.00199999999999978 0.00200000000000067 0.0430000000000001 0.0490000000000004

 1417 17 1000 5 0.6 0.0189999999999997 0.383 1.37 0.129 0.99918295300828 0.0110543645347644 -0.0282198613528271 0.0265410705746781 0.00323085752740187 0.588189934161709 0.999652246764047 0.0136017764845611 0.0122113015605541 0.0179123033935893 -0.00635694245613785 0.59545479957623 0.99918295776224 0.011054084727099 -0.0282196396403671 0.0265412405943366 0.00323088449645659 0.588166183653758 0.999652265911628 0.0136022766828796 0.0122109763046688 0.0179110834010249 -0.00635692346021936 0.595422150942871 0.00199999999999978 0.00100000000000033 0.0439999999999996 0.0430000000000001

 1420 20 1000 5 0.6 0.0470000000000002 0.361 1.398 0.131 0.999863174778157 -0.000458501146934361 0.00312372461490302 0.0154575919909513 -0.00497259425386994 0.600324540378171 0.999884087993409 -0.00423680955565058 -0.000378725247158523 0.00828491014006518 -0.0120447853254865 0.598502269452105 0.999863164873585 -0.000458788731769637 0.00312397945260175 0.0154575280601105 -0.00497459752432882 0.600285190960179 0.999884089757915 -0.00423526503813081 -0.000379157863386107 0.00828562445283636 -0.012044677072589 0.598465523994045 0.00199999999999978 0.000999999999999446 0.0440000000000005 0.0419999999999998

 1419 19 1000 5 0.6 0.0339999999999998 0.401 1.406 0.129 0.999127240657548 -0.017337258726812 -0.0047023994035833 0.0373829448297104 0.00495775267449246 0.58941779305696 0.999851895827159 -0.00327528758666622 0.00616361273397206 0.0151771347321402 -0.00413803835767406 0.590026539567051 0.999127231599607 -0.0173376082929841 -0.00470215374628279 0.0373831571399635 0.00495698771220316 0.589392452090122 0.999851893272062 -0.00327445043160033 0.0061637669126944 0.0151774372234274 -0.00413797914685142 0.589999987451921 0.00200000000000067 0.00100000000000033 0.0439999999999996 0.0439999999999996

 1422 22 1000 5 0.6 0.02 0.375 1.414 0.131 0.999252556331911 -0.0238681374455022 -0.0105972313278789 0.0204584325739776 0.0198441906819709 0.598244856875173 0.999825382098293 0.00500502478004421 0.000384488633549505 0.0163800707072634 -0.00746327616191825 0.589753182131734 0.999252584316847 -0.0238677649935419 -0.0105968987354214 0.0204582593971722 0.0198435856121211 0.5982086903679 0.99982537765844 0.00500563468071905 0.000384242056283121 0.0163800602844566 -0.00746349748580766 0.589727266558403 0.00199999999999978 0.000999999999999446 0.0430000000000001 0.0430000000000001

 1421 21 1000 5 0.6 0.04 0.357 1.391 0.132 0.998827934494979 0.00293264516289344 0.00347783603831825 0.0394826738297673 -0.027625712453892 0.596630625322205 0.99965282358735 0.00537855588194681 0.00932182844235691 -0.0183882591362391 0.0155009312911371 0.599120172649878 0.998827983398656 0.00293229200414424 0.00347799122623939 0.0394818283536872 -0.0276251705923738 0.596596452772993 0.999652815423022 0.00537897540786981 0.00932318440028641 -0.0183882851265057 0.0155004659004657 0.599082407612106 0.00200000000000067 0.00100000000000033 0.0439999999999996 0.0440000000000005

 1427 27 1000 5 0.6 0.0340000000000003 0.322 1.298 0.129 0.999915955645861 -0.00797291217340777 0.000935524675393284 0.00920496258223976 0.00434830699718567 0.597301288559583 0.99968899510313 0.0135102030967093 0.00289790319278706 0.0155907521596336 -0.0137083217850094 0.594273712659856 0.999915946451061 -0.00797332490333754 0.000935107423860141 0.00920567544075738 0.00434824523798501 0.597265775238865 0.999688994568675 0.0135098175704286 0.00289755710391758 0.0155910652243286 -0.0137084578084102 0.594242074548469 0.00200000000000067 0.00100000000000033 0.0439999999999996 0.0489999999999995

 1426 26 1000 5 0.6 0.0329999999999999 0.354 1.375 0.13 0.999264642368378 -0.0118430085189793 0.0260983499642281 0.0232652750035692 -0.0103692222355395 0.599537431883062 0.999674029155045 -0.0125538315438877 -0.018352165318476 -0.000899488674744139 0.012515018766759 0.587908609630494 0.99926467073277 -0.0118424706744362 0.0260971471038187 0.0232660701047984 -0.0103683464725487 0.59949895872782 0.999674036067957 -0.0125541104747858 -0.0183514420766193 -0.000899443270160234 0.0125152505887766 0.587884819850765 0.00200000000000067 0.00100000000000033 0.0440000000000005 0.0419999999999998

 1424 24 1000 5 0.6 0.024 0.341 1.434 0.13 0.999629796341064 -0.0059205320165869 0.0175346799954525 0.0180680714604134 -0.00844377634246654 0.597803222518041 0.9996121055955 0.0167590578629383 -0.00754645643663441 0.00734925067185898 0.0195911162594286 0.585930271889783 0.999629815709797 -0.00592008204740869 0.0175336945836587 0.0180683495351608 -0.00844325007750904 0.597766379116155 0.999612086477276 0.0167595357514744 -0.00754572323701126 0.0073494137125925 0.0195919041661251 0.585908542229137 0.00199999999999978 0.00100000000000033 0.0439999999999996 0.0430000000000001

 1428 28 1000 5 0.6 0.0229999999999997 0.323 1.32 0.129 0.999358889894528 0.0226667177708769 -0.00718215555488909 -0.0167746071816466 -0.0208580509578315 0.601465979444813 0.999558273763347 -0.00915520471410535 0.0164668070415562 -0.0110976475812823 -0.0201277435868588 0.610761263634068 0.999358894059656 0.0226678970514797 -0.00718262449602316 -0.0167722229054018 -0.0208583257066895 0.601423905561445 0.999558232953268 -0.00915469017797459 0.0164681708841328 -0.011096209742382 -0.0201296810747354 0.61070074431478 0.00199999999999978 0.000999999999999446 0.0439999999999996 0.0519999999999996

 1423 23 1000 5 0.6 0.0289999999999999 0.35 1.424 0.131 0.999659620948968 -0.0238297968103309 -0.00885147431888939 -0.00335699917485076 -0.00481300187687099 0.590080208571362 0.999680250349111 -0.0174101157873458 0.00735440310633242 -0.0163653338030627 0.00379124447566726 0.598868382518692 0.999659620956218 -0.0238294649761266 -0.00885237026560065 -0.00335642181374378 -0.00481339816670828 0.590054198362803 0.999680242075185 -0.0174099990788906 0.00735496535533057 -0.0163659017556367 0.00379041962322435 0.598829605660585 0.00299999999999923 0.00100000000000033 0.0440000000000005 0.0439999999999996

 1425 25 1000 5 0.6 0.0340000000000003 0.327 1.47 0.13 0.999655105135004 0.0151540627950288 -0.0135002502641132 -0.00336329304676337 0.0163235002685243 0.585998518899223 0.999568688167829 0.00762024661037414 0.0204804988120046 0.00504022080140257 0.0189608760010491 0.599240338036743 0.999655109263698 0.0151538862126947 -0.0135006137614146 -0.00336274576904071 0.016323223474371 0.585976747075879 0.999568709166968 0.00762068633493124 0.0204796522932673 0.00504150735244395 0.0189601645464637 0.599202367475004 0.00199999999999978 0.00100000000000033 0.0419999999999998 0.0430000000000001

 1429 29 1000 5 0.6 0.0469999999999997 0.321 1.463 0.132 0.999681529255247 -0.0069097208273766 0.00869034602506416 -0.0169772550663048 0.0150115462346915 0.601130330362134 0.99923812834258 0.0271391429394247 -0.00671641580811405 0.00703079899932508 -0.0263075542583084 0.587469528081621 0.99968153370373 -0.00691011213766358 0.00868946850298638 -0.0169776279897515 0.0150111560840828 0.601089901800188 0.999238124624189 0.0271401469603615 -0.0067162925552577 0.00703173931312766 -0.0263064398398474 0.587446108585208 0.00199999999999978 0.000999999999999446 0.0430000000000001 0.0410000000000004

 1432 32 1000 5 0.6 0.0269999999999997 0.322 1.388 0.133 0.999185918717909 -0.00564370577043093 -0.0262255626304779 0.0258554165582588 -0.0154714485533455 0.598246636166892 0.999846152442266 0.00785560142417553 -0.00401523105838061 -0.0143608742604186 0.00485841359758699 0.603737456636023 0.999185890332175 -0.00564412626329648 -0.0262263550044456 0.0258553033467359 -0.0154719744005448 0.598209453688513 0.999846155626202 0.0078549245263877 -0.0040153147626424 -0.0143607793894572 0.00485906399140517 0.603691616333511 0.00200000000000067 0.000999999999999446 0.0440000000000005 0.0430000000000001

 1431 31 1000 5 0.6 0.0340000000000003 0.315 1.418 0.133 0.999570232569034 -0.00630609100441833 -0.00579596499368978 0.0256263751017449 -0.0113700952972082 0.606136260694942 0.999942757302846 -0.00974927914351775 -0.00384972438244847 -0.00144575163705869 -0.00158842631129041 0.586077558178144 0.99957025427642 -0.00630720071042679 -0.00579511828444725 0.0256259079570532 -0.0113690558278491 0.606085931286147 0.999942749392867 -0.0097499587103419 -0.00384972860792528 -0.0014457452241288 -0.00158923005689895 0.586055914153216 0.00199999999999978 0.00100000000000033 0.0449999999999999 0.0430000000000001

 1430 30 1000 5 0.6 0.04 0.33 1.474 0.13 0.99936474821914 0.00131722037100768 -0.0171004422566322 0.0255388256208929 -0.017991892838793 0.599995985198778 0.99985808415483 0.00711949617760631 0.0108681689566478 -0.0072876593482057 -0.00786748048388772 0.590219737958827 0.999364734215642 0.00131567841671334 -0.0171003301362379 0.0255401097623054 -0.0179910671991644 0.599956779429781 0.99985808835424 0.00712006942265142 0.0108678851265682 -0.00728758911703094 -0.00786688513702511 0.590192670063947 0.00200000000000067 0.00100000000000033 0.0439999999999996 0.0419999999999998

 1433 33 1000 5 0.6 0.02 0.332 1.367 0.133 0.999564607418289 -0.018086542115026 -0.00338319930393879 0.0226613469774576 -0.00429998914891377 0.609879962605652 0.999400448963684 -0.00178346544063398 -0.027188690703604 0.00104930003190821 0.0213362585631932 0.60366392736144 0.999564586037082 -0.0180869614636588 -0.00338332452019584 0.0226615812506112 -0.0043018619157103 0.609824350282958 0.999400460186073 -0.00178292632022402 -0.0271886228995076 0.00104936191181057 0.0213358613139494 0.603617554753015 0.00100000000000033 0.00100000000000033 0.0419999999999998 0.0419999999999998

 1434 34 1000 5 0.6 0.0189999999999997 0.321 1.415 0.132 0.999382959492579 0.00272341289725315 0.00153377684005333 0.0245698977172746 0.0249048379398978 0.611452416144499 0.9997342400718 -0.00511350290008048 0.0187778003221463 0.0116831939271199 -0.00402473736720106 0.597519973404521 0.999382945768473 0.00272166974743635 0.00153252457747841 0.0245714395262534 0.0249041351775441 0.61139216618905 0.999734241154069 -0.00511430486496519 0.0187773982512772 0.0116834404218785 -0.00402460987763275 0.597484293156955 0.00199999999999978 0.00100000000000033 0.0430000000000001 0.0410000000000004

 1437 37 1000 5 0.6 0.0369999999999999 0.317 1.401 0.13 0.999760421747388 0.0081595318686334 0.0109821303901297 0.0161631358604763 0.00553777919556684 0.588451767746877 0.999805255200324 -0.000840308706520168 0.0160244665011741 -0.004680576442942 -0.0104906736012174 0.597441550839574 0.999760417016054 0.00816009412993601 0.0109817826166835 0.0161634972695415 0.00553743968399604 0.588427509049952 0.999805261515852 -0.00084082566078281 0.0160236251794948 -0.00467961082835006 -0.0104917460906079 0.59740616960764 0.00200000000000067 0.00100000000000033 0.0430000000000001 0.0420000000000007

 1436 36 1000 5 0.6 0.0519999999999996 0.315 1.384 0.13 0.999131559676895 -0.000746999148463604 -0.00315394842110045 0.0414041164536063 -0.00336455048130829 0.602564951718122 0.999935687162751 0.000285314714054241 0.00685208990956932 0.0069985065640567 0.00571050817478423 0.608613040198714 0.99913156389975 -0.000746596344700757 -0.00315339449779353 0.0414040768770687 -0.0033643921052079 0.6025217862106 0.999935690693519 0.000286006148483936 0.00685106991451714 0.00699787255309302 0.005711855960632 0.60855889138368 0.00200000000000067 0.00100000000000033 0.0430000000000001 0.0419999999999998

 1438 38 1000 5 0.6 0.016 0.313 1.344 0.127 0.998953690568095 -0.0203504293352541 0.00376302948968248 0.0351034118875615 -0.0207599183323584 0.595505328329497 0.999748460219427 0.00259017124748225 0.00861054354079802 0.00765676136471907 0.0190667209328127 0.600149243134644 0.998953664818481 -0.0203504543083375 0.00376248007177975 0.0351040863191523 -0.0207600920657236 0.595472598095281 0.999748484586161 0.0025912427501777 0.00861032604335811 0.00765615484614737 0.0190656394354687 0.600110000606933 0.000999999999999446 0.00100000000000033 0.0419999999999998 0.0409999999999995

 1439 39 1000 5 0.6 0.0549999999999997 0.312 1.416 0.13 0.999485536977859 -0.00024571077817157 -0.0115397698074499 0.0298980585960446 -0.00124129097065064 0.616555053463543 0.99940449987729 -0.00898553507086196 0.000217843975047374 0.0119312938767559 -0.0311047031000542 0.592431582777212 0.999485532284721 -0.000245601665089119 -0.011540419744528 0.0298979573173671 -0.00124148850939478 0.616480886282579 0.999404514138611 -0.00898518099430552 0.000217574928064695 0.0119311379661984 -0.0311044088490495 0.592402394580555 0.00199999999999978 0.00100000000000033 0.0439999999999996 0.0470000000000006

 1435 35 1000 5 0.6 0.0210000000000004 0.32 1.465 0.130999999999999 0.999810961562186 0.00406242289875336 0.00419771590531047 0.00775928197372859 -0.0168437105389616 0.603868713932074 0.999829542387155 -0.0108905992683958 -0.00149386562736051 0.0116885718592868 0.00913382016711017 0.606843424322585 0.999810962910146 0.0040615905322731 0.00419819385863769 0.00775963970571789 -0.0168435473400994 0.603822924508568 0.999829521935236 -0.0108913066800598 -0.00149294910203476 0.0116883457193845 0.00913565448569619 0.606792290956074 0.00199999999999978 0.000999999999999446 0.0430000000000001 0.0430000000000001
