
 1485 40 10000 10 0.95 0.202000000000002 0.725999999999999 0 1.309 0.999998404995537 0.000443464796447002 0.00058835867754016 -0.000336412760605325 -0.000212619370226214 -0.0012825688822654 0.000403711634160965 -0.000549858506200672 -0.000396068729185378 -0.000470763257359282 0.949752460301122 0.999999411302698 -0.000240230239053999 2.13660723527418e-05 -0.00028754543220705 2.84016907285256e-05 0.000233004071674141 0.000316035175689001 0.000813533372165834 2.26291816136364e-05 -0.00046820977265234 0.949882121091134 0.999998405463494 0.000443669972231102 0.00058832412549187 -0.000336208960640301 -0.000212688592353099 -0.0012822039756121 0.000403466922647139 -0.00055011242440182 -0.000396086622179491 -0.000470625500321095 0.94988666109571 0.999999410469045 -0.000240357389662078 2.19292883852653e-05 -0.000288225488200363 2.8286522160998e-05 0.000233204212397429 0.000315880985907447 0.000814167505292866 2.31164333891071e-05 -0.000468366134892983 0.950004699817906 0.0229999999999997 0.0210000000000008 0.504999999999999 0.475000000000001

 1497 52 10000 10 0.95 34.862 1.03 0 7.425 0.999998253166216 -0.00018077205855831 0.000637261281478495 -0.000228341672426663 -0.000462811713639572 -0.000768013893669328 -0.00035750589024852 0.000802955938264171 -5.07529195760822e-05 -0.0011931385233392 0.949855806638442 0.999999042800927 0.000833041014561944 0.000263922140267008 -0.000391999229191637 -0.000150686256379577 0.000123245551047953 -0.000834165130805465 0.00017592679259628 -0.000148870238447845 -0.000458564872017939 0.950413469333468 0.999998253546027 -0.000181060623909376 0.000637144244420055 -0.000228477362050773 -0.000462750319897043 -0.000768001255497216 -0.000357535124065724 0.00080218646575435 -5.05091622482564e-05 -0.00119336406846841 0.949980933845861 0.999999042782732 0.00083312099717639 0.000263897832566854 -0.000392490504573129 -0.000150558220627502 0.000123115840421055 -0.00083405054758384 0.000176006616794891 -0.000149021976601777 -0.000458258311202225 0.950484338853853 3.306 3.786 147.336 141.032

 1493 48 10000 10 0.95 36.666 1.14100000000001 0 2.121 0.999998908351276 0.000411519937874504 -0.000237008886108196 -0.000235285781927277 -7.20372761283035e-05 -0.000593386323722207 0.000909512624171338 -0.000681182954904651 0.000266923754148876 -0.000427371694607302 0.950223841421944 0.99999897675169 0.000335353805285338 -0.000285420417052296 -0.000298910955079236 -0.000106603211960713 0.000432956122184031 -0.000923270549853928 -0.000158347148316714 -6.75397180481499e-06 -0.000828768745174644 0.950478208644741 0.999998907981162 0.000411526076206712 -0.000237429023616977 -0.000235352599442815 -7.25287017068002e-05 -0.000593290406870497 0.000909789339813904 -0.000681061117958936 0.000266724579546867 -0.000427741248128295 0.950313042472958 0.999998977323187 0.000335246791213958 -0.000285247978122514 -0.000298899182014565 -0.000106438330927823 0.000432859798207127 -0.000922988938385503 -0.000158107912269073 -6.78015679305974e-06 -0.000828616710171989 0.950542999631414 2.046 2.684 153.454 151.16

 1508 63 10000 10 0.95 34.909 1.99 0 2.177 0.999998716522386 -0.000260362804295219 0.000692504889827201 -0.000531927826153421 -0.000199014449693581 0.000564226867164464 -0.000501503016090884 -0.000798509611481014 -0.000476890274456763 -0.000512004529405037 0.950155438914944 0.999998407051138 3.92778213981462e-05 0.000112689552547592 0.000564051771803522 0.000566273827294299 9.383044930598e-05 8.31833944636915e-05 -0.000973184951457794 -0.000786691434721711 -0.00097526256076759 0.950368772959534 0.999998715970112 -0.000260351540042841 0.000692474249036458 -0.000532563755072855 -0.000198972006223745 0.000564985713824681 -0.000501727840885179 -0.00079808470786129 -0.000476799358945355 -0.000512175841443076 0.950252217511557 0.999998406733051 3.91375325992251e-05 0.000112668977220621 0.000564272622969528 0.000566511737786322 9.3447394767754e-05 8.29040723249554e-05 -0.000972850940923662 -0.000786670116936047 -0.000975741690267739 0.950444659048301 1.256 2.432 156.936 152.285

 1517 72 10000 10 0.95 35.541 1.174 0 2.223 0.999998902945902 -0.000258560839690143 -0.000283214659145793 -0.000801009015120484 0.000569989841127884 -0.000276406398040299 -0.000641091120044136 0.000676604047911038 -0.000358821817945242 -8.12060647557949e-05 0.950408537187677 0.999998764511332 6.20511213636994e-05 -0.00042408396469109 -4.98741507108673e-05 0.000322148477428547 -0.000167550834899754 0.0014344247098991 0.000288317378504866 9.79878069810746e-05 5.13335655306438e-05 0.950331659709884 0.999998903383807 -0.000258523485704166 -0.000283279362358266 -0.000800714385250486 0.000569860609356282 -0.000276214255504557 -0.000640940109997661 0.000676493269067018 -0.000359090640584937 -8.10998251759357e-05 0.950479978345623 0.999998764485364 6.20815009774684e-05 -0.000424089881367569 -5.02122014795855e-05 0.000322412147861047 -0.000167488986090269 0.00143437852628925 0.000288199686576308 9.8072658124117e-05 5.17583180850013e-05 0.95041070001823 2.989 2.545 154.362 153.398

 1499 54 10000 10 0.95 36.792 1.06 0 2.594 0.999998522610825 0.000947312205860036 -0.000362605590396665 -0.000303550109767407 0.000561181169617712 0.000127511737331313 -0.000309649524357731 -0.000175627573362155 -0.000566969438592003 -0.00102683226652675 0.950148169825434 0.99999929646565 -0.000379097197941559 -0.000169341117951399 -0.000264675602328348 -0.000340370148036782 -2.80750320028345e-05 -0.000772048344429332 -0.000179258923326677 -1.60554832128645e-05 0.000647714211902629 0.950032020581137 0.999998522161358 0.000947784920562851 -0.000362933186507516 -0.000303722856666555 0.000561200993505965 0.000127396237967138 -0.000309584645611491 -0.000175936742556721 -0.00056739692536939 -0.00102640087433333 0.95024501395379 0.999999296808486 -0.000378939994350059 -0.00016995934895166 -0.0002644510963293 -0.000340102766926653 -2.84644661148307e-05 -0.000771904082482724 -0.000179565963338097 -1.59471331377786e-05 0.000647419628482695 0.950139921776753 1.946 2.907 154.209 153.322

 1510 65 10000 10 0.95 36.546 1.17 0 2.281 0.999999522771921 0.000174339226545835 0.000491271939541738 -6.21482992062966e-05 0.000626633411842869 -0.000136802258468989 0.000429839567797501 0.00020085805017992 -0.000155491028746177 -0.000134846113506159 0.949921021005531 0.999998036518742 -0.000970179303485033 -0.000818774708301327 -0.000465716801464747 0.000777092488027217 0.000898233659152285 0.000378906632247299 0.00023304872638545 -0.000647133271636964 0.000266583494772964 0.949844667966654 0.999999522824257 0.000174956528831902 0.000491364840411517 -6.20710311958885e-05 0.000626616903306486 -0.000137470983434273 0.000429768601950362 0.000200343652955431 -0.000155025385014361 -0.000134278578563431 0.950040113756025 0.999998036840633 -0.000969351863069795 -0.000818806363120882 -0.000465738242216612 0.000777317697839461 0.000898453096728613 0.000378690312225278 0.000232873900647422 -0.000647197013761572 0.000267160108448186 0.94997057123695 2.569 2.745 153.738 153.264

 1504 59 10000 10 0.95 36.278 1.187 0 2.198 0.999998339515725 -0.000145206086728364 0.000680459132901897 0.000255128683617083 0.000954366874424929 0.000174819145837473 0.000118126086313153 -0.000951285943285867 1.31144406655922e-05 -0.000954629319507699 0.950323381052585 0.999999308257909 0.000259979653826544 -0.000964143715302898 -0.000214556796531021 6.78913062249273e-05 0.000276340796770629 3.59846091500315e-05 6.23602562641421e-05 0.00029940594451052 -0.000405568098035453 0.95030360626573 0.999998339742859 -0.000145161449696365 0.000680448645916304 0.00025507251291249 0.000953995712800399 0.000174593276222474 0.000118098504725845 -0.000950983810271101 1.26097356628435e-05 -0.000955144088770568 0.950403694241071 0.999999307840362 0.000260434373479297 -0.000964143570693714 -0.000214543686595281 6.81243936581114e-05 0.000276790237037774 3.62115912400043e-05 6.21175229797175e-05 0.000299405616188242 -0.000405984677482199 0.950385544352385 1.86 2.286 156.088 153.191

 1490 45 10000 10 0.95 36.418 1.14 0 2.231 0.999999367862264 0.000376062365219249 0.00027853610774665 -7.74572465751655e-05 0.000450265442024627 -1.07292569140159e-05 -8.57180021690027e-05 -0.000425301471093193 -0.000799233506191676 -9.70205251739909e-05 0.950611472135231 0.999998379526409 0.000182816845443012 0.000804147845060004 -0.000877392707651385 0.000323471530394893 -0.000598152081335134 0.000239953160148997 0.000299449146667281 -0.00105451692510704 -0.000263396732548844 0.949865485178838 0.999999367869065 0.00037600604163912 0.00027859506057878 -7.7743710848928e-05 0.000450387893158138 -1.05749932068483e-05 -8.55630510465153e-05 -0.00042516957898374 -0.000799234946787606 -9.69218379086231e-05 0.950662729263216 0.999998379794067 0.000183080227960469 0.000803947270700977 -0.000877546325995721 0.000322654786764845 -0.000598071751127562 0.000239708960586774 0.000299677793443288 -0.00105449199010799 -0.000263544394906584 0.949989706850175 2.961 3.051 154.501 154.846

 1503 58 10000 10 0.95 36.924 1.275 0 2.122 0.999999055181447 2.41049364253106e-05 0.000138211704750769 -8.74298759993894e-05 -0.0010830611500148 0.000670584837081643 8.43840289209141e-06 1.44960832080099e-05 -0.000287527152250011 0.000395790375698639 0.949829190168899 0.999998692797872 -0.000882997911164861 -0.000452815076317551 -0.000119371256391924 0.00041255519711349 7.90148744294557e-05 -0.00089535433109102 4.20261734574929e-05 0.000277409623704893 -0.000747395095743153 0.950932065716674 0.999999055768187 2.39342371864937e-05 0.000138203541340313 -8.70910988027008e-05 -0.00108300458279657 0.000670177282881512 8.49118290788067e-06 1.50595018689943e-05 -0.000287003202874553 0.000395598993356837 0.949957269429475 0.999998692908082 -0.000882916007430055 -0.000452857872297037 -0.000119396602701381 0.000412585005367259 7.90524277084618e-05 -0.000895378825845271 4.20871053159748e-05 0.000277381734791055 -0.000747271559541942 0.950950042325006 2.603 2.887 159.674 148.045

 1512 67 10000 10 0.95 35.639 1.162 0 2.139 0.999998919829515 0.000752236422086856 0.000296095414763897 -0.000321473713612284 0.000549699240834775 0.000623128358865072 1.85635317473009e-05 -0.000166079027233103 -0.000426345600290575 -0.000709441117262396 0.950066224437757 0.999999073190923 -5.35777188243284e-05 0.000632257701049535 -0.000114770672640684 1.75185090775313e-05 0.000908420053104177 -0.000190375557265274 -0.000102483184651284 -0.000708814737315118 -0.000251250346658693 0.950176128814426 0.999998920449578 0.000752209062598696 0.00029552884035879 -0.000321163625369392 0.000549669400556825 0.000623439253263069 1.81255028005636e-05 -0.00016570804178448 -0.000426074266021849 -0.000708983719425892 0.950171503145384 0.999999072927631 -5.3981680827614e-05 0.000632243677095416 -0.000115025599113658 1.77852908670513e-05 0.000908566093187043 -0.000190249294983135 -0.000102636678726918 -0.000708931105408357 -0.000251288367520579 0.950270384134833 2.729 2.941 157.166 152.742

 1489 44 10000 10 0.95 34.528 3.22 0 2.134 0.999997887659353 0.000554693888184364 -0.000927192798555041 -0.0010514178121124 0.000749436800881428 0.000298933480849816 -7.1845903567686e-05 -0.00106048021090272 -0.000397448455005131 -0.000114295631079106 0.949959661262993 0.999998675092489 -0.000600648460855327 -0.000547121316916475 -0.000227443668195155 -0.000665698040143706 0.000287365396528784 0.000940323226653579 0.00069898233285862 0.000143326148985375 -0.000137488641229522 0.950149715509023 0.999997888141516 0.000554918615467572 -0.000927529378478887 -0.00105119439601788 0.000749122453014722 0.000298879494273985 -7.22122101234871e-05 -0.00106025746305339 -0.00039702469073615 -0.000113819738959257 0.950075040437058 0.999998674642845 -0.00060097987874069 -0.000547584366547859 -0.000227271002597764 -0.000665826296328005 0.000287379003382446 0.000940052143096135 0.000699218442483548 0.000143840671893401 -0.000137218956267004 0.950247026516791 2.438 3.094 156.123 154.463

 1516 71 10000 10 0.95 36.154 1.55 0 2.137 0.999999538699857 -0.000278075757063353 -0.000452362388487223 0.000109090745794981 -0.000109865053082495 0.00024103352578021 0.000301250549401177 0.000665579214388301 -0.000108703940004873 -0.000114060530910208 0.95086127069024 0.999999190827937 0.000281277553006967 6.04389673184157e-05 -8.37653827140586e-05 0.000296559042573252 -4.79569377263519e-05 0.000365463025375328 -0.000603131851262272 -0.000157383546055669 -0.00095718803504238 0.949486185764913 0.999999538640335 -0.000278083650167435 -0.000452381780507885 0.000109096755297128 -0.000110037320343833 0.000241208765836772 0.000301293721342768 0.000665545335278851 -0.000108703379558702 -0.000114028144497777 0.950886808760524 0.99999919111919 0.000280653901702151 5.9630285602739e-05 -8.42400947226522e-05 0.000296438465691028 -4.85391233525267e-05 0.000365342591052567 -0.000602958228404473 -0.000157734259535499 -0.00095718151216652 0.949645279332844 0.946000000000005 2.402 152.84 158.116

 1511 66 10000 10 0.95 35.385 1.08499999999999 0 2.178 0.99999939777084 -0.000536682283773839 -0.000617732276680563 0.00018989335834337 -0.000201326842741265 -0.000526511435270165 0.000173542075859616 -0.000368157200326094 0.000122519986925794 1.90504081338455e-05 0.949936944823554 0.999999322245555 -0.000116949021404876 -0.000398822665489379 0.000837609177584576 0.000336329004643431 -0.000251442744760455 -0.000124119375415724 -7.40053290569065e-06 -0.000205932364531617 0.000496964310395193 0.95033421275403 0.999999397059932 -0.000536845795057622 -0.000618114200118178 0.000190010027802645 -0.000201629061583734 -0.000526926840941435 0.000173922518849589 -0.000367971400971834 0.000123241918725416 1.89907992796822e-05 0.950054711017553 0.999999322239574 -0.000117166748870424 -0.000399051806286973 0.000837790527937089 0.000336575358989325 -0.000251121357730885 -0.000123829519057233 -7.38351078847422e-06 -0.000205676997800466 0.000496609334729031 0.950413486607616 2.724 2.754 155.945 153.058

 1505 60 10000 10 0.95 35.307 2.647 0 2.12 0.999998730096081 0.000831078598087533 -0.000712179143492507 -0.000881193973856488 -8.18344855258199e-05 -8.1683239049829e-05 -0.000159827555833245 0.000258128987760777 -0.000384794495280913 -0.000558391778370359 0.949820836596702 0.999998728066315 -0.000237783593947154 -0.000159808315607743 -0.000315224403445413 0.000623835658062436 -0.000320518285105929 0.000525985448312511 -0.00013250957990427 0.00072424894032766 0.00102555384265267 0.950055029977548 0.999998731195592 0.000830603356709661 -0.000711915413760309 -0.00088153096255894 -8.20927529366764e-05 -8.14423275209971e-05 -0.00015968697681723 0.000257750672950689 -0.000384685135394414 -0.000557220611353533 0.949949897439031 0.999998727548569 -0.000238102706329151 -0.000159261841223798 -0.000314944833664775 0.000624020515739355 -0.000320677962881763 0.000526083948295042 -0.000132464178828719 0.000724983029775575 0.00102542982676933 0.950161197333728 1.803 2.184 158.65 152.308

 1491 46 10000 10 0.95 36.787 1.27 0 2.338 0.99999926971244 -0.000265500673618247 4.05511101155075e-05 0.000464346058381394 -9.25437335866046e-05 0.000247942342617059 0.000489020112259296 -0.000630841456677333 0.000215003395301558 -0.000647653072583439 0.949952811255104 0.999998527361501 0.000674569206325595 -0.000642153066878259 0.000376089785575811 0.00107624376060529 0.000587996058837067 0.000280961398999616 -3.26889381309818e-05 -6.62741762456502e-05 0.000589904219784659 0.94997832559242 0.999999270533237 -0.000265811161979446 4.05368874752404e-05 0.000463619188630743 -9.20704982623212e-05 0.000247828209854553 0.000488402336791499 -0.0006308278154497 0.000215001738716026 -0.000647371074229771 0.950068476923366 0.999998527181904 0.000674768778698566 -0.000642160468775242 0.000376293359783292 0.00107600134299609 0.000588798362986037 0.000280610714132119 -3.30721065592569e-05 -6.61677589107995e-05 0.000589641964633035 0.950091717919413 2.537 2.932 157.351 152.581

 1494 49 10000 10 0.95 35.929 1.093 0 2.16 0.999998306167419 0.000132256575261525 -0.00144644041857219 -0.000151358243768733 -0.000154497852688423 7.298741637428e-05 0.000905346724230792 -0.000305847606630901 -0.000507474198734594 -0.000234838301544664 0.949492098934914 0.999999550250695 -8.91205217848292e-05 0.00043204364775353 0.000149636967598172 -0.000310759965431761 -0.000191557316208143 0.00018297587529667 0.000109315437929144 0.000591669510360062 0.000392089527981852 0.950287707309644 0.999998304856432 0.00013293692496543 -0.00144669502243744 -0.000151554953837114 -0.000154487432710637 7.26685769204031e-05 0.000905976102936456 -0.000305852201784211 -0.000507762503054136 -0.000235390161236752 0.949650590033958 0.999999549978967 -8.94220883703606e-05 0.000432344027864224 0.000149656478402258 -0.000310883869398186 -0.000191253522630766 0.000182964154519948 0.000109217809409003 0.000591901888060975 0.000392107367256466 0.950371099798869 2.908 2.718 159.123 149.728

 1514 69 10000 10 0.95 34.944 1.811 0 2.391 0.999999051476883 3.35046071904752e-05 0.000714649414404499 3.58226565004142e-05 -0.00108288598473714 -0.000180053291573305 -0.000263231993860412 0.000307468820305446 -6.43783182886938e-05 0.000104315662640666 0.949797241945348 0.999999003556091 0.000932403560653486 0.000616177361736262 -0.000205972422665431 0.000426003285677602 -2.31643810752797e-06 -0.000662815914041752 8.74289335406998e-05 -3.41582382063008e-05 0.000267939434085027 0.949585298440924 0.999999051079884 3.34746125348317e-05 0.000714592671219942 3.65195753129544e-05 -0.00108314233368421 -0.000180394817242601 -0.00026356386250013 0.00030740565830389 -6.36484482482244e-05 0.000104821459397557 0.94992787512015 0.999999003151131 0.000931864301741191 0.000617203010449926 -0.000206480287250437 0.0004264585471047 -2.31058840435237e-06 -0.000662876573668272 8.75047509805907e-05 -3.37542526247666e-05 0.000267727450429804 0.949735720896082 2.151 2.23 157.041 155.494

 1501 56 10000 10 0.95 36.547 1.142 0 2.195 0.999998917230716 0.000455641187373153 0.000575588494994233 0.000362697578367691 0.000359350006227076 -0.000182852126393099 -0.000785326737282478 1.76527212309214e-05 -0.000749183550202195 -0.000392662493393764 0.950037498502136 0.999999128011863 4.58526274273256e-05 0.00036304630905031 -0.00054174229782135 -0.000151391367167577 -0.000887260573293192 8.90817934732248e-05 -0.00054690084768636 -0.00024582309215259 0.000372786727986911 0.949336283610333 0.999998917823833 0.000455409936742444 0.00057555011853917 0.00036288031347567 0.000359513411752291 -0.000183026761723018 -0.000785109285361196 1.77011981361954e-05 -0.000748755145078099 -0.000392326412877916 0.950145356636147 0.999999128170808 4.70531957526415e-05 0.000362937507338715 -0.000540610039057744 -0.000150843526376638 -0.000887837213341379 8.88983309405556e-05 -0.000546780635888893 -0.000245923986684057 0.000372963137487529 0.94950882172234 2.283 3.47199999999999 155.136 155.735

 1507 62 10000 10 0.95 34.539 1.356 0 2.136 0.999998834101441 -0.000410071127676748 -0.000433042144543009 0.000757216244242065 -0.000297391516717843 0.000504791119047791 0.000479360966313337 7.2416899828896e-05 -0.000901021275873065 0.000112290778610878 0.950061229456726 0.999997750574472 0.000239759867152275 0.000502376723760987 -0.000358340510876649 0.0005100532709987 -0.000119975349268473 -0.00146967880635742 -0.00112458317499142 0.000368816894573051 -0.000474714094520112 0.949386253404142 0.99999883418491 -0.000410283329643184 -0.000433255989043689 0.000756990394244628 -0.000296924101181068 0.00050459547624884 0.000478766687517425 7.25059045570059e-05 -0.000901366900571471 0.000113286130176662 0.950166817845128 0.999997749102831 0.000239702956412281 0.000502276591717549 -0.000358567637668852 0.000510464005356392 -0.00012013789068621 -0.00147025623779971 -0.00112474802513479 0.000369295153394629 -0.000474744341228152 0.949555283888886 2.142 3.252 155.385 156.164

 1492 47 10000 10 0.95 36.677 1.147 0 2.11799999999999 0.999998601904365 0.000372750467577806 -0.000395435178808348 -0.000285239708114341 -0.000348474190793142 -0.00127491478356108 -0.000210119453828793 0.000303232786175333 0.000408394093873015 -0.000608101736486721 0.949919114589862 0.99999843849618 0.000313277617926894 -0.000345181315406522 -6.95121694585873e-05 -0.000135987421043137 -0.000246130193553584 0.000962306308633411 -0.00105077337303873 -0.000889657119633942 1.26372104492456e-05 0.949945771193056 0.999998602005374 0.000372489889809864 -0.000395545899055725 -0.00028535364151864 -0.000348266697127949 -0.00127507041507309 -0.000210305186630092 0.000302653499162188 0.000408295036793342 -0.000608053299312739 0.95003865086385 0.999998438871128 0.000312906461774407 -0.000345134767984215 -6.93559979903632e-05 -0.000136131478278979 -0.000246301876502042 0.000962169351161154 -0.00105087326501539 -0.000889359856438173 1.24404037690816e-05 0.950062746402407 2.774 2.565 157.944 154.056

 1502 57 10000 10 0.95 36.577 1.149 0 2.183 0.999998362676207 0.000434683979273863 0.00033345414159912 -0.00064809009720739 -0.000161786460255023 0.000526927256825222 0.000146971189068047 0.0013015468601227 -0.000283864005175196 -0.000674130239311625 0.950048722893677 0.999998968563865 -0.00044524342864707 6.98983580263788e-05 2.36253634753383e-05 0.000743861589149884 2.66668595722029e-05 -0.00066344983550786 -0.000681002021245186 -0.000597664634769976 -0.000209790176649955 0.949740591581338 0.999998364077155 0.00043489237281012 0.000333293434476759 -0.000647769396382733 -0.000162033352578016 0.00052682678677919 0.000147083550999862 0.00130089324898739 -0.000283828932506557 -0.000673576264842477 0.950155305526158 0.999998968022363 -0.000445079401436207 7.00015555374517e-05 2.42387837024848e-05 0.000743787354209084 2.66153582733629e-05 -0.000663496575910076 -0.000681436002496577 -0.000598303071115707 -0.000209507749924281 0.949876649002935 2.181 2.875 156.475 154.325

 1488 43 10000 10 0.95 36.318 1.435 0 2.15 0.999999519842937 0.000503495736335542 0.000294991624651018 0.000373735629696433 -0.00014882726610308 -0.000304464064869173 -0.000335560742225264 0.000394157258217004 1.07915348530649e-06 0.000311925499170237 0.949810222407296 0.99999817156605 -0.000246799940259082 -0.0005145375164957 0.00124420138259073 0.000620071296947072 -0.000503297029653504 -0.000262856116921091 -0.000369282066668314 -0.000733765798488333 -0.000633638119520341 0.949476982385512 0.99999952055934 0.000502812240348186 0.000295154075784952 0.000373763050901167 -0.000147961146290583 -0.000304143626622932 -0.000335420309475978 0.000393761399175125 1.27562077566633e-06 0.000311919697684475 0.949939825615089 0.999998170897541 -0.000246947922299203 -0.000514553796940831 0.00124459862979177 0.000620507266071425 -0.000502882696264222 -0.000263318590095301 -0.000369229898606016 -0.000733729593448176 -0.000633624611961987 0.949637289735872 3.112 3.201 157.884 154.446

 1495 50 10000 10 0.95 36.571 1.055 0 2.293 0.999999044867788 -0.000260588036890932 -9.48409285822638e-05 -0.000968460294581162 2.68330301816245e-05 -0.000309770176450496 0.000605566653567577 -0.00042342946248598 -0.000484633199682341 0.000133779104557691 0.950119001482348 0.999999695819599 -4.73625111613649e-05 -0.000183725728143522 2.02504859175568e-05 7.18284485565552e-05 0.000335507372927772 -0.000334717629562859 -0.000428362582129909 0.000308100851965391 -0.00025252965302358 0.949574282682572 0.999999044788431 -0.000260774958070691 -9.5118021426182e-05 -0.000968454720181654 2.68317670481205e-05 -0.00031003960591982 0.000605877220041117 -0.000423275137394521 -0.000484135475459619 0.000134111728784311 0.950218938072064 0.999999695861285 -4.73576156592593e-05 -0.000183743876184096 2.04027484502124e-05 7.14511699073901e-05 0.000335673043933937 -0.000335139182838842 -0.000427952304856273 0.000308192505876168 -0.000252251420942973 0.949725691968537 2.57 2.436 155.458 155.116

 1487 42 10000 10 0.95 36.419 1.075 0 2.184 0.999999382416354 -0.000449916082942755 -0.00015445849121298 -0.000486352105010046 0.000535892742989535 -0.000578249157101939 8.75797837299075e-05 6.43108967338222e-05 3.70611448822641e-05 -0.000370963442697763 0.950081135554519 0.99999923631022 0.00031333909172021 -5.70739720568428e-05 0.000628890345790287 -0.000905103513862966 0.000322937874791605 4.69481997145968e-05 -1.56625058524276e-05 0.000151065009548022 -0.000285772214204588 0.949527357115434 0.999999382453109 -0.000449436092599 -0.000154014151336382 -0.000486403402587247 0.000536293388948826 -0.000578374763738707 8.78349888870593e-05 6.43933664550669e-05 3.69791011162806e-05 -0.000370722347713677 0.950185279512043 0.999999236952693 0.000313671235913564 -5.73389704338931e-05 0.000628838328507479 -0.000904701206151205 0.000322003070577006 4.69072041949734e-05 -1.48801901805753e-05 0.000150969020836445 -0.00028564905922203 0.949682542730111 2.822 2.616 157.466 153.989

 1509 64 10000 10 0.95 36.421 1.392 0 3.313 0.999998748760019 -0.000472827504845041 0.000118678666611865 -0.000143380850397212 -0.0004370593451811 -0.00044984931342782 -0.000619346722345237 0.000928525701930605 0.000475222806824195 0.000615871349745182 0.949526439450409 0.999997669601675 -0.00062525222464585 -0.000353057033792589 -0.000271531198815662 -0.000209119278063912 -0.000964914631500946 -0.00161315475698198 -0.000443295083951598 -0.000255697300092013 0.000482204712402659 0.950070414975205 0.999998748846342 -0.000472945895252901 0.000118835502770528 -0.000143263767811414 -0.000437295154651741 -0.000450332653638214 -0.000620194862185736 0.000928266409438168 0.000474611339954453 0.000615125091481459 0.949681751447419 0.999997669906402 -0.00062483691074939 -0.000353544809840042 -0.000271973942110834 -0.00020881761427836 -0.000965067365919162 -0.00161316779779533 -0.000442625423108616 -0.00025553859091956 0.0004819849035376 0.950174580077333 2.967 3.666 158.469 143.022

 1498 53 10000 10 0.95 36.962 1.112 0 2.183 0.999997879774091 0.0012895131314957 -0.00100795997110438 0.000312247672279699 -0.000920578806737728 -0.000348446494317725 -0.000114089140234075 0.00069309243599363 4.10878540936263e-05 -1.26224558679255e-05 0.949382327312017 0.999998840714916 -0.000441053510859417 -0.000562708555913431 -0.000487842512601877 0.000492156574931298 -0.000703365270462475 0.000391996066700537 -0.000444072459848053 -0.000692923427293472 3.82681056899401e-05 0.94975511363969 0.999997880197683 0.00128938312883651 -0.00100853548605732 0.00031109568303867 -0.000920273605432237 -0.000348324319273106 -0.000114438690512509 0.000692756033808524 4.21708759498179e-05 -1.2168715897051e-05 0.949551123349524 0.999998841674858 -0.000441082118403351 -0.000562382541522906 -0.000487320121081692 0.000491894138473111 -0.000703252977777177 0.000391947528714537 -0.000443512039313894 -0.00069278432818573 3.9242446143132e-05 0.949889437272109 2.821 2.944 158.035 151.876

 1506 61 10000 10 0.95 36.051 1.14700000000001 0 2.309 0.999998774280254 0.00057171615747816 -0.000113970060273884 0.000543698383142991 0.000170697264749252 0.00020031049214641 -0.000152157610806885 -0.000967142224178197 0.000887448327784512 -2.52807127907003e-05 0.949816692533324 0.999999365898092 0.000326030791389536 0.000375272829172946 0.00034503104208969 -0.000518874219240181 -0.000329736633099529 -0.00052187382746997 -4.64627680969439e-05 -2.85021376841779e-06 0.000499555115320916 0.949734687650266 0.999998774417588 0.000571560145311991 -0.000114433136722928 0.000543329070812139 0.000170102888378546 0.00020033561470986 -0.000152062806352828 -0.000966818243156361 0.000888037730796426 -2.52967518069405e-05 0.949945464957256 0.999999366250606 0.000326771036447765 0.000375281252855402 0.000345310384203748 -0.000517977224925104 -0.000329870879079836 -0.000521727430727066 -4.70192997191409e-05 -2.43880865770479e-06 0.000499111529966536 0.949871500554603 2.545 2.988 158.501 151.285

 1496 51 10000 10 0.95 33.645 1.045 0 8.676 0.999999658101571 0.000149560809795862 0.000279611392171834 -9.36703032155698e-05 5.22404724836055e-05 -9.92540335975428e-05 0.000273640908364026 -0.000197576511049327 0.000431874199493083 -0.000511331663453265 0.949724171170377 0.999999655201917 0.000190984745344431 -0.000116491475132486 -0.000628475339623072 0.000213543577082081 -2.36183145992835e-05 -4.69446843386274e-05 0.000300179765560489 -0.000310188268449501 -9.94093355911261e-05 0.949601397592595 0.999999658031898 0.000149410187050061 0.000279575461645446 -9.34593040153391e-05 5.23221251221566e-05 -9.86368083933787e-05 0.000273898552218608 -0.00019751125016457 0.000432056886643385 -0.000511414229212962 0.949861310040839 0.999999655469935 0.000190734169657182 -0.000116584072818223 -0.00062871029989438 0.000213116425663466 -2.32493183730536e-05 -4.69438856314198e-05 0.000300377788808883 -0.000309204346419697 -9.9070612921048e-05 0.949749685904066 3.552 3.919 148.858 155.298

 1486 41 10000 10 0.95 35.85 1.378 0 2.188 0.999999343849175 -0.000210098115196457 8.09032499215212e-05 0.000255175294514388 -0.000152234141275636 0.000770348768602119 0.000539954718056738 -0.000442591895874005 -0.000196401378566834 0.000232111158314634 0.949836851843256 0.999998222177848 -0.000724842734352976 -0.000299872809274313 -0.000657118808422757 -0.00089696355324983 -0.000580908383675905 -6.42885817089359e-05 0.000233562137809039 -0.000722062655704532 0.000886824889602512 0.949621673266481 0.999999343325322 -0.000209684993647313 8.05012315341419e-05 0.000255313280561659 -0.000152638567598339 0.000770856739262438 0.00053964502176652 -0.000443184735582721 -0.000196402683728662 0.000232365424672805 0.94996456450979 0.99999822338645 -0.000724429052292478 -0.000300448623336216 -0.000656642154347808 -0.000896335023350569 -0.000580720991733058 -6.3947780750454e-05 0.00023412373681984 -0.000721137360858493 0.000887345771539955 0.949768243483832 2.597 3.41 160.661 149.928

 1515 70 10000 10 0.95 35.701 1.277 0 2.364 0.999998868336995 -0.000896789426747357 -0.000155163876317118 9.89304933512794e-05 -8.25361289193416e-05 0.000479232378670667 0.000116935394779759 0.000372250009626543 -0.000532753455282352 0.000867573798783691 0.949491371678218 0.999998878017373 0.000522021554794804 0.000128117984240669 -0.000484052618736998 -0.000709976732761242 0.000150222350666175 -0.000291391497709543 -0.00104722856664526 6.0902266101777e-05 -9.37915639086422e-05 0.949457381765896 0.999998868589703 -0.000896287135042499 -0.000155487034666175 9.8785799284782e-05 -8.31897590391751e-05 0.00047951029894795 0.000116837402508109 0.000371714996127001 -0.000532907579856178 0.000867692148547445 0.949650157257649 0.999998877922859 0.000521446596467763 0.000128232175171407 -0.000483674161365001 -0.000710823517337458 0.000150801693358116 -0.000291588948588113 -0.00104708076856635 6.09376501483945e-05 -9.34634333159899e-05 0.949618679861979 2.547 2.52 158.226 152.542

 1500 55 10000 10 0.95 35.116 1.061 0 2.678 0.999999629216597 0.000302303291323755 -0.000542474447972092 0.000129930669680449 -0.00021580237496404 0.000190848665972306 -1.43182471684301e-07 0.000205257818067945 0.000368279207442722 -0.000279758177855968 0.949799143945455 0.99999900942397 0.000228314750343604 0.000440209508036468 0.000109611743119792 7.50223203649761e-05 -0.000196579419637609 -0.000143147946750807 -0.000592662513582579 0.00052147963022609 -0.00101748282379448 0.949324903306394 0.999999629233307 0.000302678575792631 -0.000542379344944806 0.00012968978440004 -0.000215485377367636 0.000190962377757437 -3.38103519972286e-08 0.000205097814945863 0.000368275771863442 -0.000279877470023902 0.949929360542826 0.999999011242351 0.000228716105877583 0.000439888245227372 0.000109691347471962 7.56593690670019e-05 -0.000196940601910639 -0.000142958004135703 -0.000592263053118713 0.000520091288807344 -0.00101658841170241 0.949498530458801 2.521 2.7 154.521 149.506

 1513 68 10000 10 0.95 35.142 1.154 0 5.218 0.999999365291672 -2.02261824775796e-05 -0.000276195216197269 -0.000327054808762288 0.000443054186395408 -0.000784751400834682 0.00012137176656823 0.000305347175472543 0.00027691514701832 0.000298289682577077 0.94968121174472 0.999998837455788 0.000633672140712523 8.10107183790005e-05 0.000300873427155342 0.000375633731458691 -3.17938276268625e-05 0.000390724223164227 -0.000959149019976969 0.000781017000431306 -4.15664636008292e-05 0.94952113289037 0.999999364765326 -2.04839116144247e-05 -0.000276516695463084 -0.000327682113399401 0.000443684506196853 -0.000784337108735496 0.000121521169744766 0.000305938441312331 0.000276720256964172 0.000298716985495937 0.949822103472699 0.999998837668483 0.000634070153417555 8.04737021953227e-05 0.000300702961113917 0.000375759068868077 -3.15003296844246e-05 0.000390630055177258 -0.000959175252234696 0.0007805039863249 -4.16630489854463e-05 0.949677375505337 3.889 3.511 156.875 143.02
