
 5060 60 1000 2 0.8 0.0119999999999996 0.459 0.556 0.227 0.999963365806212 -0.00855961713581832 0.80372248341287 0.999978969920032 -0.00648534638027494 0.780001571821515 0.999963325515133 -0.00856432278214827 0.803326661278524 0.999978974796937 -0.00648459436403181 0.779950094124507 0.00300000000000011 0.000999999999999446 0.103 0.0909999999999993

 5048 48 1000 2 0.8 0.0129999999999999 0.46 0.524 0.231999999999999 0.99999836662386 -0.00180741517447075 0.800710447363121 0.999846678873868 0.0175105323990048 0.805705602021748 0.999998358972113 -0.00181164375092103 0.800385466740347 0.9998470070429 0.0174917839957599 0.805273053932291 0.0100000000000016 0.000999999999999446 0.106999999999999 0.116

 5051 51 1000 2 0.8 0.0109999999999992 0.459000000000001 0.551 0.228000000000002 0.999929066051777 0.0119106198336461 0.799247951800605 0.999909922458942 0.0134218839271207 0.788579310903093 0.999929159984257 0.0119027313326582 0.798961538956582 0.999909939322931 0.0134206275267781 0.788461206125935 0.00200000000000067 0.000999999999999446 0.103999999999999 0.111000000000001

 5058 58 1000 2 0.8 0.0140000000000002 0.462000000000001 0.545000000000001 0.23 0.999998007875357 -0.00199605744353192 0.800878486972128 0.999857126138435 -0.0169034703593583 0.792182244314828 0.99999802248491 -0.00198872478482822 0.800550890280649 0.99985711323289 -0.0169042337179887 0.792012373711063 0.00200000000000067 0.000999999999999446 0.105 0.116000000000001

 5057 57 1000 2 0.8 0.00900000000000034 0.456 0.561 0.225 0.999943513443694 0.0106287309628354 0.804296075506138 0.999978606719995 -0.0065411086475057 0.800611645019141 0.999943193203236 0.0106588163749998 0.803881157237119 0.999978689088067 -0.00652850440074937 0.800293154994178 0.00300000000000011 0.000999999999999446 0.103 0.109999999999999

 5046 46 1000 2 0.8 0.0129999999999999 0.463 0.553999999999999 0.227 0.999922702592892 0.0124333760229057 0.803217669283929 0.999970123630229 0.00772993188490557 0.795480819741656 0.999923053237722 0.0124051442455303 0.80283931536418 0.999970198440888 0.00772024805886633 0.795260726728114 0.00199999999999889 0.00100000000000122 0.0999999999999996 0.114000000000001

 5043 43 1000 2 0.8 0.0129999999999999 0.460999999999999 0.553 0.227 0.999978930859758 0.00649136631033388 0.8097798002475 0.999944326663987 -0.010551946384667 0.812289603316492 0.999978927769326 0.00649184236635957 0.809194022155084 0.999944109946012 -0.0105724634914021 0.811625308638675 0.00200000000000067 0.000999999999999446 0.105 0.116

 5056 56 1000 2 0.8 0.00999999999999979 0.459000000000001 0.561000000000001 0.226000000000001 0.999987682133343 0.00496342438072176 0.810055069329762 0.999999496717901 -0.00100327660443165 0.788170011648397 0.999987750959665 0.00494953842611612 0.809456071797752 0.999999497913603 -0.00100208409889658 0.788055750025277 0.00300000000000011 0.00100000000000122 0.103 0.105

 5065 65 1000 2 0.8 0.0129999999999999 0.461 0.569 0.223000000000001 0.999838209996774 0.0179876021316547 0.803990368968525 0.999893757924009 -0.0145764489709565 0.805867425963429 0.999838290937521 0.0179831024892192 0.803601966085357 0.999893715439653 -0.0145793629588737 0.805407262364731 0.00300000000000011 0.00100000000000122 0.0969999999999995 0.097999999999999

 5047 47 1000 2 0.8 0.0119999999999996 0.46 0.565 0.225 0.999999121947881 0.00132518054112539 0.80606865784692 0.999996306035271 -0.00271807207659871 0.797468268805301 0.99999910889807 0.0013349917852385 0.805620013775554 0.99999630359489 -0.00271896976032158 0.797210577817726 0.00300000000000011 0.00100000000000122 0.0990000000000002 0.113

 5071 71 1000 2 0.8 0.0119999999999996 0.46 0.572 0.223000000000001 0.999985103173614 -0.00545833590535732 0.806545759131954 0.99988286330673 -0.0153055436210185 0.791448877833222 0.999985049903709 -0.00546808641826926 0.806077255357616 0.999882831957152 -0.0153075914939404 0.79129530736292 0.00200000000000067 0.000999999999999446 0.0980000000000008 0.103

 5070 70 1000 2 0.8 0.0129999999999999 0.46 0.577999999999999 0.224 0.999945777854236 -0.0104135177287231 0.796602138610813 0.99996225254719 -0.00868869844976852 0.804825055024046 0.999945684211032 -0.0104225058278098 0.79636544118807 0.999962227782737 -0.0086915480661355 0.804399807299294 0.00200000000000067 0.000999999999999446 0.0950000000000006 0.0960000000000001

 5064 64 1000 2 0.8 0.0129999999999999 0.46 0.571 0.223000000000001 0.999801868660925 0.0199053616426206 0.806833844731463 0.999975156165819 0.00704890425139249 0.808252957487882 0.999801792903172 0.0199091664216147 0.80635130531057 0.99997517279328 0.00704654504352113 0.807724585806466 0.00300000000000011 0.00100000000000122 0.100000000000001 0.114999999999998

 5055 55 1000 2 0.8 0.0129999999999999 0.462 0.567 0.223000000000001 0.999891170552213 -0.0147528658817784 0.797745132172834 0.999968328675022 0.00795874656484231 0.795723318797201 0.999891315918952 -0.0147430102037182 0.797488165841921 0.999968296117896 0.00796283611993379 0.795504044321605 0.00200000000000067 0 0.0960000000000001 0.0960000000000001
 5049 49 1000 2 0.8 0.0120000000000005 0.459000000000001 0.565 0.226000000000001 0.999990023808257 0.00446679795394044 0.804843154836292 0.999979432077976 -0.00641369012412536 0.805101472224016 0.999990068426528 0.00445679798826237 0.804420491148984 0.999979358941182 -0.00642508300204678 0.804681621457529 0.00300000000000011 0.000999999999999446 0.0980000000000008 0.111000000000001


 5061 61 1000 2 0.8 0.0139999999999993 0.460000000000001 0.568000000000001 0.224 0.999977181344702 0.00675550071460683 0.810667245916911 0.999705589112058 0.0242638640392215 0.789307251986392 0.999977167311038 0.0067575777162673 0.810062317673459 0.99970564511998 0.0242615563236255 0.789179902268294 0.00200000000000067 0.000999999999999446 0.0980000000000008 0.106

 5063 63 1000 2 0.8 0.0129999999999999 0.460999999999999 0.568 0.223000000000001 0.999993847185628 0.00350793256583155 0.800752646632608 0.999948033684271 0.0101946030310412 0.804501628254633 0.999993841974397 0.00350941779844877 0.80043653575967 0.99994804774691 0.010193223589376 0.804094758446602 0.00300000000000011 0.00100000000000122 0.0969999999999995 0.0980000000000008

 5041 41 1000 2 0.8 0.0129999999999999 0.457000000000001 0.579999999999999 0.222000000000001 0.999999835449442 -0.000573673329415174 0.800655662717243 0.999981681852628 0.0060527645906216 0.79501050519925 0.999999826479166 -0.000589102400389459 0.800337894361416 0.999981712135121 0.00604775952819201 0.794797143684703 0.00200000000000067 0.000999999999999446 0.0970000000000013 0.106

 5068 68 1000 2 0.8 0.0110000000000001 0.457000000000001 0.573 0.224 0.999943889896584 0.010593255330052 0.799985445365012 0.999828721845508 0.0185074842368722 0.807208027046195 0.999944007927302 0.0105821080265048 0.79968852028035 0.999827992318476 0.0185468535446179 0.806712397655238 0.00300000000000011 0.00100000000000122 0.0939999999999994 0.109

 5067 67 1000 2 0.8 0.0119999999999996 0.459000000000001 0.585 0.223000000000001 0.999999779959786 0.000663385543556565 0.799452642174229 0.999994961680462 0.00317436823492904 0.802360611507191 0.999999782993727 0.000658796249646858 0.799169730487177 0.999994949064285 0.00317834011980221 0.802005406109453 0.00199999999999889 0 0.093 0.0919999999999987
 5050 50 1000 2 0.8 0.0129999999999999 0.461 0.589 0.221 0.999991927077201 0.00401818123364755 0.790463461582945 0.99999281265222 -0.00379139076079439 0.791393849679327 0.999991923667791 0.00401902963301725 0.790322361918648 0.999992823241787 -0.00378859669537239 0.791243148847356 0.00200000000000067 0.000999999999999446 0.0899999999999999 0.0999999999999996


 5052 52 1000 2 0.8 0.0100000000000007 0.457 0.579 0.224 0.99999560391508 -0.00296515606898521 0.803592303167146 0.999999730656768 -0.000733952580671934 0.801481284911502 0.999995621417775 -0.00295924741734045 0.803209934761682 0.999999728209421 -0.000737279515308231 0.801143000640319 0.00199999999999889 0 0.0960000000000001 0.0980000000000008

 5044 44 1000 2 0.8 0.0110000000000001 0.46 0.550000000000001 0.224 0.999866975541732 0.0163104635442854 0.808713692918482 0.999994159990536 -0.00341759927767779 0.811305799098893 0.999866778803246 0.0163225195855758 0.808168002117686 0.999994232888889 -0.00339620213802621 0.810676051359542 0.00300000000000011 0.000999999999999446 0.0999999999999996 0.100000000000001

 5069 69 1000 2 0.8 0.00600000000000023 0.462 0.567 0.224 0.999999641978047 -0.000846193700081341 0.798808820744367 0.999984949438025 -0.00548642847682552 0.80434417256329 0.999999643445027 -0.000844458299122267 0.798533731133654 0.999985032936042 -0.00547118852740875 0.803917614054724 0.00199999999999889 0.000999999999999446 0.0950000000000006 0.101999999999999
 5054 54 1000 2 0.8 0.0120000000000005 0.46 0.573 0.223000000000001 0.999931309162448 -0.011720791640179 0.804473686689632 0.999967710076483 0.00803609385178912 0.799319305096108 0.999931190092294 -0.0117309454269238 0.804071821869238 0.999967780156314 0.00802736876281926 0.799024703260392 0.00200000000000067 0.000999999999999446 0.0950000000000006 0.108000000000001


 5042 42 1000 2 0.8 0.0129999999999999 0.461 0.587999999999999 0.221 0.999988298551205 -0.00483763998925185 0.799342959586067 0.99994176644405 -0.0107918358379916 0.803848220497129 0.999988280664639 -0.00484133590840352 0.79905359024594 0.999941729898885 -0.0107952214810513 0.803461723350777 0.00200000000000067 0 0.0950000000000006 0.0960000000000001

 5053 53 1000 2 0.8 0.0130000000000008 0.458 0.571 0.225000000000001 0.999842934288542 -0.0177230571086922 0.79206208172275 0.999906717877353 0.0136585337331484 0.81558180353356 0.999843055929791 -0.0177161934110171 0.791895914363446 0.999906517515773 0.0136731938287478 0.814790797372469 0.00200000000000067 0.000999999999999446 0.093 0.0999999999999996
 5062 62 1000 2 0.8 0.0110000000000001 0.458 0.583 0.222999999999999 0.999901453068196 -0.0140386663223725 0.806020286584507 0.999993312643176 0.00365713944609047 0.798501782294039 0.999901500487521 -0.0140352884830852 0.805568292371044 0.999993325240346 0.00365369330339839 0.798231829376247 0.00199999999999889 0.000999999999999446 0.0960000000000001 0.0950000000000006


 5059 59 1000 2 0.8 0.0119999999999996 0.459000000000001 0.591 0.221 0.999998413669789 -0.00178119563947518 0.812551097852059 0.999995049476688 -0.00314658896516393 0.799157343993894 0.999998369552408 -0.00180579415380755 0.811862086902919 0.999994994243626 -0.00316409350205217 0.798877266951842 0.00200000000000067 0.000999999999999446 0.0989999999999984 0.0939999999999994

 5066 66 1000 2 0.8 0.0129999999999999 0.464 0.572 0.222999999999999 0.999965332091603 -0.00832674095490972 0.808180118316352 0.999997275428126 0.00233433851951941 0.803562748891324 0.999965319280636 -0.00832827929263238 0.807662381983269 0.999997259703605 0.00234106498843751 0.803171455586179 0.00200000000000067 0.00100000000000122 0.0969999999999995 0.109999999999999

 5045 45 1000 2 0.8 0.0139999999999993 0.462000000000001 0.562 0.223000000000001 0.99998590598268 -0.00530922178835061 0.801250626117718 0.999889634705806 -0.0148565947609194 0.805467072205135 0.999985851140507 -0.0053195412203947 0.800911504903163 0.999889570397293 -0.0148609222700628 0.805025707062432 0.00200000000000067 0.00100000000000122 0.097999999999999 0.0970000000000013

 5072 72 1000 2 0.8 0.0129999999999999 0.46 0.595 0.222 0.999999700511526 0.000773935952559685 0.791719388224575 0.999768025218284 -0.0215382392765336 0.802633194819328 0.999999698466183 0.000776574235353451 0.791565191778055 0.999767928129667 -0.0215427454915391 0.802270981565132 0.00200000000000067 0.00100000000000122 0.0889999999999986 0.0939999999999994

 5076 76 1000 2 0.8 0.00300000000000011 0.322 0.553999999999999 0.227 0.999984113163552 0.00563679168538778 0.80777101378527 0.999986956357748 0.00510755463669817 0.806589817398973 0.999984131520313 0.00563353419849617 0.807263154538985 0.999986873711163 0.00512371011804306 0.806114694449244 0.00199999999999978 0.00100000000000033 0.0989999999999993 0.0989999999999993

 5073 73 1000 2 0.8 0.00299999999999967 0.318 0.575 0.226 0.999982308131956 0.00594839668193055 0.802151887799031 0.999982374473228 0.00593723360536993 0.799920134611859 0.999982217961004 0.00596353601411827 0.801784292424006 0.99998234488211 0.00594221541824134 0.799618134426629 0.00199999999999978 0 0.101 0.0949999999999998

 5075 75 1000 2 0.8 0.00300000000000011 0.316 0.556999999999999 0.226 0.999999846232526 -0.000554558314002334 0.807759102830219 0.999997156060948 0.00238492557872758 0.807122050857787 0.99999984097778 -0.000563954266339454 0.807248889598016 0.999997120023858 0.00239998833113919 0.806622686881018 0.00199999999999978 0.00100000000000033 0.100000000000001 0.0980000000000008

 5074 74 1000 2 0.8 0.00300000000000011 0.323 0.603 0.227 0.999985269187765 0.00542783635287491 0.801190024581403 0.999994660564581 -0.00326784980199144 0.813006212827417 0.999985311677105 0.00542000277154483 0.800865348867941 0.999994562048565 -0.00329785889617759 0.812315433536468 0.00200000000000067 0.00100000000000033 0.0959999999999992 0.0969999999999995

 5079 79 1000 2 0.8 0.00300000000000011 0.317 0.583 0.229 0.999999937811808 -0.000352670356970436 0.802176317351168 0.999798402829143 0.0200786877134573 0.789149835042895 0.999999936330633 -0.000356845525967547 0.801821815782352 0.999798372692106 0.0200801883013304 0.789023944229153 0.00199999999999978 0.000999999999999446 0.0980000000000008 0.0870000000000006

 5082 82 1000 2 0.8 0.00300000000000011 0.315 0.552 0.23 0.999851366330295 0.0172408018212987 0.813485591426364 0.999826858185021 0.0186078921930702 0.789015048480519 0.999851688925469 0.017222083291134 0.812779800779879 0.999826872676523 0.0186071135290841 0.788891807064184 0.00199999999999978 0.00100000000000033 0.0990000000000002 0.0860000000000003

 5077 77 1000 2 0.8 0.004 0.325 0.582 0.23 0.999953405327891 -0.00965335035904942 0.812366382088503 0.99999744546425 -0.00226032408596742 0.810047661501678 0.999953497928661 -0.00964375343085387 0.811676983267563 0.999997451606331 -0.00225760511249117 0.809455422471985 0.00200000000000067 0.000999999999999446 0.101 0.0960000000000001

 5078 78 1000 2 0.8 0.00299999999999967 0.319 0.574 0.231000000000001 0.99990492875368 0.0137888887912606 0.804528197912415 0.999978812865695 0.00650951762532783 0.796947382875459 0.999904978775687 0.0137852609548134 0.804109751258647 0.999978791808093 0.00651275164785092 0.796705343437845 0.000999999999999446 0 0.100000000000001 0.0899999999999999

 5081 81 1000 2 0.8 0.00300000000000011 0.316 0.545 0.229 0.999886198290331 0.0150861018327496 0.816749064084646 0.999970726226891 0.00765158083426653 0.794921178849486 0.999886393822619 0.0150731366476226 0.817503119228544 0.999970744594587 0.00764918001802443 0.794717200468028 0.00200000000000067 0.000999999999999446 0.112 0.0890000000000004

 5083 83 1000 2 0.8 0.00300000000000011 0.316 0.581 0.231 0.999996902771049 0.00248886486364377 0.820402512121764 0.999997540845682 0.00221772464202299 0.820802145379046 0.999996985576567 0.0024553691734843 0.820953248995066 0.999997529932354 0.00222264013965696 0.821323142643111 0.00199999999999978 0.00100000000000033 0.106 0.0960000000000001

 5086 86 1000 2 0.8 0.00299999999999967 0.318 0.57 0.231 0.99992866894166 0.0119439117779744 0.805860185481872 0.999978949885093 -0.00648843484269537 0.80215847238553 0.999928707003574 0.0119407248590662 0.805400438630797 0.999978944197818 -0.00648931128990286 0.801795302050834 0.00199999999999978 0.000999999999999446 0.105 0.0960000000000001

 5080 80 1000 2 0.8 0.004 0.314 0.601 0.233000000000001 0.999955057108307 0.00948070480095074 0.800873649749466 0.999900595277012 -0.0140996299482514 0.804563014041555 0.999955183171317 0.0094673992636173 0.80054518576363 0.999900869403891 -0.0140801763249735 0.804145173986085 0.00199999999999978 0.00100000000000033 0.107 0.0939999999999994

 5084 84 1000 2 0.8 0.004 0.325 0.568000000000001 0.232 0.999992166600505 -0.0039581229929995 0.806629847905551 0.999946190362148 -0.0103738315113877 0.803648394423726 0.999992201158015 -0.0039493826286907 0.806146116376107 0.999946121488408 -0.0103804682115385 0.803265887353005 0.00199999999999978 0.00100000000000033 0.109 0.0920000000000005

 5085 85 1000 2 0.8 0.00300000000000011 0.323 0.571999999999999 0.231999999999999 0.999915219498048 0.0130212831998236 0.802861163961635 0.999722681933354 0.0235490812555984 0.798604531432094 0.999915140878235 0.0130273190817956 0.802495047086406 0.999722788949539 0.0235445376882918 0.798338337207943 0.00199999999999978 0.000999999999999446 0.106 0.0889999999999995

 5087 87 1000 2 0.8 0.00300000000000011 0.321 0.575 0.23 0.999997656314685 -0.00216503236411817 0.799384551284549 0.999822030706512 -0.0188654953263127 0.789547686066758 0.999997658633102 -0.00216396125498341 0.799093131929318 0.999822156688114 -0.0188588174477854 0.789412369056611 0.00199999999999978 0.00100000000000033 0.104 0.0880000000000001

 5090 90 1000 2 0.8 0.00300000000000011 0.325 0.558 0.228 0.999999503669353 0.000996323766228727 0.802581906655547 0.999996490956735 -0.00264916481506353 0.780495198932046 0.999999501711792 0.000998286616395946 0.802226679760921 0.999996496362869 -0.00264712334163577 0.780440085636843 0.00199999999999978 0.00100000000000033 0.104 0.0830000000000002

 5088 88 1000 2 0.8 0.004 0.323 0.562 0.228000000000001 0.999999924153755 0.000389477194849408 0.80423473987971 0.99999995770996 0.000290826544242685 0.801815584706721 0.999999923994238 0.000389886545207408 0.803846808060903 0.999999961000142 0.000279284288460463 0.801461093914637 0.00200000000000067 0.00100000000000033 0.103 0.093

 5091 91 1000 2 0.8 0.00300000000000011 0.323 0.571 0.228 0.99994983436583 0.0100164240998836 0.809814597199465 0.999992462206503 -0.0038827220058881 0.802179166573253 0.999949832861487 0.0100165742788768 0.809240091230408 0.999992475097751 -0.00387940045287047 0.801818032443175 0.00199999999999978 0 0.105 0.0939999999999994

 5089 89 1000 2 0.8 0.00300000000000011 0.323 0.595 0.226999999999999 0.999976435122801 -0.00686507094603905 0.814358492319925 0.999968654420664 0.00791771280908427 0.801428067905922 0.999976499991973 -0.00685561549414294 0.813621020366886 0.999968655144635 0.00791762137450667 0.801085336184524 0.00199999999999978 0.00100000000000033 0.102 0.0920000000000005

 5096 96 1000 2 0.8 0.00299999999999967 0.326000000000001 0.56 0.221 0.999997481142627 0.00224448399426293 0.796828718391515 0.999998151583 -0.00192271437929954 0.80514985777506 0.999997512476714 0.00223047985501773 0.796583978113419 0.999998134872551 -0.00193138588067242 0.804713517503682 0.00199999999999978 0.00100000000000033 0.0969999999999995 0.0939999999999994

 5100 100 1000 2 0.8 0.00300000000000011 0.328 0.585 0.222 0.999979451316761 -0.00641068984042575 0.80890137418437 0.999919407709147 0.0126955931955966 0.800548961986126 0.999979509437948 -0.00640161731446393 0.808362250095447 0.999919431988629 0.0126936807718666 0.800222814899397 0.00300000000000011 0.00100000000000033 0.0979999999999999 0.093

 5098 98 1000 2 0.8 0.004 0.332 0.552 0.223 0.999889198792286 -0.0148859040209241 0.805700489709205 0.999997935157463 -0.00203216161014481 0.78922877417552 0.999889419247113 -0.0148710886511759 0.805248421888382 0.999997944122252 -0.00202774536580307 0.789094814078278 0.00199999999999978 0.00100000000000033 0.0989999999999993 0.0880000000000001

 5097 97 1000 2 0.8 0.00299999999999967 0.332 0.558 0.221 0.999894011348404 0.0145590545570948 0.804540192552178 0.999993515762616 0.00360117102113553 0.799502184942657 0.999893873970991 0.0145684863758798 0.804113022911703 0.999993506601966 0.00360371390432055 0.799204068020598 0.00199999999999978 0.000999999999999446 0.0990000000000002 0.0899999999999999

 5092 92 1000 2 0.8 0.004 0.338 0.571 0.221 0.999983639681762 -0.00572017209665085 0.791342647072881 0.999967481709841 -0.0080644604828809 0.788581090621146 0.999983675638763 -0.00571388274199998 0.79118569909559 0.999967479174226 -0.00806477488483245 0.788459217331982 0.00199999999999978 0.000999999999999446 0.0919999999999996 0.0839999999999996

 5099 99 1000 2 0.8 0.00299999999999967 0.332 0.586 0.221 0.999992406858798 0.00389695069880832 0.793662962294482 0.999680047464426 -0.0252943215272236 0.800940709932215 0.999992406343807 0.00389708284764506 0.793472072861262 0.999680270608947 -0.0252855008892863 0.800623915803396 0.00299999999999923 0.000999999999999446 0.093 0.0869999999999997

 5093 93 1000 2 0.8 0.004 0.326 0.595 0.222 0.999987597064171 -0.00498053388964921 0.809795140863588 0.999943741001767 0.0106073008532079 0.787206100586333 0.999987699582142 -0.00495990770239888 0.809223241997671 0.999943717783745 0.0106094893761536 0.787101009523088 0.00199999999999978 0.00100000000000033 0.0960000000000001 0.0819999999999999

 5095 95 1000 2 0.8 0.00300000000000011 0.324 0.575 0.223 0.999980581245297 -0.00623194450530032 0.806501907662236 0.999997857810943 0.00206987282823601 0.797918744190232 0.999980678904622 -0.00621625429430355 0.806019136831301 0.999997869009723 0.00206445537904709 0.797663686449356 0.00199999999999978 0.00100000000000033 0.0979999999999999 0.0859999999999994

 5094 94 1000 2 0.8 0.00300000000000011 0.331 0.579 0.222 0.999986915197928 -0.00511560679998558 0.796429712007816 0.999968378936402 0.00795242901917739 0.801377998976859 0.999986921633836 -0.00511434856883812 0.79619507204298 0.999968365117794 0.00795416643314099 0.801048668400567 0.00199999999999978 0.00100000000000033 0.0939999999999994 0.0880000000000001

 5104 4 2000 2 0.8 0.004 0.369 1.072 0.482 0.999995750456336 0.00291531632404063 0.805038296935902 0.999958335657011 0.0091283596587694 0.800385837426171 0.999995734131224 0.00292091070623791 0.804611117800646 0.999958324250924 0.00912960904329005 0.800084152693186 0.00199999999999978 0.000999999999999446 0.158 0.153

 5102 2 2000 2 0.8 0.004 0.374 1.1 0.478 0.99985222797592 0.0171907594825969 0.802814238570208 0.999999750342728 0.000706621880518711 0.807346982457667 0.999852173896728 0.0171939045590693 0.802460768930483 0.999999746607291 0.000711888582342785 0.806834678804926 0.00199999999999978 0.000999999999999446 0.153 0.167000000000001

 5101 1 2000 2 0.8 0.00499999999999989 0.37 1.147 0.475 0.999984683272215 0.00553472862640144 0.790122068484045 0.999999983707494 -0.000180513188695798 0.806093042112395 0.999984667512613 0.00553757525358918 0.789984515618968 0.999999983267642 -0.000182933637831669 0.805632866945024 0.00300000000000011 0.00100000000000033 0.146999999999999 0.157999999999999

 5103 3 2000 2 0.8 0.004 0.374 1.135 0.476 0.999973411827932 0.00729216272482135 0.798407999907658 0.999977329624172 -0.00673351599917358 0.810972896619426 0.999973420187545 0.00729101628194258 0.798136844557337 0.999977257148363 -0.00674427060814897 0.810350694742603 0.00199999999999978 0.00100000000000033 0.154 0.162

 5105 5 2000 2 0.8 0.004 0.358 1.137 0.47 0.999937273820831 0.011200376054637 0.801530812631785 0.999982109988117 0.00598161380515879 0.815548162846236 0.999937269522934 0.0112007597518412 0.801202949109597 0.999982118910109 0.00598012207637504 0.81472087476598 0.00199999999999978 0.00100000000000033 0.165 0.175000000000001

 5106 6 2000 2 0.8 0.004 0.352 1.128 0.476 0.999970477528687 0.00768401399331876 0.804798080343987 0.999980327033407 -0.00627260282181934 0.794683671953686 0.999970558878522 0.00767342010943069 0.804385834446891 0.999980324891496 -0.0062729442765648 0.794480750606992 0.00199999999999978 0.00100000000000033 0.168 0.157

 5107 7 2000 2 0.8 0.00499999999999989 0.358 1.155 0.47 0.999848352362769 0.0174147143949118 0.804448196632322 0.999999982172506 0.000188825284852399 0.797913763540078 0.999848375267017 0.0174133993208007 0.80404013297869 0.999999982283509 0.000188236504009472 0.797652998436665 0.00199999999999978 0.000999999999999446 0.168 0.161

 5108 8 2000 2 0.8 0.004 0.362 1.124 0.463 0.999974486982839 0.00714320540155113 0.799596451333746 0.999948306773612 0.0101677814978 0.804342918473759 0.999974473901131 0.00714503646995177 0.799309814441404 0.999948255154025 0.0101728567482408 0.803941741152922 0.00199999999999978 0.00100000000000033 0.165 0.161

 5109 9 2000 2 0.8 0.004 0.368 1.137 0.460999999999999 0.999951295741937 0.00986945510252794 0.801625208171683 0.99999901144322 0.00140609835476976 0.800703316932531 0.999951275490379 0.00987150673224959 0.801288406378654 0.999999000845812 0.00141361500323065 0.800395053593619 0.00100000000000033 0.00199999999999978 0.171 0.159

 5113 13 2000 2 0.8 0.00600000000000023 0.363 1.146 0.463 0.99996244540936 0.00866647396191508 0.804881497835123 0.999994345004207 0.00336302833857189 0.800233996714219 0.999962464612896 0.00866425791986469 0.804457371558746 0.999994363923551 0.00335739797061754 0.79993007683847 0.00199999999999978 0.00100000000000033 0.172 0.16

 5111 11 2000 2 0.8 0.004 0.362 1.136 0.462 0.999983128096153 -0.00580891754403075 0.798935982648306 0.999985753900855 -0.00533778936814154 0.79889660384892 0.999983122222945 -0.00580992850655787 0.798655523025958 0.999985748792785 -0.00533874623228717 0.798617976138284 0.00100000000000033 0.00100000000000033 0.168 0.16

 5110 10 2000 2 0.8 0.00499999999999989 0.36 1.168 0.46 0.999997123747838 -0.00239843616763502 0.806568134685655 0.999998273449592 -0.00185825128408705 0.797743353639324 0.999997149552743 -0.00238765290397159 0.806092916684824 0.999998292744378 -0.00184783882665266 0.797489305151562 0.00199999999999978 0.00200000000000067 0.173 0.159000000000001

 5112 12 2000 2 0.8 0.004 0.365 1.126 0.471 0.999929791232425 0.0118495825191624 0.798012155162706 0.999999483934706 0.00101593814876962 0.791627464711435 0.999929845371912 0.0118450130647485 0.797750550566281 0.999999481906972 0.00101793211344958 0.791471339267272 0.00199999999999978 0.00100000000000033 0.168 0.161

 5114 14 2000 2 0.8 0.00499999999999989 0.365 1.136 0.467000000000001 0.999997317428807 0.00231627614720048 0.797138448923433 0.999807105622913 0.0196405586970579 0.7999899147283 0.999997306803425 0.00232085887037914 0.796895361810797 0.999806926608846 0.0196496693349576 0.799684340700435 0.00199999999999978 0.000999999999999446 0.166 0.172

 5115 15 2000 2 0.8 0.00500000000000034 0.359 1.122 0.472 0.999993249002819 0.00367449980070191 0.798317361483238 0.999998508187016 0.00172731692031161 0.792790201932697 0.999993235330679 0.00367821871027782 0.798052924145767 0.99999851569712 0.00172296359691801 0.792619250784041 0.00199999999999978 0.00199999999999978 0.162000000000001 0.162

 5116 16 2000 2 0.8 0.004 0.353 1.122 0.467000000000001 0.999999854251424 0.000539904741504992 0.796573490326932 0.999943064576478 -0.0106708765057497 0.792914881079334 0.999999853665906 0.000540988139361471 0.796339767316352 0.999943110178795 -0.0106666023624276 0.792738629550495 0.00199999999999978 0.00100000000000033 0.162000000000001 0.162

 5118 18 2000 2 0.8 0.00500000000000034 0.351 1.14 0.462 0.999988599851196 0.00477495210907033 0.797318442672412 0.999887459915992 -0.0150022499227561 0.805007266775426 0.999988614643623 0.00477185321727347 0.797064193666623 0.999887455381753 -0.0150025521229835 0.804580997584051 0.00199999999999978 0.00100000000000033 0.165 0.161

 5119 19 2000 2 0.8 0.00499999999999989 0.356 1.132 0.467 0.999951698106995 0.00982860381425673 0.80725757044059 0.999964388426212 0.00843930562255963 0.801393985224894 0.999951710543576 0.00982733844822175 0.806767004011021 0.99996440147944 0.00843775881767554 0.801056562569603 0.00199999999999978 0.00200000000000067 0.169 0.16

 5120 20 2000 2 0.8 0.004 0.361 1.139 0.462 0.999999779636154 -0.000663873212624113 0.803415206862133 0.999924138681785 -0.0123173406825404 0.802154529236503 0.999999786426418 -0.000653564930058598 0.803028598721857 0.999924284386656 -0.0123055066468024 0.80179006449871 0.00200000000000067 0.00100000000000033 0.167 0.164

 5121 21 2000 2 0.8 0.004 0.359 1.14 0.465 0.999979668962762 0.00637664967876157 0.80319696954085 0.999994977351232 -0.00316942775739428 0.813789096423171 0.999979657097419 0.00637851011817391 0.802819657921406 0.999994986353431 -0.00316658617448235 0.813076405552005 0.00199999999999978 0.00100000000000033 0.166 0.159000000000001

 5117 17 2000 2 0.8 0.004 0.365 1.169 0.464 0.999962209752685 -0.00869362217529823 0.788533946064775 0.999967921214931 -0.00800977784265126 0.798960179053029 0.999962236534449 -0.00869054112374888 0.788414941704452 0.99996790826793 -0.00801139402732964 0.798674992122806 0.00199999999999978 0.00100000000000033 0.157999999999999 0.159000000000001

 5123 23 2000 2 0.8 0.00499999999999989 0.368 1.158 0.462 0.999971715124617 0.00752123332515115 0.788193871364967 0.999999968145774 0.000252405330764263 0.788520706341057 0.999971737532119 0.00751825358676651 0.788077644616879 0.999999968082747 0.000252654914480645 0.788400072958744 0.00199999999999978 0.000999999999999446 0.157999999999999 0.149999999999999

 5122 22 2000 2 0.8 0.00499999999999989 0.361 1.179 0.464 0.999998526155487 -0.00171688288873372 0.79527086694141 0.999990548033041 0.00434785516983132 0.805983195010543 0.99999852929784 -0.00171505164841166 0.795061084691604 0.999990501571182 0.00435852812488527 0.805527942675059 0.00199999999999978 0.000999999999999446 0.161 0.161

 5125 25 2000 2 0.8 0.00499999999999989 0.364 1.137 0.460000000000001 0.999991558223574 0.00410895139762545 0.790615726548548 0.999991734117732 0.00406591886426012 0.798517330816769 0.99999155195927 0.0041104756526353 0.790473000146028 0.999991740318084 0.00406439363366745 0.79824087725138 0.00199999999999978 0.00100000000000033 0.16 0.157999999999999

 5129 29 2000 2 0.8 0.00499999999999989 0.363 1.133 0.464 0.999997175760613 0.00237665117306985 0.810132791384414 0.999999999648981 2.64959968761624e-05 0.798554961087977 0.999997148435889 0.00238812061895101 0.809547594744707 0.999999999870465 1.60956276128044e-05 0.798286109420965 0.00199999999999978 0.000999999999999446 0.174 0.153

 5130 30 2000 2 0.8 0.004 0.37 1.146 0.460999999999999 0.999993373093273 0.00364057269384193 0.793520245996641 0.999999735774771 0.000726945932018329 0.798176925784608 0.999993350526345 0.00364676611472279 0.793341236972019 0.999999731157715 0.000733269731193382 0.79790633053064 0.00199999999999978 0.000999999999999446 0.163 0.157999999999999

 5131 31 2000 2 0.8 0.004 0.37 1.139 0.462000000000001 0.999991493305252 0.00412472024882678 0.792671739237901 0.999994351356432 -0.00336113897790813 0.804451134386313 0.999991501535978 0.00412272432009048 0.792500363622243 0.999994337739346 -0.00336518784715475 0.804032716259409 0.00200000000000067 0.00199999999999978 0.165999999999999 0.16

 5127 27 2000 2 0.8 0.00499999999999989 0.369 1.169 0.465 0.999993560718943 0.0035886655806638 0.796976004463537 0.999879544744389 0.0155208247768385 0.796353731834553 0.99999355591423 0.0035900041801145 0.796733958886444 0.999879640286098 0.0155146685863417 0.796126520919916 0.00199999999999978 0.00199999999999978 0.170999999999999 0.151

 5126 26 2000 2 0.8 0.00600000000000023 0.373 1.149 0.464 0.999936128279303 0.0113021839392831 0.795729270653601 0.999908462961692 -0.0135301772932277 0.800003578066354 0.999936038189064 0.0113101516682153 0.795504036427323 0.999908579800871 -0.0135215398755391 0.799698884875627 0.00200000000000067 0.00199999999999978 0.172 0.154999999999999

 5128 28 2000 2 0.8 0.00700000000000012 0.368 1.173 0.465 0.999999825474624 0.000590805146959155 0.795738973093211 0.999990397033307 -0.00438244693849268 0.800602107804647 0.999999824501853 0.00059244937512861 0.795524648415678 0.999990425022207 -0.00437605574762908 0.800289047788536 0.00200000000000067 0.00199999999999978 0.168 0.155

 5124 24 2000 2 0.8 0.00500000000000034 0.367 1.163 0.465 0.999999479114213 -0.00102067198629998 0.801369535869308 0.999977231618325 -0.00674805490129251 0.796204419477187 0.999999484315102 -0.00101556365164276 0.801037406924278 0.999977212577013 -0.00675087599555681 0.7959778291109 0.00199999999999978 0.00100000000000033 0.172 0.154999999999999

 5132 32 2000 2 0.8 0.00499999999999989 0.371 1.183 0.468 0.999997739525139 0.00212625130478281 0.800406895428451 0.999999872029906 -0.000505905298334725 0.797007819950171 0.999997728228027 0.00213155783078248 0.80009886001038 0.999999867568901 -0.000514647626923283 0.796765741999867 0.00199999999999978 0.00199999999999978 0.173 0.155

 5133 33 2000 2 0.8 0.00499999999999989 0.383 1.123 0.468 0.999997065351483 -0.0024226614336373 0.800404026849496 0.999999132467537 0.00131721834682363 0.808405588347208 0.999997072541589 -0.00241969176804524 0.80009585905199 0.999999139187292 0.00131210696019949 0.807880217396296 0.00199999999999978 0.00100000000000033 0.159 0.157

 5134 34 2000 2 0.8 0.004 0.381 1.13 0.466 0.999893109390957 0.0146208683901866 0.798506609989649 0.999992625729976 -0.00384037571956535 0.800900012212615 0.999893081777242 0.0146227567171445 0.798233948958731 0.999992618747646 -0.00384219341328438 0.800574040633005 0.00200000000000067 0.00100000000000033 0.162 0.156

 5135 35 2000 2 0.8 0.00499999999999989 0.381 1.119 0.47 0.999996446484713 0.00266589908781602 0.802330393748485 0.999999682894105 0.000796374089278421 0.79628596383096 0.999996417460512 0.00267676411755979 0.801981889627726 0.999999679409551 0.000800737656424501 0.796056467966176 0.00199999999999978 0.00100000000000033 0.164 0.155

 5136 36 2000 2 0.8 0.004 0.395 1.138 0.468 0.999998104671859 -0.00194695985799713 0.799391268052334 0.999994052709073 0.00344884712388222 0.811572732042201 0.999998118074703 -0.00194006367227178 0.799107870963219 0.999994103891067 0.00343397482539263 0.810942553794404 0.00199999999999978 0.000999999999999446 0.164000000000001 0.156

 5040 40 1000 2 0.8 0.00300000000000011 0.3 0.524 0.216 0.999999938090421 -0.000351879460043598 0.798561693497392 0.99998048957037 -0.00624663738373607 0.794487517231523 0.999999942754189 -0.000338366101124476 0.798294986354092 0.999980476905615 -0.00624866446682965 0.794288804585304 0.00100000000000033 0.00100000000000033 0.0869999999999997 0.0840000000000005

 5137 37 2000 2 0.8 0.004 0.34 1.091 0.435 0.999969930176525 0.00775491732748782 0.8079871703502 0.999991630511944 0.00409132082131251 0.790531574912556 0.99996987183285 0.00776243689789368 0.807460785189955 0.999991617407429 0.00409452254540091 0.790388432890907 0.00199999999999978 0.00100000000000033 0.175 0.15

 5138 38 2000 2 0.8 0.004 0.339 1.046 0.439 0.999904736171279 -0.013802846889176 0.808826481571758 0.999953435633062 -0.00965021065235476 0.797215705774611 0.999905173760222 -0.013771110613863 0.808281942793458 0.999953410464417 -0.00965281827144226 0.796965321884625 0.00199999999999978 0.00100000000000033 0.171 0.158

 5140 40 2000 2 0.8 0.004 0.341 1.048 0.442 0.999990731088403 -0.00430554726843179 0.792144022641293 0.999994916003667 -0.00318872495188162 0.794649650179335 0.999990724823497 -0.00430700208705268 0.79198533832892 0.9999949203026 -0.00318737650686484 0.794448889378218 0.00199999999999978 0.00100000000000033 0.153 0.151

 5141 41 2000 2 0.8 0.004 0.338 1.038 0.439 0.999896795063744 0.014366600894209 0.789902243784559 0.999952609446702 0.00973544353028774 0.800248708079864 0.999896741351302 0.0143703387241693 0.78976617838822 0.999952654553079 0.00973080943450723 0.799933363717266 0.000999999999999446 0.00100000000000033 0.154000000000001 0.157999999999999

 5139 39 2000 2 0.8 0.004 0.342 1.064 0.437 0.999989410051642 0.00460214999419831 0.800264034228931 0.999941098303629 -0.0108535673090311 0.796199734368779 0.999989395798755 0.00460524592630821 0.799953966047556 0.999941138609376 -0.0108498532978062 0.795972067296888 0.00199999999999978 0.00199999999999978 0.16 0.154999999999999

 5143 43 2000 2 0.8 0.004 0.339 1.034 0.439 0.999988922357962 0.00470692695528178 0.79532668125161 0.999959673697952 -0.00898058894986042 0.809799394894521 0.999988894568779 0.00471282708262182 0.795111606798257 0.999959664443027 -0.00898161939681161 0.809221583802364 0.00100000000000033 0.00100000000000033 0.158 0.163

 5144 44 2000 2 0.8 0.00399999999999956 0.342 1.045 0.437 0.999972695717016 0.00738971044386171 0.799510860812894 0.999983684105749 0.00571240074697074 0.799128121867933 0.99997265366768 0.0073953983542235 0.799227179594845 0.999983663756173 0.00571596192965011 0.798845302253542 0.00199999999999978 0.000999999999999446 0.157 0.151

 5142 42 2000 2 0.8 0.00299999999999967 0.341 1.088 0.436 0.999990327078973 -0.00439838021194403 0.800881234337658 0.999973063925759 -0.00733971545289072 0.803523370661618 0.99999038654512 -0.00438483948877403 0.800560882878082 0.999972977725042 -0.00735145017746791 0.803148303519134 0.00199999999999978 0.000999999999999446 0.16 0.151

 5146 46 2000 2 0.8 0.004 0.34 1.04 0.438999999999999 0.999922593175719 0.012442172509096 0.799812730838879 0.999948373529537 0.0101612142794305 0.797694378745291 0.999922530810171 0.0124471835441772 0.799519793956606 0.999948432601422 0.0101553994485886 0.797440704990396 0.000999999999999446 0.00100000000000033 0.16 0.15

 5145 45 2000 2 0.8 0.004 0.339 1.059 0.44 0.999984354605408 -0.00559379517009812 0.801619099120801 0.999992082835844 -0.00397922927586747 0.804632199632628 0.999984413569811 -0.00558324434728044 0.801283683173488 0.999992059658584 -0.00398504953331038 0.80421630266308 0.000999999999999446 0.00100000000000033 0.161 0.154999999999999

 5147 47 2000 2 0.8 0.004 0.341 1.04 0.44 0.999968661200291 0.007916856528794 0.792728116093339 0.999986941659048 0.00511043162403891 0.796530729448238 0.999968639208869 0.00791963375174875 0.792559417485236 0.999986933274487 0.00511207201494507 0.796291534165298 0.00199999999999978 0.00199999999999978 0.153 0.153

 5148 48 2000 2 0.8 0.004 0.338 1.024 0.439 0.999987438030626 0.00501236281058755 0.79602656996998 0.999819982776851 0.0189737197221965 0.807184502321005 0.999987440475275 0.00501187506907371 0.795802432145295 0.999820010625022 0.0189722522063414 0.806701808279911 0.00199999999999978 0.00199999999999978 0.157 0.156

 5149 49 2000 2 0.8 0.004 0.34 1.041 0.437 0.999734135825053 0.0230577029674594 0.797834585096389 0.999951211756551 -0.00987796065016044 0.799296232973346 0.999734362036892 0.0230478928036551 0.797581740318231 0.999951165126127 -0.00988267994527355 0.799010836117266 0.00199999999999978 0.00100000000000033 0.157 0.149999999999999

 5151 51 2000 2 0.8 0.00499999999999989 0.334 1.048 0.436 0.999999751777452 -0.000704588556916485 0.798850520369025 0.999985642261757 0.00535866311143693 0.790853902753487 0.999999753215086 -0.000702545205942666 0.798581429284356 0.99998564798842 0.00535759434623171 0.79070877987185 0.00199999999999978 0.00200000000000067 0.151999999999999 0.145

 5152 52 2000 2 0.8 0.00499999999999989 0.336 1.064 0.436999999999999 0.999999276402902 -0.00120299362920662 0.793974580081145 0.999990366081942 -0.00438950376509826 0.79233000277421 0.999999285308883 -0.00119556753148905 0.793781367361831 0.999990357099839 -0.00439154953713206 0.792161363216829 0.00199999999999978 0.000999999999999446 0.156000000000001 0.147

 5150 50 2000 2 0.8 0.00499999999999989 0.338 1.077 0.438 0.999999955777453 -0.00029739719724764 0.804575354136415 0.999990437432757 0.00437321884235809 0.794869126479071 0.999999957217392 -0.000292515323091289 0.804163899413525 0.99999043445248 0.00437390026630033 0.794667244040522 0.00199999999999978 0.000999999999999446 0.16 0.148

 5155 55 2000 2 0.8 0.004 0.341 1.025 0.438 0.999962956735596 0.00860727347100848 0.795419866552079 0.999980921219762 0.00617715116177321 0.799739245148496 0.999962986255956 0.00860384321513393 0.795204709820996 0.999980922235987 0.00617698664923455 0.799444511111555 0.00199999999999978 0.00100000000000033 0.155 0.152

 5153 53 2000 2 0.8 0.004 0.335 1.041 0.441 0.999966402362511 0.00819720355829438 0.801382600310092 0.999998034277137 0.00198278638826221 0.807066117263236 0.999966383149441 0.00819954700118762 0.801049070026612 0.999998039023475 0.00198039117469784 0.80659133586918 0.00199999999999978 0.00100000000000033 0.157 0.151

 5154 54 2000 2 0.8 0.00500000000000034 0.338 1.056 0.44 0.999983121378769 0.00581007380105638 0.800933394864002 0.999957192090811 -0.00925278260096602 0.793645357065366 0.999983076451807 0.0058178011292859 0.800614363693149 0.9999571321322 -0.00925926011866761 0.793455745022371 0.00100000000000033 0.000999999999999446 0.156 0.149999999999999

 5156 56 2000 2 0.8 0.004 0.336 1.045 0.441 0.999944066214511 0.0105765988101014 0.80247831543537 0.999999796941327 0.000637273336202987 0.789710705285532 0.999944157719054 0.0105679441487907 0.802109810703389 0.999999798212232 0.000635275920533761 0.789577720585946 0.00199999999999978 0.00100000000000033 0.159 0.144

 5157 57 2000 2 0.8 0.004 0.334 1.059 0.443000000000001 0.999959094499468 0.0090448509000715 0.7993130413374 0.999987578328735 0.00498429415579423 0.797884473728521 0.999959104654014 0.00904372818827769 0.799023342762145 0.999987556737757 0.00498862402380389 0.797622206213975 0.00199999999999978 0.000999999999999446 0.155 0.152

 5158 58 2000 2 0.8 0.00500000000000034 0.338 1.044 0.441 0.99999097415342 0.00424871882975111 0.803307814641231 0.999992682241265 -0.00382563248618184 0.798734599544899 0.999990937907562 0.0042572412139386 0.802927173976487 0.999992699864943 -0.00382102300724125 0.798457794130312 0.00200000000000067 0.00100000000000033 0.157 0.149

 5159 59 2000 2 0.8 0.004 0.337 1.048 0.442 0.999929266192118 -0.0118938056354306 0.794751443966806 0.99999735727438 -0.00229900940738919 0.796021694376519 0.99992920415658 -0.0118990199087776 0.794546019700505 0.99999733604084 -0.00230822685726026 0.795799454691644 0.00199999999999978 0.00100000000000033 0.152 0.145
