
 1023 78 100 10 0.95 0.00700000000000012 0.303 0 0.0220000000000002 0.999921952150914 -0.00534343572908393 0.00291956936148591 -0.00324322574730067 0.00518886507175867 -0.00306470414151373 0.00310014585480001 0.00379775934789258 0.00636101889629591 -0.00277159319113617 0.953173362925157 0.999945940171797 5.03284519936674e-05 -0.00566317619237523 -0.00177396801338293 0.00164961091081049 0.00666117282963078 0.000437727445316423 0.00176312543764645 0.00341103802159086 -0.00329664029824682 0.949784777472994 0.999921935453932 -0.00534298355957196 0.0029201398768962 -0.00324394285737794 0.00518897870104469 -0.00306482657957051 0.00309891897806368 0.00379953755370625 0.00636237823613369 -0.00277251499282289 0.953124208988314 0.999945923820735 4.90776515345357e-05 -0.00566604497928969 -0.00177521976434293 0.00164661198398427 0.00666333872904046 0.000444064892896139 0.00175911567304344 0.00341006263417929 -0.00329544108884981 0.949921616688282 0.00300000000000011 0.00100000000000033 0.024 0.0229999999999997

 1028 83 100 10 0.95 0.00599999999999978 0.252 0 0.0149999999999997 0.999889478295911 0.00505739749616885 0.00155123889901207 -0.00595989269272414 -0.00851230157908811 0.00153847787681955 0.000187181892543603 0.00279940731531952 0.00711376651847365 -0.00492175536340639 0.949373844578298 0.99987937442063 -0.000172221271072217 -0.00253433336195789 3.35130982474621e-05 0.000493244438911819 -0.00651269800919984 0.00336987124869525 -0.00836610751309342 -0.0103075153534374 0.00212880106540098 0.951660426528846 0.999889563713957 0.00504890503027985 0.00155112862493457 -0.00595611385554483 -0.00850800526581343 0.00153816705200103 0.000185689179190755 0.00279287576877076 0.00712071180214815 -0.00491897937112621 0.949542404908312 0.999879411186768 -0.000172872291379873 -0.00253282404581699 3.4176895672101e-05 0.000491879375139729 -0.00651284391420886 0.00336992103613085 -0.00836492482433688 -0.0103050780311152 0.00212950340708013 0.951629898409681 0.00299999999999923 0.00199999999999978 0.0170000000000003 0.0140000000000002

 1029 84 100 10 0.95 0.00600000000000023 0.255 0 0.016 0.999735596971824 0.000453504009959545 -0.00760892213612936 -0.00302639398556993 -0.0052332616340899 0.00170114088463205 0.006510522492983 0.0138885677020939 -0.0127931957781817 0.00567888572413678 0.95041976183903 0.999888492088424 0.00314890944525877 -0.00117154878060652 0.000844126007685408 -0.00693062982119385 0.00326981435482263 0.00438132291910462 0.00676824119892314 -0.00758751017852288 -0.0054499520539885 0.949266173327089 0.999735513896459 0.000452421962031006 -0.00760705585764421 -0.00302749133828382 -0.00523334331390597 0.00170043134516709 0.00651244827778458 0.0138891840271904 -0.0127985467424332 0.00567987699655448 0.9504918672005 0.999888567106633 0.0031418804360736 -0.00118037877075451 0.000841675646709543 -0.00692362246853471 0.00326226169658657 0.00437634102364811 0.00677589263876684 -0.00758481757779902 -0.00545039501996257 0.949444930755117 0.00399999999999956 0.00900000000000034 0.0170000000000003 0.0170000000000003

 1026 81 100 10 0.95 0.00599999999999978 0.248 0 0.016 0.999895768543184 0.00097844825646197 -0.00300065817918689 0.00285626887392398 -0.00299373987407777 0.00440059557797476 0.0101195631039394 -0.00595481535929337 -0.00466274541029512 -0.00154860228680207 0.948838423172961 0.999914540153472 -0.00495029187930571 -0.000273234271247853 0.0088800035117753 0.00259644361708011 0.00425972960119489 0.00400826045639409 0.00134784229370614 -0.00110410067182234 -0.00484656536981522 0.951014632591177 0.999895831360821 0.000966821750780196 -0.00300172706857118 0.00285737244645399 -0.00298525535887614 0.00440052728035961 0.0101214683182141 -0.00594796459195929 -0.00466297822648739 -0.00154096746071081 0.94905618284732 0.999914540974945 -0.00495032346532478 -0.000272855303163575 0.00887968781179692 0.00259682661125918 0.00425961862701246 0.00400856239344586 0.00134784161767406 -0.00110427209522041 -0.00484656715176411 0.951023942961212 0.00199999999999978 0.00600000000000023 0.0179999999999998 0.0140000000000002

 1027 82 100 10 0.95 0.00599999999999978 0.25 0 0.016 0.999960056483151 -0.00282291246542956 0.00120502796998315 -0.00209180102817988 -0.000648998629215823 -0.000577323213112623 0.00464309622020796 0.00119832474408726 -0.00534420093946186 0.00371208429033243 0.948025172037117 0.99991827880979 -0.00474666678935746 -0.00177007029555501 -0.00668703959230091 0.00257456592378654 0.00395858358953369 -0.00259531933273165 -0.00259399975317774 0.0041600753246914 -0.00632342403300372 0.949889175039503 0.999960115828946 -0.00282422996900121 0.00121526336368221 -0.00209753280795316 -0.000648619946445946 -0.000572363234723051 0.00463992193768627 0.0012107409600529 -0.00533552253235404 0.00370176850423792 0.948310572324406 0.999918320824555 -0.00473891293723649 -0.00177165467715817 -0.00668739256053042 0.00257462891152989 0.00395718576623867 -0.00259244413892775 -0.00259404155811099 0.00416346781345487 -0.00632155743058358 0.950007420543975 0.0790000000000006 0.0209999999999999 0.0170000000000003 0.0169999999999995

 1031 86 100 10 0.95 0.00600000000000023 0.255 0 0.016 0.999885566310039 0.00641260051375098 0.00593515081240655 -0.00332807640778865 -0.00711824416572926 -0.00194272711470245 0.00144978317858564 -0.00663160743978667 -0.00214205693561473 0.00602649539119522 0.95037954390144 0.999864098458675 -0.00127318633094491 0.0101757258817851 -0.000126415606880131 -0.00770508973016154 -0.00684119528409061 -0.00197101482424587 -0.00526784691780117 0.00532662061373076 0.000651055639814925 0.946455763320799 0.999885546126438 0.00641158340566399 0.0059372930897733 -0.0033313358218913 -0.00711849114555718 -0.00194178917148577 0.00144720306453784 -0.00663501588292932 -0.00213798316500773 0.00602534083757767 0.950456231133048 0.99986392271279 -0.00128702782567494 0.0101895456468713 -0.000123387507116234 -0.00770970480266578 -0.00683776465579998 -0.00197420311535687 -0.00525421514763713 0.00533906110737582 0.000658141247635468 0.946202358916264 0.0810000000000004 0.0780000000000003 0.0170000000000003 0.016

 1030 85 100 10 0.95 0.00600000000000023 0.253 0 0.016 0.99990909746012 0.00720462399000096 -0.00210748503183695 -0.00659831771393765 -0.00429821130552165 0.00290962091380292 -0.0042962710521183 -0.00429907869851412 -0.00188788090195579 0.00380345745865643 0.948113512466667 0.999883933353902 -0.00290217641323038 0.0070084413071263 0.00929920665907594 0.00665170163952639 -0.00131884892488876 -0.00249428528557917 -0.00441425027184145 0.00169892803284705 -0.00367774123018169 0.953429803010216 0.99990921006677 0.00718853496457337 -0.00210757847670479 -0.00659377690998011 -0.00430652122048423 0.00291421313543262 -0.00430453775377458 -0.00429365336980058 -0.00187982797227463 0.00379997194416264 0.948378570982691 0.99988394073508 -0.00290181087565431 0.00700567815796252 0.00930011175474819 0.00664866613512387 -0.0013198477226228 -0.00249490581410015 -0.00441740100827284 0.00169910474205314 -0.00367984315219377 0.953379043576635 0.0490000000000004 0.0170000000000003 0.0350000000000001 0.0199999999999996

 1025 80 100 10 0.95 0.00500000000000034 0.253 0 0.0149999999999997 0.999896625451874 0.00263898792365104 0.00734207141440514 -0.00698984499458243 -0.00155686597578325 0.00486807276178061 -0.000260130547469962 -0.0043660043411082 0.00712100282272462 0.00102464623200592 0.955346442110058 0.999862872779204 0.000438268524885681 -0.00767029888697066 0.00616855504012694 -0.00108444135257458 -0.00123601571118889 0.00799348488285406 -0.00773409890467069 0.00695436047256549 -0.00154273724610891 0.943953761316173 0.999896631211016 0.00264391958568139 0.00734072499642015 -0.00699113203245494 -0.00155414132107951 0.00486238147751238 -0.000255022443577026 -0.00436679849664003 0.00712263850987753 0.00102486962094577 0.955271806932943 0.999862847426869 0.000438241136727632 -0.00767484277853293 0.00617072038382417 -0.0010823837861031 -0.00123729893089298 0.00799538832206504 -0.00772656402093084 0.00695549662185178 -0.00155108215684026 0.943824501853233 0.109999999999999 0.0859999999999994 0.016 0.016

 1024 79 100 10 0.95 0.00499999999999989 0.25 0 0.016 0.999863149706501 0.00495009550226324 0.00256580573186407 -0.00275185854327344 -0.00976095173206936 -0.00754801492409882 0.000376134789636076 0.00672755267408446 -0.00183463833321838 -0.00583149044682862 0.94907804180331 0.999837112024141 0.00578253377453465 0.00012044425167214 0.00420067616340626 -0.000592931259581608 -0.0032742253117435 0.0131360471465921 0.00291552115810469 0.00761353964695141 -0.00495554560427739 0.939336619525953 0.999863212918943 0.00495152727222994 0.00256793866586853 -0.00275015871993493 -0.00975845893984657 -0.00755246538769187 0.00038278998543522 0.00672446537956202 -0.00183279330032946 -0.00582140865224259 0.949270716081203 0.999837109140092 0.00578262115116292 0.000120663134634922 0.00420097572941459 -0.000593280500189431 -0.0032744998173138 0.0131362798908069 0.00291510456525765 0.00761334082331021 -0.00495547667144087 0.939327011916984 0.102 0.0810000000000004 0.0220000000000002 0.0129999999999999

 1032 87 100 10 0.95 0.00599999999999978 0.253000000000001 0 0.0149999999999997 0.999857596242927 0.000885177603674162 0.00156101007253807 -0.00363861154943931 -0.0067488912226363 0.00517084996417579 -0.00907757060146591 -0.000340587848526807 0.00717773220455607 0.00787426819946131 0.94997868333658 0.99996204533261 0.00159348395356618 -0.00382687770791651 0.000251470509550121 0.00206490504578285 0.00357137370952802 0.00475218372451275 0.00403327666037351 -0.000127586114089975 0.00166585734570001 0.954460434671557 0.999857657036595 0.000887234783332776 0.00156216868151882 -0.00363104659109381 -0.00675063619867945 0.00516961647065364 -0.00907362275208537 -0.00034090117975066 0.00717127974180271 0.00787930766353183 0.950092769875813 0.999962054101214 0.00159503199323417 -0.00382755511008862 0.000249978569849277 0.00206354290735178 0.00357109547436195 0.00475101510815924 0.00403193014385111 -0.000127458367264325 0.00166666736933847 0.954397747020264 0.109 0.0800000000000001 0.0249999999999995 0.024

 1034 89 100 10 0.95 0.00499999999999989 0.301 0 0.0149999999999997 0.999892140015636 -0.00605361217381698 0.00513955989561038 -0.000397342291745626 0.00353445060654532 -0.00919187848887269 -0.00584437218307958 0.00192436478031456 -0.00299012957388199 -0.00295049922013705 0.955220207984945 0.999734409612406 -0.00720333096020191 0.00683514383095053 0.000215149183793092 -2.76202669379763e-05 0.00689126625835836 -0.00146219195740113 0.000176591173188941 -0.0173135239379178 0.00911258279608428 0.956805866078999 0.999892147898791 -0.00604985946427931 0.00513648032715692 -0.000404012974031143 0.00353493183759422 -0.00919426056806903 -0.00584494817407347 0.0019233784639131 -0.00298792212009452 -0.00295371989391471 0.955147451730777 0.999734419509612 -0.00720607055998262 0.00682816312750019 0.000213793792938146 -2.23007671581357e-05 0.00689552143103413 -0.00145713336119382 0.000176557708859974 -0.0173130898498139 0.00911302758957013 0.956695994184039 0.00500000000000078 0.0260000000000007 0.0219999999999994 0.016

 1036 91 100 10 0.95 0.00599999999999978 0.585999999999999 0 0.0150000000000006 0.999865312225296 0.00373211838655512 -0.00513699064301076 0.00137862420169952 -0.00424543666345643 -0.00875107188719299 0.00302879459099856 -0.00947494786775459 0.00120195979717523 0.00566934657972989 0.947888102262015 0.99996555337351 0.00449581152624631 0.00280664782907586 -0.00133968474144902 0.00229827070412118 0.00030417487758768 0.00212655542823214 -0.00443256565863779 -0.00296952068019477 0.000803254582429798 0.956648437015646 0.999865444841328 0.00373603632141339 -0.00514309019363769 0.00137427016752244 -0.00423350615167422 -0.00874533904294889 0.00302522211963553 -0.00946743297719072 0.00119529118818681 0.00567254292518976 0.948193259502522 0.999965578440399 0.00449204749468238 0.00280422632269459 -0.00133800506917564 0.0022922623251935 0.000301615306649892 0.00212783439105969 -0.00443784067994825 -0.00296864420798477 0.000793161357595364 0.956545793671465 0.00800000000000001 0.0659999999999998 0.0190000000000001 0.0170000000000003

 1035 90 100 10 0.95 0.00599999999999978 0.563 0 0.0149999999999997 0.999895560556422 0.0015200108283476 0.000120712911425196 -0.00263162408446979 0.00620236756358483 -0.0102931295221364 0.00328056041194534 0.00123809771729847 0.00357678769339288 -0.0054873744341079 0.949544938412499 0.999859959724751 0.0070294330217085 0.00121723944415239 0.0110322980686593 -0.00185256255928863 0.00558113395267066 -0.000137719469687224 0.00135192866011717 -0.00783303351274937 0.00310975916626587 0.945170598536398 0.999895645841652 0.0015290423922703 0.000127116621532963 -0.00262694362972782 0.00619597973558043 -0.0102911843052582 0.00327711823584977 0.00123640466555656 0.00357490989606092 -0.00548594971885884 0.949703559050443 0.999859785968022 0.00703261874056982 0.0012174218291301 0.0110337564056252 -0.00184957858134198 0.00558717883486992 -0.000145265719050431 0.00134870578614159 -0.0078443910729151 0.00311651926197988 0.944982883904117 0.0839999999999996 0.0960000000000001 0.0190000000000001 0.016

 1038 93 100 10 0.95 0.00800000000000001 0.284 0 0.0170000000000003 0.99990543649015 0.00317053568763193 0.00490223289545543 0.000872972128679868 -0.00390536207758956 -0.00405473148834877 -0.0059655620429391 0.00257189414211597 0.00317948511736328 -0.00838256626698841 0.951744272721562 0.999908602897199 -0.00498899870319211 -0.00150126384968634 -0.00467015610669318 0.00152262892344087 -0.000205923879542889 -0.00314507310608578 0.00943773279840564 0.00285943157686886 -0.0049327634508952 0.951022158697773 0.999905445247619 0.00317029125988194 0.00490250887934366 0.000872666659403874 -0.00390452182742402 -0.00405578114818448 -0.00596446460255145 0.00257127590074432 0.00317939381708718 -0.00838237334278002 0.951709574432294 0.999908602247437 -0.00498901620777376 -0.00150120164669463 -0.00467020468112208 0.00152253701772333 -0.000205888327914995 -0.00314517681223423 0.00943774356136084 0.00285949503058376 -0.0049327567538832 0.951030135778422 0.00499999999999989 0.00100000000000033 0.0169999999999995 0.0149999999999997

 1050 5 500 10 0.95 0.192 0.29 0 0.0729999999999995 0.999949708510257 -0.00211656787268394 -0.00410905110142769 -0.00321806090804977 -0.00102514952307591 -0.00670704665382201 -0.00271902817939159 0.00384845060963057 -0.00056141691017061 0.00055325589639421 0.948157342729457 0.999977566984033 0.00114417421141567 0.00478229443807284 -0.00084219503548478 -0.00276480271714343 -0.00237186913403921 0.00141773559763472 0.00105866008798429 -0.00180693982466703 -0.000557760976311303 0.948503986941846 0.999949684013918 -0.0021165621067379 -0.00410988708904023 -0.0032198950872027 -0.00102445184073515 -0.00671020230179555 -0.00272110971783954 0.00384424677054308 -0.000561335681978923 0.000562693055582061 0.948434032655544 0.999977564204272 0.0011404855821883 0.00478284711385488 -0.000842548994050048 -0.00276821168318262 -0.00237053213643319 0.00141645846224679 0.00105770754526157 -0.00180520967027188 -0.00056441570962643 0.948744534515449 0.00199999999999978 0.00400000000000045 0.0309999999999997 0.0310000000000006

 1037 92 100 10 0.95 0.00599999999999978 0.513999999999999 0 0.016 0.999862452454435 0.000111532061913799 0.00176073038353357 -0.00232276615904811 -0.00239711147940804 -0.00181175096551526 -0.00619588174789007 -0.00164533619698754 0.0131418312687121 -0.00661331402197481 0.948050978961264 0.999949435674461 0.00521237067750033 0.00247493033623581 0.00216594241820609 -0.00584969514586764 0.0021532956725774 0.000431584241973501 0.000290983376623049 -0.0035500437366346 0.00337806707323587 0.946318151449479 0.999862317303263 0.000118049389835268 0.00177792402801583 -0.0023338077156707 -0.00239549434005992 -0.00181074704083786 -0.00619664507801574 -0.00166010340400187 0.0131450803713614 -0.00661514470771829 0.948329665817765 0.999949449909467 0.00521596652594869 0.00246863439134057 0.00217343733096035 -0.00584971850788055 0.00214919623719238 0.00044096449072506 0.00028356354221667 -0.00354119564746365 0.00337937238257513 0.946059330842341 0.0810000000000004 0.0309999999999997 0.0190000000000001 0.016

 1033 88 100 10 0.95 0.00599999999999978 0.516 0 0.016 0.999944495264344 0.00243628405899559 1.26951256085651e-05 -0.00157694637615977 -0.00653338561733905 0.00392833150079782 -0.00445979902579207 0.00448294002944334 -0.00179975919575242 -0.00111417308132974 0.943162430345018 0.999970545722173 0.000354739966609614 -0.000857836229953861 -0.000106720419612101 -0.000276575222538617 0.00217722407739546 -0.00474201874018523 -0.00432310371231099 0.000311411818477096 -0.00345612964370252 0.953556955137892 0.999944496711788 0.00243751667832178 1.94073978834894e-05 -0.00157533762380697 -0.00653352503250495 0.00392473900142611 -0.00446123493827956 0.00448098518477698 -0.00180532477564806 -0.00111730678402397 0.94306638184795 0.999970528516304 0.000353463153062569 -0.000857557141892028 -0.000107022544904542 -0.000274383533342502 0.00217862198635637 -0.00474228570956891 -0.0043271736841869 0.000308633017635114 -0.00345538192977674 0.953504716479154 0.0100000000000007 0.0920000000000005 0.0170000000000003 0.0170000000000003

 1040 95 100 10 0.95 0.0119999999999996 0.263 0 0.0289999999999999 0.999898252191305 0.000608827275731085 -0.00242309125163814 -0.00155948001777334 -0.00913858145256661 0.00443853066191363 -0.00471161957799382 0.00599036483469256 0.00335946103386843 0.00471457434365591 0.95564129484805 0.999894788698472 -0.00173557474329966 0.0038003488017317 0.00123676130825445 -0.00402486189569926 -0.00984460557968459 0.00350480684515334 -0.00542421673541442 0.00498078568412516 -0.00343471801675668 0.94578910801269 0.999898223633036 0.000611312410121357 -0.00242671639140182 -0.00155718948953039 -0.00914029175247539 0.00443597969847807 -0.00471218499711564 0.0059959467114442 0.00336144297530539 0.00470921103685358 0.955557965824696 0.999894856831452 -0.00174452288695115 0.00379452081034994 0.00123539720165335 -0.00402494080908336 -0.00984279237676303 0.00350338922198471 -0.00541443671502003 0.00498334476240572 -0.00343555398595788 0.945576933002423 0.0170000000000003 0.00600000000000023 0.0190000000000001 0.016

 1043 98 100 10 0.95 0.0310000000000006 0.285 0 0.016 0.999877713460731 0.00080159119718437 0.0104189906691677 -0.00369700644195829 -0.00546717613713569 0.00306887093959466 -0.000662346104017154 0.00174331913421984 -0.00578067914181652 0.00674464630892584 0.951089385677143 0.999862355107184 -0.0109772601870096 -0.0014549411187588 0.000409998313505755 0.00108806572941735 -0.00244770886869865 -0.00978292769499962 -0.00632396261630664 -0.000622476906652652 0.00303723975527028 0.951188758295758 0.999877713491322 0.000801599881707846 0.010418980827922 -0.00369696744768241 -0.00546721761830921 0.00306889195277265 -0.000662354531108532 0.0017433374139073 -0.00578067297962852 0.0067446338617152 0.951090653881159 0.999862353668848 -0.0109770366088279 -0.00145508058707369 0.000410407581907346 0.00108767620438532 -0.00244772801433359 -0.00978307802898923 -0.00632437041148133 -0.000622211751536127 0.00303724429998789 0.951179410152402 0.093 0.0209999999999999 0.0140000000000002 0.0129999999999999

 1042 97 100 10 0.95 0.00999999999999979 0.298 0 0.016 0.999843781810815 0.00764085831701271 0.00324614827119089 -0.00214594839422708 -0.00194778739699125 -0.00514012532434099 -0.00213252235721487 -0.0043083246541521 -0.0125443197488749 0.0053106167563068 0.951714308079273 0.999930837669798 -0.00402489903921618 -0.000566426085170401 0.00248511369561458 0.00490802085429386 -0.00533871235843544 0.00564343530215901 -0.0026402033969941 0.00255169671527448 -0.00420746071215813 0.953995218277947 0.999843783954439 0.00764008688826477 0.0032453826168919 -0.00214543746072825 -0.00194924250584689 -0.00514042731254449 -0.00213253102196673 -0.00430809378391244 -0.012544363382897 0.00531125194153234 0.951682708343272 0.999930852351293 -0.00402548856224296 -0.000567574626527789 0.00248145058885894 0.00490587660594057 -0.00533814255372175 0.00564327976955941 -0.00264098927957173 0.00255162276042915 -0.00420839863014841 0.953938826641687 0.0589999999999993 0.00400000000000045 0.016 0.0150000000000006

 1041 96 100 10 0.95 0.00900000000000034 0.255 0 0.016 0.999953789938 0.00361532613543326 0.00311471056506617 0.00283647751595168 0.00437350073862073 -0.00124555141066645 -0.00505643439761569 -0.00115213363321669 -0.00158474020629003 -0.00339339500890555 0.951234313065979 0.999930062234775 -0.0030600716750272 -0.00192750094272051 -0.00410405313743414 -0.00155665524492599 -0.00345283778750082 0.00134158430340094 -0.0046125646370039 0.00731840592276104 0.00435524487261777 0.951965470357655 0.9999537915969 0.0036149013922681 0.00311462865561334 0.00283647156249525 0.0043735260902555 -0.00124637163472368 -0.00505649039292296 -0.00115206768479033 -0.00158485492649965 -0.00339299033675924 0.951219759211689 0.999930077854889 -0.00305895739574484 -0.00192808373918573 -0.00410536632385946 -0.00155488440089348 -0.00345275670286239 0.00134106535055199 -0.00460951148903971 0.00731849589442522 0.00435488372513144 0.951930983174469 0.0869999999999997 0.0119999999999996 0.0149999999999997 0.0149999999999997

 1039 94 100 10 0.95 0.00700000000000012 0.269 0 0.016 0.999772775996711 0.00807996837276877 0.00874565406790595 -0.000676715728497376 -0.00103454089470099 0.00129140786467197 -0.00995009456356734 -0.000410250875166267 -0.0132084159958777 0.00598273581326705 0.95569859746062 0.999884266715205 0.00256598017591912 0.000423431632139067 0.00825804911357401 -0.00386835961894948 0.00365480404676248 -0.000512314669171202 -0.0083558460948303 0.00447454153801536 -0.00616995142654111 0.948322058062916 0.999772765267566 0.00808160419463521 0.00874501428497948 -0.000679340567976623 -0.00103699131320146 0.00128801263070197 -0.00995300982784153 -0.000410055698675274 -0.0132061390793555 0.00598345529111121 0.95561830107779 0.999884230465269 0.00256901080621028 0.000422426793292828 0.00826464525100741 -0.00386185979138273 0.00365702504552638 -0.00050118404769056 -0.00835100822644164 0.00447404550511989 -0.00617637794929799 0.948572977539465 0.0869999999999997 0.0549999999999997 0.016 0.0140000000000002

 1044 99 100 10 0.95 0.0120000000000005 0.271999999999999 0 0.0239999999999991 0.999925042424193 -0.00499194753257138 0.00156141828908184 -0.00182475172074917 -0.000742115159012917 -0.00115693383062462 -0.00599601718686318 -0.00240999292063205 0.00847424703095558 -0.00193903722748042 0.952504405302679 0.999926653448368 -0.00254587909769566 0.00173271953424614 -0.00373824453895231 0.00368687095325594 -0.000881498407908229 0.000901064289779709 0.00929548403419639 -0.00455289864690016 0.00095527520027196 0.952130373743904 0.999925047258934 -0.0049915803064802 0.00156208971145487 -0.0018266421541395 -0.000741069918820535 -0.00115831625020793 -0.00599531430062975 -0.00240847822999049 0.00847422854216856 -0.00193887930090173 0.952462605068979 0.999926669354497 -0.00254378912184436 0.00173437769987709 -0.00373701654488075 0.00368854724066829 -0.000881698206210878 0.000901988093727592 0.00929439475691115 -0.00455130005711869 0.000956676937179227 0.952092783064938 0.0750000000000002 0.00600000000000023 0.0169999999999995 0.0149999999999997

 1045 100 100 10 0.95 0.00599999999999934 0.3 0 0.016 0.999851183346136 0.00303587735242868 0.000929524147120663 -0.00607006937505139 -0.00698096674100091 -0.00984020913081449 0.00532227968354038 0.00339180582884379 0.00698376880669459 0.00406413653079399 0.949409308032536 0.999825874983953 0.000366644810021758 0.00162236494635953 0.00120977230274478 -0.0149413507459419 -0.00176225555827173 0.00441681227778671 0.00227599542465301 0.00144281989867005 -0.00953257809909564 0.953128225130362 0.999851093761253 0.0030424900805725 0.00093083730142474 -0.00607163675132832 -0.00699054212875693 -0.00984153800709709 0.00532338001845525 0.00339559635083067 0.0069787607138719 0.00406290875042483 0.949578644021126 0.999825885231567 0.000368293891184767 0.001621303071216 0.0012119275887028 -0.0149425225711355 -0.00176157491979997 0.00441596490940566 0.00227409105106132 0.00144198732819119 -0.00953060846757754 0.953082383075939 0.00400000000000045 0.00300000000000011 0.0170000000000003 0.0149999999999997

 1054 9 500 10 0.95 0.315 0.277 0 0.0750000000000002 0.999990031854689 -0.000642423953766014 0.000767968827248436 0.00300092922532631 0.000970184283522395 -0.000497822336416516 0.000492277899076073 0.00223298665836745 -0.00116081893267517 -0.00147070670845106 0.947882375124048 0.999956951365691 -0.00208455036357474 0.00275408148111361 0.000221688136394189 0.00252063425183007 0.00144874663268459 0.00732872176370684 -0.00180338391590288 0.00253536435330103 0.00150766783548742 0.952203392509227 0.999990051155559 -0.000651331689599695 0.00077309606642215 0.0029939872214239 0.000976360061539862 -0.000495089788287718 0.0004880622544397 0.00223034693687375 -0.00116011316929992 -0.00146792788139398 0.948178208442037 0.999956948629811 -0.00208534952388323 0.00275321206365244 0.000222378548448357 0.00252116976121706 0.00144854648229644 0.0073292785477408 -0.00180298586545601 0.00253493255683073 0.00150765593892081 0.952166953889471 0.00800000000000001 0.00800000000000001 0.0330000000000004 0.0279999999999996

 1055 10 500 10 0.95 0.261 0.295999999999999 0 0.077 0.999978555537624 -0.0023656298982092 0.0010200332787691 0.0015027700181296 -0.00418035146544281 -0.00307479087914362 0.0023876153794883 0.000540820923281118 0.00028750233896501 0.000993954255974452 0.948375125967321 0.999975052885139 9.84932918390786e-05 -0.000475337048852491 -0.00409870173921401 0.000410625422670906 0.00529552173788147 0.000224407884328024 0.00181567774518229 -0.000205069005533304 -0.00112175915100129 0.95128117477784 0.999978589999725 -0.00236080705508639 0.00101806346471626 0.00149784761365621 -0.00418028672618459 -0.00307038998047815 0.00238549534137892 0.000544080559003002 0.00028729820589284 0.000997440642445319 0.948627122012322 0.999975052794495 9.87015541397818e-05 -0.000475579778060647 -0.0040986760781436 0.000410954890981641 0.00529552198575493 0.000224619593478061 0.00181561385606651 -0.000205132203387001 -0.00112174018822313 0.951262229297993 0.00500000000000078 0.00399999999999956 0.0300000000000002 0.0259999999999998

 1052 7 500 10 0.95 0.3 0.286 0 0.0709999999999997 0.999982370062275 -0.00236169163725936 -0.00245222860873764 0.00303622182301753 -0.00223488131196877 -0.00196287186819688 0.00145275568544179 -0.000132771320700359 -0.00165127054641634 -0.000864596418342062 0.951414928539677 0.999977377624494 -0.000549407816749496 1.17648912596671e-06 0.00126590476768947 -0.00272882549655858 0.00075502814587767 0.00021889382172359 -0.0027907495311702 0.0052102013425027 0.000583885651492392 0.950106578788989 0.999982372044074 -0.00236239007169694 -0.00245242461740119 0.00303628003049881 -0.00223378639322568 -0.00196283735037628 0.00145234821471081 -0.000132656901659034 -0.00165056075790916 -0.000864601184321704 0.951384706861255 0.999977382456085 -0.000550711289436057 1.12110810492973e-06 0.00126505106606125 -0.00272897073833577 0.000755822689933984 0.000219234424356888 -0.00278991076730088 0.00520953918673377 0.000584315246099964 0.950205345263361 0.0300000000000002 0.00100000000000033 0.0300000000000002 0.0269999999999992

 1051 6 500 10 0.95 0.27 0.276 0 0.077 0.999979315511972 0.00120827445171549 -0.00400726812379954 0.00304105688637639 0.00158775549248074 0.00185031918513499 -0.00186636931859064 -0.000839948615315398 -0.00132563524501634 -0.00164669084902062 0.949137551961602 0.999959370857718 0.00286314314937501 6.00301302270766e-06 0.000950092358233251 0.00079169636790154 -0.00731019449720215 -0.00126984536679851 -0.000239270712639946 -0.00154205864289485 -0.00374738632977258 0.9482099637942 0.999979315720523 0.00120746916996643 -0.00400921528211939 0.00304156989234316 0.00158423877924258 0.00185030040235011 -0.00186967729246937 -0.000839143140562388 -0.00132209321334028 -0.00164438006202969 0.9493261951666 0.999959376766029 0.00286334680360523 -6.36514880532234e-07 0.000949121532228089 0.000788247255536613 -0.00731099193579638 -0.00127342297535006 -0.000236641333127134 -0.00154371856500363 -0.00374334364775206 0.948478697492944 0.00200000000000067 0.00199999999999978 0.0309999999999997 0.0289999999999999

 1046 1 500 10 0.95 0.242 0.281 0 0.114000000000001 0.999967772082128 0.00312001143251985 -0.00105493775978527 -0.00214630441638723 0.00108493442924866 -0.00334023355716657 0.00085470116927035 0.00548966987979774 -0.00240822669006346 -4.60877366022739e-06 0.951238529078139 0.999982317284817 -0.00336367000816313 0.000321458790903042 0.0035157669352316 -0.00215673084895169 -0.00138939064256861 -3.89777918419397e-05 -4.72611610483951e-05 0.00203676048132019 -0.000923497921052378 0.950695612303313 0.999967770983174 0.00312006662172076 -0.0010550282056355 -0.00214648054597461 0.00108500967603339 -0.00334032305945412 0.000854883898394393 0.00548963539247996 -0.00240827079791763 -4.51361461530157e-06 0.95122377263222 0.999982317298082 -0.00336410982451115 0.000321050099033828 0.00351596878469202 -0.00215653883453198 -0.0013881458791098 -3.82778189148555e-05 -4.7070022714899e-05 0.00203705642829663 -0.00092296164013319 0.950738310177089 0.032 0.00100000000000033 0.0279999999999996 0.0270000000000001

 1053 8 500 10 0.95 0.243 0.298999999999999 0 0.0730000000000004 0.999920945822234 -0.00448145686496685 -0.00125949091491311 -0.00570079876524694 -0.00108306006662184 7.74058441194617e-05 -0.00348136303381302 0.00853094807029004 0.0027598636203333 0.00320006326248221 0.949413412401403 0.999990679597376 0.000759824401484758 -0.00188267441308603 0.000923477836161883 0.0019765550360572 0.00218933101142009 0.000157637954336173 0.00195011171760118 0.00089296864182364 0.000583945613047487 0.949267270309666 0.999920969662092 -0.00448014052609866 -0.00125570147592392 -0.00569922642387464 -0.00108385353855241 7.43355571344464e-05 -0.00348287319043368 0.00853093798426221 0.00275787561397693 0.00319864848635449 0.949578424715954 0.999990684722548 0.000761515424343259 -0.00188013916081169 0.000929775670307515 0.00197340290492439 0.00218811338377287 0.000156090673326132 0.00195133556227258 0.000893678605278788 0.000581602009748962 0.949442357164246 0.102 0.00299999999999923 0.0310000000000006 0.0279999999999996

 1048 3 500 10 0.95 0.17 0.304 0 0.0739999999999998 0.999974591456635 0.000654435501808436 0.00264106490951335 0.00252783614749266 0.00222397849010558 -0.00181922501021952 0.00295489104065665 0.00199780563491693 0.00344730492456108 0.00203980299115799 0.950125862132268 0.999972412489774 0.000596824573444688 0.00337484350649583 0.00122136180311604 -0.00398544185973343 -0.00126119838366292 0.000534231473510314 -0.00424405254113144 0.00151182301239586 0.00196962032440584 0.951398961061337 0.999974608370411 0.000655422949000705 0.00264247664637415 0.00252478990060667 0.00222370630498758 -0.00181930224002069 0.00295371020042075 0.00199933429968415 0.00344431974742714 0.00203862155617319 0.950227894913788 0.999972419034835 0.000596642246474819 0.0033742901921316 0.00122143320148101 -0.00398531880175987 -0.00126094646824458 0.000534032607610311 -0.00424374552740077 0.0015110381969944 0.00196898424996374 0.951369199886827 0.0180000000000007 0.000999999999999446 0.0299999999999994 0.0279999999999996

 1047 2 500 10 0.95 0.335 0.28 0 0.0790000000000006 0.999970966992752 -0.00198092685315269 0.000899512262282554 -0.00223115644810341 -0.00319069401481962 -0.000556200450101925 -0.0042286266158737 0.00342374304311636 0.0018237666262796 -0.00222139765718374 0.949825646870347 0.999977067571362 -0.00125516764075132 -0.00174443524731412 0.00179908972618169 -0.00129362497487742 0.00398544970801785 -6.49177774702158e-05 -0.000168542749674357 0.00443295961338104 0.000876402040762104 0.948295723857904 0.999970971620823 -0.00198042684908959 0.000900131022236261 -0.00223150744711367 -0.00319101485731327 -0.000555549352299109 -0.00422869876537848 0.00342541505742368 0.00182159796293493 -0.00221792070519614 0.949952202582892 0.999977056036246 -0.00125477372058313 -0.00174848230532291 0.00180117355243364 -0.00129335568420997 0.00398725865484685 -6.64569550296483e-05 -0.000169161239958408 0.00443157694006372 0.000876710168841324 0.948549716740014 0.0789999999999997 0.00100000000000033 0.0300000000000002 0.0280000000000005

 1049 4 500 10 0.95 0.281 0.339 0 0.146 0.999973983416357 -0.00166114387401133 0.000866082233797057 -0.00385277260910693 0.000489511639112462 -0.00417669872892356 -0.00030066943760378 0.000519227446292224 -0.000542928768719482 0.00391662245102277 0.949851235881306 0.999988758692137 0.00385600860071015 -0.000554198976019194 -0.00172137044341769 0.000403247439204346 0.000243044192932833 -0.00151936029748987 0.00130304096038179 0.000266228616664286 -0.000210964950371328 0.951758192577336 0.999973983812895 -0.00166228418863773 0.000866843956017477 -0.00385107941652379 0.000489638101831558 -0.00417703308902342 -0.000301611799894486 0.000520531464397933 -0.000541042145619905 0.00391717721618155 0.949976642280284 0.999988758138756 0.00385581807882502 -0.000554426130202771 -0.00172128305824215 0.000404058412146853 0.000242995197644468 -0.00151925714057327 0.00130376546862117 0.000266133136619969 -0.000212075414408323 0.951725004527511 0.0149999999999997 0.00100000000000033 0.0309999999999997 0.0279999999999996
