
 120 20 500 2 0.6 0.00200000000000022 0.36 0.197 0.16 0.997922333491718 -0.0644283813116883 0.639443570752157 0.99966116619831 -0.0260298443144552 0.610723281908055 0.997922515380027 -0.0644255640068486 0.639683804577225 0.999662949879224 -0.0259612526424936 0.610290124173278 0.00300000000000011 0 0.0699999999999994 0.0629999999999997

 152 52 500 2 0.6 0.00300000000000011 0.347 0.195 0.155 0.999818882573191 0.0190316066083864 0.601953293289121 0.999949664874884 -0.0100333302849781 0.594609224985823 0.999818901877904 0.0190305924149041 0.601628143982313 0.999949643993131 -0.0100354112028511 0.594365540163202 0.00300000000000011 0.000999999999999446 0.0670000000000002 0.0609999999999999

 122 22 500 2 0.6 0.00300000000000011 0.339 0.189 0.154999999999999 0.99973835629348 -0.0228739798813067 0.621853723724259 0.999485650850077 0.0320692024347161 0.600206180721602 0.99973682740816 -0.022940704519841 0.621227036551597 0.999485774347357 0.0320653532221962 0.599898468955359 0.00200000000000067 0 0.0719999999999992 0.0670000000000002

 132 32 500 2 0.6 0.00199999999999978 0.342 0.191000000000001 0.152 0.999305565141107 -0.0372610718849028 0.631467845406107 0.999966128062482 0.00823059704564022 0.603776988411945 0.999306396826934 -0.0372387601937783 0.631933747955092 0.999966146848529 0.00822831434178351 0.603432177396703 0.00300000000000011 0.000999999999999446 0.0700000000000003 0.0649999999999995

 148 48 500 2 0.6 0.00200000000000067 0.339 0.194 0.152 0.999986487013269 -0.00519863355705305 0.617766001888433 0.99830530653824 0.0581937706081197 0.589062604120839 0.999986556285335 -0.00518529156338788 0.617174666882422 0.998305598553786 0.0581887609093583 0.588870275418625 0.00199999999999978 0 0.0710000000000006 0.0609999999999999

 124 24 500 2 0.6 0.00199999999999978 0.344 0.201000000000001 0.152 0.997368741236308 -0.072495475753331 0.606032312568281 0.998790149528309 -0.0491755752911774 0.579041432941047 0.997367389709976 -0.072514067208431 0.605637052357102 0.998790250896689 -0.049173516385632 0.578917226489632 0.00300000000000011 0.00100000000000033 0.0700000000000003 0.0590000000000002

 145 45 500 2 0.6 0.00199999999999978 0.339 0.19 0.154 0.999948978835009 0.0101014715176638 0.596086779621624 0.997816583132654 -0.0660459417790058 0.615154753856634 0.999948823188864 0.0101168672624193 0.595811482767228 0.997815025573898 -0.0660694690379856 0.614634333385911 0.00199999999999978 0.00100000000000033 0.0679999999999996 0.0660000000000007

 142 42 500 2 0.6 0.00300000000000011 0.34 0.196 0.152 0.999962361292543 0.00867617417072953 0.608053255097439 0.99753142997224 -0.070221408541401 0.610287809568106 0.999962586511737 0.00865017784543267 0.607655834327239 0.997533068790725 -0.0701981243977221 0.609852659777213 0.00300000000000011 0.00100000000000033 0.0650000000000004 0.0620000000000003

 147 47 500 2 0.6 0.00199999999999978 0.340999999999999 0.192 0.153 0.999933010070686 0.0115747730421966 0.588981978648132 0.998618257572608 0.0525506959292504 0.596786470662383 0.999932887737837 0.0115853364331676 0.588786017423967 0.998617481102359 0.0525654490780751 0.59650787449596 0.00199999999999978 0.000999999999999446 0.0629999999999997 0.0630000000000006

 146 46 500 2 0.6 0.00300000000000011 0.34 0.202999999999999 0.156 0.99786733410728 -0.0652746774915799 0.614765633579104 0.999510286905777 0.0312919537506383 0.591476533194488 0.997866250999846 -0.0652912330677868 0.614245786480106 0.999510907212936 0.0312721339593905 0.591249548279485 0.00300000000000011 0.000999999999999446 0.0679999999999996 0.0619999999999994

 130 30 500 2 0.6 0.00199999999999978 0.378 0.188000000000001 0.16 0.999681150913217 -0.0252506734331227 0.59370172190604 0.998862696401792 -0.047679279954106 0.573543931674296 0.999681198022008 -0.0252488083141307 0.593458873942671 0.99886319977684 -0.047668733270061 0.573444704236228 0.00300000000000011 0.00100000000000033 0.0700000000000003 0.0630000000000006

 133 33 500 2 0.6 0.00200000000000022 0.367 0.206 0.157 0.999974455620851 -0.00714759440528634 0.603676871572507 0.999528901793263 0.0306916027595986 0.599843425547405 0.999974533543594 -0.0071366844032931 0.603341650626177 0.999529674282617 0.0306664348838618 0.599546066292354 0.00199999999999978 0.000999999999999446 0.0679999999999996 0.0670000000000002

 135 35 500 2 0.6 0.00199999999999978 0.359999999999999 0.191 0.157999999999999 0.999805485180581 -0.0197228751155223 0.607678970845766 0.998896915799724 0.0469569122259955 0.603204723363906 0.999805292286343 -0.0197326510185605 0.607273053000073 0.99889687210791 0.0469578416564602 0.602860056336778 0.00200000000000067 0.000999999999999446 0.0710000000000006 0.0670000000000002

 149 49 500 2 0.6 0.00300000000000011 0.38 0.212 0.157 0.99919155897534 -0.0402023441161025 0.598907688367078 0.999704541288045 -0.0243069975122148 0.604752638296997 0.999192023180825 -0.0401908050654451 0.598618328392091 0.999703886431884 -0.0243339156936576 0.604401873585768 0.00300000000000011 0 0.0659999999999998 0.0649999999999995

 127 27 500 2 0.6 0.00199999999999978 0.374 0.206 0.156 0.999886354510407 0.0150757442234135 0.60137622589461 0.998954738210431 0.045710294321187 0.594156591583379 0.999886042038515 0.0150964544364905 0.601052364148129 0.998955476207503 0.045694163249158 0.593919783211306 0.00199999999999978 0.00100000000000033 0.0679999999999996 0.0650000000000004

 138 38 500 2 0.6 0.00300000000000011 0.381 0.212 0.157 0.998619397795196 -0.0525290238550076 0.634458725667668 0.999739224061737 -0.0228360213793059 0.592280593452661 0.998619039785564 -0.0525358294667472 0.634843484433789 0.99973967452086 -0.0228162921817728 0.592068101912652 0.00299999999999923 0.00100000000000033 0.0700000000000003 0.0620000000000003

 125 25 500 2 0.6 0.00199999999999978 0.369000000000001 0.201000000000001 0.157 0.999949923428917 -0.0100075288910009 0.638777131035483 0.999876585716711 -0.0157102939340134 0.5493024020649 0.999949840181083 -0.0100158435404908 0.639030197605447 0.999876593354466 -0.0157098078240395 0.549276735385771 0.00199999999999978 0.00100000000000033 0.0670000000000002 0.0569999999999995

 126 26 500 2 0.6 0.00300000000000011 0.364 0.199 0.158 0.999999188316145 -0.00127411422198159 0.624730136405766 0.999868360985171 -0.0162253105001861 0.628846526545 0.999999171721315 -0.00128707291306785 0.625405822908916 0.999867995177208 -0.0162478374041211 0.629407589928171 0.00199999999999978 0 0.077 0.0719999999999992

 150 50 500 2 0.6 0.00200000000000022 0.377 0.214 0.162 0.998629162582785 -0.0523430572206638 0.611859178663246 0.999954651101479 -0.00952343113167543 0.583169606594654 0.998629738601649 -0.0523320664640844 0.611367780560551 0.999954658656823 -0.00952263779199416 0.5830284366988 0.00199999999999978 0.00100000000000033 0.0720000000000001 0.0600000000000005

 140 40 500 2 0.6 0.00200000000000022 0.359 0.207 0.163 0.997094103230558 -0.0761797171355319 0.590124892330578 0.999757878266151 -0.0220042006163482 0.583669180609703 0.997093872203736 -0.0761827409178703 0.589925963315118 0.999757785502909 -0.0220084148979267 0.583522859800434 0.00200000000000067 0.00100000000000033 0.0710000000000006 0.0629999999999997

 134 34 500 2 0.6 0.00200000000000022 0.357 0.199000000000001 0.159 0.998101519636876 -0.0615902305447728 0.611819576292583 0.999248778246538 -0.0387540858852495 0.611902307745816 0.998103084019093 -0.0615648736827602 0.611345092539032 0.999247357601454 -0.0387906989691144 0.61142422990116 0.00199999999999978 0.00100000000000033 0.0780000000000003 0.0720000000000001

 136 36 500 2 0.6 0.00200000000000067 0.351 0.202 0.158 0.999606910966155 -0.0280361115117849 0.603166539541619 0.999985348308527 -0.00541324009020808 0.625445652218453 0.999607827419722 -0.0280034169561947 0.602828191133739 0.999985267152202 -0.00542821135731015 0.626043883296063 0.00300000000000011 0.00100000000000033 0.0720000000000001 0.0680000000000005

 131 31 500 2 0.6 0.00300000000000011 0.349 0.196999999999999 0.157 0.999992769658919 -0.00380271348957958 0.634578184640808 0.999780227472707 0.020964177890449 0.641456563627772 0.999992663578162 -0.00383050778015586 0.634979899531872 0.999780363759338 0.0209576773819428 0.641633187887194 0.00900000000000034 0.00100000000000033 0.077 0.0679999999999996

 121 21 500 2 0.6 0.00199999999999978 0.355 0.2 0.157 0.999999717670253 0.000751438230475083 0.600561271153462 0.999953608156477 -0.00963231721047863 0.586921954869979 0.999999718379796 0.000750493389906619 0.600249242794542 0.999953729095874 -0.00961975401219751 0.586745948325521 0.00900000000000034 0.00100000000000033 0.069 0.0619999999999994

 144 44 500 2 0.6 0.00300000000000011 0.356000000000001 0.199 0.158 0.99936540582645 -0.0356200173685375 0.616955217458438 0.99991041289314 0.0133852974516807 0.60053830721218 0.999366269515839 -0.0355957771933116 0.616409180194707 0.99991043906227 0.01338334241877 0.600222114450855 0.00300000000000011 0.00100000000000033 0.0709999999999997 0.0649999999999995

 123 23 500 2 0.6 0.00300000000000011 0.356 0.203 0.156 0.99994465521267 0.0105207657332485 0.653264805908705 0.999884588077384 0.015192449615513 0.56432128475631 0.999944651600082 0.0105211090855863 0.653261816321672 0.999884617750324 0.0151904965780487 0.564262818416107 0.00399999999999956 0.00100000000000033 0.0599999999999996 0.056

 141 41 500 2 0.6 0.00300000000000011 0.352 0.207999999999999 0.157 0.999794317708451 -0.02028108177326 0.617471266390181 0.999400910690415 0.0346095320853808 0.597752780433725 0.999794619130458 -0.0202662171552393 0.616888140447215 0.999401252896103 0.0345996489823155 0.59748683881101 0.00300000000000011 0.000999999999999446 0.0750000000000002 0.0609999999999999

 139 39 500 2 0.6 0.00299999999999923 0.355 0.194 0.156 0.999883540954765 0.0152612099048722 0.618600672908974 0.999716178320096 -0.0238235766639484 0.591305391269086 0.999883000898712 0.0152965523496964 0.618024782872416 0.999716494166372 -0.0238103190171367 0.591097094523834 0.00199999999999978 0.000999999999999446 0.0710000000000006 0.0609999999999999

 128 28 500 2 0.6 0.00300000000000011 0.354 0.205 0.156 0.999863411267155 0.0165275167283954 0.634522270033968 0.99926990556044 -0.0382054425603045 0.600891847708474 0.999863896393124 0.0164981420032885 0.634932679313791 0.999270319882474 -0.0381946043568833 0.600575629122074 0.00299999999999923 0.00100000000000033 0.0760000000000005 0.0659999999999998

 137 37 500 2 0.6 0.00200000000000067 0.353 0.21 0.163 0.999392949338022 -0.0348386683650468 0.639270374089142 0.999487657685107 0.0320065951818966 0.56481268102696 0.999392851484632 -0.0348414753048271 0.639507820229293 0.999487509713176 0.0320112156494233 0.564751779663354 0.00300000000000011 0.00100000000000033 0.0700000000000003 0.056

 151 51 500 2 0.6 0.00300000000000011 0.354 0.224 0.161 0.999032987770128 -0.0439669119576502 0.629920803835541 0.999957979840612 0.00916725439172944 0.559655158945891 0.999031905213064 -0.0439915033427658 0.630436069790619 0.999957974167181 0.00916787322483157 0.559610384634284 0.00300000000000011 0.00100000000000033 0.0749999999999993 0.0549999999999997

 129 29 500 2 0.6 0.00300000000000011 0.363 0.202999999999999 0.158 0.999991474681485 -0.00412923290070694 0.618387288765751 0.998446664809081 0.0557158642724249 0.583888259415576 0.99999136759962 -0.00415508438432963 0.61778363319015 0.99844691837059 0.0557113201806568 0.583736033588191 0.00300000000000011 0.00100000000000033 0.0909999999999993 0.0599999999999996

 143 43 500 2 0.6 0.00200000000000022 0.364000000000001 0.197 0.155 0.999156129361692 -0.0410734605184748 0.641352174333674 0.999963460513969 0.00854854589553929 0.64638953112187 0.999156274634219 -0.0410699264556056 0.641535325486407 0.999963461100832 0.00854847724717646 0.646386475758137 0.00199999999999978 0.000999999999999446 0.0750000000000002 0.0549999999999997

 155 55 500 2 0.6 0.00199999999999978 0.37 0.201 0.153 0.998616490062722 -0.0525842730748342 0.632545552113419 0.998029492425944 0.0627465716036538 0.61459864487311 0.998614566514571 -0.0526207900445728 0.632984977603888 0.998028935411622 0.0627554306904587 0.61409983277879 0.00199999999999978 0.00100000000000033 0.0709999999999997 0.0659999999999998

 171 71 500 2 0.6 0.00300000000000011 0.361 0.201000000000001 0.153 0.999728692318887 -0.0232925257189761 0.615572573252938 0.998812007142872 -0.0487296048334726 0.588631170648994 0.99972838837372 -0.0233055675683698 0.615047577587785 0.998811690546002 -0.0487360936948915 0.588451319747247 0.00199999999999978 0.00100000000000033 0.0670000000000002 0.0580000000000007

 165 65 500 2 0.6 0.004 0.367999999999999 0.191 0.153 0.999715660009246 -0.0238453167787181 0.604942468156407 0.999430661862249 -0.0337394743525583 0.616912937604586 0.999715735130922 -0.0238421670919544 0.604564376094349 0.999430889748749 -0.0337327232227771 0.616352664341403 0.00300000000000011 0 0.0709999999999997 0.0659999999999998

 174 74 500 2 0.6 0.00300000000000011 0.363 0.193 0.153 0.999758367516456 -0.0219819603500274 0.597971084100373 0.999862649027417 0.0165735656959345 0.608693553104366 0.999758335256966 -0.0219834274902701 0.597683787330851 0.999862676773745 0.0165718917098085 0.608276770172789 0.00300000000000011 0.00100000000000033 0.0669999999999993 0.0640000000000001

 183 83 500 2 0.6 0.004 0.362 0.207 0.153 0.999716317219316 -0.023817747279016 0.598392148988149 0.999786490510286 0.0206633345112949 0.653316370435526 0.999716266890443 -0.0238198596687126 0.598108081924624 0.999786508856694 0.0206624468092378 0.653312939171288 0.00300000000000011 0 0.0639999999999992 0.0579999999999998

 159 59 500 2 0.6 0.004 0.392 0.206 0.157 0.999992740906246 0.00381026702653984 0.617586156873969 0.99933530344796 -0.0364547840834901 0.610767337841394 0.999992789385157 0.00379752257319501 0.617020744808844 0.999333438381984 -0.0365058753030426 0.610314394916123 0.00199999999999978 0 0.0839999999999996 0.0640000000000001

 153 53 500 2 0.6 0.00200000000000022 0.383 0.203 0.159 0.999999983357294 -0.000182442899155979 0.613708206460058 0.999004756915231 0.0446037628540446 0.633423373442905 0.999999982022973 -0.000189615541012015 0.613204117325962 0.999003945245693 0.0446219383660038 0.633841916359713 0.00300000000000011 0 0.0759999999999996 0.0700000000000003

 161 61 500 2 0.6 0.00199999999999978 0.380999999999999 0.194999999999999 0.161 0.99971803870778 -0.0237453802300334 0.599208770638347 0.993374945920893 0.114918304967758 0.616748138782187 0.999718635018606 -0.0237202613083265 0.598918132033496 0.993379531917967 0.114878655834933 0.616197620561015 0.00199999999999978 0.000999999999999446 0.069 0.0699999999999994

 160 60 500 2 0.6 0.00200000000000022 0.376 0.201 0.157 0.999511509884882 0.0312528655909036 0.596851891537546 0.999947236679428 -0.0102724805755961 0.542018691821102 0.999511787107151 0.031243998365585 0.596578860928235 0.999947327043509 -0.0102636805553275 0.542123709344634 0.00199999999999978 0.00100000000000033 0.0720000000000001 0.0569999999999995

 158 58 500 2 0.6 0.00300000000000011 0.380000000000001 0.194 0.157 0.999994359445047 -0.00335873161933909 0.607526131956358 0.998365234522375 -0.0571564388068603 0.60044388120108 0.99999433295324 -0.00336660977905548 0.607111533514284 0.998364295675664 -0.0571728355080886 0.600134602755433 0.00300000000000011 0 0.0740000000000007 0.0680000000000005

 154 54 500 2 0.6 0.00700000000000012 0.391 0.186 0.16 0.999564706174763 -0.029502511244987 0.593608807495942 0.999689120912522 0.0249331411809285 0.594985604399507 0.999564839558402 -0.0294979917720922 0.593378902292558 0.999689274995346 0.024926962496037 0.59472320804749 0.00300000000000011 0.00100000000000033 0.0679999999999996 0.069

 181 81 500 2 0.6 0.004 0.344 0.203 0.153 0.999123765711814 0.0418533247167225 0.622683779295577 0.999687527330241 0.0249969538213741 0.620912442373047 0.999123210897749 0.0418665671553406 0.621968769306222 0.999688198370863 0.0249701028836274 0.620277691208227 0.00199999999999978 0 0.0720000000000001 0.0659999999999998

 167 67 500 2 0.6 0.00299999999999967 0.373 0.206 0.161 0.99999610479885 0.00279112649809735 0.588524145737545 0.999981035773104 -0.00615857890671029 0.601859102442084 0.999996123198509 0.00278452652216042 0.58833504978716 0.999981073158803 -0.00615250551954198 0.60152870150506 0.00300000000000011 0.00100000000000033 0.0659999999999998 0.0679999999999996

 162 62 500 2 0.6 0.00200000000000022 0.375 0.207000000000001 0.159 0.999999140493668 -0.00131111095111814 0.568623727882424 0.999926645914091 0.0121120927587378 0.586952638730841 0.99999914360547 -0.00130873539219848 0.568545899859393 0.999926807297662 0.0120987622302772 0.586778258010558 0.00300000000000011 0.00100000000000033 0.0640000000000001 0.0620000000000003

 169 69 500 2 0.6 0.00099999999999989 0.372 0.191999999999999 0.154999999999999 0.998393306443808 -0.056663971341593 0.606772309226676 0.999889577761765 0.0148604267569771 0.603237259381747 0.998395371425973 -0.0566275755722719 0.606364888081139 0.999889281554872 0.0148803438025184 0.602880899140762 0.00199999999999978 0.00100000000000033 0.0739999999999998 0.069

 170 70 500 2 0.6 0.00200000000000022 0.363 0.194999999999999 0.161 0.999319518146236 -0.0368849651209687 0.614882404641857 0.999931334299827 -0.0117186469085851 0.598614152571446 0.999320554179985 -0.0368568852917335 0.614360925625905 0.999931467591936 -0.0117072678040943 0.598324146820098 0.00199999999999978 0 0.0750000000000002 0.0650000000000004

 156 56 500 2 0.6 0.00199999999999978 0.385 0.201000000000001 0.161 0.998197828175346 -0.0600091311886936 0.604741177857633 0.999858634290854 0.0168140249205195 0.570970192446537 0.998199014354918 -0.05998939690371 0.604388819480183 0.999858691476398 0.0168106239951213 0.570889233044781 0.00300000000000011 0.00100000000000033 0.0730000000000004 0.0570000000000004

 163 63 500 2 0.6 0.00300000000000011 0.383999999999999 0.211 0.163 0.999989708095428 -0.00453692662718867 0.601716090473219 0.999642784310691 0.0267264620847643 0.633086557037316 0.999989747227724 -0.00452829321405069 0.601394210176564 0.999643279043917 0.0267079512940632 0.633519962478553 0.00199999999999978 0.00100000000000033 0.0720000000000001 0.0699999999999994

 157 57 500 2 0.6 0.00299999999999967 0.397 0.211 0.157999999999999 0.999328383815398 -0.036643980418404 0.614903647968414 0.998942825162309 0.0459699038148367 0.588479070935521 0.999327238405036 -0.0366752039089614 0.614378256016902 0.998942816683555 0.0459700880608788 0.588286051456085 0.00300000000000011 0.00100000000000033 0.0740000000000007 0.0639999999999992

 184 84 500 2 0.6 0.00199999999999978 0.356 0.196 0.154999999999999 0.998491420219001 -0.0549079570649186 0.620248638549765 0.999864434995181 -0.0164654678575092 0.588684010958392 0.998491789358496 -0.0549012439173178 0.619633761785336 0.99986429793334 -0.0164737888255803 0.588490648141469 0.00199999999999978 0.00100000000000033 0.0680000000000005 0.0609999999999999

 168 68 500 2 0.6 0.00199999999999978 0.37 0.199 0.161 0.999785350403237 -0.0207184246282567 0.586239964575424 0.993667218115275 0.112363070637329 0.605214551571668 0.999785001171607 -0.0207352702487734 0.586065650204292 0.993666773843943 0.112366999419631 0.604863942514777 0.00300000000000011 0 0.069 0.0640000000000001

 166 66 500 2 0.6 0.00300000000000011 0.378 0.214 0.16 0.999579240653511 -0.0290058899975683 0.610733200915977 0.999590557258377 -0.0286132458817267 0.611028820991817 0.999580259204661 -0.0289707681697093 0.610292905162233 0.99959057798908 -0.028612521654989 0.610570110787565 0.00300000000000011 0.00100000000000033 0.0730000000000004 0.0680000000000005

 179 79 500 2 0.6 0.00200000000000022 0.369 0.208 0.159 0.999958600075957 -0.00909934800584991 0.60097822633239 0.998327539085803 0.0578111122785615 0.572545448881768 0.999958612746026 -0.00909795554194273 0.600656072860531 0.998327976092985 0.0578035652021927 0.572454933179013 0.00299999999999923 0.00100000000000033 0.0700000000000003 0.0599999999999996

 164 64 500 2 0.6 0.00300000000000011 0.378 0.21 0.164 0.99570056032405 -0.0926304170905697 0.599954187665131 0.999113367357809 0.0421008214520726 0.607944333267188 0.995702581603067 -0.0926086874379901 0.599652060316035 0.999112931874115 0.0421111548394173 0.607529627710878 0.00300000000000011 0 0.069 0.0659999999999998

 178 78 500 2 0.6 0.00200000000000022 0.375 0.194000000000001 0.161 0.999904344448958 0.0138311948905339 0.604537763506979 0.999999146521598 0.00130650529102784 0.590614389550525 0.99990440008348 0.0138271722957517 0.604172097900739 0.999999125576899 0.00132243919978272 0.590404869536008 0.00300000000000011 0.00100000000000033 0.0709999999999997 0.0640000000000001

 172 72 500 2 0.6 0.00199999999999978 0.382 0.208 0.159 0.999130828039508 -0.0416843910965143 0.606191714842393 0.99918041900819 -0.0404782691158912 0.608630563755264 0.999131508448812 -0.0416680792070011 0.60578979063679 0.999179147765549 -0.0405096367610472 0.608219912576966 0.00199999999999978 0.000999999999999446 0.0749999999999993 0.0640000000000001

 177 77 500 2 0.6 0.00199999999999978 0.377 0.212 0.161 0.999847418270146 0.017468262035024 0.618154256903184 0.999257603209803 -0.0385258669909063 0.607637863520262 0.999846880781487 0.0174989997294549 0.61756956757654 0.999258201427312 -0.0385103477036177 0.607236229487218 0.00300000000000011 0 0.0729999999999995 0.0649999999999995

 175 75 500 2 0.6 0.00300000000000011 0.374 0.204999999999999 0.162 0.99947714158309 -0.0323333180001169 0.663877622410581 0.999945722612714 -0.0104188208803585 0.639333304606735 0.999477152368871 -0.0323329845917857 0.663873577440017 0.999945536971183 -0.0104366226056146 0.639579000402922 0.00300000000000011 0.00100000000000033 0.0659999999999998 0.0679999999999996

 182 82 500 2 0.6 0.00199999999999978 0.367 0.192 0.164 0.99976551849087 -0.0216542844878756 0.602214158607148 0.999213515324664 0.0396528787419869 0.594727504050269 0.999764972442416 -0.0216794805568579 0.601881936167282 0.999213359041716 0.039656816722618 0.594489400281405 0.00199999999999978 0.00100000000000033 0.0680000000000005 0.0629999999999997

 176 76 500 2 0.6 0.00299999999999967 0.368 0.213 0.159999999999999 0.999837537547631 -0.0180249413505216 0.609394149503119 0.999002951596651 0.0446441788050765 0.584064472937447 0.999838236758364 -0.0179861145311015 0.60895506346308 0.999002799034497 0.0446475925581754 0.583911823758452 0.00199999999999978 0 0.0720000000000001 0.0600000000000005

 180 80 500 2 0.6 0.00199999999999978 0.371 0.202 0.161 0.9989946815927 -0.0448288539837862 0.592823511337874 0.999219954475957 -0.0394902845908576 0.60460311523352 0.998995655009903 -0.0448071564745417 0.592593715123265 0.999220125264876 -0.0394859628937289 0.604241797259285 0.00299999999999923 0.000999999999999446 0.0680000000000005 0.0640000000000001

 173 73 500 2 0.6 0.00300000000000011 0.387 0.210000000000001 0.167999999999999 0.997597145068161 -0.0692815715169184 0.611765201950979 0.999203795968355 -0.0398970440312253 0.591960274681939 0.997598256748118 -0.0692655623893764 0.611301154433954 0.999204304797872 -0.0398842985822798 0.591735045649283 0.00399999999999956 0.000999999999999446 0.0720000000000001 0.0729999999999995

 185 85 500 2 0.6 0.00199999999999978 0.347 0.194 0.158 0.999146938374113 -0.041296434926479 0.563324795331506 0.997911877643182 0.0645901266344833 0.598482052187589 0.999146931709401 -0.0412965961755814 0.563268829263295 0.997912631742103 0.064578474815918 0.598196577205434 0.00300000000000011 0.00100000000000033 0.0549999999999997 0.0699999999999994

 200 100 500 2 0.6 0.00199999999999978 0.352 0.195 0.155 0.999812346853279 -0.019371914715362 0.62603452963044 0.999396423798538 0.0347388557481688 0.617441229871685 0.999812158338434 -0.0193816417942688 0.626655564866219 0.999396790524047 0.034728303877869 0.616859695594792 0.00300000000000011 0.000999999999999446 0.0709999999999997 0.0679999999999996

 192 92 500 2 0.6 0.00200000000000022 0.353 0.19 0.151 0.999916782560569 -0.0129006958618516 0.575949988078806 0.99978320645109 -0.0208216257380904 0.567244562499952 0.999916910976112 -0.0128907386906337 0.575844616122245 0.999783151926712 -0.0208242436474884 0.567173123966649 0.00200000000000067 0.00100000000000033 0.0630000000000006 0.056

 189 89 500 2 0.6 0.00199999999999978 0.368 0.213 0.159 0.99787302230165 -0.0651876626561338 0.584393655987097 0.998656085301241 0.0518268587780645 0.601756924328924 0.997873010927633 -0.0651878367659181 0.584229593399444 0.998655655467492 0.0518351406170999 0.60141616629317 0.00299999999999923 0.000999999999999446 0.069 0.069

 186 86 500 2 0.6 0.00200000000000022 0.369000000000001 0.221 0.162 0.999857667429809 -0.0168714220450458 0.615216349929382 0.999564987177778 -0.0294929891378959 0.608468096220654 0.9998574106421 -0.0168866332960639 0.614702909217041 0.999564365489773 -0.0295140516200001 0.608039140393674 0.00299999999999923 0.00100000000000033 0.0720000000000001 0.0680000000000005

 187 87 500 2 0.6 0.00199999999999978 0.372 0.197 0.157 0.998913802026977 -0.0465963101544479 0.59668399209097 0.999718329067183 -0.0237331524901311 0.577838170701273 0.998914008969878 -0.0465918735803516 0.59642567595704 0.999718603437094 -0.0237215923113775 0.577716226389418 0.00300000000000011 0 0.069 0.0629999999999997

 188 88 500 2 0.6 0.00300000000000011 0.377000000000001 0.206 0.157999999999999 0.999887911987704 -0.0149720893955703 0.605563063240077 0.998749906418788 -0.0499862423918931 0.602130082062472 0.999888371601342 -0.0149413632716643 0.60518413455294 0.998749436357161 -0.0499956335718845 0.601799263591243 0.00300000000000011 0.00100000000000033 0.0729999999999995 0.0670000000000002

 190 90 500 2 0.6 0.00299999999999967 0.371 0.195 0.162999999999999 0.999812234332122 -0.0193777212233504 0.624714176909646 0.99992811029167 -0.0119905899992278 0.58088193818646 0.999811336240641 -0.019424003827829 0.62535962745913 0.999928226399091 -0.011980903570593 0.580749182178062 0.00300000000000011 0.00100000000000033 0.0760000000000005 0.0609999999999999

 191 91 500 2 0.6 0.00199999999999978 0.372 0.203 0.161 0.99961926840715 0.0275919957443342 0.629105978907454 0.999887318769243 0.0150116542877262 0.599720095112839 0.999619576906091 0.0275808169945669 0.629632374530449 0.99988701272206 0.0150320254707919 0.599413426095664 0.00300000000000011 0.000999999999999446 0.0709999999999997 0.0679999999999996

 198 98 500 2 0.6 0.00199999999999978 0.37 0.202999999999999 0.157999999999999 0.999981140954597 0.00614147662560819 0.601252209340027 0.999086316036235 -0.0427379586450236 0.539426293107129 0.999981044935349 0.00615709103449977 0.600918836101134 0.999085624769113 -0.0427541153541032 0.539702159928608 0.00199999999999978 0.00100000000000033 0.0720000000000001 0.0640000000000001

 193 93 500 2 0.6 0.00200000000000022 0.364 0.21 0.162999999999999 0.999944459599088 -0.0105393413972253 0.608740642860725 0.999999306410871 -0.00117778511513081 0.578013815422511 0.999944516199761 -0.0105339699082013 0.608344580045358 0.999999313696969 -0.00117158251561286 0.577899052643884 0.00199999999999978 0.00100000000000033 0.0670000000000002 0.0599999999999996

 199 99 500 2 0.6 0.00200000000000022 0.365 0.199 0.157999999999999 0.999994685441183 -0.00326022842594228 0.581185734837565 0.995676058449929 -0.0928934154265674 0.633777332832042 0.999994720816259 -0.00324935987732854 0.581043028458249 0.995675370526261 -0.0929007886263288 0.63417838011382 0.00300000000000011 0 0.0650000000000004 0.0679999999999996

 197 97 500 2 0.6 0.00199999999999978 0.37 0.197 0.157 0.997876757809251 -0.0651304554267644 0.609306760694112 0.999944457195329 -0.0105395694569812 0.588981930506013 0.997878748844371 -0.065099943201154 0.608876059680979 0.999944443455446 -0.01054087295146 0.588779672656164 0.00300000000000011 0 0.0720000000000001 0.0659999999999998

 194 94 500 2 0.6 0.00300000000000011 0.364 0.202 0.156000000000001 0.999932151377781 -0.0116487184274638 0.610567517778075 0.999998480487721 0.00174327916578246 0.596408409227649 0.999932256783612 -0.0116396668179907 0.610118460720798 0.999998473161872 0.0017474764450143 0.596152266684478 0.00300000000000011 0.000999999999999446 0.0700000000000003 0.0640000000000001

 211 11 1000 2 0.6 0.00300000000000011 0.395 0.388 0.313 0.999994485621354 0.00332095270724425 0.620319709780788 0.999998673694048 -0.00162868356189093 0.604453110480445 0.999994467653953 0.00332635859270665 0.61968480707336 0.999998699459635 -0.00161278611059194 0.604095624837318 0.00199999999999978 0 0.108 0.100000000000001

 195 95 500 2 0.6 0.00200000000000022 0.377 0.193 0.161 0.999968115781288 0.0079854505708847 0.568482178235871 0.999985263501265 -0.00542888389134092 0.596097796583188 0.999968094632394 0.00798809847579023 0.568410930938175 0.999985335758619 -0.0054155579325828 0.59584757396228 0.00300000000000011 0.00100000000000033 0.0599999999999996 0.0620000000000003

 196 96 500 2 0.6 0.00200000000000022 0.389 0.267 0.16 0.999990163408327 -0.00443543533240247 0.630997040326999 0.999864365253538 0.0164697023694917 0.596735159034049 0.9999901707297 -0.00443378438649723 0.631527215667409 0.999864720600519 0.0164481153462968 0.596470726433164 0.00199999999999978 0.00100000000000033 0.105 0.0629999999999997

 202 2 1000 2 0.6 0.00299999999999967 0.396 0.364999999999999 0.314 0.999969012004001 -0.00787242222844476 0.607781629453663 0.999990745451183 -0.00430221012830791 0.606806807873908 0.999969161540248 -0.00785340489809006 0.607370513367148 0.999990798989634 -0.00428974778672982 0.606405099398676 0.00600000000000023 0.00100000000000033 0.104 0.103

 205 5 1000 2 0.6 0.00199999999999978 0.393 0.384 0.313 0.999655286276058 0.0262546875877886 0.590217591748289 0.999755237648947 0.0221238512356591 0.621236870475118 0.999655368056977 0.0262515735694131 0.590011131351373 0.999754899123554 0.0221391435799129 0.620566537712047 0.00300000000000011 0.000999999999999446 0.101 0.106999999999999

 201 1 1000 2 0.6 0.00300000000000011 0.412 0.414 0.324999999999999 0.999791842240914 -0.0204027495333022 0.60678553777895 0.999971450266148 -0.00755636503988722 0.629550327928117 0.999791781283638 -0.0204057363917744 0.606394217727131 0.999971300797013 -0.00757611921300564 0.630083260852038 0.00300000000000011 0.00100000000000033 0.108 0.111

 203 3 1000 2 0.6 0.00299999999999967 0.44 0.397 0.315 0.99955709607735 -0.0297592285084048 0.63169270257881 0.999995032352877 0.00315202626402024 0.608257278349965 0.99955760579503 -0.0297421031083415 0.632177876649855 0.999995004212954 0.0031609411785186 0.607842034545497 0.00300000000000011 0.00100000000000033 0.11 0.121

 209 9 1000 2 0.6 0.00199999999999978 0.414 0.405 0.326000000000001 0.999997711834442 0.00213923488199041 0.597174939503751 0.999864034964966 -0.0164897417680467 0.596215472968378 0.999997694578529 0.00214728610721966 0.596904598993537 0.999864206245122 -0.0164793528335449 0.595952069931588 0.00300000000000011 0 0.105 0.103

 206 6 1000 2 0.6 0.00200000000000022 0.414 0.4 0.324 0.999127204474886 -0.0417711536613385 0.609545514864741 0.999890194157625 -0.0148188942713758 0.58959415003714 0.999127895694455 -0.0417546170521322 0.609114836558891 0.999890313873369 -0.0148108143670483 0.589394436043687 0.00300000000000011 0 0.109 0.0990000000000002

 208 8 1000 2 0.6 0.00300000000000011 0.418 0.401000000000001 0.326000000000001 0.999912011984987 -0.0132653039216848 0.612468416916565 0.998401138780725 0.0565258001389766 0.607257581341849 0.999912014126445 -0.0132651425019392 0.611984700841373 0.998401525494469 0.0565189692963182 0.60685940407024 0.00300000000000011 0 0.109999999999999 0.103

 204 4 1000 2 0.6 0.004 0.426 0.474 0.342 0.999892447462548 -0.0146660665263636 0.609690965533644 0.999814189327474 0.0192765873392187 0.606763688635702 0.999892392422625 -0.0146698185182534 0.609238675045897 0.999814268627885 0.0192724738445116 0.60638051230792 0.00300000000000011 0.00100000000000033 0.109 0.0990000000000002

 210 10 1000 2 0.6 0.00300000000000011 0.420999999999999 0.383 0.345 0.999761332582166 -0.0218466902191562 0.63220590264124 0.999998599020271 -0.00167390486462783 0.59311504983574 0.99976144193475 -0.0218416853871092 0.632678718567477 0.999998627379448 -0.00165687634413243 0.59288859132309 0.00199999999999978 0.000999999999999446 0.116 0.101

 212 12 1000 2 0.6 0.004 0.438000000000001 0.42 0.335999999999999 0.99994885056229 -0.010114161317436 0.579086607687926 0.999552503144621 -0.0299130984239743 0.603588722037978 0.999948843382211 -0.0101148711597227 0.578955822561812 0.999552597680472 -0.0299099393215946 0.603250446074166 0.00300000000000011 0.00100000000000033 0.103 0.101999999999999

 215 15 1000 2 0.6 0.004 0.412 0.414 0.332 0.999918960565386 -0.0127307620289289 0.601778426694898 0.999867809690216 -0.0162592479927823 0.598298185677227 0.99991902022548 -0.0127260752518749 0.601456950647277 0.999867547809346 -0.0162753444733427 0.598019244332698 0.00199999999999978 0.000999999999999446 0.104 0.104

 214 14 1000 2 0.6 0.00300000000000011 0.417 0.414 0.351 0.999798934034212 -0.0200522194296173 0.620859780740358 0.998810652218336 0.0487573688295598 0.604052207108026 0.999799068602999 -0.0200455087382698 0.620217435466386 0.998810672508966 0.0487569531676006 0.60369547284272 0.00300000000000011 0.00100000000000033 0.109999999999999 0.103

 207 7 1000 2 0.6 0.00300000000000011 0.436 0.454 0.346 0.999991029407637 -0.00423569407005711 0.600301000113681 0.999903990819351 -0.0138567363955323 0.597249634895191 0.999990983140118 -0.00424660316721059 0.599994980600771 0.999904075632899 -0.0138506148858963 0.596982460329871 0.00199999999999978 0.00100000000000033 0.129 0.100000000000001

 216 16 1000 2 0.6 0.00300000000000011 0.419 0.395 0.327999999999999 0.999977307120333 -0.00673685715794946 0.582933496664394 0.999838039198091 -0.017997093446357 0.580320449304152 0.999977259943357 -0.00674385617987095 0.582787997179997 0.999837979918236 -0.0180003864686348 0.580189522673543 0.00200000000000067 0.00100000000000033 0.0970000000000004 0.0960000000000001

 213 13 1000 2 0.6 0.00299999999999967 0.458 0.417000000000001 0.32 0.999875104845104 -0.0158042624311143 0.621467463155382 0.999993251154936 -0.00367391406827567 0.605012100156765 0.999874971533653 -0.0158126942857861 0.620815153966738 0.999993220527559 -0.00368224101876618 0.60463948104921 0.00300000000000011 0.000999999999999446 0.126 0.101

 217 17 1000 2 0.6 0.00300000000000011 0.411 0.44 0.315 0.999971901012407 0.00749647821535131 0.608892314407015 0.999330041613605 -0.0365987421716965 0.605947243698644 0.999972030709869 0.00747915757165884 0.60845773241425 0.99933102509291 -0.0365718783596598 0.605555860487357 0.00200000000000067 0.000999999999999446 0.106 0.107

 232 32 1000 2 0.6 0.00300000000000011 0.398 0.396 0.308999999999999 0.999906321127091 0.0136875479939687 0.603755040849281 0.999984829886903 -0.00550817538403825 0.613067866075826 0.999906008845704 0.0137103418722867 0.603398969138529 0.999984679329416 -0.00553544094411615 0.612580764392241 0.00199999999999978 0.00100000000000033 0.106 0.104

 219 19 1000 2 0.6 0.00300000000000011 0.395 0.383999999999999 0.32 0.999594284851163 -0.0284827262194442 0.594179872857656 0.999855903761742 0.0169756211312219 0.591206083632155 0.999594275995066 -0.0284830370202924 0.593941186105977 0.99985584833728 0.0169788852913835 0.590987295904972 0.00299999999999923 0 0.100000000000001 0.0979999999999999

 218 18 1000 2 0.6 0.004 0.421 0.397 0.319 0.999618918242779 -0.0276046787906689 0.597260543574072 0.999939941132366 -0.0109596591279139 0.600863606413072 0.999619076027505 -0.0275989645080558 0.596995227264537 0.999939991415991 -0.010955070378058 0.600543156910414 0.00300000000000011 0.00100000000000033 0.103000000000001 0.104

 221 21 1000 2 0.6 0.00300000000000011 0.398 0.396 0.322 0.999317028427795 -0.0369523570864111 0.611405978802828 0.999941941016709 -0.0107756482745537 0.610110722884134 0.999317250374232 -0.0369463544139849 0.610940043940162 0.999941858146743 -0.010783335571062 0.609682423321645 0.00400000000000045 0.000999999999999446 0.106000000000001 0.0999999999999996

 220 20 1000 2 0.6 0.00299999999999967 0.428 0.395 0.331 0.999998795234658 0.0015522658379503 0.6167312699187 0.999482636172359 -0.0321630220898375 0.614705459611332 0.999998791737399 0.00155451720530131 0.616162032387643 0.999483776952429 -0.0321275521773282 0.614189223796137 0.00300000000000011 0.00100000000000033 0.135 0.11

 222 22 1000 2 0.6 0.00300000000000011 0.403 0.398 0.319 0.999727833196079 -0.0233293706102906 0.624993403756369 0.999157875704368 0.0410309568245114 0.605714764240305 0.999728268178564 -0.0233107229550896 0.625628468023956 0.999157718515376 0.041034784404806 0.605340075678438 0.00300000000000011 0.00100000000000033 0.115 0.106

 225 25 1000 2 0.6 0.00300000000000011 0.41 0.396999999999999 0.311999999999999 0.999874406923428 -0.0158483557356047 0.581463506213364 0.999762957921586 0.0217721833512476 0.591484080407106 0.999874488138774 -0.0158432310222782 0.581316566135841 0.999762957830245 0.0217721875455776 0.591267832309828 0.00300000000000011 0.00100000000000033 0.105 0.100000000000001

 228 28 1000 2 0.6 0.00200000000000022 0.403 0.403 0.314 0.999942416030197 -0.0107314781690693 0.61774973861489 0.999720363109718 -0.0236473166294566 0.619554229106281 0.999942366083222 -0.0107361311415003 0.617150606375661 0.999720638020396 -0.0236356915721279 0.618942232358506 0.00300000000000011 0.00100000000000033 0.114999999999999 0.108

 227 27 1000 2 0.6 0.00300000000000011 0.391999999999999 0.388 0.313 0.999827131837492 -0.0185931826649915 0.629768528685803 0.998291235703265 0.0584346534005973 0.604980720586698 0.999827254481324 -0.0185865864627448 0.630297885951158 0.998292369707369 0.0584152769748256 0.604620376950125 0.00300000000000011 0 0.109 0.0989999999999993

 226 26 1000 2 0.6 0.00300000000000011 0.408 0.391 0.324 0.999969700355305 0.00778449557277471 0.608418993483196 0.999894341405333 -0.0145363690650598 0.600033351483264 0.999969733300149 0.00778026243955037 0.607997054338867 0.999894592192995 -0.0145191082096481 0.599726681386239 0.00199999999999978 0.00100000000000033 0.11 0.104

 229 29 1000 2 0.6 0.00300000000000011 0.388000000000001 0.403 0.319 0.99960068559974 -0.0282571999414292 0.604503741595663 0.999989256087273 -0.00463548379588055 0.593407802556473 0.999600558257465 -0.0282617043252027 0.604138073860245 0.999989245739172 -0.00463771560160753 0.59317565378512 0.00500000000000078 0.00100000000000033 0.105 0.0960000000000001

 223 23 1000 2 0.6 0.00299999999999967 0.406000000000001 0.394 0.315 0.999826844984776 -0.0186086014463291 0.607012426206365 0.999995829720264 0.00288799966776923 0.573173580431463 0.999826476830408 -0.0186283716114467 0.606616283350512 0.999995820490851 0.00289119366883437 0.573079549684569 0.00299999999999923 0.000999999999999446 0.107 0.0940000000000003

 230 30 1000 2 0.6 0.00299999999999967 0.394 0.386 0.318000000000001 0.999971928255476 0.00749284332050709 0.606441175336979 0.999928515951623 -0.0119567130426702 0.576710942274316 0.99997196583845 0.00748782593178499 0.606051647918175 0.999928620040661 -0.0119480050041904 0.576594345537071 0.00300000000000011 0 0.104 0.0940000000000003

 224 24 1000 2 0.6 0.00300000000000011 0.404999999999999 0.396999999999999 0.315 0.999897872235544 -0.0142914344567399 0.588443010564344 0.999999998990821 -4.49261426108832e-05 0.587109763182097 0.999897696818971 -0.0143037021821962 0.588253882323512 0.999999998859535 -4.77590909670699e-05 0.586934747521645 0.00300000000000011 0.00100000000000033 0.103 0.0979999999999999

 231 31 1000 2 0.6 0.00300000000000011 0.406 0.377 0.315 0.999999930738758 -0.000372186081012451 0.613363028915194 0.999985260622001 0.0054294142178059 0.62857139704768 0.999999929667375 -0.000375053655290075 0.612863440980415 0.999985308284074 0.00542062874636674 0.629135284841969 0.00299999999999923 0.000999999999999446 0.109 0.111

 233 33 1000 2 0.6 0.00200000000000022 0.412 0.492999999999999 0.343999999999999 0.999978791513893 0.00651279681971595 0.616770318533522 0.99995650017153 0.00932725922796144 0.597633851299776 0.999978944170961 0.00648931542841405 0.616199164763006 0.999956557032978 0.00932116123415117 0.597355590769941 0.00299999999999923 0.000999999999999446 0.108 0.0979999999999999

 239 39 1000 2 0.6 0.00300000000000011 0.392 0.387 0.313000000000001 0.999827804724427 -0.0185569636506911 0.607613465239105 0.999588032484524 -0.0287013120557053 0.613192781094709 0.999828193799092 -0.0185359888985092 0.607198628204009 0.999588130849758 -0.0286978860595686 0.612713881995836 0.00199999999999978 0.000999999999999446 0.103 0.0979999999999999

 238 38 1000 2 0.6 0.00199999999999978 0.411 0.408 0.321 0.998863066505952 -0.0476715257813968 0.598192919440338 0.999650281545335 0.0264445572156531 0.591069673633598 0.998863696370176 -0.0476583263838354 0.597898181430388 0.999650248183124 0.0264458183352088 0.590866855262062 0.00200000000000067 0 0.104 0.0960000000000001

 236 36 1000 2 0.6 0.00200000000000022 0.419 0.403 0.323 0.999976285513311 0.00688682880587964 0.605468391658764 0.999818817497381 0.0190350250364677 0.62475719018541 0.999976358085272 0.0068762831905482 0.605087026390247 0.999818807822718 0.0190355331934708 0.625384943952552 0.00399999999999956 0.00100000000000033 0.108000000000001 0.107

 235 35 1000 2 0.6 0.00300000000000011 0.397 0.383 0.321 0.99989046873388 -0.014800355912651 0.623210259668338 0.999596347529363 0.0284102447359711 0.5990293763095 0.999890286140481 -0.0148126865188669 0.622512988043565 0.999596298430603 0.0284119721919432 0.598740886781594 0.00300000000000011 0.00100000000000033 0.112 0.101999999999999

 234 34 1000 2 0.6 0.00300000000000011 0.429 0.406000000000001 0.329999999999999 0.999400885307006 -0.0346102650607139 0.589332385738856 0.9999870748606 -0.00508430051642612 0.601321441826085 0.999401091318724 -0.0346043157849381 0.589134634545313 0.999987037626424 -0.00509161851766259 0.600995259135875 0.00199999999999978 0 0.167 0.103

 237 37 1000 2 0.6 0.004 0.407 0.423 0.32 0.999896647283285 -0.0143768825426606 0.601739461669172 0.999973908728827 0.00722370137757969 0.57725440518776 0.999896787664883 -0.0143671158360665 0.601423228250815 0.999973855893634 0.00723101163167665 0.577139774097444 0.00199999999999978 0.000999999999999446 0.0990000000000002 0.0899999999999999
