
 602 2 100 3 0.6 0.00199999999999978 0.299 0.0489999999999995 0.016 0.998232893341384 -0.0419703451212581 0.0420663854127266 0.587020889878219 0.998947234065689 -0.00700026720575307 0.0453367379898278 0.572510284860856 0.998232641811189 -0.0419831843708344 0.0420595417561739 0.586945023011882 0.998947091764879 -0.00700573936427445 0.0453390281154088 0.572471789903332 0.00200000000000067 0.00100000000000033 0.0220000000000002 0.0190000000000001

 623 23 100 3 0.6 0.00199999999999978 0.303 0.0520000000000005 0.0170000000000003 0.998301716050487 0.0159063257969094 -0.0560417034920923 0.565632087091788 0.994052362808055 -0.0223573509341586 0.106583529942151 0.48193874486313 0.998301888531074 0.0159027676175007 -0.0560396407679004 0.565604644577371 0.994050974864783 -0.0223498702932249 0.106598042516032 0.48185939857974 0.00200000000000067 0.00100000000000033 0.0200000000000005 0.0179999999999998

 616 16 100 3 0.6 0.00199999999999978 0.295999999999999 0.048 0.016 0.998864031888647 0.0457642022674159 -0.0132771830590064 0.612677218385705 0.994721216852764 0.000430571633701274 0.102613426758029 0.632340981952375 0.998864530130454 0.0457390783124717 -0.0133261833393531 0.612447081744633 0.994724635961471 0.00038439666100724 0.102580460373926 0.631895300608104 0.00200000000000067 0.00100000000000033 0.0259999999999998 0.0289999999999999

 605 5 100 3 0.6 0.00199999999999978 0.299 0.0509999999999993 0.016 0.999226559091009 -0.0054226475142632 0.0389471244263183 0.621868334371694 0.995830789010637 0.0717815142482555 0.0562890208715652 0.662815471736103 0.999226708860086 -0.00544507068649237 0.0389401528741174 0.621581935695549 0.995831467435317 0.0717740164820755 0.0562865794275477 0.662850411633591 0.00199999999999978 0.00100000000000033 0.0249999999999995 0.0280000000000005

 601 1 100 3 0.6 0.00200000000000067 0.292 0.0659999999999998 0.0170000000000003 0.997251766817316 -0.0738657324803274 0.00572425933071151 0.60107282191472 0.998952704419027 -0.0355973049820199 0.0287458903485284 0.550232027666715 0.997250565962205 -0.0738826223563871 0.00571548788870517 0.600945007588408 0.998952715434984 -0.0355965334492377 0.0287464629384101 0.550231847900659 0.00200000000000067 0.00100000000000033 0.0300000000000002 0.0230000000000006

 621 21 100 3 0.6 0.00300000000000011 0.267 0.0470000000000006 0.0219999999999994 0.994383394683928 -0.0121831662051722 0.105134365637908 0.575690428696194 0.992443700142559 0.122586266263543 0.00530182712936624 0.626583366315668 0.994383426375663 -0.012185343795247 0.105133813523475 0.575645165271334 0.992446778605547 0.122560450714808 0.00532236376574788 0.626286368858822 0.00300000000000011 0.00100000000000033 0.0249999999999995 0.024

 622 22 100 3 0.6 0.00299999999999923 0.276 0.0609999999999999 0.024 0.994254782301431 0.0187197823785461 -0.105389741523706 0.590674079007862 0.999678103021295 0.0232661685335672 0.0101180898154117 0.628098200029917 0.994253982696279 0.0187094843706855 -0.10539911331302 0.590591044505765 0.999677809324434 0.0232857890673549 0.0101019588106064 0.627775827284047 0.00300000000000011 0.00100000000000033 0.0270000000000001 0.0249999999999995

 611 11 100 3 0.6 0.00399999999999956 0.273 0.056 0.0250000000000004 0.99953771270669 0.0289201583768088 -0.00938004885592256 0.562928909843013 0.997589912104094 0.0645465411987578 -0.0254580299203199 0.608807611121264 0.999537691143076 0.0289200450583034 -0.00938269567844034 0.562904457557975 0.997589820722449 0.0645538516678778 -0.0254430702902196 0.608604559472714 0.00300000000000011 0.00199999999999978 0.0259999999999998 0.0269999999999992

 620 20 100 3 0.6 0.00300000000000011 0.27 0.0580000000000007 0.0230000000000006 0.999824780799836 0.0107115835056978 -0.0153515366448947 0.614600429550604 0.998956554065816 0.0456705204796335 -8.15357026401541e-05 0.564243462375088 0.999824657595319 0.0107149257299683 -0.0153572273215145 0.614371284749357 0.998956488474708 0.0456719486235819 -8.51070281186317e-05 0.564216571730332 0.00199999999999978 0.00200000000000067 0.0280000000000005 0.0220000000000002

 617 17 100 3 0.6 0.00199999999999978 0.266 0.0499999999999998 0.0210000000000008 0.988178130472415 -0.152810556001574 -0.012365938319907 0.602706695019411 0.993102843032252 -0.0131581531839649 -0.116505820309742 0.58325035208863 0.988175794068587 -0.1528261471322 -0.0123599664095474 0.602563254459833 0.993103263063346 -0.0131608283849704 -0.116501937705582 0.583182661506226 0.00300000000000011 0.00100000000000033 0.0259999999999998 0.0220000000000002

 612 12 100 3 0.6 0.00300000000000011 0.271 0.0579999999999998 0.0229999999999997 0.998988954796854 -0.0449515667788397 -0.00065179599383277 0.596207421109066 0.992391240799555 -0.0771184020485797 -0.095981129654708 0.532535607041779 0.998989630514796 -0.0449363582032998 -0.000664706956052878 0.596095098011115 0.992392322222572 -0.0771184846255175 -0.0959698813313596 0.532156348656801 0.00299999999999923 0.000999999999999446 0.0259999999999998 0.0230000000000006

 629 29 100 3 0.6 0.00300000000000011 0.263999999999999 0.0519999999999996 0.0170000000000003 0.994168710588034 -0.103997206680794 -0.028515888383832 0.529709270309994 0.988080674582185 0.0643074391936635 0.139861123195715 0.580802072862014 0.994165647818589 -0.104020924469883 -0.0285361519808786 0.529415383990356 0.988080664341737 0.0643115585751169 0.13985930139834 0.580752425604923 0.00300000000000011 0.00100000000000033 0.0219999999999994 0.0209999999999999

 604 4 100 3 0.6 0.00199999999999978 0.287 0.0730000000000004 0.0179999999999998 0.999768813547944 0.0206513199644321 -0.00598685565745179 0.631148102807914 0.992747852417966 0.0556016450249089 -0.106584044725466 0.613966524594707 0.999768695817534 0.0206558942096798 -0.00599073432106706 0.630750718473136 0.992742745441222 0.055616047910522 -0.106624090095251 0.613761057513039 0.00200000000000067 0.00199999999999978 0.0289999999999999 0.0229999999999997

 610 10 100 3 0.6 0.00300000000000011 0.267 0.0490000000000004 0.0199999999999996 0.99906945075294 -0.0284740018448317 0.0323954285534158 0.599731991341487 0.992112023059408 -0.100548797563729 0.0748576850393932 0.632716904476363 0.999069353606662 -0.0284926229684939 0.032382049353627 0.599596667069434 0.992116708441553 -0.100517943426217 0.0748370221244938 0.632273739126127 0.00300000000000011 0.00100000000000033 0.0270000000000001 0.0259999999999998

 631 31 100 3 0.6 0.00199999999999978 0.263999999999999 0.0529999999999999 0.0170000000000003 0.998648818953658 0.0214104923849925 -0.0473511057769099 0.568567316830826 0.994391441733851 0.105759438205106 0.000775781550735981 0.609046916889957 0.998649087815 0.0214066148642171 -0.0473471883676656 0.568535404941668 0.994389059689559 0.105781868381914 0.000770902941563463 0.608863151419411 0.00199999999999978 0.000999999999999446 0.0220000000000002 0.0230000000000006

 614 14 100 3 0.6 0.00300000000000011 0.265000000000001 0.0539999999999994 0.0170000000000003 0.999771622821412 -0.00715179101337553 0.0201383734780475 0.630979268966405 0.985297771526516 -0.147127382524272 -0.0868437374624046 0.632903736803748 0.999771811457976 -0.00716882668617118 0.0201229455592522 0.630610347885261 0.985297957291216 -0.147097266760873 -0.0868926318466475 0.632472890003366 0.00199999999999978 0.000999999999999446 0.0230000000000006 0.0249999999999995

 625 25 100 3 0.6 0.00199999999999978 0.265 0.0440000000000005 0.0170000000000003 0.99522140790542 -0.0274360815163807 -0.0937102485205308 0.636510094314028 0.999078056978708 -0.0422515043377445 0.00760568503472815 0.621855223622783 0.995216742707097 -0.027466736658639 -0.0937508048648149 0.636088357637146 0.999076506332793 -0.0422879708927368 0.00760670833115608 0.621565868220945 0.00199999999999978 0.00100000000000033 0.024 0.024

 615 15 100 3 0.6 0.00400000000000045 0.268 0.0499999999999998 0.0220000000000002 0.997978004264 0.0627887505877261 -0.00987298358528337 0.601526645853283 0.996673706270555 0.039462840608203 0.0713036285195023 0.607621189297394 0.997979582792412 0.062762840362647 -0.00987816780061553 0.601392884631036 0.996673705845684 0.039444086139015 0.0713140108568291 0.607468940592289 0.00300000000000011 0.00100000000000033 0.0229999999999997 0.0190000000000001

 626 26 100 3 0.6 0.00199999999999978 0.264 0.048 0.016 0.987111023730578 -0.133075556179615 0.0888972619210304 0.60285544663249 0.99843424972578 0.0502691036182373 -0.0245370372281901 0.565765618454436 0.987112921051219 -0.13308086725288 0.0888682387861468 0.60271050717041 0.998433966142804 0.0502715721879882 -0.0245435181279725 0.565736580661728 0.00199999999999978 0.00100000000000033 0.0220000000000002 0.0199999999999996

 607 7 100 3 0.6 0.00199999999999978 0.266 0.0469999999999997 0.016 0.979156277436727 -0.198022726684826 0.0451661828424489 0.607008296270183 0.998618687170878 0.0521766828229346 0.00618962056247805 0.534925670277875 0.979162361011321 -0.197993963987514 0.0451603919740112 0.606839488874198 0.998619939230906 0.0521447468582251 0.00625638438336382 0.534448484025834 0.00199999999999978 0.000999999999999446 0.0229999999999997 0.0219999999999994

 624 24 100 3 0.6 0.00199999999999978 0.265 0.0510000000000002 0.016 0.990871139031648 -0.050412949824717 -0.125031677282582 0.585977367533402 0.996516950693651 -0.0782971889592433 -0.0286969890634415 0.607250553144619 0.990869884704025 -0.0504172582436639 -0.125039880269555 0.585901739937177 0.996516455441432 -0.0782991257097101 -0.0287089001450725 0.607084449147596 0.00199999999999978 0.000999999999999446 0.0209999999999999 0.0200000000000005

 603 3 100 3 0.6 0.00299999999999923 0.265 0.0490000000000004 0.0169999999999995 0.999341311568081 -0.0200554301306104 -0.0302443832085353 0.652356369385578 0.99947067750198 -0.0277636610264162 0.0169571206324236 0.57780967741454 0.999341536493934 -0.0200526221610262 -0.0302388125165475 0.652664436685459 0.999470410948912 -0.0277690704793877 0.0169639724806647 0.577754301549769 0.00199999999999978 0.00100000000000033 0.0250000000000004 0.0199999999999996

 619 19 100 3 0.6 0.00300000000000011 0.265000000000001 0.0490000000000004 0.0170000000000003 0.991805173383399 0.0734485238216488 -0.104536177461901 0.601226558065894 0.99035125386681 -0.0948762585956157 0.10100935362299 0.604678770560502 0.991805462453348 0.0734593177724191 -0.104525849817698 0.601083716777928 0.990351647472224 -0.0948794355088759 0.101002510199341 0.604541628249749 0.00100000000000033 0 0.0220000000000002 0.0179999999999998

 628 28 100 3 0.6 0.00200000000000067 0.266999999999999 0.0380000000000003 0.016 0.999378818844687 -0.0143024443126426 -0.0322089511049689 0.546238647413804 0.997389394752474 0.0706053912606517 0.0151417951453618 0.548922536520664 0.999379028982803 -0.0143323605037528 -0.0321891266079279 0.546411828193289 0.997389966812449 0.0705981072456318 0.0151380763374099 0.548964109555492 0.00199999999999978 0.000999999999999446 0.0219999999999994 0.016

 618 18 100 3 0.6 0.00199999999999978 0.268 0.0430000000000001 0.016 0.991601277652945 -0.125390783108278 -0.0316868690239352 0.565512394279441 0.997618988635966 -0.00706304267460436 0.0686036948066853 0.616151806422733 0.991601149048539 -0.125391390356955 -0.031688490496825 0.565486959858464 0.997618495937119 -0.00701158054205626 0.068616137332716 0.615924940005887 0.00200000000000067 0.00100000000000033 0.0169999999999995 0.0209999999999999

 613 13 100 3 0.6 0.00199999999999978 0.266 0.0430000000000001 0.016 0.998176369994738 0.00621165303210294 -0.0600445647060268 0.573837088942583 0.998883867948685 0.0365106890062147 -0.0299664469059309 0.628430520633019 0.99817622334201 0.00621094352867266 -0.0600470759917973 0.573794162412082 0.998884768518812 0.0364842928082748 -0.0299685768664506 0.628076688929685 0.00199999999999978 0.000999999999999446 0.0190000000000001 0.0209999999999999

 630 30 100 3 0.6 0.00300000000000011 0.268 0.0500000000000007 0.016 0.997920594341506 0.0326298651128246 0.0555857831807167 0.624334995000859 0.999270508684117 0.0361946692635321 -0.0121818057400999 0.613123744675241 0.997921948861087 0.0326471803365649 0.0555512879901219 0.624019501163961 0.999271291182073 0.0361715617268449 -0.0121862521537016 0.612898163081275 0.00199999999999978 0.000999999999999446 0.0229999999999997 0.0209999999999999

 608 8 100 3 0.6 0.00300000000000011 0.263 0.0440000000000005 0.016 0.998197160932773 -0.0476711314723326 0.0364676723948693 0.608590046481023 0.998123250855958 0.0278494960561726 -0.0545378920581999 0.583316528064467 0.998198323596186 -0.0476646368394604 0.0364443296649342 0.608402373915551 0.99812281871425 0.0278510542028398 -0.0545450047365601 0.583250067889581 0.000999999999999446 0.00100000000000033 0.0219999999999994 0.0179999999999998

 606 6 100 3 0.6 0.00199999999999978 0.263999999999999 0.0439999999999996 0.016 0.999544699160758 0.0263692064335156 0.0146649013531116 0.551301338160045 0.993541714144275 0.0651739788954789 -0.0928828010462031 0.54801922538696 0.999544714651898 0.026366395502286 0.0146688990614019 0.551287548153275 0.993540876684525 0.0651906530309381 -0.0928800576784171 0.548093257900077 0.00100000000000033 0 0.0190000000000001 0.0169999999999995

 609 9 100 3 0.6 0.00100000000000033 0.266 0.0439999999999996 0.016 0.999542091739817 0.000362189729098402 0.0302568283035494 0.59231939198859 0.994703767193348 -0.102774302908372 0.00136315555278376 0.599359615659868 0.999542277542275 0.000362608850454392 0.0302506846273478 0.592216427188595 0.994703488454481 -0.102777007789721 0.00136261743638759 0.599229012560086 0.00199999999999978 0.00100000000000033 0.0230000000000006 0.0190000000000001

 632 32 100 3 0.6 0.00199999999999978 0.263 0.0469999999999997 0.016 0.999281513607205 -0.00195370180144508 -0.0378502260516842 0.620518825354034 0.992279665055731 0.0544557173528854 0.111425496025229 0.61505675867461 0.99928063983372 -0.00202112656727401 -0.0378697491529823 0.620251159087362 0.992278920090024 0.0544434987944682 0.111438100235027 0.614831751111454 0.00199999999999978 0.000999999999999446 0.024 0.0190000000000001

 627 27 100 3 0.6 0.00199999999999978 0.266 0.0449999999999999 0.016 0.999770673803071 0.0197447438644029 0.00829125401145766 0.596033063837828 0.997887593923756 0.0598189728202441 -0.0253385158165979 0.591453752123615 0.999770984234699 0.0197276237786478 0.00829457307090689 0.595927132009767 0.997887808748972 0.0598157866594886 -0.0253375771628118 0.591370862915036 0.00199999999999978 0.000999999999999446 0.0210000000000008 0.016

 633 33 100 3 0.6 0.00199999999999978 0.288 0.0420000000000007 0.016 0.99985192387726 -0.00373365357492203 -0.0167985163012518 0.618850914314891 0.998298713141172 0.0554510809328646 0.0180237888374209 0.605358246029829 0.999852177186044 -0.00374777680796683 -0.0167802844232493 0.618585943950181 0.998297872893131 0.0554663922785851 0.0180232157132943 0.605213792292536 0.00199999999999978 0 0.0259999999999998 0.0200000000000005

 634 34 100 3 0.6 0.00199999999999978 0.29 0.0519999999999996 0.0169999999999995 0.995184973987422 0.0941066649869994 0.0274007874828412 0.647149064831714 0.996153879021626 -0.0862509689311504 0.0154343664789172 0.542447425922591 0.995181200280178 0.0941389166706319 0.0274270482732696 0.647504651884804 0.996153911307899 -0.086253089104969 0.0154204281985008 0.542749798525149 0.00199999999999978 0.00100000000000033 0.0259999999999998 0.0209999999999999

 635 35 100 3 0.6 0.00199999999999978 0.286 0.0520000000000005 0.0169999999999995 0.99572362966352 0.0921735975702618 0.00620332496823475 0.577770977321017 0.997350702052963 0.0113452941973423 -0.0718530543125247 0.606619492051474 0.995723983637155 0.0921691872362463 0.00621203138791294 0.577718860019097 0.997349115733589 0.0113587463638543 -0.0718729450243201 0.606453993008749 0.00199999999999978 0.00100000000000033 0.0220000000000002 0.0220000000000002

 636 36 100 3 0.6 0.00199999999999978 0.287000000000001 0.048 0.0180000000000007 0.998403016372033 -0.0237974723618295 -0.0512357024779987 0.598481687918164 0.988785288941454 0.0992734371255103 -0.111572564074921 0.600394407053193 0.998403137313203 -0.0237905360401995 -0.0512365670012595 0.598362102960366 0.988787930104832 0.0992708772265795 -0.111551433041744 0.600269248688848 0.00199999999999978 0 0.0220000000000002 0.0200000000000005

 641 41 100 3 0.6 0.00100000000000033 0.277 0.0439999999999996 0.016 0.995786572748149 -0.0124836249022056 0.0908474581031108 0.584938591321224 0.998873270388738 0.0387459408543118 -0.0274033167740921 0.489890940431987 0.995787414133084 -0.0124826968541044 0.0908383626745523 0.584865723924057 0.998873741192016 0.0387369676258371 -0.0273988411473872 0.489872594673975 0.00199999999999978 0.000999999999999446 0.0220000000000002 0.0180000000000007

 638 38 100 3 0.6 0.00199999999999978 0.281 0.0500000000000007 0.016 0.999016760613145 0.00295280852261452 -0.044235652316274 0.595572856623301 0.996181103212765 0.0163978724339299 -0.0857573284415958 0.667720675007789 0.999016785487684 0.00294416801697819 -0.0442356664756173 0.59545971302483 0.996181310958248 0.0163990276508776 -0.0857546942715848 0.667717503599287 0.00199999999999978 0.000999999999999446 0.0229999999999997 0.0190000000000001

 642 42 100 3 0.6 0.00300000000000011 0.279999999999999 0.0509999999999993 0.016 0.993398066964024 -0.0949959318112393 0.0643121566381884 0.595920321539783 0.992824714016356 -0.088423629389045 -0.0805006149293888 0.639972835588424 0.993398131428677 -0.094997764269805 0.0643084540146252 0.595806460844964 0.9928196319837 -0.088506196306927 -0.0804725516125251 0.639474721309088 0.00199999999999978 0 0.0230000000000006 0.0219999999999994

 639 39 100 3 0.6 0.00299999999999923 0.274 0.0460000000000003 0.0170000000000003 0.992903643174919 -0.0874764870836542 0.0805618990433893 0.605417506444406 0.997282423756618 -0.0352190119038098 -0.0647100337400943 0.591592535834676 0.992904321202561 -0.0874728941938339 0.0805574435954669 0.605269464929503 0.997281503377404 -0.0352424988074917 -0.0647114309771431 0.591502229107031 0.000999999999999446 0.00100000000000033 0.0200000000000005 0.0190000000000001

 643 43 100 3 0.6 0.00199999999999978 0.273000000000001 0.0510000000000002 0.016 0.994713816108868 0.0856509085190424 -0.0566422625960114 0.632486599899325 0.99981686064634 0.0127928429111884 0.0142333529973237 0.595087225070257 0.994709551146762 0.0856766884342549 -0.0566781608412606 0.632081249089519 0.999817000989135 0.012789055831802 0.0142268965000658 0.594981852917274 0.00200000000000067 0.000999999999999446 0.0230000000000006 0.0190000000000001

 637 37 100 3 0.6 0.00199999999999978 0.279 0.0449999999999999 0.016 0.999529069328237 -0.00679407068147487 -0.0299245747071432 0.589423139578582 0.995909558868785 0.0900126123903481 0.00786639462828216 0.671573582716721 0.999529129474579 -0.00678354103952506 -0.0299249545155053 0.589333791124626 0.995909599638051 0.0900121890517913 0.00786607722327511 0.671570251819361 0.00199999999999978 0.000999999999999446 0.0219999999999994 0.0179999999999998

 640 40 100 3 0.6 0.00199999999999978 0.273000000000001 0.0490000000000004 0.016 0.996603633497827 0.0668165097249263 -0.0481326472065256 0.632045133014161 0.999333139589986 -0.0345640460248558 -0.0117729707216895 0.653684773917241 0.996603610992453 0.0668242933664096 -0.0481223063961443 0.631630691421488 0.999333008224301 -0.034564108202336 -0.0117839338739848 0.653947298742265 0.00100000000000033 0.000999999999999446 0.024 0.0209999999999999

 645 45 100 3 0.6 0.00199999999999978 0.273 0.0499999999999998 0.0169999999999995 0.99810473307844 -0.0518846330944007 -0.033089675959071 0.573958507920378 0.988295046722158 0.112868716650677 0.102633101025331 0.594316305388645 0.998104537526954 -0.0518813112978074 -0.0331007810500752 0.573916162800651 0.98829127901547 0.112901259719637 0.102633587950955 0.594211654791471 0.00100000000000033 0 0.0200000000000005 0.0200000000000005

 646 46 100 3 0.6 0.00199999999999978 0.273 0.0529999999999999 0.0170000000000003 0.973422673449214 -0.226407849543084 0.0344642493065232 0.594185363827753 0.992341290335577 0.0583235174378121 0.108890453249136 0.563664503358814 0.973426471171764 -0.226390889042886 0.0344683997374278 0.594067904527469 0.992341275119704 0.0583256914814693 0.108889427434472 0.563639208082419 0.00199999999999978 0 0.024 0.0170000000000003

 651 51 100 3 0.6 0.00200000000000067 0.278 0.0469999999999997 0.0170000000000003 0.99665705135838 -0.0518936826294168 0.0631012494391159 0.575069170401373 0.99354116762439 0.00492106103443364 0.113365477081245 0.602083608338433 0.996657604549269 -0.0518935830928556 0.0630925932887367 0.575026098531111 0.993541073030124 0.00491369280130744 0.113366625711466 0.601951256010515 0.00200000000000067 0.00100000000000033 0.0209999999999999 0.0190000000000001

 649 49 100 3 0.6 0.00100000000000033 0.276 0.0610000000000008 0.0169999999999995 0.996016812159453 0.0131836078721986 0.0881856132211642 0.551162653742533 0.999643535773828 0.0266966784929259 0.00029789770700243 0.575645577755143 0.996016862536051 0.013184124205001 0.0881849670453429 0.55115009562767 0.999643573302304 0.0266952678899246 0.000298375078312673 0.575597221999236 0.00199999999999978 0.000999999999999446 0.0200000000000005 0.0190000000000001

 650 50 100 3 0.6 0.00199999999999978 0.274 0.0540000000000003 0.0170000000000003 0.995020231945278 -0.0344443859444316 -0.0935324665368967 0.5538936737643 0.996647235241867 -0.0167966370852641 -0.0800759730966025 0.537809142826765 0.995020103462496 -0.0344456804994746 -0.0935333566189744 0.553877776644544 0.996648084559291 -0.0168126958216195 -0.0800620309729069 0.538234722971155 0.00199999999999978 0.000999999999999446 0.0220000000000002 0.0199999999999996

 655 55 100 3 0.6 0.00199999999999978 0.272 0.0500000000000007 0.0170000000000003 0.99730175407628 0.0717266334080611 -0.015636539780909 0.6032945249559 0.999554990572193 0.0296644144117822 0.00313740973254399 0.653648416299706 0.997301294886302 0.0717279135566397 -0.0156599372577709 0.603148969147244 0.999555975825662 0.0296274617103031 0.00317249173559278 0.653832754936193 0.00200000000000067 0.00100000000000033 0.0229999999999997 0.0180000000000007

 657 57 100 3 0.6 0.00199999999999978 0.271 0.0489999999999995 0.0169999999999995 0.989899587162088 0.052811670010405 -0.131566465510936 0.549769186567974 0.994720529937713 -0.0730565347387102 -0.0720680931647751 0.548846330089976 0.9898993436085 0.0528084259546189 -0.131569600104498 0.549782142984418 0.994721009419554 -0.0730496966874855 -0.0720684066232177 0.548888637194385 0.00200000000000067 0.000999999999999446 0.0190000000000001 0.0150000000000006

 647 47 100 3 0.6 0.00199999999999978 0.274 0.0529999999999999 0.0170000000000003 0.999226135888747 0.0223025346100559 -0.0323994800391907 0.566098868105333 0.998109589702202 0.0613361706572915 0.00388858761024113 0.551866625739971 0.999226112265731 0.02230351446144 -0.0323995340858596 0.566069488232322 0.998109601669766 0.0613359552568903 0.00388891338893201 0.551854098686223 0.00199999999999978 0.000999999999999446 0.0209999999999999 0.0170000000000003

 644 44 100 3 0.6 0.00299999999999923 0.275 0.0550000000000006 0.016 0.998765903957895 0.0304905942172094 0.0392044991735814 0.596773034309395 0.9979548973734 -0.0635485783892629 -0.00689934729888766 0.645395631680146 0.998766114298863 0.0304709481795098 0.0392144137453696 0.596653584912991 0.997958028602754 -0.0635024278254714 -0.00687130319345339 0.645770655333996 0.00199999999999978 0 0.024 0.0199999999999996

 648 48 100 3 0.6 0.00299999999999923 0.271 0.0449999999999999 0.0170000000000003 0.99259953220022 -0.088914753959311 -0.0827063190104629 0.590989814789724 0.998378169400129 0.0565996276097951 0.00612478731710412 0.570888642668409 0.992598816053366 -0.0889226587566452 -0.0827064152838577 0.59089975246766 0.998378193519552 0.0565987998113831 0.00612850426674659 0.570852927114308 0.00300000000000011 0.00199999999999978 0.0229999999999997 0.0179999999999998

 652 52 100 3 0.6 0.00199999999999978 0.274 0.0489999999999995 0.0179999999999998 0.99833120488329 0.0546669568897809 0.0186099215658918 0.586897057747589 0.98614725527277 0.120066810812258 -0.114444536170823 0.60228596273188 0.998331770877252 0.054657781981375 0.0186065076241227 0.586822544113038 0.986147379729199 0.120068128657559 -0.114442081132362 0.602152711005097 0.00199999999999978 0.00100000000000033 0.0209999999999999 0.0179999999999998

 654 54 100 3 0.6 0.00199999999999978 0.276 0.0520000000000005 0.0180000000000007 0.994785116741923 -0.0875064956890538 -0.0523945104088242 0.575113010008316 0.999841158963874 0.0152479515088491 -0.00922804511041893 0.618779921128028 0.994785068213194 -0.0875070896171758 -0.0523944398462477 0.575068308805268 0.999841371369387 0.0152368967525312 -0.00922328984339482 0.618537729692027 0.00199999999999978 0.00100000000000033 0.0209999999999999 0.0199999999999996

 653 53 100 3 0.6 0.00199999999999978 0.27 0.048 0.0169999999999995 0.996883777711642 -0.0626963895789864 0.0478737555360444 0.561148934682694 0.998611945709485 -0.0099438289813479 -0.0517233230903204 0.63304323644384 0.996883630115837 -0.0626999528645816 0.0478721622433163 0.561125330078675 0.998611376956053 -0.0100350285623242 -0.0517166899142659 0.632655567398307 0.00199999999999978 0.000999999999999446 0.0209999999999999 0.0209999999999999

 661 61 100 3 0.6 0.00199999999999978 0.273000000000001 0.0549999999999997 0.0180000000000007 0.989399661931397 0.068947019637933 -0.127806953852613 0.586505346408088 0.992595665056965 0.115061683435849 -0.0389185651717837 0.643335155483123 0.989398456269288 0.0689411057359162 -0.127819476887756 0.586434641208375 0.992593995567923 0.115084347712171 -0.0388941239028493 0.64381519372798 0.00199999999999978 0.000999999999999446 0.0210000000000008 0.0230000000000006

 660 60 100 3 0.6 0.00199999999999978 0.277 0.0469999999999997 0.0169999999999995 0.998515054058952 -0.0544442182614268 0.00187454409106315 0.643119144568286 0.999870375569075 -0.0114876106710299 0.0112812614732431 0.554167734280637 0.9985135791332 -0.0544688941519543 0.00194212679044741 0.643610131730442 0.999870368284407 -0.0114862825863281 0.0112832592432782 0.554152598106251 0.00199999999999978 0.00100000000000033 0.0279999999999996 0.016

 658 58 100 3 0.6 0.00200000000000067 0.276 0.0510000000000002 0.0169999999999995 0.99307365291211 0.0121007242690275 -0.116868697109031 0.59117225363911 0.995891669788572 -0.0905091518939068 0.00280632663384482 0.539321448415925 0.993072640174045 0.0121119510271108 -0.116876139481368 0.591085846923468 0.995893793010415 -0.0904868096561607 0.00277314290603596 0.539739649946062 0.00199999999999978 0.00100000000000033 0.0229999999999997 0.0199999999999996

 656 56 100 3 0.6 0.00200000000000067 0.274999999999999 0.0520000000000005 0.0170000000000003 0.999182319051429 -0.0339105991403733 0.0220173695283593 0.619683419432099 0.992784019073468 0.0264554594548842 0.116961532724923 0.620047392332666 0.999182858286018 -0.0339051660013166 0.0220012596413439 0.619435487566881 0.992790427808759 0.0264298199022419 0.116912920890875 0.619757921328713 0.00199999999999978 0 0.0209999999999999 0.0209999999999999

 659 59 100 3 0.6 0.00200000000000067 0.271 0.0499999999999998 0.016 0.999664176172674 -0.00753787860132178 -0.0247934520226666 0.661814833798547 0.995726795925904 0.0819424212083161 -0.0425862358239423 0.611594748465888 0.999664138607302 -0.00753635886471481 -0.0247954285622196 0.661864468173824 0.995728745705369 0.0819324823078605 -0.042559761734351 0.611398586976204 0.00199999999999978 0.00100000000000033 0.0199999999999996 0.0199999999999996

 663 63 100 3 0.6 0.00199999999999978 0.271 0.0469999999999997 0.0179999999999998 0.998929842228569 -0.042345488629606 0.0186018788815973 0.573045319457188 0.993374106201534 -0.110757097988029 0.0306716542360085 0.576942719986888 0.998929841518118 -0.0423463993779489 0.0185998436635945 0.573005636010076 0.993374729150655 -0.110753277539306 0.0306652735054594 0.576893137603256 0.00199999999999978 0 0.0220000000000002 0.0179999999999998

 664 64 100 3 0.6 0.00100000000000033 0.271 0.0499999999999998 0.016 0.99942819637382 0.0337593284152439 0.00189421168943746 0.614290395698797 0.998406948680385 0.0560618412939786 -0.00637454135225154 0.618201779539244 0.999427771009449 0.0337729803300948 0.00187518924570815 0.614087062446984 0.998406851333937 0.0560630221555537 -0.00637940093103798 0.617946993971041 0.00200000000000067 0 0.0209999999999999 0.0190000000000001

 662 62 100 3 0.6 0.00199999999999978 0.275 0.0490000000000004 0.016 0.999698101033144 -0.0226887199071592 -0.00943020570828824 0.529180766038457 0.995845654705382 -0.048655375879582 0.0769680869089676 0.573154957976364 0.999698017088364 -0.0226746439270031 -0.00947286400080116 0.528886099238044 0.995845068840172 -0.0486624178911019 0.0769712150852814 0.573113561504708 0.00199999999999978 0.00100000000000033 0.0199999999999996 0.0169999999999995

 666 66 100 3 0.6 0.00200000000000022 0.274999999999999 0.0499999999999998 0.0150000000000006 0.980365403324866 -0.0788383907221868 -0.180743420660362 0.554659554657093 0.984992088866882 -0.144314234626584 -0.0946783320184676 0.577870108897275 0.980365251149553 -0.0788366294083827 -0.180745014321278 0.554644905719614 0.9849915860219 -0.144320106758364 -0.0946746124962527 0.577814579606203 0.00199999999999978 0.00100000000000033 0.0170000000000003 0.0200000000000005

 667 67 100 3 0.6 0.00200000000000022 0.274 0.0489999999999995 0.016 0.995094890413958 -0.0529297406220717 0.0835739291269295 0.516111333693821 0.992809815338085 -0.112637434043372 0.0405151702511751 0.602934692656322 0.995095129057387 -0.052934417146167 0.0835681255483042 0.516028003714517 0.99281115384013 -0.112623178006448 0.0405220012629913 0.602794725716607 0.00199999999999978 0 0.0190000000000001 0.0199999999999996

 665 65 100 3 0.6 0.00199999999999978 0.278 0.0490000000000004 0.0149999999999997 0.992622739701046 0.0753998787283845 -0.0949471164182172 0.584165096438709 0.992213239920376 -0.112687916624466 -0.0530501646891681 0.537847599943051 0.992622193304636 0.0753955216074785 -0.0949562882627093 0.584099296310429 0.992216908490882 -0.112638827459893 -0.053085789560462 0.538259319044104 0.00199999999999978 0.000999999999999446 0.0209999999999999 0.0199999999999996

 668 68 100 3 0.6 0.00200000000000022 0.277000000000001 0.0430000000000001 0.0149999999999997 0.996769910398033 0.0592425027778573 -0.054222426999471 0.626752963393412 0.994613795852162 -0.10225331693532 -0.0169604326678002 0.580913785734137 0.996765459330371 0.0592790281363975 -0.0542643152460044 0.626402212980641 0.994614405630881 -0.102247875854034 -0.0169574760759799 0.580852483254613 0.00199999999999978 0.000999999999999446 0.024 0.0209999999999999

 669 69 100 3 0.6 0.00200000000000022 0.272 0.0490000000000004 0.0149999999999997 0.999962269614367 0.00463832280750095 0.00734474704930503 0.631231352271178 0.999877580551199 0.00248399163568252 -0.0154484205223441 0.580952483215503 0.999962808043829 0.004661085414286 0.00725650135126687 0.630803943287966 0.999877592959833 0.00247344976396208 -0.0154493088232636 0.580896513220565 0.00199999999999978 0.000999999999999446 0.0289999999999999 0.0190000000000001

 670 70 100 3 0.6 0.00199999999999978 0.277 0.0570000000000004 0.0150000000000006 0.991274812744825 -0.0644259144664289 -0.11499368314336 0.600732515369698 0.99852101704247 -0.00388554761381 -0.0542280466567976 0.551338571075354 0.99127313078634 -0.0644185328505046 -0.115012315890242 0.600593980007687 0.998521020135725 -0.00388632197089188 -0.0542279342096801 0.55132456856807 0.00199999999999978 0 0.0250000000000004 0.0180000000000007

 671 71 100 3 0.6 0.00199999999999978 0.274 0.048 0.016 0.996311053741273 -0.0516219201369821 -0.0685526188728369 0.651677498505896 0.978085973783703 -0.203480240905704 0.0440864996177167 0.589960518416087 0.996311819035973 -0.0516197000195984 -0.0685431675597017 0.651987190846879 0.978085149664777 -0.203483649843187 0.0440890491134122 0.589875424272095 0.00199999999999978 0.000999999999999446 0.024 0.0190000000000001

 672 72 100 3 0.6 0.00200000000000022 0.277 0.0529999999999999 0.0149999999999997 0.999546992411726 0.0288767658823537 0.00848188380302832 0.641883638120045 0.995784693010515 -0.0658002066729825 -0.0638997493558976 0.56207059497776 0.999546984010921 0.0288784529977682 0.00847712847182854 0.642422989990266 0.995784963210706 -0.0657994620424338 -0.0638963053578078 0.562046734902322 0.00199999999999978 0.00100000000000033 0.0289999999999999 0.0170000000000003

 673 73 100 3 0.6 0.00199999999999978 0.275 0.0499999999999998 0.016 0.995059710211252 0.0695038459130324 -0.0708899747326551 0.619160122528891 0.999473845727046 0.0287938169403118 -0.0149314370907979 0.593701003124086 0.995058269639132 0.0694951229935863 -0.0709187415489274 0.618858517455187 0.999474435902697 0.0287787143515271 -0.0149210447777431 0.59358749386348 0.00199999999999978 0.000999999999999446 0.0270000000000001 0.0220000000000002

 675 75 100 3 0.6 0.00200000000000022 0.277 0.048 0.0169999999999995 0.994178388536029 -0.0522079284549141 -0.0942531907913493 0.618724127409523 0.998736086223728 0.00294773773181693 -0.0501751025586875 0.588937362400326 0.994179193977513 -0.0521852213251662 -0.0942572699448975 0.61847516398103 0.998737040917712 0.00294428605980694 -0.050156298493113 0.588853040186839 0.00200000000000067 0 0.024 0.0199999999999996

 676 76 100 3 0.6 0.00099999999999989 0.281 0.0479999999999992 0.016 0.999758785456962 -0.0196237670951924 -0.00986299480960065 0.588997640931841 0.999824488830106 0.0166105194754468 0.00866499730948185 0.663808624035852 0.999758846232001 -0.0196216193093945 -0.00986110726717766 0.588918039911193 0.999824511436397 0.0166076339473952 0.0086679193373984 0.663823794283459 0.00199999999999978 0 0.0189999999999992 0.0170000000000003

 674 74 100 3 0.6 0.00199999999999978 0.279999999999999 0.0449999999999999 0.0169999999999995 0.994490115604253 -0.0221158974694724 -0.102470957078377 0.59684314241049 0.987103898639301 -0.0958434625022885 -0.128218266977314 0.591566063083618 0.994488317715503 -0.022115621687127 -0.102488463764368 0.5967236499148 0.987103026956596 -0.0958449807897734 -0.128223842675745 0.5914731984633 0.000999999999999446 0 0.0229999999999997 0.0190000000000001

 677 77 100 3 0.6 0.00200000000000022 0.289000000000001 0.0419999999999998 0.016 0.997955483251001 0.0556335447447822 0.0314604855078734 0.612764521338656 0.997512288332403 -0.0548364649117952 0.0442966899647247 0.600810940822557 0.997955041507705 0.0556546497796902 0.0314371609286561 0.612550692082023 0.997512191729736 -0.0548408137526525 0.044293481433331 0.600674903625041 0.00300000000000011 0.00100000000000033 0.0249999999999995 0.0199999999999996

 679 79 100 3 0.6 0.00099999999999989 0.28 0.0489999999999995 0.016 0.999803788434558 0.0126874204423761 0.0152122974735593 0.560631407782968 0.988983978390041 0.0905603236946411 -0.117087652039525 0.600029926352693 0.999803783802162 0.0126867859217143 0.0152131310997119 0.560608007279591 0.988987828901442 0.0905521500056337 -0.117061447172715 0.599901898008047 0.00200000000000067 0 0.0210000000000008 0.0199999999999996

 678 78 100 3 0.6 0.00099999999999989 0.281 0.0509999999999993 0.0170000000000003 0.997736926045076 -0.0565313920817785 0.036403682717821 0.63421091241012 0.99473100317336 0.0461236493613326 0.0915578521772616 0.583219525026013 0.997738171238891 -0.0565277179102936 0.0363752492874975 0.633802385764004 0.994730370764764 0.0461329624416221 0.0915600308789544 0.583157100236373 0.00199999999999978 0.00100000000000033 0.0220000000000002 0.0179999999999998

 681 81 100 3 0.6 0.00200000000000022 0.281 0.0449999999999999 0.016 0.999587716542275 -0.0265358728892172 0.0109656002028534 0.598413365304399 0.998878347569494 -0.0463015906895355 0.0099100684384649 0.634230990225319 0.999587727839161 -0.0265390225899872 0.0109569445244832 0.598289153333714 0.99887877300943 -0.0463000055513214 0.00987452870383192 0.633842042922809 0.00199999999999978 0.000999999999999446 0.0209999999999999 0.0199999999999996

 682 82 100 3 0.6 0.00199999999999978 0.28 0.0459999999999994 0.0169999999999995 0.996970803890258 0.0328391204961903 -0.070503959856523 0.576112713752069 0.998092196553123 0.0551627995516772 -0.0277314392952138 0.60600034956342 0.996971271530466 0.0328307229314115 -0.0705012579655569 0.576065546329748 0.998092694870969 0.0551672775167758 -0.0277045833138416 0.605838495258702 0.00199999999999978 0 0.0200000000000005 0.0199999999999996

 680 80 100 3 0.6 0.00199999999999978 0.283 0.048 0.016 0.996265647583978 -0.0416290335253894 -0.0756424683086119 0.60838255909731 0.9979306876107 -0.0404319307934248 -0.0499960168128458 0.639438291261538 0.996265567643027 -0.041644969574265 -0.0756347488795696 0.608201564408002 0.997929515932746 -0.0405032712683852 -0.0499616477589982 0.63893948416364 0.00200000000000067 0.000999999999999446 0.0209999999999999 0.0209999999999999

 683 83 100 3 0.6 0.00099999999999989 0.279999999999999 0.0510000000000002 0.0169999999999995 0.998971515192524 -0.0104614994068475 -0.0441188039741954 0.545652159693978 0.996515310715892 -0.0769392865472917 -0.0322115149349318 0.642717572067742 0.998970845835371 -0.0104750128232993 -0.0441307520592415 0.545841431112667 0.996515097991693 -0.0769182846967362 -0.032268203450431 0.643214750245856 0.00200000000000067 0.000999999999999446 0.0209999999999999 0.0230000000000006

 685 85 100 3 0.6 0.00100000000000033 0.278 0.0540000000000003 0.0170000000000003 0.990937509798651 -0.094649785960798 -0.0953114352615861 0.618540785939971 0.999734113819378 -0.0215480574288345 0.00820870798764165 0.56667888098572 0.990940807623031 -0.0945991134629109 -0.0953274541747912 0.618291001351207 0.999734085036533 -0.0215496109436402 0.00820813525381466 0.566651051949845 0.00199999999999978 0.00100000000000033 0.0229999999999997 0.0170000000000003

 684 84 100 3 0.6 0.00099999999999989 0.28 0.0599999999999996 0.016 0.99903332448517 0.00232425686952571 -0.0438977721315412 0.603405285162528 0.999325861881671 0.0358153919209205 0.00806718513524956 0.56945868157246 0.999032219607888 0.00230934854066566 -0.0439236962772393 0.60326033291769 0.999325722571693 0.0358188972658452 0.00806887880825201 0.56942611266349 0.00200000000000067 0.00100000000000033 0.0220000000000002 0.0179999999999998

 690 90 100 3 0.6 0.00200000000000022 0.277 0.0519999999999996 0.0179999999999998 0.997940305805351 0.062227348339139 -0.0155853510644294 0.647376956447569 0.999019645696794 0.0426961172197313 -0.0116956866497956 0.607918886498041 0.997939117520491 0.0622565587262921 -0.0155447295886086 0.647763512137823 0.999018962302298 0.0427111749630965 -0.0116990808917577 0.607752225512556 0.00300000000000011 0.00100000000000033 0.0250000000000004 0.0190000000000001

 687 87 100 3 0.6 0.00200000000000022 0.273 0.048 0.0169999999999995 0.992640204402434 0.0784716089109321 -0.0922368212744974 0.548244407992256 0.996724529074834 -0.0573189518627796 -0.0570504241693526 0.65525321263 0.99263956331991 0.0784692229215008 -0.0922457499625594 0.548301179938854 0.996724073247736 -0.0573234055050575 -0.0570539130099235 0.655494987118705 0.00199999999999978 0.00100000000000033 0.0179999999999998 0.0230000000000006

 693 93 100 3 0.6 0.00500000000000034 0.273 0.0529999999999999 0.0170000000000003 0.995800245940914 -0.0303543621587673 0.0863740868660834 0.662639031655141 0.999732525297557 0.0218788062893228 -0.00749637896074038 0.602519512001791 0.995800255068908 -0.0303581842108069 0.0863726383533573 0.662673858828318 0.999732296924823 0.021885025988496 -0.00750866984895852 0.602372783286679 0.00200000000000067 0.00100000000000033 0.0190000000000001 0.0200000000000005

 691 91 100 3 0.6 0.00300000000000011 0.274 0.0519999999999996 0.0169999999999995 0.986634541599347 -0.0603848186304034 -0.151347134105739 0.590098416179523 0.99653625956083 -0.0822292434348414 0.0124030199807445 0.678996984409784 0.986634293713436 -0.0603752212152973 -0.151352578873942 0.590014311917158 0.996536192675427 -0.0822302787245035 0.0124015301013484 0.678993204338507 0.00199999999999978 0.000999999999999446 0.0199999999999996 0.0209999999999999

 692 92 100 3 0.6 0.00199999999999978 0.274 0.0509999999999993 0.0169999999999995 0.998809324186998 -0.0389762832862747 -0.0293391080010896 0.57102378964316 0.995194237737393 0.034456064078027 -0.0916581083294846 0.608649730976925 0.998809105820195 -0.0389805404455288 -0.0293408861017539 0.570982901924718 0.995191701102533 0.0344726256051396 -0.091679420485371 0.608473321853513 0.00100000000000033 0.000999999999999446 0.0199999999999996 0.0190000000000001

 686 86 100 3 0.6 0.00199999999999978 0.274 0.0499999999999998 0.0170000000000003 0.998815701966607 -0.0417748062968378 -0.0249411119202204 0.523373152668127 0.99938321078485 0.0309111966664756 -0.0166642108127192 0.542769883743141 0.998814440856813 -0.0417814269752429 -0.0249804943066613 0.523176675090715 0.999384067133817 0.0309092264886524 -0.0166164399599834 0.543065961130972 0.00100000000000033 0.00100000000000033 0.0209999999999999 0.0199999999999996

 694 94 100 3 0.6 0.00099999999999989 0.272 0.0459999999999994 0.0169999999999995 0.992768195977272 -0.0286510720491211 -0.116577978737275 0.627589259118198 0.995453674139073 -0.0907928564630818 -0.0287861052991635 0.60466349721827 0.992767179384157 -0.0286422881064314 -0.116588793928289 0.627259153274873 0.995452652461367 -0.0908034010345977 -0.028788175839728 0.604520958503456 0.00199999999999978 0.00100000000000033 0.0209999999999999 0.0180000000000007

 689 89 100 3 0.6 0.00199999999999978 0.276 0.0499999999999998 0.0169999999999995 0.998465641114132 0.0537376182216725 0.0133653246278404 0.617368199763677 0.999792235036272 -0.016682426685832 0.0117125317949479 0.639304813974471 0.998466298583413 0.0537334197248317 0.013333049081693 0.617115693844352 0.999793346719971 -0.0166824543276862 0.0116172101679067 0.638815868301692 0.00200000000000067 0.000999999999999446 0.0220000000000002 0.0209999999999999

 695 95 100 3 0.6 0.00099999999999989 0.277 0.0540000000000003 0.016 0.997942638379295 -0.0419717275840228 0.0484650862805864 0.537361945359602 0.996477172937786 0.0797397499312035 0.0259772226157145 0.594692949922239 0.997938567006503 -0.0420225871483599 0.0485048312064534 0.537844394174922 0.996476303653324 0.0797519890453695 0.0259729956053508 0.59458211591337 0.00199999999999978 0.000999999999999446 0.0220000000000002 0.0200000000000005

 696 96 100 3 0.6 0.00200000000000022 0.28 0.0550000000000006 0.016 0.997294475377938 -0.0626501397922959 0.0384537301786081 0.580260361847332 0.991770177004404 -0.119864280467425 0.0449941137559123 0.559104888859776 0.99729416812376 -0.0626555522769464 0.0384528801939175 0.580206221494943 0.991770738436349 -0.119860058210213 0.0449929864230373 0.559083220689863 0.00100000000000033 0.00100000000000033 0.0179999999999998 0.0179999999999998

 688 88 100 3 0.6 0.00200000000000022 0.279 0.0529999999999999 0.0169999999999995 0.995524890792822 0.039482949617398 -0.0858562082871738 0.615770429062927 0.99874580944361 0.0245431676678355 0.0436399019207983 0.676910401817841 0.99552164715715 0.0395001006707561 -0.0858859248568479 0.615539701948948 0.998745885583038 0.0245420465481488 0.0436387898798888 0.676907354097714 0.00199999999999978 0.00100000000000033 0.0220000000000002 0.0199999999999996

 697 97 100 3 0.6 0.00100000000000033 0.269 0.0449999999999999 0.0150000000000006 0.998042422249465 -0.0297229187358954 -0.0550260982829061 0.609297046756291 0.995589646919513 -0.0301342331531394 0.0888435869320422 0.592493276732787 0.998042224937244 -0.0297153672442284 -0.0550337550223211 0.609113067236713 0.9955899018194 -0.0301297753820719 0.0888422423775067 0.59238878200591 0.00199999999999978 0 0.0209999999999999 0.0209999999999999

 698 98 100 3 0.6 0.00099999999999989 0.268 0.0520000000000005 0.0149999999999997 0.990248030612915 0.0143186949089025 -0.138577822335862 0.538679685453908 0.998918610241609 -0.0123962831157471 -0.0448100689341875 0.566268690779563 0.990250061873632 0.014456714529954 -0.138548974605617 0.539089621363787 0.99891842941911 -0.012396022606102 -0.0448141717585825 0.566238064179584 0.00100000000000033 0.000999999999999446 0.0220000000000002 0.0179999999999998

 700 100 100 3 0.6 0.00199999999999978 0.266 0.0600000000000005 0.0150000000000006 0.999706195769626 -0.00938322147599474 -0.0223489886696186 0.562115549310082 0.994633547369899 0.0662195748786037 0.0794926056263587 0.540389873265988 0.999706097761554 -0.00938453700857858 -0.0223528200346536 0.562091810096356 0.994634197544631 0.0662449749669388 0.0794633020102827 0.540746927818273 0.00199999999999978 0.00100000000000033 0.0190000000000001 0.0200000000000005

 699 99 100 3 0.6 0.00099999999999989 0.268 0.0499999999999998 0.0150000000000006 0.995673728938118 0.0216898079096053 -0.0903514124699076 0.595046214608487 0.994776218346343 -0.0969119530715743 0.0320678774539664 0.607619256802143 0.9956737323923 0.0216808261289945 -0.0903535301045397 0.594939858411963 0.994777042931532 -0.0969022651969634 0.0320715739572387 0.607464658074908 0.00199999999999978 0.00100000000000033 0.0200000000000005 0.0190000000000001

 702 2 500 3 0.6 0.00199999999999978 0.29 0.227 0.0700000000000003 0.997701778196827 0.0341756363253338 -0.058508013678878 0.592601024358637 0.998886745991904 0.012975414167721 0.0453531400112747 0.561433685973059 0.997701625547568 0.0341741949352779 -0.0585114585381905 0.592509149740166 0.998886772165199 0.0129744085075309 0.0453528512584361 0.561412273250729 0.00300000000000011 0.000999999999999446 0.0380000000000003 0.0350000000000001

 701 1 500 3 0.6 0.00200000000000022 0.289 0.247000000000001 0.069 0.999739019658609 0.00342118264420647 -0.0225873433886954 0.63288936868289 0.998954878792646 -0.0259539865192787 0.0376236723370551 0.584735003922357 0.999738545656919 0.00341496811299042 -0.0226092529858117 0.632498899436059 0.998954926125173 -0.025952799664537 0.0376232343083583 0.584668334594965 0.00300000000000011 0 0.0419999999999998 0.0359999999999996

 703 3 500 3 0.6 0.00200000000000022 0.291 0.233000000000001 0.0700000000000003 0.999812477312657 -0.0051194585350795 -0.018676224303502 0.597233043529521 0.998405175055644 -3.92381724845774e-05 0.0564544496251203 0.570622795856323 0.999812561280395 -0.0051153114770675 -0.0186728651906941 0.59711864657275 0.99840514577341 -4.00409783275097e-05 0.0564549669196261 0.570588288729353 0.00300000000000011 0.00100000000000033 0.0389999999999997 0.0339999999999998

 707 7 500 3 0.6 0.00199999999999978 0.291 0.221 0.0679999999999996 0.999889389457265 0.00652605237708343 -0.0133648603116525 0.575196909886874 0.999890120064837 -0.00886119126879339 -0.0118839002866495 0.589775214440557 0.999889378978123 0.0065269761592426 -0.0133651931882874 0.575154170404661 0.99989012654147 -0.00886251603318396 -0.0118823673754042 0.589688806040916 0.00299999999999923 0.00100000000000033 0.0350000000000001 0.0419999999999998

 704 4 500 3 0.6 0.00199999999999978 0.291 0.222 0.0699999999999994 0.99840490640258 0.0207034067729667 -0.0525262964547135 0.591763974564981 0.999250107694847 0.0195658725695581 -0.0334125560594747 0.626064400916046 0.998404918214035 0.0207045759051562 -0.0525256111112822 0.591676571691175 0.999249130837397 0.0195687988557925 -0.0334400453356121 0.625745532570281 0.00300000000000011 0.000999999999999446 0.0359999999999996 0.04

 705 5 500 3 0.6 0.00200000000000022 0.291 0.231 0.0680000000000005 0.999482628070916 0.0125366008145931 0.0296194163424886 0.570682601107604 0.99986752168237 -0.0108737710534877 0.012111985296861 0.62141652848821 0.999482619111396 0.0125371364893162 0.0296194919414985 0.570649308998227 0.999867939600635 -0.010858814231433 0.0120908855038898 0.621112796813029 0.00300000000000011 0.000999999999999446 0.0339999999999998 0.0409999999999995

 708 8 500 3 0.6 0.00099999999999989 0.291 0.239 0.0679999999999996 0.999944413556199 -0.00715669437484213 0.00774283690743429 0.600773934596331 0.999634623279163 0.00559746780896593 -0.026444059742291 0.608477467614888 0.999944393316949 -0.00715767738089309 0.00774454185283891 0.60064479378928 0.9996347043022 0.00559534666601591 -0.0264414456930875 0.608298214747232 0.00199999999999978 0 0.0380000000000003 0.0380000000000003

 706 6 500 3 0.6 0.00200000000000022 0.293 0.235 0.0680000000000005 0.999285496768227 0.0162301552522382 -0.0341332390664284 0.599941378899947 0.997355755000368 -0.0279317709102725 -0.067091833642115 0.605292615204057 0.999285347522238 0.0162351914688337 -0.0341352132750228 0.5998133776355 0.997355868451151 -0.0279210862479495 -0.0670945944826023 0.605135876156374 0.00300000000000011 0.000999999999999446 0.0389999999999997 0.0380000000000003

 709 9 500 3 0.6 0.00099999999999989 0.297 0.217 0.0679999999999996 0.999400809343581 -0.0246579105013528 0.0242901159548862 0.588795175720742 0.998454383021829 -0.0551851439000229 0.00659127584258941 0.593796537832976 0.99940075732417 -0.024659198836739 0.0242909483677627 0.588714963567722 0.998453989834914 -0.0551920892302865 0.00659268299993475 0.593696671038472 0.00300000000000011 0.000999999999999446 0.0359999999999996 0.0390000000000006

 711 11 500 3 0.6 0.00200000000000022 0.294 0.256 0.069 0.998107309255114 -0.0592260488448042 -0.0165551910211818 0.560345502651649 0.999967597871945 0.0079042517918825 -0.00152512616587162 0.588384918493719 0.998107374438869 -0.0592248380686447 -0.0165555926045965 0.560326077686519 0.999967595544214 0.00790419927523267 -0.00152692348908264 0.588302182033744 0.00199999999999978 0.00100000000000033 0.0329999999999995 0.0449999999999999

 710 10 500 3 0.6 0.00099999999999989 0.296 0.245 0.0710000000000006 0.999760859077817 0.0216024490709709 0.00339983089605361 0.594069058448507 0.998945014407533 -0.0448830348703459 0.00971449284119417 0.621693034731978 0.999760861798522 0.0216018701539971 0.00340270799914564 0.593970276915501 0.998945484740483 -0.0448704640017123 0.0097241954357352 0.621408340068771 0.00199999999999978 0 0.0369999999999999 0.0380000000000003

 714 14 500 3 0.6 0.00199999999999978 0.294 0.231 0.0709999999999997 0.999903106821701 0.00210907805549533 0.0137596787050012 0.629938097168168 0.999897684803958 0.0125636171420478 -0.00683925785392353 0.611239164364555 0.999903288804952 0.00211254138235876 0.0137459159734508 0.629585627101243 0.999897555783064 0.012573428264971 -0.00684009069531784 0.611041726783801 0.00300000000000011 0.00100000000000033 0.0389999999999997 0.0419999999999998

 716 16 500 3 0.6 0.00199999999999978 0.293000000000001 0.232 0.0730000000000004 0.999812028475119 0.0192507472186598 0.00230574239459464 0.590952369171973 0.998743764358136 0.0332538046758222 -0.0374843651449719 0.623752452289885 0.999811952552173 0.0192549902229755 0.00230323366713569 0.590864882005689 0.998743824676423 0.033259759717608 -0.0374774739575423 0.623453546234689 0.00300000000000011 0.000999999999999446 0.0369999999999999 0.0390000000000006

 713 13 500 3 0.6 0.00200000000000022 0.297 0.247 0.0730000000000004 0.99998439128691 -0.00252592615793967 -0.00498366126392433 0.610232703469687 0.999919493498866 -0.0060987518036831 -0.0111270727241214 0.588792389285789 0.999984414565162 -0.00251607941602985 -0.00498397142265284 0.610047757791513 0.999919526844428 -0.00610083870569415 -0.0111229313718354 0.588713773107606 0.00300000000000011 0.00100000000000033 0.0389999999999997 0.0350000000000001

 717 17 500 3 0.6 0.00200000000000022 0.292 0.24 0.0700000000000003 0.99866397309839 -0.0245076404291167 -0.0454933445235082 0.577488354555538 0.999152004764363 -0.0146881294198641 -0.0384646620874087 0.615941692107445 0.998664119344764 -0.0245057229984713 -0.0454911669851371 0.577440578088273 0.99915219702219 -0.0146873151121153 -0.0384599786860097 0.615709650550526 0.00199999999999978 0.000999999999999446 0.0360000000000005 0.0470000000000006

 712 12 500 3 0.6 0.00200000000000022 0.296 0.235 0.0709999999999997 0.999328651556469 -0.000407041449050105 0.0366344168179004 0.59498741031013 0.999066973452301 0.0339885329163864 0.0266451156321653 0.598425729478559 0.999328622955419 -0.000407137332805523 0.036635195935304 0.594885467390629 0.999066917602459 0.0339896620810186 0.0266457693441085 0.598305670432107 0.00300000000000011 0 0.0369999999999999 0.0350000000000001

 715 15 500 3 0.6 0.00200000000000022 0.295 0.241 0.0729999999999995 0.999729038330413 -0.00260761549142203 -0.0231311534601452 0.596804565355941 0.999417864252216 -0.0109687133096191 0.0323051070555526 0.596409401059701 0.999729045447076 -0.00261058320573598 -0.0231305111228731 0.596694267450529 0.999417793691078 -0.0109730010452735 0.0323058338650767 0.596301474295182 0.00199999999999978 0.000999999999999446 0.0360000000000005 0.0380000000000003

 718 18 500 3 0.6 0.00200000000000022 0.29 0.237 0.069 0.999974284419324 0.0003071062484973 0.00716492748133113 0.587136581142221 0.999921636360416 -0.00616702956873982 -0.0108944428313923 0.594870348319358 0.999974257988005 0.000311441797937033 0.00716842837348478 0.587061069144836 0.999921697173232 -0.00616303662968383 -0.0108911203144639 0.594764351934232 0.00199999999999978 0.000999999999999446 0.0349999999999993 0.0339999999999998

 719 19 500 3 0.6 0.00199999999999978 0.29 0.238 0.069 0.999805758426616 -0.0044383951456656 -0.0192027619239845 0.582447905271427 0.997562219668916 -0.042328314469785 0.0554791103332782 0.604054268375644 0.9998057988686 -0.00444017225199854 -0.0192002452873069 0.582391051786187 0.99756186897286 -0.0423323399905578 0.0554823445998578 0.603904829902453 0.00299999999999923 0.00100000000000033 0.0329999999999995 0.0350000000000001
