
 396 96 500 10 0.9 0.016 0.459 0 0.135000000000001 0.999923908819006 -0.00526372818746571 0.000752661147543079 -0.00332193887148316 -0.000363402640324588 -0.00435506226290682 -0.00291699444921653 0.00848727982238267 0.00145026120228189 0.00333516105646622 0.900550591706329 0.999851554067744 0.000960959110684817 -0.0090389785253641 -7.23830443692169e-05 -0.000790066715536347 0.00365882088287237 -0.00740727572384973 -0.0052169197095862 -0.00222078598357047 0.010640064043915 0.892499213587194 0.999923901666321 -0.00526422127211179 0.000752177027802446 -0.0033209620862228 -0.000364050285115308 -0.00435524121997921 -0.00291787958751277 0.00848793197321575 0.00145005065251595 0.00333496256094604 0.900523596766391 0.999851576422748 0.000963024762765903 -0.00903922299188902 -7.38878238812317e-05 -0.000791210889987153 0.00365665637468253 -0.00740115299759154 -0.00521821611130221 -0.00222056325428322 0.0106418889199603 0.89276625101658 0.00399999999999956 0.00300000000000011 0.0609999999999999 0.0609999999999999

 399 99 500 10 0.9 0.246 2.348 0 0.0670000000000002 0.999939904067323 -0.00462646692591014 0.00283519404029557 0.000262938828188587 0.00123419719089222 0.00632771206977215 0.0013258388354924 0.00246434026392215 0.00224861321905902 0.00601883126820085 0.895261619939244 0.999852286789059 0.00014827161793534 0.00298627123339061 -0.011289305589473 0.00625447703693547 0.00216086407572253 -0.00120787128437031 0.00592104135694879 -0.0087061417024218 -0.00170703777127372 0.90407643225668 0.999939888113022 -0.00462862184123125 0.00283524218365359 0.000262160939149619 0.00123660176502679 0.00632837465654999 0.00132694200458511 0.00246375644450002 0.00224952414704546 0.00601830160942512 0.895382703707509 0.999852286206903 0.000149020123810234 0.00298594990969299 -0.0112896527147531 0.00625491896345502 0.00216193665341551 -0.00120904387505669 0.00592021870959621 -0.00870586116659356 -0.00170605624281355 0.904032664657307 0.00300000000000011 0.215999999999999 0.274999999999999 0.217000000000001

 397 97 500 10 0.9 0.263 2.634 0 0.0679999999999996 0.999778727899816 0.00162985564388286 -0.00570915243302873 0.00863519523377886 -0.0145866766717355 -0.0040852553339693 -0.00131323151603442 -0.00404924942415213 -0.0086590441058162 -0.00318077053037359 0.899519445152709 0.999942819783462 -0.00397564102348726 -0.00171029331352579 0.00209518146565275 0.00596275766949203 0.00235441117903452 -0.000551247042061406 -0.000525941553975484 0.00382507109456556 -0.0059099209499783 0.904537125573087 0.999778739078667 0.00162948704408313 -0.00570866133656434 0.00863507691111472 -0.0145863358757601 -0.00408522047854127 -0.00131351732250276 -0.00404896116668732 -0.00865895133477971 -0.00318075739154294 0.8994961410954 0.999942826538519 -0.00397598658580974 -0.00171071644316666 0.00209446555173131 0.00596312680933773 0.00235453812600842 -0.000551591642194943 -0.000526059318984337 0.00382466315728855 -0.00590847501364371 0.904491328235526 0.268000000000001 0.582000000000001 0.328999999999999 0.249000000000001

 400 100 500 10 0.9 0.201 2.402 0 0.0670000000000002 0.999817158134439 -0.00100406198368956 -0.00263814858432563 0.000952116096305872 -0.00660131461618353 -0.0120616141005363 -0.00444465762177895 -0.00624678694433977 0.00912597295549712 0.00506509686324001 0.90303233190581 0.999935573086985 0.00350181648240865 0.00196874784777109 0.00373230555469062 -0.00360277720914896 -0.00500520363385723 0.00764734085650483 0.000740599518221875 -0.00130746663501009 9.50674868821317e-05 0.902002327760456 0.999817154461855 -0.00100450022149045 -0.00263829661887147 0.000952132148469048 -0.00660127302035278 -0.0120618858266815 -0.00444447305631951 -0.00624678600068141 0.00912580514552182 0.00506552737643599 0.902994369103161 0.999935567954328 0.00350180342174039 0.00196779005251161 0.00373233995331519 -0.00360263278276002 -0.00500538001637516 0.00764833111658074 0.000739907690026469 -0.00130714250409075 9.43799354495539e-05 0.901969167703897 0.186999999999999 0.587 0.244999999999999 0.262

 398 98 500 10 0.9 0.239 2.367 0 0.0670000000000002 0.999967764498221 -0.00154971328211128 0.00221157835740829 -0.00085481506779631 -0.00349191393587765 -0.000707382863064485 0.000250830037696031 0.00391722606558845 0.00110263370974324 -0.0052085828435216 0.903313476946524 0.999874525501082 -0.00489810913529581 -0.00417292015281382 -0.00668452742780386 0.00126901161971391 -0.00655823850299031 -0.00608589070738936 0.000624308989871898 0.00792945987260776 -0.00446324627474894 0.899016888096212 0.999967764693913 -0.00154970385156487 0.00221083144358527 -0.000854626082616521 -0.00349227976390558 -0.000708107476259489 0.0002505703236918 0.00391717970045447 0.00110245245606306 -0.00520863818666042 0.903274245510903 0.999874524705131 -0.00489792579060572 -0.00417275175009856 -0.00668449731527429 0.00126861535242067 -0.00655814871723922 -0.00608588546412481 0.000623676107514386 0.00792987167898675 -0.0044634369030456 0.898995605470228 0.151 0.568 0.276999999999999 0.218

 405 5 1000 10 0.9 1.664 1.062 0 0.135000000000002 0.999981306627161 0.00110290058041109 -0.0038538069006717 -0.00102617569734202 0.000640375134517286 -0.00159513579704961 0.000532578099926628 -0.00331059058462656 -0.00193296154879727 0.00152663487148655 0.899763124882415 0.999979285143672 0.00231737441543434 0.00510743024847222 0.000320817595780754 0.0011315096797233 0.000419840970227942 0.0022797851942804 -0.00141996570548657 7.83352672171016e-05 0.00109263514069311 0.89600880870267 0.999981306872062 0.00110250507503669 -0.00385345522908747 -0.00102610876770546 0.000640212384770441 -0.001595323258215 0.000532582392997536 -0.00331075076017482 -0.00193334663265803 0.00152672872428645 0.899739042035688 0.999979282522952 0.00231668344781744 0.00510806887816801 0.000320949083614441 0.00113042277290224 0.000420797252173973 0.0022804883052082 -0.00142003553605847 7.88797127897657e-05 0.00109263483897016 0.896086559170582 0.366 1.484 39.274 40.092

 407 7 1000 10 0.9 1.809 0.428000000000001 0 0.299999999999999 0.99996672478597 -0.000105268950574015 0.000229350964982446 -0.00215867605568927 -0.00427049307609076 -0.000200961616970015 -0.000946397081735322 0.00167301871990503 -0.00608571581774266 -0.00167858938340819 0.897292427039897 0.999965416312044 -0.00165882527590409 -0.000472678129280793 -0.000348433796233078 -0.00288362632962379 -0.00272088291326452 -0.00148807647635121 -0.0034720780596013 0.00547305618152319 0.00247529828638217 0.903723440575624 0.999966724756068 -0.00010526915586946 0.000229351245115252 -0.00215868075154628 -0.00427049283845467 -0.000200973221970534 -0.000946402162787269 0.00167303210165996 -0.00608571610538289 -0.00167858307669189 0.897292084751711 0.999965412673797 -0.00165866772782142 -0.000472878323372959 -0.000347930183709147 -0.0028837633997787 -0.00272116582565921 -0.00148829959580897 -0.00347185236055637 0.00547352673556503 0.00247557749783238 0.903682550727033 1.431 1.67 36.607 40.651

 411 11 1000 10 0.9 1.574 0.858999999999999 0 0.138999999999999 0.999983762448015 0.00302402205237275 0.000537778049845208 -0.00317988117863632 0.00261495356570874 -0.0014144885624619 0.000760091021003641 -0.000989280562655436 -0.000520065812229479 -0.00150453930252582 0.898057587596958 0.999975150538217 0.00103218790048451 -0.00279611176520786 0.00320391590881804 -0.0013542140602366 -0.00280563168344824 -0.0035539449416 -0.000265272756633384 0.00240739986343935 0.00153220194633167 0.899154627876347 0.999983762014861 0.00302417300329082 0.000537975956721028 -0.00317981194726167 0.00261479846503572 -0.00141432749998287 0.000760389020911816 -0.000989708697911019 -0.000520178434991848 -0.00150454924741129 0.898039078384227 0.999975149700553 0.00103210936072841 -0.00279619591342378 0.00320397871560166 -0.00135410854161085 -0.0028059749147367 -0.00355392899675109 -0.000265612646016514 0.00240724139393716 0.0015322084529115 0.899132542734152 0.667999999999999 1.683 41.3 41.413

 409 9 1000 10 0.9 1.704 1.076 0 0.147 0.999967364363949 0.00285552696829222 0.00462796442368877 -0.000208515435822637 -0.00259462568237378 -0.00453603332349336 0.000874134705684423 -0.00249723726513628 -0.000666241761523366 -0.000950144771606757 0.900742122043211 0.999949026721104 -0.00314406190776988 0.000913272176365943 -0.00227637294446194 0.00335429991143004 0.00295887355426957 0.00713567971925359 -0.000513890339504723 0.00267139434961563 0.00277817884104166 0.90296788325175 0.999967366468668 0.00285542594452912 0.00462823926439817 -0.000208311089353819 -0.00259441843461044 -0.00453551892987018 0.000873946576227991 -0.0024973903829222 -0.000665817102062303 -0.000950029188891414 0.900714408384321 0.999949027526443 -0.0031441713069795 0.000912804723988478 -0.00227599850934941 0.00335409945062043 0.00295909798938842 0.00713591259799918 -0.000513093715844178 0.00267112974262932 0.00277803206051605 0.902930216750523 1.116 1.713 41.483 42.286

 406 6 1000 10 0.9 1.902 0.78 0 0.219000000000001 0.999944895671326 -0.00093774460903103 -0.00447650281722487 0.00811654919516051 -0.000785585249877846 0.00298926476085536 -0.00189317118602159 -0.0021337318679893 -0.00141151599879952 0.00193045936611148 0.899456913720084 0.999911449599027 -0.000886238085940477 -0.000221159639980742 0.00550576447252042 0.00535733804519928 -0.00849138488184838 0.00255850551678778 0.00264930292089028 -0.000880004764408921 -0.00554989511972902 0.897523333814769 0.999944894440798 -0.000938026080032162 -0.00447667536613959 0.00811628453098495 -0.000785686768970673 0.00298962442546418 -0.00189327866981725 -0.00213382921231267 -0.00141174435238088 0.00193069435252854 0.899434109425165 0.999911450936865 -0.000886284876935952 -0.00022097289994121 0.00550590090207754 0.00535732983786373 -0.00849119992158166 0.00255870679006714 0.00264926694514109 -0.000880194883495662 -0.00554970384506883 0.897507845119142 1.473 1.841 41.762 41.637

 410 10 1000 10 0.9 1.617 0.605 0 0.189 0.999951270168429 0.0030341155392006 0.00235239215400644 0.00358439609377935 0.00302237017351125 -0.00679339297026567 0.00156237500708496 0.00168586096244368 0.00279586044604524 -0.00121856441809525 0.89822447978039 0.999971680754722 -0.000361634683885805 0.00337472123072286 -0.00515974035911347 0.00165835272898906 0.00211983348458763 -0.00245265329320455 -6.04214156551665e-05 -0.00123065651269298 0.0019281449169173 0.9029129247379 0.99995127346426 0.00303383511434655 0.00235222305765159 0.00358422968543631 0.00302232633208535 -0.00679337151852056 0.00156240737963121 0.00168583946694445 0.00279542854583857 -0.00121858139766598 0.898205602928995 0.999971682012375 -0.000361137425379888 0.0033746472890037 -0.00515975761352452 0.00165828658855426 0.00211990378178899 -0.00245228187044746 -6.06326425031354e-05 -0.00123086603469201 0.00192798075893767 0.90287600360452 1.398 1.678 41.757 42.188

 413 13 1000 10 0.9 1.691 0.507000000000001 0 0.194999999999999 0.999951778742555 0.00202297646863252 -0.00304823032052964 0.000722961696976701 -0.00544841445966856 -0.00414864125136728 -0.00249471937283532 -0.0040882019223165 -0.00353769121715905 0.000429710245182737 0.898338499366941 0.999983349297083 0.00106227030955838 0.000321099179464307 0.0012897767171238 0.00234883410890243 0.00173507779423146 -0.00399073324844038 0.000303821974142398 0.0022065206625688 -0.000995777085491441 0.9021782931931 0.999951776788997 0.00202286998250676 -0.00304818726492012 0.000722758863409152 -0.00544852766897586 -0.00414852524540877 -0.00249494364417127 -0.00408834186241838 -0.00353802986853713 0.00042966707140775 0.898319089611315 0.999983347561213 0.00106227103047492 0.000320841912905888 0.00128996060104406 0.00234937993340797 0.00173494358490094 -0.00399075970667958 0.000303293379613082 0.00220695170361563 -0.000995410265030088 0.902144784871827 1.48 1.678 42.05 41.731

 402 2 1000 10 0.9 1.639 1.718 0 0.291 0.999922359848309 0.00497083824621914 -0.00119249003202698 0.00281951102125986 -0.00216189029937589 -0.00749875942709926 -0.000711834367465012 -0.00135843897811583 -0.00760979124803896 -0.00016497748011036 0.898079977054409 0.9999429279946 0.0007419715392168 -0.00211532731575333 -0.00362406737381413 -0.00150110612724495 0.00142753537417573 0.000702182790186788 0.00588420314386195 0.00670218410798687 0.0034138543997123 0.896700723457265 0.999922359394344 0.00497098083853108 -0.00119270298875992 0.00281935695397972 -0.00216215369141993 -0.00749886259320903 -0.000711533778703727 -0.00135824370539975 -0.00760966117161529 -0.000165289120133799 0.898061102486855 0.999942927242102 0.000741816692173312 -0.00211543857805119 -0.00362401317604335 -0.00150084722850149 0.00142756948086405 0.000701741579876054 0.00588454895803395 0.00670201740897718 0.00341401853448646 0.896737718215509 1.48 1.643 42.341 41.824

 420 20 1000 10 0.9 2.003 0.359 0 0.314 0.999986022402519 0.000205962420257536 0.000512194076169912 0.000936869720832982 0.00230164367160632 0.00261045456275397 -0.000900832599287746 -0.000583828293012441 -0.00180278041517039 0.00320282730346818 0.902643654733449 0.99996062154047 0.00161355671564128 -0.00248340128651753 -0.00464106430508101 -0.00443218686227636 0.0028797169105065 -0.00140414681952062 -0.00116422683026458 0.00372282796341819 -0.00182249635748359 0.899192100783205 0.999986020079946 0.000205423043637256 0.000512765707367386 0.000937721406970717 0.00230202317572083 0.00261045390790284 -0.000900856498163427 -0.00058379552322478 -0.00180289876165151 0.00320290681115652 0.902607800258438 0.99996062246344 0.00161363731222197 -0.00248316779044564 -0.00464102190653858 -0.0044323000412078 0.0028796531329362 -0.00140386916167641 -0.00116431499490025 0.00372276146983103 -0.00182246364247128 0.899170501171478 1.444 1.671 41.925 41.582

 412 12 1000 10 0.9 1.896 0.607 0 0.266 0.999969818444344 0.00187313807887341 0.0032684770932495 -0.00135909958687052 -0.00222454885206134 -0.00450669256677 -0.00254680050097472 0.00100069263229083 0.00132118003138797 0.00313551737829786 0.901921371692478 0.99994394968861 0.0012488576409956 0.00497834151972577 -0.00492169117399981 -0.00175041030095845 -0.00298245541675769 0.00355527755896333 -0.00109083380985766 -0.00267958865003382 0.00534432583647886 0.900885856959963 0.999969819348698 0.00187312568256864 0.00326852246532329 -0.00135909317629164 -0.00222398274770278 -0.00450687257444935 -0.00254653875963891 0.00100097735423323 0.00132092550936289 0.00313556364287421 0.901888727975465 0.999943950091085 0.00124921782296602 0.00497819163501556 -0.00492182351209571 -0.0017501739115232 -0.00298233924173727 0.00355508690861566 -0.00109081742932234 -0.00267955331099286 0.00534447423204463 0.900858024137867 1.618 1.619 41.995 41.514

 403 3 1000 10 0.9 1.912 0.717 0 0.304 0.999973965560323 -0.000954892025782719 -0.00273332235402651 -0.0022700457170195 0.00207123629571271 -0.00268220303384326 -0.00186947786193357 -0.00464166958055834 -0.000908632425546023 0.00108735199888661 0.899550487885368 0.999976259970933 -0.0027821039849671 0.00399240595150809 0.00101089884825172 -0.00223789578793218 -0.000872008622866752 -0.00135311519122965 -0.00347429657682786 0.00165532183446849 0.000606502928862674 0.901766413450637 0.999973965682185 -0.000954812387892831 -0.00273351820039266 -0.00227016983293745 0.0020712897339626 -0.00268216311638554 -0.00186939131709141 -0.00464155981137666 -0.000908647345827035 0.00108715997085589 0.899527306391714 0.999976260309008 -0.00278233676761234 0.0039922648297713 0.00101099819479767 -0.00223821723458329 -0.000871962420531429 -0.0013532525555532 -0.00347415162415819 0.00165489868530286 0.000606199805910664 0.901734649175135 1.548 1.624 41.428 42.084

 414 14 1000 10 0.9 1.773 1.438 0 0.138 0.999916709691179 -0.00348741335949606 0.00575319268362051 -9.3307572162642e-05 -0.00506895438821762 0.00454441741074634 0.000891163399302878 -0.0065436061478913 0.0017235837322374 -0.00532672257311951 0.896803511254021 0.999934335706895 0.00822130550925626 0.00191518733782946 0.00210925237078082 0.00560077484919834 -0.00350924629751335 0.00130399482363208 0.000499005472370952 -0.000901656352659048 0.00302847162835472 0.894737211943602 0.999916711904217 -0.00348755320620685 0.00575263666192983 -9.3420583442209e-05 -0.00506884962115258 0.00454490312471564 0.000891096823868923 -0.00654365298691769 0.00172330761648702 -0.00532654234240551 0.896834184719855 0.999934369504309 0.00821896178525825 0.00191424323151573 0.00211164867061995 0.0055969021898378 -0.00350990034704512 0.00130828292962019 0.000500151384042429 -0.000899870679676235 0.00302749508575215 0.894889137526548 0.799999999999999 1.706 41.245 44.256

 404 4 1000 10 0.9 1.598 2.213 0 0.137 0.99994721490107 0.00715015326037314 0.00219486869418588 7.40690900983832e-05 -0.0022192204306897 -0.00513030319282213 -0.00116390167370497 -0.00239573466514997 0.000821901701596604 0.00325654738360367 0.904431654585779 0.999954963571601 0.00441038051012052 0.00162495020039639 -0.00301483434233001 0.00136269448134787 -0.00058413241589473 -0.00157059224167206 0.00558474089125302 -0.00442759950383261 0.00185251394100258 0.902143830981681 0.99994721576798 0.00714997286994319 0.00219504630773413 7.4075973207588e-05 -0.00221950432249692 -0.00513043772013396 -0.00116369042202796 -0.0023961807053512 0.000821858673392612 0.00325591010207343 0.904386541758916 0.99995496424795 0.0044099170064303 0.00162524517104001 -0.00301459005153647 0.00136320507126997 -0.000584469275242266 -0.00157063492924315 0.00558488170610751 -0.0044277362630546 0.00185212155792809 0.902109801064845 0.951000000000001 1.641 41.913 43.913

 401 1 1000 10 0.9 1.656 1.264 0 0.153 0.999955089820569 -0.00163893772325271 -0.00482736879555848 0.00067820353696644 -0.0044374155632678 0.00172012192311542 -0.00108766371942614 -0.000309449117544598 0.00101025498839816 -0.00619837986693689 0.901594989231315 0.99996832717048 -0.00108140429380784 0.000920353674465616 0.00565320652011366 0.00273780037320007 -0.00266386359837258 -0.000523475300140075 -0.00176236033840964 0.00334227431215182 -0.000476411267503595 0.903791546216437 0.999955084544494 -0.00163896104694288 -0.00482749857860915 0.000678290578806544 -0.00443747081041466 0.00172008242379594 -0.0010873941083124 -0.00030958317863237 0.00101070672710002 -0.00619905260078685 0.901563747012217 0.999968326155146 -0.00108120259968228 0.000920946198599703 0.00565348893369539 0.00273794044645021 -0.00266377313811399 -0.000523870909574431 -0.00176237167164754 0.00334192848384574 -0.000476153904531972 0.903749428987606 1.191 1.712 41.831 43.54

 426 26 1000 10 0.9 1.966 0.414000000000001 0 0.244 0.999976805138211 0.00219620334663822 -0.000277830668915838 0.00161393187722981 -0.00297771866458789 -0.000181846680652173 0.000315824526495916 -0.00123744636988422 -0.00347927676981127 -0.0040308371711315 0.896576172077146 0.999946876542507 0.00116858161231644 1.88667659449104e-05 -0.00573525944510517 -0.000244076127636376 -0.000841285023854168 -0.00692958547155417 0.000102017605161461 0.00451812988952029 0.00166570084222953 0.90129418500463 0.99997680388874 0.0021958430992197 -0.000278510371154515 0.00161407682305287 -0.00297787809849374 -0.00018145133522025 0.0003155824260023 -0.00123701361398152 -0.00347950810923192 -0.00403109058936099 0.896621416294478 0.999946873119116 0.00116858106161508 1.87751416713444e-05 -0.00573519123856315 -0.000244059700536391 -0.000840841921333178 -0.00692989276308073 0.000101688465768951 0.00451849656682719 0.00166596542779898 0.901264242821511 1.592 1.64 42.157 42.136

 423 23 1000 10 0.9 1.961 0.343999999999999 0 0.357999999999999 0.999966353131462 -0.00285584393776353 -0.000958246383846857 -0.00174694313505441 -0.0061242397157701 -0.00068126827045495 0.00262995439386119 0.00167183905864616 -0.000710896082272462 0.00264181683200341 0.901173212260463 0.99997088969244 0.000735622438486287 0.00302257573029156 0.00385958535706733 -0.00123733339719847 -0.00379105265332688 0.0024112946874158 0.00157143951410583 0.00302058312940394 0.000579226509678126 0.899016207222648 0.999966352791133 -0.00285574023747215 -0.000958373677879507 -0.0017467451430476 -0.00612408543024138 -0.000681649777031023 0.00263012961166138 0.00167226461502245 -0.00071110322767941 0.00264190221267496 0.901144107720313 0.999970890103491 0.000735527187271578 0.0030223230441039 0.00385969276801736 -0.00123725024871383 -0.00379078057718183 0.00241152074028013 0.0015711245811377 0.00302092839516757 0.0005793115582929 0.898994811248532 1.558 1.615 41.846 41.663

 422 22 1000 10 0.9 1.878 0.357999999999999 0 0.327 0.999972642984192 0.00322071612784262 0.00419884446006001 -0.000321987436891794 0.00505016690986498 0.000518064712152294 -0.000340951714185497 -0.000428250522060392 -0.000566776478119435 -0.000461347053483385 0.90080983968036 0.999981085023673 0.000703920735756847 0.000627418435802733 0.00517744790755502 -0.000171925002088615 -0.00218735946889179 -0.000311745738024962 0.00112638965034089 0.00177835093761446 0.000889887063831731 0.901308242600207 0.999972642867806 0.00322078507371763 0.00419906869652038 -0.000322103197137432 0.00504998918041561 0.000518198625844368 -0.000340924741553895 -0.000428261034433584 -0.000566738827871914 -0.000460847552064748 0.900782192235553 0.999981084044979 0.000704073901455907 0.000627562194252416 0.00517761414313128 -0.000171884676668361 -0.00218710167404047 -0.00031159768993121 0.00112669149059239 0.00177823507286549 0.000890339689243328 0.901278646783007 1.6 1.583 42.402 41.919

 419 19 1000 10 0.9 2.066 0.42 0 0.373000000000001 0.999980875186724 0.00127914892899162 -0.00226887352002364 -0.00235917972727368 0.00172759010997493 8.7210138754993e-05 -0.00341344670804946 -0.0020303209156269 -0.00266568690617254 -0.000166257173478981 0.901062804585203 0.999981740738366 -0.00303147420384982 0.000183510678248901 -0.00147589853400584 0.00249663217148663 -0.000804210542282789 -0.00030745879076285 -0.00182156589530808 0.00384273464701571 0.000239231655711571 0.901302433132614 0.999980876713893 0.00127941549275557 -0.00226893193823945 -0.00235916591041796 0.00172752810612971 8.72014517947273e-05 -0.00341290098808861 -0.00203012534754726 -0.00266583346621673 -0.000166309882145073 0.901033624573491 0.999981741535966 -0.0030313142716803 0.000182897573750073 -0.00147579122219805 0.00249645089340457 -0.000804460887045254 -0.000307706327541684 -0.00182177961780817 0.00384268791308547 0.000238910632666957 0.901272390081621 1.517 1.615 42.243 42.411

 408 8 1000 10 0.9 1.867 0.938000000000001 0 0.214 0.999962071818046 -0.00256530855358285 -0.00109414836154378 -0.00372052517624785 -0.00153342773541268 0.00112201396904045 0.00198148155051329 -0.00402196589234944 -0.00428661024300323 -0.00348522984130791 0.905824516280527 0.999954483958916 0.00309785971500829 -0.00657390216386542 -0.000188936766973627 -0.000736535728992398 0.0052222699722443 -0.00248244153803768 0.00169330971375855 0.000147420991414278 -0.00114684507010267 0.9032258115407 0.999962075704685 -0.00256470790337812 -0.00109401879015974 -0.00372076918607825 -0.00153319145746119 0.00112169225171732 0.00198170287898036 -0.0040214343172106 -0.00428643675789878 -0.00348524538576729 0.905770314178038 0.999954483336514 0.00309780925623752 -0.00657430073624233 -0.000189341024178921 -0.000736450779382582 0.0052222647843629 -0.00248223503357496 0.00169251525067598 0.00014752457510465 -0.00114685720961651 0.903186862009199 1.587 1.578 44.107 41.709

 418 18 1000 10 0.9 2.054 0.369 0 0.502000000000001 0.999933787927416 0.00399505416656246 0.00118347716002283 -0.00493276945655817 -0.00344301750071605 0.00379943680331681 -0.00270524671706714 -0.00430330289514722 -0.00539087661999685 -0.00308837412958275 0.901020846522217 0.999971430832294 -0.00410808890528184 0.000606909652956643 0.00142255965164952 -0.00262352306310706 -0.000900410585245571 -0.00413632938319331 -0.00083365071657467 -0.0019656845723863 -0.00291674250933947 0.897998155534489 0.999933790413535 0.00399517523613306 0.00118322660045675 -0.00493269364497529 -0.00344287060671769 0.00379877371253191 -0.00270527117171076 -0.00430312437853557 -0.00539128653205622 -0.00308812087468979 0.900992045189598 0.999971431967192 -0.00410801256221474 0.000606973783827329 0.00142253517659447 -0.0026234124420841 -0.000900527557711 -0.00413610531395394 -0.000833608691104923 -0.00196556649750899 -0.00291693225362057 0.897979840337326 1.645 1.805 41.225 41.91

 421 21 1000 10 0.9 1.836 0.339 0 0.795 0.999939604686645 -0.0024936669882738 0.00272376580665502 -0.000346035940917979 0.000810832137607672 0.00698372110297604 -0.00344409099470505 -0.00517671528451073 -0.00424176420330659 0.000973368559614068 0.899008305221797 0.999948371163483 0.000489275504412935 -0.0014229817953527 0.0021770645946335 -0.00470986377423894 -0.00336329018171544 -0.00289985829911316 0.00397692960283427 -0.000740669003484485 0.00616302313210322 0.897832499037711 0.99993960397959 -0.00249335763032762 0.00272396946718415 -0.000346181594970951 0.000810785624116277 0.00698396748898575 -0.00344425563790379 -0.00517647934221542 -0.00424172823020881 0.00097336562506226 0.898987182987895 0.999948367804599 0.000488759425250591 -0.00142270513507422 0.00217686947644085 -0.00471018991029732 -0.0033635750608529 -0.00290005564373611 0.00397683356533798 -0.000740700151595957 0.00616330249833401 0.897814719573051 1.649 1.942 41.517 41.15

 424 24 1000 10 0.9 1.914 0.324999999999999 0 0.68 0.999926211266653 0.000424654601660527 0.00404260715114436 0.00863869452970488 -0.0014531176430574 -0.00235251759431742 0.004627025278719 -0.00137948428410814 -0.00307142972635323 0.0040037562775911 0.896327092542534 0.999960647341083 0.00307897532941393 -0.00333766569062729 0.00358379766778103 7.41870302840186e-05 -0.000633334482301468 -0.00499778170065497 -0.00398835103390631 -0.00111671975026279 0.00164365962309045 0.898352851578271 0.999926207517725 0.000424048847561718 0.00404208685270169 0.00863855844347378 -0.00145344724283827 -0.00235336476989475 0.00462785275128027 -0.00138031470678251 -0.00307088579119073 0.00400413283242419 0.89638713541231 0.999960647995245 0.0030791511287914 -0.00333738787184813 0.00358365711867716 7.43724444852824e-05 -0.000633381259646109 -0.00499779579870376 -0.00398849955544352 -0.00111642515038376 0.00164357335011151 0.898333697753985 1.649 1.88 42.011 40.747

 415 15 1000 10 0.9 2.095 0.366999999999999 0 0.602 0.999975798529504 -0.00105094739786729 -0.000712075598646721 0.00239193833651439 -0.00153501305076078 0.00123323426110894 -0.00253613330613633 -0.00262546396285671 0.00119998962155346 -0.00473574747173527 0.901989069427005 0.999930633052326 -0.00129013428935485 0.00126213859168358 0.0106517433597627 0.000514427412881764 -0.000125649618115559 0.000741400853699223 0.000414044200516433 -0.00415274473008348 -0.0019404088882236 0.904273165474643 0.999975797971692 -0.00105122148415384 -0.000712856870648005 0.00239185165359886 -0.00153502861294207 0.0012333882578989 -0.0025363639683068 -0.00262539995202054 0.00119990042478441 -0.00473562007182407 0.901956011587895 0.999930633941242 -0.00129071822077516 0.00126193192990331 0.0106516786212345 0.000514498168921202 -0.000126357298712849 0.000741232576775882 0.000414146534631966 -0.00415246408368511 -0.00194063059591457 0.904228719487271 1.735 1.935 41.482 41.709

 417 17 1000 10 0.9 2.04 0.360000000000001 0 0.739000000000001 0.999939778947805 -0.00309974806193417 -0.0049602270056669 0.00172181508705767 0.00627201584343546 0.000288660536798797 -0.0049825949178798 -0.00276793697858904 -0.000557002740238738 0.00332295857560045 0.901254155942152 0.999948768072822 -0.00179338422739787 -0.00296305252367719 0.00168689256367755 -0.00253039765357175 0.00326568082654899 -0.00489080946748192 0.00477189986445618 0.00386542692766129 -0.00298656348283177 0.90214637374965 0.99993977695455 -0.00309983656900859 -0.00496021141006613 0.00172148735736983 0.00627218801104533 0.000288517598166952 -0.00498252473128698 -0.00276807343267457 -0.000557068776986143 0.00332333682854972 0.901224471274903 0.999948768744859 -0.00179318112041089 -0.00296301325343509 0.00168665076562701 -0.00253010042404751 0.0032656661939308 -0.00489069585397663 0.00477194819042059 0.00386517310783847 -0.00298734100790326 0.902112913535564 1.832 2.197 40.84 40.591

 416 16 1000 10 0.9 1.911 0.526 0 1.18 0.999960927480214 0.00510313152301697 0.000467288874423698 -0.00464937049827798 0.00256792193762744 -0.00113127778128922 0.00354008219688143 -0.00191619137557178 0.00129251587706335 -0.00212555298884456 0.896639053463583 0.999949382543313 0.00167544538465037 -0.000507825013284061 0.00228853032088626 -0.00782785905264645 -0.00225427328323803 -0.00137090542506191 0.00132597590740147 -0.00423062788409256 -0.0022443362645362 0.9005687297796 0.999960934837994 0.00510271120566284 0.000466856165781577 -0.00464894454515566 0.00256729250024896 -0.00113134964397176 0.00353993133449017 -0.00191587398754022 0.00129306846184013 -0.00212505067678251 0.896679877386218 0.999949380229803 0.00167579663373882 -0.000507637022855613 0.00228866482158814 -0.00782753500069817 -0.00225483457063354 -0.0013710658885352 0.00132590402137053 -0.00423118306116547 -0.0022444743912399 0.900542049361866 1.665 2.467 40.279 38.745

 427 27 1000 10 0.9 1.895 0.337 0 0.782 0.99995053961941 0.000419209863162784 -0.00339221156469049 -0.000232609308505891 -0.00544754401851272 -0.00134274498055101 -0.00511179193662165 0.00117393539571043 0.00256580709847001 0.00464873794181201 0.896621171589635 0.999973288232677 -0.00205100839292726 -0.00127962828029591 -0.00182865620259673 0.00150162955331523 0.000528608092506674 0.00277109262042959 -0.00142650409445929 -0.00494759873372252 -0.00274004276485254 0.895665482572046 0.999950535640321 0.000418940830588664 -0.00339255775338625 -0.000232660969035481 -0.00544724252480627 -0.00134232273747838 -0.00511208358852492 0.00117342599364149 0.00256591199482726 0.00464958804398925 0.896663429124485 0.999973295163285 -0.00204976539284045 -0.00127913229473026 -0.00182845288356074 0.00150251860098145 0.000529219506329408 0.00277245596517919 -0.0014259246198551 -0.00494635145074802 -0.00273937977186591 0.895765536882623 1.765 1.913 41.501 41.293

 425 25 1000 10 0.9 2.013 0.367999999999999 0 0.814 0.999956489862246 0.000985952729137591 -0.00334478995692772 -0.00378859162236254 0.00110056001165389 -6.70099787130082e-05 -0.000160333850587125 0.00664887787663875 0.00382853090560478 -0.00063133012065691 0.902690990900057 0.999985434551297 -0.00248740839051502 -0.000110862889168902 -0.000227078903341986 0.00143495800259846 -0.000402232698949681 -0.000789976075248701 0.00233538905969367 0.00206255600422338 0.00321348598880296 0.894635704331583 0.99995649129869 0.000985917062826304 -0.00334506753444958 -0.00378851739502876 0.00110025569119559 -6.7520725188371e-05 -0.00016054533790484 0.00664854080818001 0.00382861373565333 -0.000631555097478362 0.90265466500602 0.999985432858075 -0.00248750036948973 -0.000109412556216281 -0.000228693545479229 0.00143309301456988 -0.000403012292507751 -0.00079202877213346 0.00233673975272422 0.00206237090083658 0.00321324310282535 0.894793575523872 1.755 2.014 41.966 40.48

 428 28 1000 10 0.9 1.791 0.360999999999999 0 0.953999999999999 0.999940423246029 0.00659790961889439 0.000779545506741707 6.25017627220727e-05 0.00431443534496733 0.00535461497190089 0.000138901368015891 -0.00261354921123352 0.00324263328958824 0.00321793287420433 0.900856293278085 0.999969591460646 -0.00310210968019746 0.00230731552624503 0.000494511123560166 0.00162835988336204 -0.000461977374297569 -0.00144208401251055 -0.00504817290765459 -0.00328117888874455 -0.00210476921851658 0.894529048666592 0.999940423368845 0.00659773191235197 0.000779430996906786 6.20341771710926e-05 0.0043149345873889 0.00535458857680075 0.000139173259090218 -0.00261357238237029 0.00324257048624653 0.00321770308718639 0.900828124108014 0.999969582604751 -0.00310309141660635 0.00230616761058626 0.000494080286329474 0.00162937954082168 -0.000459447436693895 -0.00144527342577007 -0.00504930269304135 -0.00328018732590676 -0.00210530118336743 0.894692406752629 1.783 2.11 41.69 40.337
