
 4088 88 5000 5 0.7 1.049 0.711 32.848 1.904 0.999966184711998 0.00712387352187043 -0.00343620347793718 -0.0021810787207887 -0.000561480049788694 0.692189680816431 0.999941971881669 0.00899875627027213 0.00241607274372183 -0.00492302660280068 0.00223643836332063 0.700695404960612 0.999966187739253 0.00712318197181993 -0.00343641601301169 -0.00218157654263938 -0.000561627630866525 0.692272601251016 0.999941971785359 0.00899875948272142 0.00241607890864338 -0.00492303542901489 0.00223644240994234 0.700695004173107 0.655999999999999 0.255000000000003 13.444 7.553

 4087 87 5000 5 0.7 1.35 0.818 32.521 1.159 0.999976326354845 0.00161756201026973 -0.00403458839174847 0.00364966611792567 -0.00389002014757157 0.701474320659477 0.999974448410225 -0.006276014677317 4.44624302114918e-05 0.00248723644614162 -0.00235071146443779 0.704128181459176 0.999976326298788 0.00161756979490922 -0.00403459644513064 0.00364965843236878 -0.00389003017862289 0.701473907660054 0.999974448351537 -0.00627602394468152 4.44476769541041e-05 0.00248723851670185 -0.00235070977591093 0.704127726347957 0.402999999999999 0.467999999999996 26.728 9.965

 4089 89 5000 5 0.7 0.738 1.309 33.609 2.009 0.999965118337578 0.00434192605406414 -0.00214418613472557 -0.00445644032139822 -0.00514318886851707 0.700984915131162 0.999974119527763 -0.00119325743461649 -0.00476794077789737 0.00241370464831315 -0.0046666028305638 0.69811692953729 0.999965118324242 0.00434192955896065 -0.00214418484679032 -0.00445645287661087 -0.00514317816055939 0.700984493797746 0.999974119478606 -0.00119325886871923 -0.00476794625405662 0.00241370892430814 -0.00466660519063627 0.6981165703106 0.364000000000004 0.328000000000003 35.719 12.283

 4081 81 5000 5 0.7 0.928 1.09 32.181 1.042 0.999948220905119 0.00117042763958399 -0.00702473946413865 0.000352697644437829 0.00726045781339099 0.698682612441296 0.999957935189347 0.000385812522004125 0.00467686488188492 0.00783411287911212 -0.000855926883438616 0.698185858981132 0.9999482209711 0.00117042825772887 -0.00702473505005177 0.000352698936527232 0.00726045283448242 0.698682227885002 0.999957935146479 0.000385807655184067 0.00467686981253041 0.00783411675026066 -0.000855916785240394 0.698185493646894 0.491999999999997 0.381 36.401 18.182

 4086 86 5000 5 0.7 1.151 1.044 32.047 1.134 0.999948189609816 0.00768250721215001 -0.00588102471667986 -0.00282792762219563 -0.00141899705148558 0.698159624564632 0.999869908510878 -0.0137495827363999 -0.00245427788276985 -0.00396547876770126 0.00702613174091532 0.701214981959029 0.999948189593221 0.00768251041895421 -0.00588101991448424 -0.00282793472244438 -0.00141899713665133 0.69815926782767 0.999869908519934 -0.0137495810780341 -0.00245427206792036 -0.00396546913423007 0.0070261411656762 0.701214574092136 0.395000000000003 0.287999999999997 14.468 46.303

 4096 96 5000 5 0.7 1.278 1.203 32.061 0.991 0.999818150904693 0.0120188092941532 -0.0132265423420401 0.00432845160083186 -0.00505335819876667 0.700552286125904 0.999912680203971 0.00107659873540576 -0.00487822768099412 -0.00220033555639475 0.0120347131501684 0.698302021895072 0.999818150996907 0.0120188026382175 -0.0132265457199586 0.0043284405815085 -0.00505335638166907 0.700551894062811 0.999912680097217 0.00107659441120455 -0.00487822571087649 -0.00220034969531892 0.0120347206201869 0.698301661123366 0.296999999999997 0.281999999999996 43.144 23.231

 4095 95 5000 5 0.7 1.094 0.793 40.287 17.727 0.999971961830616 -0.00052527988053968 -0.00360165944382908 -0.00462317637970321 0.00463183798177963 0.695477569337351 0.999900390741173 -0.0101323800577628 -0.000944928126008547 0.000470182763352908 -0.00976880284479379 0.700003908336608 0.999971962862808 -0.000525414040163158 -0.00360159153178766 -0.004622851370702 0.00463197711918229 0.695502142536508 0.999900390762838 -0.0101323754015487 -0.000944936737742437 0.000470175073843428 -0.00976880499387172 0.700003528854579 0.283000000000001 0.201999999999998 27.245 14.155

 4084 84 5000 5 0.7 0.71 1.618 32.174 0.987000000000002 0.999971640533588 0.00350574820782045 0.000311267791560738 0.00202660100646578 0.00634222821962765 0.70274283903627 0.999948368315672 0.00243674786732118 0.00702617343813838 -0.0067240586979044 0.00165616548076978 0.700743981023157 0.999971640541837 0.00350574924326445 0.000311265511175074 0.00202661335962319 0.00634222251132987 0.702742411189115 0.999948368268114 0.00243675189161802 0.00702618018063393 -0.00672406035217981 0.00165615295340268 0.700743584746292 0.269000000000005 0.299999999999997 22.157 47.567

 4099 99 5000 5 0.7 0.263 0.812 34.362 6.63 0.999963251560073 0.00359810756115429 0.00558607390129051 -0.0044705130605923 -0.00305932063202799 0.696324211931698 0.999908108171878 -0.00647514029666323 0.00801886772623415 0.00114076137796396 0.00873179214945792 0.704971481313732 0.999963252407419 0.00359801164918219 0.00558593301779757 -0.00447050520886653 -0.00305942518249656 0.696331351157005 0.999908108337297 -0.00647513373129066 0.00801886817679113 0.00114074976035334 0.00873177917937973 0.704971027048101 0.592999999999996 0.502000000000002 47.417 15.358

 4092 92 5000 5 0.7 1.011 1.345 32.743 1.526 0.999935173080484 4.56468725229862e-05 -0.00485840254440986 0.00712502864247574 -0.00743488025634584 0.695936317207571 0.999927047303364 0.00425034342797478 -0.00937549849230893 -0.00110135613513878 0.00622267583963506 0.703695857902388 0.999935172614711 4.58492997336647e-05 -0.00485833072657565 0.0071250494357795 -0.00743496865626666 0.695949362695158 0.999927047344807 0.0042503489047516 -0.00937550203011191 -0.001101353251561 0.00622266061923857 0.703695418133724 0.424999999999997 0.548000000000002 41.625 30.831

 4094 94 5000 5 0.7 0.848 1.274 36.228 9.195 0.999981416613306 0.00127109895167534 -0.00515955570302179 0.00283661477083285 0.000939860143681296 0.701597450382948 0.999921477282272 0.00997966902485769 0.00312100199331183 -0.00181786080114172 0.00666334784160396 0.696273683820406 0.999981416569188 0.00127111787932736 -0.00515956406778777 0.00283660581630535 0.000939862590687401 0.701597037855761 0.999921477648162 0.00997966023680188 0.00312097993733385 -0.00181790171414959 0.0066633052656873 0.696283261442849 0.773000000000003 0.589999999999996 40.479 21.955

 4085 85 5000 5 0.7 0.792 0.784 34.836 6.416 0.999976057531262 0.00412959733110717 -0.00466593008005828 -0.00213618949656529 0.00212051433395109 0.699116456480294 0.999945445611792 -0.00422090903164214 0.00862872389114235 -0.000302906389250694 0.00409183319689059 0.702498892544389 0.999976057551441 0.0041296040551474 -0.00466592668999517 -0.00213618284337522 0.00212050588477869 0.69911607272302 0.999945445468671 -0.00422092348510181 0.00862873223205879 -0.000302912964854614 0.00409183518682575 0.702498467998724 0.686 0.420000000000002 42.602 25.966

 4082 82 5000 5 0.7 0.602 1.615 44.602 12.993 0.999889964320605 0.0140226583446614 0.00472719890122248 -0.000119155933711559 0.00103135653360866 0.70252339203568 0.999990127729664 0.00191823648026757 0.00341670938325497 0.00116386706141853 -0.00174250465400681 0.70182358131887 0.999889964389037 0.0140226550443472 0.00472719441053462 -0.000119149019745217 0.00103135644395481 0.702522957824206 0.999990127745493 0.00191823011946182 0.00341670978161923 0.00116386510213519 -0.00174250309986929 0.701823163181117 0.805999999999997 0.337999999999994 43.3 8.89

 4100 100 5000 5 0.7 0.578 1.588 34.663 7.271 0.999872785367067 0.00585998526579515 -0.00939770421159757 -0.00745285361452808 -0.00872993605588023 0.702863048401161 0.999956713617826 0.00444212376787877 0.00673936147711809 -0.00378041687465172 0.00266980939445714 0.705659575436998 0.999872785392232 0.00585998954810108 -0.00939770642590419 -0.00745285976040919 -0.0087299226685639 0.702862610881808 0.999956713556507 0.00444213403486145 0.00673936466394381 -0.00378041949495059 0.00266980352353169 0.705659134634129 0.537999999999997 0.475000000000001 44.941 28.512

 4093 93 5000 5 0.7 0.383999999999999 2.021 35.031 6.705 0.999924040212991 0.010427856503847 0.00333857185864531 -0.00564120467691846 -0.000452062608980025 0.701067508051654 0.999920509983314 -0.00605073400562013 0.00808817487733695 -0.00241659959683738 0.00714869262486459 0.703638594897598 0.999924040108494 0.0104278654678396 0.00333857200802743 -0.00564120616092591 -0.000452067350706353 0.701067104765075 0.999920510035383 -0.00605072977430281 0.00808817469683723 -0.00241659642323522 0.00714869020025395 0.703638137402877 0.396999999999998 0.454999999999998 48.712 27.193

 4090 90 5000 5 0.7 0.709 1.862 37.683 8.899 0.999902239502753 0.010998730216876 -0.000912281506311372 0.00269808037479511 -0.00815030525439478 0.693342510323053 0.999961983938775 -0.00742649176539695 0.00193625260323349 -0.00279995843453227 -0.00304779525372559 0.696970004372249 0.999902237139179 0.0109988561978496 -0.000912970981120433 0.00269798624901863 -0.00815037916861902 0.693405770600107 0.999961983824461 -0.00742650685080561 0.00193623927480433 -0.00279995500135412 -0.00304780762265473 0.696969659655254 0.521999999999998 0.173999999999999 53.935 20.801

 4098 98 5000 5 0.7 0.918 0.788 35.088 9.576 0.999983687760357 0.00213368672998708 1.63470459364888e-05 0.00529649217520428 0.000136005691332193 0.705790434449902 0.999990831398197 4.26814361800122e-06 -0.00370887215217821 -0.00189303941126541 0.000998884614237389 0.702194937176623 0.999983687738297 0.00213369835225805 1.63526683219348e-05 0.00529649197966126 0.000135992490503293 0.705789993093398 0.999990831388731 4.2823917067261e-06 -0.00370887166808107 -0.00189304696932179 0.000998881502726731 0.702194523248026 1.635 1.017 51.029 19.968

 4091 91 5000 5 0.7 1.192 1.058 37.924 11.792 0.999898449451082 0.00347132670772784 -0.0026747708945446 -0.000345638504613931 -0.0135560617767624 0.703277304482464 0.999910241794725 0.00162974291033789 0.0077787777849491 -0.00472148156277759 -0.00969796473936705 0.697019959743229 0.999898449446061 0.00347132399633844 -0.00267477787221217 -0.000345636321794181 -0.0135560615203302 0.703276876704254 0.999910241934888 0.00162973767702151 0.0077787735865501 -0.00472148323809895 -0.0096979537191658 0.697019612234023 0.586000000000006 0.307999999999993 45.304 25.506

 4097 97 5000 5 0.7 1.265 1.273 37.5 10.774 0.999890063421576 0.00120043195860271 -0.0060806212467642 -0.0101397252752732 -0.00886747148319887 0.702332849816401 0.999975563887094 -0.00305945302136774 0.00399610406924428 0.0034821954904158 0.00337888187612506 0.692300805141041 0.999890063300307 0.00120043098728068 -0.00608063046253843 -0.0101397215668811 -0.0088674832098173 0.702332425811713 0.999975566077493 -0.00305912225232047 0.00399607633464759 0.00348243682320848 0.0033783171466904 0.692381667444002 0.887 0.750999999999998 49.837 23.556

 4083 83 5000 5 0.7 0.758 0.992999999999999 39.387 11.906 0.999954126186411 0.00154461119726845 -0.00167757210485698 0.00284970147225983 -0.00885576943985174 0.70185823830186 0.999911605669017 -0.00685336288491235 0.00976776854714842 0.00585166977030393 -0.000401153442269684 0.700133751053645 0.999954126173706 0.00154460943176297 -0.00167756607111574 0.00284970360556909 -0.00885577163887261 0.701857833309124 0.999911605597575 -0.00685336715299024 0.0097677634859802 0.00585168515017272 -0.000401157490040847 0.700133353065748 1.055 0.459000000000003 49.598 22.149

 4112 12 10000 5 0.7 1.552 1.439 133.57 2.26100000000002 0.999992370473141 -0.00275326139113509 -0.00115860684505914 0.00211410609814294 -0.00136628430622946 0.699374835837387 0.999996002543248 -0.00268741468995923 0.000811920764574008 0.000333607779253698 -4.68009708015766e-05 0.696877169448281 0.999992370458924 -0.0027532624326404 -0.0011586050512322 0.00211410928744172 -0.00136628919881406 0.699374479175486 0.999996002541491 -0.00268741632733552 0.000811917473623784 0.000333608110805347 -4.6799205129407e-05 0.696876844015973 0.274000000000001 0.304000000000002 25.424 36.068

 4107 7 10000 5 0.7 1.071 1.184 137.382 7.15600000000001 0.999974594911889 -0.00114127298790494 0.00394997030120005 -0.00179073709865162 0.00554057957570845 0.701313496004745 0.999992402472017 -0.00322528421508097 0.000705733706376807 0.00198734515674932 -0.00058731519575727 0.698571556476245 0.999974594958551 -0.00114126925212347 0.00394995967239408 -0.00179073981084725 0.00554057862436424 0.701313118819687 0.999992402468407 -0.00322528174365826 0.000705736291423382 0.00198734826001514 -0.000587321306842966 0.698571217284518 0.236000000000018 0.289000000000016 52.523 30.752

 4105 5 10000 5 0.7 0.163 1.169 135.274 3.12200000000001 0.999991052256689 -0.0017241631150899 -0.0027379378190878 -0.0014792298355516 0.0022887209756209 0.700810845084049 0.999990037676231 -0.00327144282174665 0.00268989227599661 -0.00082086964682227 0.00114580221668255 0.699627957507215 0.999991052269459 -0.00172416401121761 -0.00273793825356999 -0.00147923235616515 0.00228871257214682 0.700810473938091 0.999990037705844 -0.00327143584683018 0.00268989124109189 -0.000820870544255071 0.00114579807318474 0.69962759078171 0.338999999999999 0.292000000000002 54.408 36.499

 4103 3 10000 5 0.7 0.461 1.51 135.763 2.77799999999999 0.999989392900552 -0.00165598153398228 0.000933298145494535 -0.00032040946429846 -0.00418307349813274 0.700935680820144 0.999984803493264 -0.00165643945913866 0.00346254993250839 0.00339404634932946 -0.002034745241915 0.697679589771679 0.99998939288889 -0.00165598225431365 0.000933299260536434 -0.000320416892279758 -0.00418307518327845 0.70093530998583 0.999984803473301 -0.0016564396641743 0.00346254898052146 0.00339405051221837 -0.00203474956216578 0.697679262727839 0.442000000000007 0.382000000000005 56.401 39.724

 4101 1 10000 5 0.7 0.718 1.399 135.707 3.43799999999999 0.999985452723847 0.00172176378741766 0.000951282319901054 -0.00501878056878735 -0.000191764681000931 0.701201773246433 0.999957498631315 -0.00375180841863933 0.00707882456734495 0.0022106803745233 0.0039909898044855 0.699817047880451 0.999985452761749 0.00172175951197692 0.000951294108125742 -0.00501877218547869 -0.000191766348488098 0.701201397744015 0.999957498642415 -0.00375180943532341 0.00707882044363561 0.00221068179329462 0.00399099259599722 0.699816687247133 0.218000000000018 0.469000000000023 58.697 39.526

 4109 9 10000 5 0.7 0.337 1.316 136.278 4.197 0.999982029514473 0.00324669803287405 -0.0006869914043876 0.00389387949823329 -0.00312495524166053 0.701254162269534 0.999989404591858 -0.000237392212004663 0.00324614160122928 0.000366851610714579 0.00323455306964809 0.702309362435172 0.999982029470513 0.00324670307371599 -0.000686997257964933 0.00389388413136544 -0.00312495701172034 0.701253784066429 0.999989404591734 -0.000237388759276622 0.0032461417733604 0.000366847547350227 0.00323455364937601 0.702308973891112 0.326999999999998 0.224000000000018 57.184 40.665

 4102 2 10000 5 0.7 0.353 1.267 137.672 6.58599999999998 0.999995138982775 -0.000898468619415419 0.000621276063120272 0.00144475916593935 0.00253800156918916 0.702473084359443 0.999987287412208 0.00373295754885177 -0.00210107630017987 -0.00253121389547987 0.000817604127081887 0.69974409984522 0.999995138995825 -0.000898458215117348 0.000621283003780042 0.00144476301128302 0.00253799622255729 0.70247268772449 0.999987287431366 0.00373295071892727 -0.00210108039617299 -0.00253121463385519 0.000817599067856514 0.699743743010389 0.314000000000021 0.299000000000007 60.205 47.113

 4110 10 10000 5 0.7 1.402 1.325 140.713 10.29 0.999990898473384 -0.00207154769080637 0.00355070028482023 -0.000793747542505125 0.00082106813712556 0.701012294841308 0.999980136567416 -0.00386268928760467 0.00364366751502741 -0.00339222118382493 0.000150414623899637 0.698500294809935 0.999990898489893 -0.00207153839823547 0.00355069947916373 -0.000793749647418083 0.00082107292481426 0.701011916688748 0.999980136575836 -0.00386268827038413 0.00364366628249785 -0.00339222099928425 0.000150418790174525 0.698499943564375 0.671999999999997 0.668000000000006 80.077 23.707

 4106 6 10000 5 0.7 1.491 1.305 134.962 3.22800000000001 0.999964832783734 -0.00678169615614276 0.00287922779855907 0.00384975967351488 -0.00110959036803309 0.703224090782075 0.999939767816718 -0.00934261097766858 0.00465613914317476 -0.00105548763532314 -0.00322221552652743 0.70112454062466 0.999964832812305 -0.00678169211162068 0.00287922731727668 0.00384975758862782 -0.00110959782223357 0.703223680127774 0.999939767776153 -0.00934261074720627 0.00465614809107126 -0.00105548521368072 -0.00322221664637292 0.701124160623534 0.39100000000002 0.38300000000001 59.225 60.734

 4111 11 10000 5 0.7 0.218 1.176 142.949 19.126 0.9999765792017 -0.00526871120373917 -0.00252379815719331 -0.00115152908989151 0.00337433755488949 0.70161754480701 0.999982527391433 -0.0030369090260692 -0.000945802974369582 -0.0041586474690455 0.00274466817152013 0.701941686487946 0.999976579227618 -0.00526871160722799 -0.00252379666535892 -0.0011515246123691 0.00337433188809822 0.701617155411798 0.999982527340453 -0.00303691776884191 -0.000945804762455708 -0.00415865206976867 0.0027446694845807 0.701941288296737 0.807999999999993 0.456999999999994 72.935 27.022

 4108 8 10000 5 0.7 0.644 1.374 142.742 13.46 0.999969738221048 0.0043384589563734 0.00354597283743588 0.00416907666032849 -0.00342714056467821 0.702592198625121 0.999975948495454 -0.000285533069830052 -0.00346828488312799 -0.00555406840318652 0.00226808853995187 0.701694964301163 0.999969738228042 0.00433846133728511 0.00354597924304955 0.00416907424086257 -0.0034271318254329 0.702591791354467 0.999975948483782 -0.000285536500187736 -0.00346828598336902 -0.00555407081285653 0.00226808567081203 0.701694587133765 0.576999999999998 0.606999999999999 81.65 32.633

 4104 4 10000 5 0.7 1.013 1.515 136.557 3.45500000000001 0.99998350699143 0.00451152550464653 -7.44364130246961e-05 0.00270456051704612 -0.00230471134230596 0.70200802616125 0.999984730022338 0.00438712875333201 -0.000463307639588552 -0.000822353198438304 -0.00322519839714186 0.702184835740258 0.999983507011377 0.00451152172334138 -7.44352728166295e-05 0.00270456235934016 -0.00230470796458398 0.702007633691519 0.999984730049531 0.00438712237960793 -0.000463312959004788 -0.00082235812039503 -0.00322519661689979 0.702184432737292 0.390000000000015 0.465000000000003 84.458 47.379

 4113 13 10000 5 0.7 0.381 1.83 161.146 6.28700000000001 0.999994632645563 -0.00108450391261719 0.000499173459157931 0.00180624350271848 -0.00245903265441485 0.703571761495256 0.999975160849364 -0.00399126957050591 0.00347020250861606 0.00194082925404354 0.00423536631946547 0.69901654418544 0.999994632659835 -0.00108450151531188 0.000499180413565381 0.00180623893100824 -0.00245902985435468 0.703571336996368 0.999975160841295 -0.00399127069478251 0.00347019825255704 0.00194083709898328 0.00423536705737602 0.699016196249623 0.451999999999998 0.361999999999995 21.876 16.415

 4119 19 10000 5 0.7 0.378 3.527 175.035 2.00199999999998 0.999975826437908 0.00303796283699653 0.00563901642942895 0.00270366310772243 9.4979636558868e-05 0.69834940675024 0.999975468526039 -0.00294647892092159 0.00583464478549091 0.00251291731843216 0.00015091347060996 0.69756114757061 0.999975826426661 0.00303796593014873 0.00563901862161961 0.00270365941422079 9.4974109571384e-05 0.69834907023065 0.999975468511197 -0.00294647746580843 0.00583464672409063 0.00251292013011877 0.000150918455610749 0.697560818416253 0.149000000000001 0.269999999999982 21.569 23

 4120 20 10000 5 0.7 0.383999999999999 5.149 177.993 1.99299999999999 0.999978085966667 -0.0036560261391589 -0.000847169090928146 -0.00346482998937452 0.00421168813965834 0.703172736823463 0.999983488375746 0.00125495649011066 -0.00245976385645378 0.00497107418133257 -0.00082827732994365 0.698086146688241 0.999978086014876 -0.00365601929467522 -0.000847173109998405 -0.00346482519819922 0.00421168576825588 0.703172327673271 0.999983488350058 0.00125495141174111 -0.00245976491596062 0.00497107966408388 -0.000828279986186005 0.698085818544329 0.238 0.388000000000005 23.944 44.02

 4115 15 10000 5 0.7 0.446999999999999 7.309 184.854 4.44299999999998 0.999977767938415 0.00134884075222966 0.000135600864664351 -0.00255791564184398 -0.0060069074826797 0.701552416537295 0.999999282548306 0.00106811855379671 -0.000385576040498425 0.000379929918433111 3.17805351932171e-05 0.701624707798129 0.999977767904248 0.00134884208943733 0.000135603756980028 -0.00255791408163714 -0.00600691346938731 0.701552033994869 0.999999282551962 0.00106811772142312 -0.00038557486059784 0.000379923549624033 3.17839284792012e-05 0.701624315094432 0.280000000000001 0.441000000000003 34.028 80.568

 4114 14 10000 5 0.7 1.569 6.52699999999999 185.394 4.89000000000001 0.999987521116792 0.00153930673078815 -0.000448886137832079 0.00455401037207814 0.0012836028388802 0.700976748306812 0.99997961817701 -0.00328135640402559 -8.98883196998003e-05 -0.00496964358705983 -0.00230010726255686 0.701106190376736 0.999987521097821 0.00153931061669821 -0.000448883127369994 0.00455401618608125 0.0012835933842328 0.700976375817291 0.999979618154745 -0.00328135953189751 -8.9884115837606e-05 -0.00496964478227081 -0.00230011006186548 0.701105811386654 0.494 0.396999999999991 74.355 45.351

 4116 16 10000 5 0.7 1.274 3.923 180.368 6.08099999999999 0.999998868010152 0.000239142530326163 -3.33530575109887e-05 0.000426853998186986 -0.00142248813793417 0.704747468700393 0.999957908921935 0.00380681127165347 -0.00648842370424178 0.000338856132350226 0.00524157483667356 0.699451457512828 0.999998868008364 0.000239147422486341 -3.33463378874894e-05 0.000426854059502221 -0.00142248871146153 0.704747032315356 0.999957908899337 0.00380681165902467 -0.00648842669497933 0.000338857574518144 0.00524157507115405 0.699451107921628 0.635999999999996 0.546999999999997 66.867 58.7

 4123 23 10000 5 0.7 0.350000000000001 1.452 181.234 4.166 0.999903571363857 -0.00753128214259332 0.01022336250265 -0.00028182919160862 -0.00561526442281194 0.703824186820585 0.999996907612084 0.000850665591457993 -0.00012046699297261 -0.000504777709739165 -0.00227855688728121 0.701707648008729 0.999903571460202 -0.00753128326893808 0.0102233528977215 -0.000281822791599088 -0.00561526356448417 0.703823761868273 0.999996907606762 0.000850668198134625 -0.00012046386661962 -0.000504779213112761 -0.00227855808173362 0.70170726344607 0.546999999999997 0.685999999999979 65.889 64.152

 4118 18 10000 5 0.7 1.478 5.069 185.641 6.20700000000002 0.999988977558288 0.000911685911187887 0.00146453773342124 0.00142608350105704 -0.0041273485198955 0.702295991805492 0.999952775521696 0.00240751959927254 0.00496740616930488 -0.00706571189823125 -0.00374848864946106 0.701024845629764 0.999988977518819 0.00091168253880727 0.00146454405265767 0.00142608827618024 -0.00412735493513963 0.702295584137116 0.999952775547808 0.00240751869893341 0.00496741080730285 -0.00706570510695334 -0.00374848891724661 0.701024466876956 0.823999999999984 0.795000000000016 70.257 76.962

 4127 27 10000 5 0.7 0.281000000000001 1.408 190.882 26.357 0.999948313134586 0.00534494198403277 0.00662439417876358 -0.00283395533521239 -0.00478421920544277 0.702007319558416 0.99997687325512 -0.00425591891776943 0.00351456784890888 0.00333041252088693 -0.00216708891248773 0.696676609400831 0.99994831312962 0.0053449394681227 0.00662439561865454 -0.00283395205937028 -0.00478422300087558 0.702006904593042 0.999976873379593 -0.00425590347190018 0.00351456510314139 0.00333040692018274 -0.00216707487005892 0.696678289363525 0.799999999999983 0.908000000000015 45.243 70.798

 4121 21 10000 5 0.7 0.814 2.481 186.1 13.337 0.999980743868092 -0.000129411751946374 -0.0040808684203853 -0.000639630947534817 0.00462952814027848 0.700786043662681 0.999940992200677 3.03500698698302e-05 -0.0107357903800749 0.00106896194737571 -0.00126937814290624 0.700431280159704 0.999980743893842 -0.000129403744940286 -0.0040808660374028 -0.000639624077213877 0.00462952585204541 0.700785668202785 0.999940992146999 3.03534271871158e-05 -0.0107357954327956 0.00106896802439983 -0.00126937249536181 0.700430915302377 1.26300000000001 0.943000000000012 76.396 64.481

 4080 80 5000 5 0.7 0.118 0.511 47.348 5.546 0.999913246212133 0.00873690000051758 -0.00519655128673953 -0.00525810182221654 -0.00652034108369224 0.703626294969633 0.999967257467318 -0.00225208707351067 0.00140797619338742 0.00732779636497419 -0.00217556902349427 0.700367836322164 0.999913246241718 0.00873688796706997 -0.00519655059332724 -0.00525811115340549 -0.00652034569869469 0.70362584700707 0.999967257508432 -0.0022520920497242 0.00140796523247066 0.00732779454577278 -0.00217555819573759 0.700367450359986 0.838000000000001 0.851000000000013 25.59 10.83

 4125 25 10000 5 0.7 0.234 1.119 197.448 29.425 0.99997910898248 0.00276235861998323 0.00439945724697358 0.00382368314982991 -0.000418564883264058 0.699840861681215 0.999971652680476 0.00271272661234991 0.00353777655391267 -0.000927463076790688 0.00599657394683455 0.697070201408905 0.999979109031045 0.00276235872627552 0.0043994575414878 0.00382366975510277 -0.000418567425728286 0.699840498559032 0.999971652681285 0.00271272601259233 0.00353777680383898 -0.000927452549695098 0.00599657556390592 0.697069880782894 1.119 1.20699999999999 93.368 44.328

 4129 29 10000 5 0.7 0.361 1.658 193.267 26.878 0.99999188436059 -0.00125206541159595 -0.000734306827462242 0.00172205800883085 -0.00334048721864641 0.698828123006073 0.999974287868577 -6.44880373219837e-05 0.006632685602901 0.0027202295653546 0.000165153960147251 0.696694693226897 0.999991884333785 -0.00125206244742166 -0.000734301657015034 0.00172206483974809 -0.00334049396927316 0.698827775170621 0.999974287639181 -6.44624973292308e-05 0.00663270592512105 0.0027202652027947 0.000165149738597406 0.696696060571748 1.52199999999999 1.50300000000001 86.459 54.513

 4126 26 10000 5 0.7 0.19 1.471 212.449 32.305 0.999979187386806 -0.000390134756820798 0.00284666347828902 -0.00030843183792116 0.00576835894659967 0.701437685494234 0.999914360265813 0.000914117387032198 -0.00762347526118884 -0.0083462268331746 0.00653143523313026 0.695988037547946 0.999979187433 -0.00039013143896277 0.00284665935647601 -0.000308431042637594 0.00576835323969078 0.70143730273812 0.999914360244749 0.000914105919737481 -0.00762353964521102 -0.00834610773842162 0.00653151709774794 0.696002980611802 1.57099999999997 0.625 63.564 51.209

 4131 31 10000 5 0.7 0.197 1.903 191.616 29.655 0.999988301115282 -0.000106522527264203 0.00036989717040109 0.00333117100377407 0.00348608108767856 0.702674598306754 0.99996993759069 -0.00251475903290838 -0.00092619886271314 -0.00708260752697156 0.00166695175782716 0.698098812716076 0.999988301141802 -0.0001065196782756 0.000369896933757586 0.00333116907236389 0.0034860754380806 0.702674198042267 0.999969937616749 -0.00251476080610552 -0.000926195243306327 -0.0070826030086907 0.00166695465919592 0.698098481425397 0.614999999999981 0.25800000000001 105.021 41.678

 4122 22 10000 5 0.7 0.516999999999999 1.2 183.171 7.58500000000001 0.999975438126941 -0.00154686986116781 0.00171570705421942 0.00614262292604408 -0.00246066441370201 0.700095216031527 0.999988123646381 0.00252069719659053 -0.00117571348979754 0.00379851530193845 0.00126001235105873 0.696459029845098 0.999975438140662 -0.00154686794920754 0.00171571061898389 0.00614261792624521 -0.0024606700353001 0.700094856888099 0.999988123629866 0.00252070027928606 -0.00117572127242355 0.00379852469653777 0.00125998370680066 0.696465226817123 1.03900000000002 0.896000000000015 98.246 89.756

 4117 17 10000 5 0.7 0.329000000000001 5.635 188.451 12.244 0.999975339257663 0.000672213980452866 -0.00305897509920799 0.00623066197322938 -0.000830979905669928 0.702135276364732 0.999997679352225 9.68664340732219e-05 -0.00172085877600067 0.000935347800606437 0.00089200707624932 0.695832484980295 0.999975339232132 0.00067222817746134 -0.00305897895174622 0.00623066314655634 -0.00083097616524422 0.702134879553383 0.999997679410353 9.70120858474527e-05 -0.00172085903418678 0.000935389745039486 0.000891881591762161 0.695850394850888 0.926999999999992 1.304 91.954 85.33

 4128 28 10000 5 0.7 0.206 1.43 194.512 25.443 0.999986910335743 -0.00395687960044893 -0.00187969301589517 -0.00206917123304082 -0.0016454621166 0.699939011754489 0.999995311414802 0.00276717485906425 0.000381334494025671 -0.00100319809493052 -0.000753703721202866 0.702206584948048 0.99998691033686 -0.00395687962906054 -0.00187969089645421 -0.00206916438925896 -0.00164547239607125 0.699938648232554 0.999995311422346 0.00276717353603234 0.000381336583415924 -0.00100319193148178 -0.000753705715776587 0.702206191439125 1.291 0.705999999999989 92.53 61.828

 4124 24 10000 5 0.7 0.474 1.196 185.595 13.566 0.9999733183068 -0.000706917747652253 -0.00137983493070936 0.00705174894974222 0.00110988021852075 0.702767684935138 0.999985515033347 0.0010156036070041 -0.00372628033061826 0.00130668535177894 0.00351364214077797 0.699175556087469 0.99997331833768 -0.000706916780610111 -0.00137983774826683 0.00705174500050205 0.00110987460135355 0.702767283897048 0.999985515027526 0.00101561184694424 -0.00372627461395053 0.00130668305760018 0.00351364833175654 0.699175201795481 1.261 1.13999999999999 107.323 78.128

 4130 30 10000 5 0.7 0.339 2.18 192.225 25.49 0.999973189048937 -0.00328813268555663 0.00216632685989141 0.000611550922927643 -0.00614348436530833 0.701014213373911 0.999977447134088 0.00548941152465624 -0.00140604802457618 -0.00212906629375713 -0.0029088984127165 0.699307818129221 0.999973189035034 -0.00328813241304239 0.00216632848069028 0.000611549269894563 -0.00614348636703344 0.701013835485118 0.999977447101695 0.00548941425894955 -0.00140605134517384 -0.00212906746692168 -0.00290890192456075 0.699307450222154 1.505 1.47399999999999 91.484 70.292

 4132 32 10000 5 0.7 0.569 3.023 196.821 28.791 0.999985284367794 0.000626594177590906 -0.0012349374868077 -0.00366023360787482 0.00375713280826013 0.700147154559381 0.999987687717697 -0.00191762322124211 -0.000540289014639641 0.00244463604396865 0.00383131525569559 0.703607748519239 0.999985284382513 0.000626593837542052 -0.00123493505310177 -0.00366023569066906 0.00375712771824462 0.700146787219344 0.999987687717133 -0.00191763143089723 -0.000540289896373049 0.00244463868960892 0.00383130948137634 0.703607336829968 0.917000000000002 0.534999999999997 100.995 70.958

 4135 35 10000 5 0.7 1.059 7.48 137.058 36.693 0.999971639321047 -0.00439728037509305 0.00589678844854639 -3.34964713089667e-05 -0.00161593405171329 0.706849369583776 0.999980224892164 0.001163546584482 0.00430608373636956 -0.00443320838801585 1.70354397155899e-05 0.70122691199182 0.99997163932376 -0.00439728055959331 0.00589678719876332 -3.34974515606018e-05 -0.00161593641151296 0.706848983240919 0.999980224909491 0.00116354885417723 0.00430607687526207 -0.00443321053218337 1.70396253714887e-05 0.701226528691818 1.57500000000002 1.25999999999999 66.352 28.49

 4137 37 10000 5 0.7 0.934999999999999 6.016 170.204 34.228 0.999985235673878 0.000383837834898423 0.00425655620534569 0.00213079736519742 0.00259278511140976 0.703040686064302 0.999996006033619 0.00106484414270768 0.00122340266552578 -0.00230794313566549 0.000175237446043942 0.698473429863533 0.999985235704825 0.000383837231036489 0.00425655086971786 0.00213080132678018 0.00259277876914381 0.703040282570605 0.999996006046506 0.0010648382476475 0.00122340592889015 -0.00230793835165429 0.000175239951617194 0.69847309338914 1.83800000000002 1.69000000000003 58.549 31.581

 4138 38 10000 5 0.7 0.971 5.388 145.174 36.789 0.999975510705183 0.00176906986020933 0.00401184657232663 0.00452846832371801 0.00304079651741553 0.70127924182273 0.999945947622558 0.00528677087962475 -0.00213613503747456 0.00696942464823199 -0.00519768545260783 0.701224959928152 0.99997551070566 0.00176906736689261 0.00401185522479064 0.00452846538536253 0.00304079077114441 0.701278868410017 0.999945947588857 0.00528676948654055 -0.00213613741117381 0.00696942618082238 -0.00519769032264396 0.701224581597615 1.99199999999999 1.523 71.028 43.203

 4133 33 10000 5 0.7 1.651 9.002 155.742 36.754 0.999993015436364 2.63688147845947e-05 -0.000942881251585222 -0.00359767678779092 0.000368890023335907 0.697968247556951 0.999956020645313 0.000246703751416134 0.0018202348218972 0.00471562106118082 0.00789592145665149 0.700425741685611 0.99999301547467 2.63754744769409e-05 -0.00094287621380802 -0.00359766765614256 0.000368887642322729 0.697967904942554 0.999956020634568 0.000246708046695028 0.00182024237645875 0.00471562675001474 0.00789591754419633 0.700425369740489 1.41300000000001 0.983000000000004 71.738 72.478

 4136 36 10000 5 0.7 0.767999999999997 5.757 175.988 37.426 0.999991301159685 0.00331873954529669 0.000877165327817945 -0.00235975606657508 -0.000213787473143185 0.699621441693666 0.999961906869868 0.00376419376373115 -0.00272332610308141 0.00603397726701315 0.00426500501336036 0.698611860101019 0.999991301146607 0.00331874325405406 0.000877173037107111 -0.00235975400895104 -0.00021378215523156 0.699621087999537 0.999961906846488 0.00376418843709838 -0.00272332103359571 0.00603398204255066 0.00426501167678803 0.698611520892565 1.88500000000002 1.37400000000002 63.67 65.237

 4134 34 10000 5 0.7 1.18 5.82 205.24 41.57 0.999985139658531 0.00135803283943384 0.00379718080183499 0.0036681264867096 -4.97488837509763e-05 0.700735999354852 0.999965803450911 0.00441391302654437 0.00571341291373096 0.00252320635495288 -0.00314636983469722 0.698233266220627 0.99998513961982 0.00135803415577678 0.00379718649992898 0.00366813064302162 -4.97496787007821e-05 0.700735626519605 0.999965803421332 0.0044139170261536 0.0057134141827627 0.00252320897549243 -0.00314636921832964 0.698232928328374 1.63300000000004 1.25800000000004 64.132 41.499

 4140 40 10000 5 0.7 0.747 1.93 187.609 39.356 0.999992646814589 -0.00217787000527853 0.00259858909902232 0.00155785024200748 0.000885232348977874 0.699518878030457 0.999963251223685 0.00828685952774863 -0.00144563431611938 -0.0013879824337638 0.000898781125608102 0.696413694404088 0.999992646815598 -0.0021778665006689 0.00259859201692129 0.00155784932462625 0.000885232879520335 0.699518523702299 0.99996325128357 0.00828687418621664 -0.00144559445833929 -0.00138793335022604 0.000898719250500579 0.696419428281397 1.60199999999998 1.27199999999999 71.923 37.841

 4141 41 10000 5 0.7 0.875999999999999 1.994 232.724 25.668 0.999965266436025 0.0024486426656456 0.000957146538813351 0.00494040477600417 0.00617627248248299 0.697481169333266 0.999941696631822 0.00550719129163597 -0.00324828520016187 0.00422458410910026 -0.00760760892230686 0.696369781086218 0.999965266428199 0.00244864597151088 0.000957149052330994 0.00494041084020118 0.00617626719865044 0.697480841643843 0.99994169619167 0.00550715909049577 -0.00324829302867888 0.00422464405396373 -0.0076076534552167 0.696377616647423 1.51799999999997 1.28999999999996 37.003 51.046

 4142 42 10000 5 0.7 0.369 1.142 222.589 26.31 0.999988113746598 -0.00147543516863862 0.00220050457793149 -0.00244271906750097 -0.00328425939055729 0.703800196711607 0.999975015633542 0.00413070561745112 0.00329363631703353 -0.000101155018953897 -0.004695434726576 0.69897847753619 0.999988113717365 -0.0014754396504972 0.0022005113822131 -0.00244272097319317 -0.00328426030161767 0.703799768697487 0.999975015642212 0.00413070438502198 0.00329363529194615 -0.000101156040206237 -0.00469543466153011 0.698978128920593 1.53899999999999 1.18900000000002 65.515 33.593

 4139 39 10000 5 0.7 0.838000000000001 3.381 212.09 36.713 0.999968746695282 0.00713434694416957 0.00195434196222042 0.00259302364082964 -0.00103126244982797 0.699860878543217 0.999968163836427 -0.00346666241800293 -0.00478366642004475 0.00301620657048482 -0.00443538034331782 0.701479827068242 0.999968746657171 0.00713434892370622 0.00195435027627879 0.0025930267211983 -0.00103126220833391 0.69986052408224 0.999968163889079 -0.00346665618931756 -0.00478366644484665 0.00301620213777064 -0.00443537632877365 0.701479444368328 1.21300000000002 1.11199999999997 65.576 40.296

 4146 46 10000 5 0.7 0.555999999999999 2.472 225.056 6.19800000000001 0.99997000237415 0.00310889026893028 0.00687090817590978 -0.000651677692052579 0.00164167297690669 0.704973075725363 0.999982997211335 0.00259657494996456 0.00216220119227147 -0.00101479352982108 -0.00464307730510652 0.696527587722791 0.999970002398214 0.00310889129340365 0.00687090444408763 -0.000651684915676323 0.00164166913006276 0.704972643570132 0.999982997356286 0.00259654236154867 0.00216220415933748 -0.00101479385968797 -0.00464306285742619 0.696532474809056 0.330000000000013 0.257000000000005 29.623 19.522

 4144 44 10000 5 0.7 0.598000000000001 1.091 192.599 39.161 0.999968020358427 0.0033444441760913 -0.00222448889521206 0.00642115569104584 0.0025677543395833 0.70392994416724 0.999991054233634 -0.00161521591812607 -0.000829329606674549 -0.00148480422942962 0.00351995725070623 0.698626471716228 0.999968020387543 0.00334445126968955 -0.0022244893430517 0.00642115249492655 0.0025677413658765 0.703929523837985 0.999991054184695 -0.00161521489086273 -0.000829332922086492 -0.00148480257078832 0.00351997154386453 0.698626132572553 1.49300000000002 1.06 73.885 53.342

 4143 43 10000 5 0.7 0.646 1.152 234.432 26.554 0.999977249092078 0.000258674196246717 0.00267315138997255 -0.00475817918956278 -0.00395580312295192 0.701810070579458 0.999982461974487 0.00165415321233781 -0.000366281750020584 -0.00279300121789923 0.00494009134232326 0.697685485886679 0.999977249080384 0.000258673800889046 0.00267314668203817 -0.00475818237062112 -0.00395580545977379 0.701809686267513 0.999982461984393 0.00165415412499733 -0.000366278027647477 -0.0027930018421037 0.00494008895453799 0.697685147350981 1.423 1.18599999999998 78.058 18.945

 4145 45 10000 5 0.7 0.335 1.401 261.946 29.657 0.999958479688206 0.00150180913198179 0.00433774064810378 0.00226532576342445 -0.00753895047328578 0.701373475013813 0.999967684421138 0.00653531743690284 0.00458512884513847 -0.00013809338391807 -0.000936623252859764 0.700178295300974 0.999958479654063 0.00150180956633677 0.00433774219279623 0.00226532416343599 -0.00753895450744039 0.701373099708867 0.999967684409991 0.0065353174149119 0.00458513150912174 -0.000138089799077946 -0.000936622793848005 0.700177915221856 1.19 0.34699999999998 60.622 20.144

 4147 47 10000 5 0.7 2.481 21.67 232.085 2.52100000000002 0.999962339206672 0.0053842881463952 0.00554006664431874 -0.00377711230381141 -0.00117076628703298 0.699923290710575 0.999979510450446 0.00452932820184034 -0.00204872381655534 0.00352668138495586 0.00195681232086746 0.698160837560848 0.99996233919933 0.00538429215848194 0.00554006475854883 -0.00377711281248065 -0.00117076138870478 0.699922927236638 0.99997951047498 0.00452932603739608 -0.00204872254595064 0.00352667998198324 0.00195680865197523 0.698160502527861 0.522999999999968 0.423000000000002 23.414 26.861

 4148 48 10000 5 0.7 2.137 22.634 178.446 2.054 0.999957266939135 0.0018123845235784 0.0081854811495176 0.000951390892468032 -0.00377787131521595 0.701605191598896 0.999988295557032 -0.00187156269954912 -5.47031478843612e-05 0.00391963358188155 -0.00213060605285581 0.697028343179402 0.999957266903176 0.00181238655479294 0.00818548260996068 0.000951393555798864 -0.00377787602361551 0.701604809496042 0.999988295530683 -0.00187156457876694 -5.47034441455598e-05 0.00391963449370423 -0.00213061508367993 0.697028023708974 0.418000000000006 0.370000000000005 25.5530000000001 38.601

 4150 50 10000 5 0.7 2.544 14.485 173.867 3.34299999999999 0.99998083322775 -0.00433609185317677 0.00121022697026089 -0.0039283979833662 0.00162312184996852 0.705334727765629 0.999985027356032 -0.00138052516439791 -0.00282707801612152 -0.00125361218213617 -0.0042982904060517 0.70134976547013 0.999980833284528 -0.0043360861514587 0.00121022309199628 -0.00392839379914055 0.00162311512023212 0.705334306693633 0.999985027384659 -0.00138051522048862 -0.00282707978357663 -0.00125360823600047 -0.00429828692805764 0.701349376018645 0.975999999999999 0.72999999999999 40.65 58.982

 4155 55 10000 5 0.7 1.825 5.639 165.027 10.019 0.999970694761731 0.00348700465580512 -0.00181101023297937 0.00632072638904448 0.00179417839743335 0.70127853077393 0.999989663991232 0.00239927491345344 0.00367029298537445 0.000997282218084432 -0.000670647576797614 0.700891380446365 0.999970694788239 0.00348700449041538 -0.00181101111387752 0.00632072258458319 0.00179417645886458 0.701278149027862 0.999989663972062 0.00239927924048424 0.00367029656051628 0.000997281808465501 -0.000670641723709488 0.700891007953958 0.836000000000013 0.625 46.251 53.211

 4151 51 10000 5 0.7 2.473 14.552 184.236 8.66700000000003 0.99998062515381 -0.0014171989548328 0.000545699106934824 -0.000653379947072299 -0.00600134745270667 0.699101414453292 0.999971233482871 -0.00466068023278271 -0.00302351537330023 -0.00150762522661968 0.00493919907245848 0.701146139301031 0.999980625130647 -0.00141719192969157 0.000545700022873947 -0.000653379112615758 -0.00600135297867488 0.699101066261954 0.999971233393716 -0.00466069199318167 -0.003023519822279 -0.00150762356030906 0.00493920381028743 0.701145748356916 0.724999999999966 0.70999999999998 67.691 43.662

 4149 49 10000 5 0.7 2.82 17.544 188.567 5.49599999999998 0.999996177291741 0.00108052776061792 -0.00253467530700367 -3.07380577865006e-05 0.000228774831511069 0.697799856001656 0.999960877457275 -0.00647237983475615 0.000123961406809089 0.00328125764621285 0.00505666253379161 0.702114653944164 0.999996177288171 0.00108052288500262 -0.00253467980774654 -3.07359536171244e-05 0.000228763882592008 0.697799527325513 0.999960877443578 -0.00647238264696415 0.000123960956207793 0.00328125663684879 0.00505666230872988 0.702114267355211 0.879000000000019 0.704999999999984 40.907 80.093

 4160 60 10000 5 0.7 0.533999999999999 12.542 159.679 14.085 0.999976420134453 0.00480383084614777 -0.00174680099442946 0.00348455720297399 0.00298143114484799 0.701205061846747 0.999988192699375 6.14961459184109e-05 0.00227834773011497 -0.00367439778055299 -0.00221779454235043 0.700881385477003 0.999976420172712 0.00480382936127674 -0.00174679559374778 0.00348455163614387 0.00298143037542806 0.701204682881548 0.999988192720562 6.14943550169376e-05 0.00227835162963672 -0.00367439114579135 -0.00221779202550271 0.700881011367939 1.072 1.06900000000002 46.638 62.098

 4153 53 10000 5 0.7 1.827 7.268 166.96 6.19900000000001 0.999997219664225 -0.000704599502901094 0.00121807049683134 0.000535476475430532 0.00181487535898426 0.69903942366692 0.999979033620072 0.00511240363555136 -0.000989651576065388 0.00289135120297308 0.00254093040320364 0.699491744312932 0.999997219670859 -0.000704604458488847 0.00121806913676649 0.000535476870699355 0.00181487057637158 0.699039077835932 0.999979033647304 0.00511240014672768 -0.000989653555649395 0.00289134703338765 0.00254093067894217 0.699491392250178 0.796999999999997 0.661000000000001 52.21 104.786

 4178 78 10000 5 0.7 0.262 1.076 120.403 8.75700000000001 0.999980563675004 -0.00455902969767313 0.00397322337126747 -0.00147770175042293 0.000342657285846633 0.703188325290096 0.999977695453302 -0.00585608430610834 0.00195771872706706 -0.00242481819135759 0.000776187237228255 0.699116968308239 0.999980563684336 -0.00455902670172327 0.00397322453680486 -0.0014777033193979 0.000342649632445559 0.703187922935212 0.999977695470328 -0.00585608261265964 0.00195771858311434 -0.00242481357086724 0.000776192876390216 0.699116621271402 0.875 0.544000000000011 37.259 41.824

 4154 54 10000 5 0.7 1.451 9.669 176.369 15.118 0.999976580370484 0.00328482119667451 -0.00404483608715175 0.00113226759614512 -0.00429021344206562 0.702181193555418 0.999968121647648 -0.000631659552026817 -0.00603109871717836 -0.00450327491238605 -0.00258902646014443 0.703610418563867 0.999976580351512 0.0032848226980528 -0.00404483588202021 0.00113226455617312 -0.00429021771014037 0.702180801267719 0.999968121614345 -0.000631662090626533 -0.00603109933214217 -0.00450327792166008 -0.00258903203680516 0.703610001321751 1.06999999999999 1.45699999999999 99.123 58.658

 4158 58 10000 5 0.7 1.031 13.854 165.883 24.653 0.999982456318215 -0.0047549664267393 0.00313144363097998 0.00160184968263949 -0.000324789855386939 0.699570115899933 0.999970891912613 0.000294000593809829 -0.00231853066381373 0.000462057186601291 -0.00724843499394024 0.696882534887946 0.999982456335438 -0.00475496198608128 0.00313144332140021 0.00160185327113269 -0.000324787127382339 0.69956976403642 0.999970891929922 0.000293995275590711 -0.00231853354330711 0.000462059329426344 -0.00724843176408588 0.69688220709183 0.550000000000011 0.859999999999985 75.817 71.768

 4161 61 10000 5 0.7 1.692 12.658 153.746 19.368 0.999978412348292 -0.00286055154900741 -0.00269509485201851 0.00311202086036234 -0.00424780792035403 0.699120715460946 0.99999628874777 0.00260327280274068 0.000384186987750283 0.000520417239238595 0.000476474193447371 0.70127128861155 0.999978412364409 -0.00286055542826476 -0.00269508921441701 0.00311201689573984 -0.00424780799526116 0.699120360699001 0.999996288748176 0.00260326929075658 0.00038419201270699 0.00052042281533216 0.0004764823870074 0.701270903637184 1.55099999999999 1.24799999999999 93.735 59.043

 4159 59 10000 5 0.7 1.921 8.024 156.633 12.41 0.999990292450435 0.00302361067283389 0.0013248500485711 0.002918265611942 3.57988856028927e-05 0.702598326476741 0.99998461334354 0.00273462980223728 -0.00340574418020176 0.00248788724064169 -0.00234652928226582 0.706028155611331 0.999990292411253 0.00302361343652098 0.00132485988028829 0.00291827174902671 3.57958076573312e-05 0.702597929722175 0.999984613317827 0.00273462619760454 -0.00340574676459666 0.00248788936623448 -0.0023465384360932 0.706027761508523 0.853000000000009 0.942999999999984 84.635 84.587

 4157 57 10000 5 0.7 1.669 12.92 159.374 17.166 0.999990188228179 0.000420030246827524 -0.00293679278811018 0.000822032429945504 -0.00318536226627219 0.701290658645304 0.999981632360746 -0.00175384732568144 0.00310210869945265 0.00475328560606197 -0.00120089893845933 0.700117035177194 0.999990188213316 0.000420026817434989 -0.00293679261905548 0.000822037360027171 -0.00318536626802248 0.701290285269173 0.999981632375755 -0.00175385104786576 0.00310210990863184 0.00475328011254363 -0.00120089962438768 0.700116674177392 0.400000000000006 0.367000000000019 65.102 102.818

 4152 52 10000 5 0.7 1.537 9.198 177.878 11.288 0.999987346117013 0.00311014199633486 -0.000927772730895671 -0.00329755285652335 -0.0019748431669277 0.701151662873782 0.999972682496949 0.00595901108200353 0.00374024540034489 0.00191972043739224 -0.0012040284747895 0.701783077283503 0.999987346134354 0.00311013804474862 -0.000927773108548804 -0.00329755281686772 -0.00197484049805709 0.70115128287213 0.999972682515879 0.00595900886413639 0.00374024485983863 0.00191972451552329 -0.00120401890641429 0.701782685838031 1.017 1.02300000000002 99.455 87.17

 4156 56 10000 5 0.7 1.855 13.317 166.56 20.358 0.999986355281944 0.00403389565366145 0.00318776011903045 -0.00045284979329593 -0.000806255714639095 0.703998856032304 0.999974078705037 -0.00543354519015629 -2.55275248676939e-05 -0.00466860565152705 0.000722477885907137 0.699127796034958 0.999986355259999 0.0040338981062639 0.00318776331960316 -0.000452843628378937 -0.000806261470068835 0.703998432116497 0.999974078687753 -0.005433542649085 -2.55295682564799e-05 -0.0046686113325962 0.000722484136488935 0.699127444137617 1.57300000000001 1.297 84.289 84.637

 4163 63 10000 5 0.7 2.171 19.429 149.3 29.828 0.999994317657065 0.000355420037832237 -0.000648911144177368 0.000384652315189111 0.00326638746954987 0.699988595545118 0.999956042006233 0.00317976110668529 -0.00674215385603048 -0.00159481577837924 -0.00545922142327383 0.69997189209093 0.999994317656705 0.000355426438734332 -0.000648905767967076 0.000384652670393995 0.00326638790945166 0.699988237260009 0.999956041927421 0.00317977215529845 -0.00674215999492923 -0.0015948158162608 -0.00545922183112458 0.699971522819443 1.81700000000001 1.50400000000002 87.334 66.962

 4162 62 10000 5 0.7 2.032 16.947 148.905 25.412 0.999964693962424 -0.00356430432720196 0.00586724507747516 0.00258259353564907 0.00410026939711733 0.699822102036173 0.999973464326678 0.0043991757573129 0.000892559374212602 -0.00254498845717823 0.00514239892211414 0.701451375657581 0.999964693956546 -0.00356429891465206 0.00586724954689229 0.00258259348555589 0.0041002691717132 0.699821752361574 0.999973464370074 0.00439916599249763 0.000892556246528241 -0.00254498852735006 0.00514239934519811 0.701450986898457 1.55699999999999 1.03899999999999 95.424 72.913

 4169 69 10000 5 0.7 0.748000000000001 5.258 119.138 42.931 0.999943889357658 -0.00410199522915083 0.00260148247348037 0.00436000582264635 -0.00834352500962182 0.700441360545304 0.999997694696187 -0.000940441200642586 0.00157737091459791 0.00111006961377316 7.62830955650832e-05 0.699623222096081 0.999943889379581 -0.00410198681897286 0.00260148523501974 0.00435999662933148 -0.00834353046003993 0.700440982691005 0.999997694703713 -0.000940439425332814 0.00157736595463543 0.00111007060369283 7.62944783688314e-05 0.699622871412075 1.72499999999999 1.96000000000001 99.808 38.322

 4174 74 10000 5 0.7 0.200000000000001 1.628 128.855 40.034 0.999956845463528 0.00624739027497578 -0.00538715228990142 0.00341813035634891 0.00256364983071414 0.701900563570658 0.99999857458222 -8.4661273481458e-05 -0.00105158956556986 -0.00118788118805513 0.000571632455947534 0.701518149971701 0.99995684546793 0.00624739224112062 -0.00538715047256581 0.00341812972293854 0.00256364798591828 0.701900175876193 0.999998574579829 -8.46591616689013e-05 -0.00105158798288851 -0.00118788620198161 0.000571629445203322 0.701517763369286 1.18899999999999 1.30000000000001 62.747 61.366

 4167 67 10000 5 0.7 1.812 10.924 128.77 48.124 0.999956266265612 -0.00311400442787111 0.0022787266954424 0.00328725907416405 -0.00785938070000195 0.700177249714048 0.99999724979421 -0.000941808215384231 0.00157609846152015 -0.00108771633627348 -0.000972722012561561 0.697879560621842 0.999956266212569 -0.0031140081855563 0.00227872976789343 0.00328725898008567 -0.00785938510834266 0.700176895394368 0.999997249791746 -0.00094180491659729 0.00157610169562826 -0.00108771315855096 -0.000972726052936174 0.697879234750914 1.75799999999998 1.66199999999998 101.098 44.9179999999999

 4164 64 10000 5 0.7 1.519 12.846 135.817 36.179 0.999993400996538 -0.000117885654534977 -0.00327430306260574 0.0014162518756474 -0.000676192597981534 0.696807988036083 0.999981029517519 0.00137331125872982 -0.00256195690018728 0.00138506059675187 -0.0052509623169848 0.695673874589102 0.999993400988285 -0.000117882197830518 -0.00327430585489971 0.00141625012252818 -0.000676195555128453 0.696807675229291 0.999981030077507 0.00137330094831398 -0.00256191291058185 0.00138507199261126 -0.0052508768265477 0.695694761838686 1.602 1.58699999999999 97.931 88.723

 4166 66 10000 5 0.7 1.615 13.436 146.266 37.825 0.99997542524684 0.00483896444191758 -0.00398256098277708 -0.000358777735997156 -0.00312150798279013 0.70206730777776 0.999972049500096 0.00455536852015813 -0.00509324478792152 0.000675558581194453 -0.0029582620498684 0.700403790364331 0.999975425244847 0.00483896469875529 -0.00398256220600555 -0.000358780706416288 -0.00312150632094731 0.702066920586576 0.999972049533976 0.00455536599364273 -0.00509323864474043 0.000675557838829222 -0.00295826523453677 0.70040342647659 1.83699999999999 1.72 91.325 64.126

 4165 65 10000 5 0.7 0.921000000000006 12.135 185.809 39.124 0.999967251849364 -0.00454228268815423 -0.00150049982599433 -0.00123222330452895 -0.00641038398319655 0.702228673660945 0.999967107542747 -0.000588804846198302 -0.00583230880295825 0.00550658566849582 0.00104825080398643 0.700867969228882 0.999967251813636 -0.00454228584796608 -0.00150049893191187 -0.00123222061579911 -0.0064103880435575 0.702228273387362 0.999967107480572 -0.000588795233281762 -0.00583230951071192 0.00550659859454063 0.00104824367456119 0.700867591935903 1.38799999999998 1.63599999999997 97.995 48.019

 4168 68 10000 5 0.7 0.878 8.214 155.184 43.714 0.999975931833241 -0.00328264509706778 -0.00164904288559971 0.00583918876175484 -0.000737921116333693 0.702594027256793 0.999945277199876 -0.0041399106299293 0.00499088956467667 0.00662512474254611 -0.00484793658569363 0.699443790222103 0.999975931864493 -0.00328264240053637 -0.00164905071898822 0.00583918202573047 -0.000737926558478339 0.702593623286632 0.999945277232092 -0.00413990869474865 0.00499089043308723 0.00662511901093263 -0.00484793853185819 0.69944343713444 2.10499999999996 1.88400000000001 92.336 42.053

 4176 76 10000 5 0.7 0.456 1.729 172.5 58.913 0.999990836475259 0.00177506500374281 -0.00208833333959317 -0.0026168710916184 -0.00199172269602525 0.701882238943151 0.999970924308472 -0.00016340703564624 0.000350360355174841 0.0047226976671944 0.00597471423300294 0.701753973555738 0.999990836501198 0.00177507039157202 -0.00208832318006375 -0.00261686602383492 -0.00199172218161316 0.701881849540643 0.999970924321374 -0.00016340852158717 0.000350365424824957 0.00472269381022444 0.00597471478445465 0.701753577490252 1.89699999999999 1.69699999999997 41.544 51.504

 4171 71 10000 5 0.7 0.931999999999999 2.952 170.716 51.788 0.999974330895524 0.00348953125821967 0.00299962703686654 -0.00544881039611866 -0.000688058540171557 0.701472766604565 0.999951129651527 -0.0064984782023031 0.002727035885193 -0.00238802530470777 0.00650912437379594 0.700939553055951 0.999974330882374 0.00348953794261991 0.00299962605192421 -0.0054488089125721 -0.000688059793222593 0.701472385938509 0.999951129710023 -0.00649847001840466 0.00272703915275947 -0.00238802982245441 0.00650912053157673 0.700939179010588 2.16899999999998 1.548 87.237 26.65

 4170 70 10000 5 0.7 0.966000000000001 3.738 175.627 52.907 0.999977519243769 0.000378469681581717 0.00477287420190353 -0.00384539760572311 -0.00269264867469891 0.702073545955718 0.999961086419512 -0.00421197364290259 0.00518695008432622 -0.00220991632107696 -0.00531946833971286 0.700202114634832 0.999977519175958 0.000378476582014304 0.00477287833945097 -0.00384540276871992 -0.00269265818028791 0.702073158190458 0.999961086429319 -0.00421196980644347 0.00518694715979182 -0.00220991664976669 -0.00531947224912025 0.700201753802899 1.767 1.70600000000002 93.709 18.381

 4177 77 10000 5 0.7 0.274 1.529 132.49 45.474 0.999971951979022 0.00494133651198529 0.0029694772464368 -0.0039074911235084 -0.00275538867340061 0.69897363393234 0.9999790419059 0.00139459021785478 -0.00234019414705147 -0.00403282385098222 -0.00426974123607907 0.699872153483419 0.999971951931497 0.00494133956287257 0.00296948021179213 -0.00390749277285047 -0.00275539491508778 0.698973290626877 0.999979041927191 0.0013945899254765 -0.00234018811416137 -0.00403282775070885 -0.00426973596839981 0.699871798737875 0.897999999999996 0.717000000000013 96.92 63.865

 4173 73 10000 5 0.7 0.641 1.812 177.413 53.643 0.999989610381463 0.000433764281694689 -0.0033884558861679 0.00149078337360734 -0.00262429215551155 0.698511082552163 0.999993753532481 -0.00230838435868873 0.00230151468012325 0.000871368352114791 0.00105261818496886 0.70168273242135 0.999989610380045 0.000433766817028846 -0.00338845897710229 0.00149077822729584 -0.00262429120923553 0.698510742643008 0.999993753547081 -0.00230838037549681 0.00230150816174936 0.000871372339121592 0.00105262400228144 0.701682346045696 1.87 1.71700000000004 73.695 40.967

 4172 72 10000 5 0.7 0.974 1.505 189.294 51.164 0.999983589674318 -0.00518849124324203 0.00242631065206587 -0.000105990656166293 4.15124731251306e-05 0.702349297989113 0.999967208420931 0.00132609106053517 0.000994281516379417 0.00670594284473235 0.00422673635073156 0.700805726212358 0.999983589681791 -0.00518849200604129 0.0024263059059416 -0.000105992974711365 4.15085852832545e-05 0.702348891502863 0.999967208437279 0.00132609545536426 0.000994278484365439 0.00670593904067481 0.00422673785288128 0.700805350491427 0.942999999999984 0.58499999999998 81.281 34.162

 4175 75 10000 5 0.7 0.551 2.325 190.445 49.931 0.999982045673867 0.00361875232228356 -0.00269019477785397 0.00328240422564281 0.00219126358417343 0.69936732939173 0.999969027730683 -0.00385308783581286 -0.00345043194117637 -0.00550516364307952 -0.00221020048056617 0.702568976029625 0.999982045674221 0.00361875375440123 -0.00269020057688858 0.00328240021177332 0.0021912599505765 0.699366977557698 0.999969027724112 -0.00385310048809949 -0.00345043331211145 -0.00550515738356388 -0.00221019484746217 0.702568573332362 1.79500000000002 1.57300000000004 79.022 31.688

 4179 79 10000 5 0.7 2.684 21.256 252.481 2.04500000000002 0.999998587274569 0.000820902292987133 -0.000712451339328433 0.000297546530918018 -0.0012471757862402 0.702039375458296 0.99997477451211 -0.00226152323553651 0.0042250876292021 -0.00183039553421481 -0.00491265089583786 0.696344877227089 0.999998587259347 0.000820909579345031 -0.000712452035727265 0.000297547069215473 -0.001247182669487 0.70203898327502 0.999974774827287 -0.00226148941624666 0.00422510418132994 -0.00183028130119918 -0.00491263063462921 0.696353226191246 0.134999999999991 0.141999999999996 16.934 20.379

 4181 81 10000 5 0.7 2.871 24.858 182.838 2.91199999999998 0.999974013389358 -5.39144691609431e-06 0.00670629689493028 -0.00162021162643607 -0.0020911750656938 0.704211756324024 0.999968731332151 0.00501585483983292 0.000273388065800402 0.00606309668791743 0.000735986217456736 0.699807195604074 0.999974013441631 -5.38522179312005e-06 0.00670628821408153 -0.00162021054047378 -0.00209117876564237 0.704211326478988 0.999968731359506 0.00501585315860139 0.00027338801871481 0.00606309313863014 0.000735989764808119 0.699806834759962 0.512 0.350999999999999 22.257 61.577

 4183 83 10000 5 0.7 2.823 23.72 156.442 4.46200000000002 0.999983497827653 -0.00400287739003547 0.00188875938037005 -0.00321054527557779 -0.00176239382920554 0.699072719340146 0.999942750860414 -0.00727533106537786 0.0058851650662093 0.00434367827899717 -0.00283933984405601 0.703441195413149 0.999983497856941 -0.00400287072099002 0.00188875313193506 -0.003210545234561 -0.00176239912959184 0.69907237069036 0.999942750802069 -0.00727533108595813 0.00588516942003783 0.00434368855518262 -0.00283933559392736 0.703440778138153 0.391999999999996 0.569999999999993 47.208 46.497

 4185 85 10000 5 0.7 2.626 20.505 132.645 4.91299999999998 0.999980417953381 0.00322424817292168 0.000167926949869359 -0.00534883401899603 -0.000360150908360271 0.702722003193851 0.999981023047854 -0.000841946780343306 0.00274455516766869 0.00385344463337691 0.00385526278951444 0.704699564633698 0.999980417928338 0.00322425404914689 0.000167928035268557 -0.00534883501517166 -0.000360152534978254 0.702721601594902 0.999981023026005 -0.00084195473638659 0.00274456064636964 0.00385344283439562 0.00385526461708493 0.704699116866719 0.432999999999993 0.738 52.207 49.639

 4187 87 10000 5 0.7 2.408 18.441 113.313 5.304 0.999985270607531 0.00423338293931259 0.00199583548528243 -0.00182656748090263 -0.00205361360180769 0.70348932279737 0.999996685108991 0.00151235880855672 0.00207345776463282 -0.000196185006316559 -6.94708973375062e-05 0.699017584754688 0.999985270619785 0.00423337690924292 0.00199583935323104 -0.0018265677622153 -0.00205361605592249 0.703488910227075 0.999996685106741 0.00151236085722709 0.00207345813543477 -0.000196179135435652 -6.94642015897362e-05 0.699017243838184 0.676999999999992 0.574999999999989 47.776 61.772

 4186 86 10000 5 0.7 2.226 22.754 123.395 7.99200000000002 0.999926596332312 0.00700664806572667 0.000810772355843759 -0.00248548281014066 0.00953277785053148 0.700665738902665 0.999955003578209 -0.00528866747684698 0.000187512073625474 -0.00731293943245195 0.00291660269882088 0.701627721130391 0.999926596314413 0.00700665345612265 0.000810772099597987 -0.00248548583216052 0.00953277499996749 0.700665370941174 0.999955003609944 -0.00528866572342735 0.000187509999191929 -0.0073129351838437 0.00291660578417667 0.701627335188737 1.03200000000001 0.631 53.083 55.27

 4180 80 10000 5 0.7 2.349 24.307 234.036 2.28500000000003 0.999989459332911 9.62749134714359e-05 0.00285038166015818 0.00349470914146619 -0.00085690525867776 0.703578285277494 0.999989259315295 -0.000110596648790001 0.000811551234912841 0.00443437823699161 -0.00107083923790489 0.700832856176539 0.999989459350585 9.62790120094172e-05 0.00285037583515359 0.0034947085347406 -0.000856906022656578 0.703577862003872 0.999989259323115 -0.000110601572838734 0.000811552736320545 0.00443437715891071 -0.00107083475311588 0.700832483433701 0.314999999999998 0.233000000000004 40.94 94.416

 4182 82 10000 5 0.7 2.608 21.72 166.831 4.53699999999998 0.999972370067963 0.00733823415856447 -0.000355010463591902 -0.000714995568386434 -0.000878731473140517 0.699844799318934 0.999995731425019 0.000230480344597636 -0.00286506934468405 0.0004684819445198 0.000236459023065479 0.701663335660309 0.999972370028238 0.00733823869780541 -0.000355008435990404 -0.000714993444130735 -0.000878741320030825 0.699844442583139 0.999995731438959 0.000230477023431606 -0.00286506566683559 0.000468479379018812 0.000236452953611693 0.701662919524174 0.55400000000003 0.581000000000017 58.494 81.402

 4184 84 10000 5 0.7 2.367 23.435 151.096 4.77700000000002 0.999965719990258 -0.00195189050938346 0.00745015072631227 0.00145413427028771 -0.0026701527077941 0.70160644773597 0.999954238334164 0.00235645899038199 0.00768647918358523 -0.00299787604838737 -0.00423073463210714 0.697267709014498 0.999965719967713 -0.00195188440188001 0.00745015234483056 0.00145413178669466 -0.00267016245205618 0.701606063508023 0.999954238278968 0.00235645992740334 0.00768648214571996 -0.00299787893434454 -0.00423073972947079 0.697267377780289 0.591999999999985 0.657000000000011 44.739 107.62

 4188 88 10000 5 0.7 1.854 17.297 113.624 17.112 0.999995327459705 -0.000114094652937897 0.00286949883991772 0.000184787595944048 0.00103144128238104 0.703343619816812 0.99998827940124 0.00431531954407123 -0.000485037706601943 -0.00211945620815354 0.000302855056481251 0.699384371416216 0.999995327450353 -0.000114096002522887 0.00286950274485052 0.000184787178185625 0.0010314394117717 0.703343208032887 0.999988279375452 0.00431532398587737 -0.000485035177913505 -0.00211945963458782 0.000302856986369374 0.699384013311144 1.32999999999998 1.09399999999999 83.837 42.998

 4193 93 10000 5 0.7 1.782 10.429 103.637 17.392 0.999955793431044 -0.00410261267944792 0.00642777389647165 -0.00332624767812736 0.00438172934058845 0.698850810072439 0.999906767129225 -0.0107292101269906 0.00467212101404397 -0.00321783205265444 0.00625763064932263 0.699693677174181 0.999955793405178 -0.00410261247111004 0.00642777781096139 -0.00332624426210359 0.00438173228914019 0.69885046891112 0.999906767187244 -0.0107292084965976 0.00467211916211884 -0.0032178259018176 0.0062576287195576 0.699693324047807 1.40800000000002 0.788999999999987 101.339 38.176

 4192 92 10000 5 0.7 1.723 11.196 105.352 15.472 0.999979509828035 -0.000585637123413639 0.0044557506263409 0.00225391367634447 -0.00396271532400128 0.702801494628839 0.999993543759201 0.000443333602969943 -0.00235507116634893 -0.00159202662804275 -0.00215290182047494 0.703357274575837 0.999979509806222 -0.000585626499432169 0.00445575506922395 0.00225391409653672 -0.00396271716382528 0.702801093546095 0.999993543734481 0.000443340599132924 -0.00235507311840634 -0.00159202848088131 -0.00215290835639497 0.703356857044351 1.16899999999998 1.06100000000001 89.879 58.347

 4189 89 10000 5 0.7 2.15199999999999 14.35 106.8 18.69 0.999979802594239 -0.000676933192958344 -0.004783218705005 -0.00355991228078896 0.00209380238149571 0.700081997302322 0.999997471107168 0.00170774934152901 -0.000412780965655617 0.00115373939299825 0.000799917960494898 0.701836997091706 0.999979802617832 -0.000676928437462551 -0.00478321860145083 -0.0035599097551154 0.00209379718201705 0.700081639714212 0.999997471107139 0.00170774673690146 -0.000412784613200916 0.0011537412747 0.00079991896026537 0.701836602301776 1.31 1.001 88.897 60.446

 4196 96 10000 5 0.7 1.966 9.301 96.588 16.971 0.999987575177077 -0.00287662947110112 0.0028353631655398 -0.00215842985147128 -0.001968855162669 0.700038028704136 0.999942450522604 -0.00090244234046045 -0.00506753467343749 -0.00315219273852069 0.008869329960282 0.70062756686455 0.999987575195709 -0.00287662156221638 0.00283536502923943 -0.00215843206964989 -0.0019688521393513 0.700037666956158 0.999942450499125 -0.000902445096809485 -0.00506753287972412 -0.00315220080536397 0.00886933048478936 0.70062719121204 1.50700000000001 1.499 87.968 58.966

 4197 97 10000 5 0.7 1.541 9.552 90.812 30.444 0.9999839197506 0.00307146436143075 0.000360930701693169 0.00340214218151762 0.00331986513386203 0.700633039948892 0.999988168732065 -0.00287852440959323 -0.00173890497448513 -0.000562118225963779 0.00346939846442336 0.697667272207513 0.999983919748364 0.00307147071471858 0.000360932167842406 0.0034021348930043 0.00331986723931453 0.700632671263931 0.999988168733869 -0.00287852190725 -0.00173890588838885 -0.000562117722064139 0.00346939964399787 0.697666945803209 1.86700000000002 1.70400000000001 95.91 28.419

 4190 90 10000 5 0.7 2.398 14.441 104.165 18.059 0.999946995249696 0.00796362986805031 0.00300479784026806 -0.000705137566153503 0.00574989229305153 0.698233446819878 0.999982493379953 -0.00430240390464499 0.00361145717508788 -0.0016404506404806 -0.000876671559221476 0.698918214844902 0.999946995266379 0.00796362905930059 0.00300480105308279 -0.000705136826733845 0.00574988892345872 0.698233115795001 0.999982493379369 -0.00430241180896212 0.00361144828035703 -0.00164044786354413 -0.0008766752710585 0.698917862895034 1.41200000000001 1.07300000000001 81.671 77.36

 4191 91 10000 5 0.7 1.555 17.491 119.847 32.504 0.999989683761393 0.00213182314868671 0.0016212395406472 0.00192442239160006 -0.00312344067684751 0.701384419754613 0.999985065088505 -0.00141489576546882 -0.00216241736179701 -0.003253838097747 -0.00355023361191572 0.694176447976811 0.999989683738902 0.00213182643132178 0.00162124248234224 0.00192442330827398 -0.00312344354531079 0.701384032363908 0.999985064332273 -0.00141444769160584 -0.00216238995139092 -0.00325367721034533 -0.00355078926663124 0.694224807907904 1.75300000000001 1.68900000000002 59.303 68.732

 4194 94 10000 5 0.7 2.031 12.29 98.787 18.248 0.999930220208251 0.00746289057857359 0.00844354320138344 0.00271115970651032 -0.00228389354887283 0.700363852026444 0.999979795205296 0.00484175927277171 0.00374594202661146 -0.00101268553614241 0.00138164201460002 0.696368734900486 0.999930220189599 0.00746288742292119 0.00844354716374612 0.00271115791793197 -0.00228389950114298 0.700363490006594 0.999979795405594 0.00484174187386153 0.0037459335010356 -0.00101266938533859 0.00138159297024199 0.696376621873436 1.42400000000001 1.18799999999999 76.225 72.428

 4198 98 10000 5 0.7 1.394 7.706 91.593 31.424 0.999986421900228 -0.00271315791974229 0.0044329924336436 0.000239777355648885 0.00029304297518838 0.701567097915099 0.999994938104831 -0.00268333428789145 0.000853011092524581 0.000313474940732708 0.00144830499258504 0.700186195000964 0.9999864218965 -0.00271315621490759 0.00443299457857007 0.000239777231049163 0.000293039135148038 0.701566716955307 0.999994938117518 -0.0026833276194941 0.000853011793805655 0.000313470969362299 0.00144830903425213 0.700185832129706 1.35599999999999 1.49099999999999 83.161 40.428

 4195 95 10000 5 0.7 1.631 14.207 107.596 29.529 0.999983734329329 -0.00105281354882999 -0.00394677318935294 -0.000542460051530658 0.00394352366354967 0.70290846712074 0.999978511156994 -0.00168727416921421 0.0014951026006001 0.000300898247490999 -0.00614853304275385 0.702853462629931 0.99998373434415 -0.0010528126345409 -0.0039467749452497 -0.00054246364180077 0.00394351789823177 0.70290806499554 0.999978511154746 -0.00168726853955516 0.00149509474902068 0.000300892252183333 -0.00614853715577199 0.702853053872967 1.76300000000001 1.54499999999999 88.066 43.439

 4199 99 10000 5 0.7 1.287 3.953 114.081 45.503 0.999982624652782 0.00267182487712526 -0.00206949477084207 0.0047684124107853 -0.000768881547626367 0.698433345160704 0.999971486667321 -0.00238467744493596 0.00450611322374695 -0.000716922294063888 0.00552450286180592 0.702506094070675 0.999982624619019 0.00267182415688316 -0.00206949625042439 0.004768418919389 -0.000768883613728507 0.698433009773755 0.999971486657543 -0.00238467394316273 0.00450612180423727 -0.000716924223030648 0.0055244988941253 0.702505699330439 2.09899999999999 1.899 73.708 13.345
