
 4931 31 500 2 0.8 0.00800000000000001 0.384 0.249 0.111999999999999 0.99999111340554 0.00421581664069663 0.783739599421102 0.999969560914393 0.00780238711399482 0.818353753179952 0.999991120540232 0.00421412395307047 0.783658527736151 0.999969760233262 0.00777680005090437 0.819027954499729 0.00800000000000001 0 0.0629999999999988 0.0690000000000008

 4932 32 500 2 0.8 0.00800000000000001 0.383 0.268 0.112 0.999750517370428 -0.0223361370331223 0.792694869559182 0.999988785956322 0.00473581688847251 0.793494401553186 0.999750622219418 -0.0223314435692422 0.792517369394913 0.999988786258668 0.00473575304624494 0.793306525846929 0.00199999999999978 0.00100000000000122 0.0630000000000006 0.0629999999999988

 4942 42 500 2 0.8 0.00999999999999979 0.383999999999999 0.260000000000001 0.111 0.999980509797761 -0.00624339848241817 0.796596703764345 0.999702636811227 -0.024385199459526 0.80324394119194 0.999980491395596 -0.00624634518917744 0.796356708434086 0.999702876208251 -0.0243753830934094 0.8028783577563 0.00300000000000011 0.000999999999999446 0.0640000000000001 0.0620000000000012

 4929 29 500 2 0.8 0.00800000000000001 0.382000000000001 0.262 0.111 0.99998611350856 -0.00526998956794402 0.818610168131011 0.999921272374508 0.0125478704545938 0.802514235265434 0.999986032273391 -0.00528538154924899 0.819253057791209 0.999921307444383 0.0125450754766621 0.802170728874346 0.00300000000000011 0 0.0690000000000008 0.0609999999999999

 4948 48 500 2 0.8 0.00800000000000001 0.397 0.249 0.109999999999999 0.999899956691263 -0.0141448438948517 0.815143046836781 0.999649192934006 0.0264856766270198 0.795119796670174 0.999900523339559 -0.0141047305992236 0.814367077566361 0.999649305505343 0.0264814275046709 0.794917771940568 0.00199999999999978 0.000999999999999446 0.0659999999999989 0.0590000000000011

 4952 52 500 2 0.8 0.00899999999999945 0.385000000000001 0.271 0.11 0.999559600718975 -0.0296749829068602 0.799776379930335 0.999996296203771 -0.00272168674528701 0.798116444781713 0.999560203853884 -0.0296546602000733 0.79947622664873 0.999996291110398 -0.00272355749863158 0.797853648450383 0.00300000000000011 0 0.0649999999999995 0.0620000000000012

 4930 30 500 2 0.8 0.00699999999999967 0.382000000000001 0.283 0.108 0.999881749088185 0.0153781611498735 0.831270342464902 0.999632258817093 -0.0271172847504508 0.78366323071592 0.999881753575614 0.0153778693763109 0.831268307870751 0.999632358885739 -0.0271135956400611 0.783583564397206 0.00199999999999978 0.000999999999999446 0.0510000000000002 0.0589999999999993

 4941 41 500 2 0.8 0.00699999999999967 0.38 0.281000000000001 0.11 0.999623785146479 -0.0274278721271971 0.794048364298203 0.999797821624668 0.0201076073805239 0.785818981738216 0.999623995593259 -0.0274202012058422 0.793853781475828 0.999797848387972 0.0201062766016652 0.785725456612951 0.00300000000000011 0.000999999999999446 0.0609999999999999 0.0569999999999986

 4933 33 500 2 0.8 0.00800000000000001 0.382000000000001 0.276999999999999 0.109 0.999899613537314 0.014169080701659 0.808367880129934 0.999863352912878 0.0165310466038265 0.793672603058247 0.99989945288639 0.0141804131638751 0.80783417199188 0.999863442348929 0.0165256362706341 0.793486501101771 0.00200000000000067 0.00100000000000122 0.0660000000000007 0.0589999999999993

 4947 47 500 2 0.8 0.00400000000000045 0.381 0.268 0.111 0.99980346103101 -0.0198252190508413 0.808577435149045 0.999750143596543 0.0223528606377474 0.794696978556621 0.999803416896382 -0.0198274446744899 0.808038244413087 0.9997500927786 0.0223551333966101 0.794484906126293 0.00299999999999923 0.000999999999999446 0.0649999999999995 0.0620000000000012

 4945 45 500 2 0.8 0.00800000000000001 0.383 0.266999999999999 0.11 0.999999415847464 0.00108088146013442 0.815467249084805 0.999737432520179 -0.0229143190595099 0.806489906053545 0.99999943317546 0.00106472943014396 0.814630339824982 0.999737011539572 -0.022932678821404 0.806022224864015 0.00199999999999978 0.000999999999999446 0.0690000000000008 0.0630000000000006

 4935 35 500 2 0.8 0.00700000000000056 0.396999999999999 0.252 0.111 0.999858950400982 0.0167952166716432 0.799230299814629 0.999755015189795 0.0221339016635813 0.793788160398544 0.999858778000677 0.0168054769344188 0.798946406784809 0.999754973665739 0.0221357771631654 0.793590680871769 0.00300000000000011 0.000999999999999446 0.0629999999999988 0.0609999999999999

 4944 44 500 2 0.8 0.00900000000000034 0.383 0.264 0.109999999999999 0.999979859805179 0.00634665140170582 0.805547262915414 0.999997900167883 0.00204930715722766 0.808159687205511 0.999979891139759 0.00634171239619112 0.805110749879862 0.999997878624774 0.00205979269644487 0.807644635960111 0.00300000000000011 0.00100000000000122 0.0630000000000006 0.0620000000000012

 4949 49 500 2 0.8 0.00499999999999989 0.379 0.278 0.109999999999999 0.999759050643163 -0.0219508691646221 0.800378870237079 0.999972158120373 -0.00746210319443671 0.795040231513893 0.999759604416969 -0.0219256328535045 0.800071057753101 0.999972044464365 -0.00747731835339092 0.794841388282354 0.00299999999999923 0.000999999999999446 0.0609999999999999 0.0559999999999992

 4943 43 500 2 0.8 0.00600000000000023 0.382 0.252 0.111000000000001 0.999998210587748 0.00189177728643164 0.810209233751396 0.99998333865482 0.00577255686503095 0.822113210985681 0.999998172636847 0.00191173297476779 0.809611420970422 0.999983343531458 0.00577171202037168 0.822560624501144 0.00300000000000011 0.00100000000000122 0.0660000000000007 0.0629999999999988

 4951 51 500 2 0.8 0.00699999999999967 0.383 0.279999999999999 0.109 0.999791456322474 -0.0204216518574417 0.806880423536171 0.999969598254245 0.00779760009518786 0.783575687705606 0.999791445676088 -0.0204221730704046 0.806398278398283 0.999969596380486 0.00779784038362106 0.783502687356466 0.00199999999999978 0.00100000000000122 0.0630000000000006 0.0519999999999996

 4921 21 500 2 0.8 0.00499999999999989 0.38 0.289 0.106999999999999 0.999955992095339 0.00938157090397943 0.827438282655978 0.999997265310527 0.00233866873827058 0.792365401019593 0.999955921316058 0.00938911204283449 0.827518277033649 0.999997245039338 0.00234732054367743 0.792203301032251 0.00200000000000067 0 0.0570000000000004 0.0540000000000003

 4940 40 500 2 0.8 0.00899999999999945 0.385 0.277 0.109 0.999988811145322 -0.00473049512896329 0.81723519471574 0.999917516504343 -0.0128436827968659 0.78871265313692 0.999988911352521 -0.00470926448602963 0.81796699761291 0.99991752299575 -0.0128431774123009 0.788594687968673 0.00300000000000011 0 0.0730000000000004 0.052999999999999

 4937 37 500 2 0.8 0.00900000000000034 0.382000000000001 0.287 0.108000000000001 0.999913587291313 0.0131460241220749 0.810366031996908 0.999999999939409 -1.10082397813148e-05 0.786382228421759 0.999913439126555 0.0131572890104725 0.809792345450916 0.999999999976957 -6.78868720297427e-06 0.786284591835339 0.00199999999999978 0.000999999999999446 0.0609999999999999 0.052999999999999

 4950 50 500 2 0.8 0.00900000000000034 0.384 0.294 0.108 0.999737757063578 0.0229001550537717 0.793856962365594 0.999988617721405 -0.00477120819440771 0.788208741892815 0.999737642388657 0.0229051607977198 0.793656813657798 0.999988619072192 -0.00477092507711449 0.788097891708368 0.00200000000000067 0.00100000000000122 0.0599999999999987 0.0520000000000014

 4922 22 500 2 0.8 0.00700000000000056 0.396999999999999 0.276 0.108 0.999656570773449 0.0262057342860053 0.802178422054964 0.999847273223413 0.0174765622393536 0.801724127598134 0.999656751753906 0.0261988296080249 0.801827693202195 0.99984714423453 0.0174839402325417 0.80138300601725 0.00200000000000067 0.000999999999999446 0.0600000000000005 0.0579999999999998

 4923 23 500 2 0.8 0.00700000000000056 0.384 0.290999999999999 0.107 0.999909364154392 -0.0134634125079684 0.798998111579318 0.999998626073206 0.00165766453214988 0.78598522626361 0.999909255796741 -0.0134714576793608 0.798711126820004 0.999998624688603 0.0016584995936917 0.78589355493108 0.00200000000000067 0 0.0599999999999987 0.0520000000000014

 4925 25 500 2 0.8 0.00900000000000034 0.404 0.277 0.107 0.99999670136702 -0.00256851223056989 0.800732341904243 0.999999999786027 -2.06868310385607e-05 0.780228082152465 0.999996724064717 -0.00255966010142313 0.800403846581159 0.999999999814066 -1.92838792401117e-05 0.780171354992367 0.00200000000000067 0.000999999999999446 0.0609999999999999 0.0540000000000003

 4936 36 500 2 0.8 0.00900000000000034 0.382000000000001 0.293 0.107 0.999967730094365 -0.0080336025495132 0.786511220620252 0.999999597887271 0.000896786092380553 0.810583113849194 0.999967701897873 -0.0080371114889617 0.786412426188341 0.99999959754898 0.0008971632389159 0.809999637366901 0.00199999999999978 0.00100000000000122 0.0549999999999997 0.0579999999999998

 4934 34 500 2 0.8 0.00800000000000001 0.383 0.283 0.108000000000001 0.999780457543851 0.0209532029391197 0.796289727410637 0.99995783257665 -0.00918330379591375 0.80025459257422 0.999780545178233 0.0209490210538688 0.796063575253588 0.999957706906751 -0.00919697764446901 0.799937657877836 0.00300000000000011 0.00100000000000122 0.0580000000000016 0.0600000000000005
 4926 26 500 2 0.8 0.00700000000000056 0.383 0.289 0.108 0.999935148413496 0.0113885454417802 0.804988679049273 0.999872827856081 -0.0159476680139481 0.815186690866537 0.999935074422179 0.0113950401627983 0.804570111781034 0.999873214017234 -0.0159234384115281 0.814385310363527 0.00200000000000067 0.000999999999999446 0.0590000000000011 0.0609999999999999


 4946 46 500 2 0.8 0.00699999999999967 0.398 0.268000000000001 0.108000000000001 0.999961214319495 0.0088073751300244 0.803989231617614 0.999910195402709 0.0134015346030085 0.798708512965135 0.999961135439603 0.00881632635174731 0.803576770968407 0.999910424947242 0.0133843969541241 0.798424938092535 0.00199999999999978 0.000999999999999446 0.0630000000000006 0.0589999999999993

 4928 28 500 2 0.8 0.00700000000000056 0.398 0.289 0.107 0.999881111897894 -0.0154195353312532 0.794133625255471 0.999969170120487 -0.00785231230559612 0.809472611591797 0.999881021118506 -0.0154254208050485 0.79394035515368 0.999969236376769 -0.00784387022206631 0.808917240817988 0.00199999999999889 0 0.0579999999999998 0.0580000000000016

 4927 27 500 2 0.8 0.00600000000000023 0.396 0.285 0.107 0.999932691280428 -0.0116022803224139 0.794096043741408 0.999728035072705 0.0233207180349886 0.788252344645773 0.999932792175208 -0.0115935815299529 0.793899969178568 0.999728169479724 0.0233149554732487 0.788134311868781 0.00200000000000067 0 0.0579999999999998 0.0540000000000003

 4938 38 500 2 0.8 0.00699999999999967 0.380999999999999 0.294 0.106 0.999950377758423 -0.00996202894930572 0.80506247295823 0.999967290233986 -0.00808816803106415 0.796057374278503 0.999950625296118 -0.00993715099530372 0.80460070245118 0.99996740457481 -0.00807401931621728 0.79584369331386 0.00199999999999978 0.00100000000000122 0.0640000000000001 0.0560000000000009

 4939 39 500 2 0.8 0.00699999999999967 0.381 0.291 0.107 0.999729619146934 0.0232527116768628 0.804616780701681 0.99997310634915 -0.007333933353421 0.790128089175561 0.999729513919776 0.0232572353844609 0.804193503243334 0.999973172675936 -0.00732488419178827 0.789993031501415 0.00199999999999978 0.000999999999999446 0.0609999999999999 0.0519999999999996

 4924 24 500 2 0.8 0.00600000000000023 0.401 0.284 0.108 0.999996124268963 -0.00278414206759024 0.806207563566148 0.999777848805083 -0.0210773109926316 0.791140035918442 0.999996154589438 -0.00277323030722472 0.805763641698259 0.999777971769244 -0.0210714775224159 0.790992650315942 0.00200000000000067 0 0.0589999999999993 0.0510000000000002

 4956 56 500 2 0.8 0.00300000000000011 0.273 0.266 0.108 0.999997672461336 0.0021575615659539 0.794978816564012 0.999921099212744 0.0125616618796612 0.784373801150227 0.999997701071229 0.00214426030534187 0.7947787793323 0.999921128184804 0.0125593554623458 0.784296271576008 0.00200000000000067 0.00100000000000033 0.0590000000000002 0.0529999999999999

 4955 55 500 2 0.8 0.00199999999999978 0.276 0.262 0.107 0.999889373669391 -0.0148741528509529 0.80325133402888 0.999766266350124 0.021619728683169 0.802582154105693 0.999889279149423 -0.014880505436574 0.802852177582734 0.999766112079218 0.0216268614922227 0.802228349491546 0.00199999999999978 0.000999999999999446 0.0649999999999995 0.0590000000000002

 4954 54 500 2 0.8 0.00299999999999967 0.276 0.261 0.107 0.999752188922023 -0.0222611937151452 0.804106075725203 0.999973438424772 0.00728851459069488 0.80129982963615 0.99975260601718 -0.0222424540430403 0.803722408524148 0.999973537521275 0.00727490599169233 0.800957972173557 0.00200000000000067 0.000999999999999446 0.0590000000000002 0.0609999999999999

 4953 53 500 2 0.8 0.00200000000000022 0.278 0.273 0.106999999999999 0.999950997530093 -0.00989962315304899 0.805280399277336 0.999811252985086 0.0194282887664422 0.813849515719836 0.999951018646927 -0.00989748993294234 0.804835424668584 0.999811240242345 0.0194289445174983 0.813130772903059 0.00200000000000067 0.00100000000000033 0.0629999999999997 0.0620000000000003

 4957 57 500 2 0.8 0.00200000000000022 0.277 0.275 0.123 0.999999544119107 -0.000954862072546217 0.801319687995455 0.999918129488726 0.0127958712000011 0.799663211637981 0.999999554052274 -0.000944402061001051 0.800983652130762 0.999918079416062 0.0127997834705562 0.799368362336998 0.00199999999999978 0.00100000000000033 0.0620000000000003 0.0590000000000002

 4960 60 500 2 0.8 0.00300000000000011 0.277 0.272 0.119 0.999990334284388 0.00439674172515066 0.798428900456216 0.999995786877725 0.00290279637597391 0.761810615459907 0.99999036568444 0.00438959432058036 0.79816579704084 0.999995829064529 0.00288822671276423 0.761521469463418 0.00199999999999978 0.00100000000000033 0.0599999999999996 0.0550000000000006

 4961 61 500 2 0.8 0.00300000000000011 0.275 0.271999999999999 0.121 0.999993132104373 -0.00370617647803005 0.815441207730613 0.99879477251042 0.0490815892759988 0.799580594361898 0.99999304079446 -0.00373073218677343 0.814635685778374 0.99879542119495 0.0490683869716797 0.799289865578729 0.00300000000000011 0.00100000000000033 0.0659999999999998 0.0590000000000002

 4962 62 500 2 0.8 0.00300000000000011 0.274999999999999 0.268 0.116 0.99999666557249 0.00258241048272346 0.806520624207082 0.999938728904311 0.0110697080914384 0.786860584390213 0.999996657084711 0.00258569514893396 0.806056034201819 0.999938767645603 0.0110662079952108 0.786758441806574 0.00199999999999978 0.00100000000000033 0.0619999999999994 0.0540000000000003

 4959 59 500 2 0.8 0.00199999999999978 0.277 0.282 0.111999999999999 0.999983382048612 -0.00576503483242949 0.806739818250087 0.999984770265854 -0.00551898870698114 0.809475953561633 0.999983490790472 -0.00574614187979452 0.806226469856138 0.999984463037729 -0.00557437737727002 0.808911917147572 0.00200000000000067 0.000999999999999446 0.0659999999999998 0.0599999999999996

 4958 58 500 2 0.8 0.00299999999999967 0.286 0.275 0.11 0.999669756812932 0.0256978075635334 0.785237653066926 0.999834936225675 -0.0181686626530467 0.801219719753627 0.999669572588148 0.0257049730875018 0.785141280645306 0.999834705527782 -0.0181813536947746 0.800890789548689 0.00199999999999978 0.00100000000000033 0.0590000000000002 0.0590000000000002

 4963 63 500 2 0.8 0.00300000000000011 0.276 0.279 0.11 0.999643206884414 -0.0267106519921424 0.798957885871119 0.999986857748234 0.005126824632596 0.819567514902177 0.999643437509591 -0.0267020194743648 0.798679070434221 0.999986880691022 0.00512234768820557 0.820150271871016 0.00199999999999978 0.000999999999999446 0.0620000000000003 0.0609999999999999

 4964 64 500 2 0.8 0.00300000000000011 0.275 0.285 0.109999999999999 0.999991806620953 0.00404804779648539 0.799350664102608 0.999990510464881 0.0043564871383565 0.809563016008259 0.999991825764678 0.00404331594443059 0.799065110537226 0.999990475372438 0.00436453484409735 0.808996172680584 0.00199999999999978 0 0.0630000000000006 0.0590000000000002

 4968 68 500 2 0.8 0.00300000000000011 0.266999999999999 0.278 0.109 0.999966549138135 -0.00817927898840227 0.82107950262133 0.999157267235662 0.0410457711605599 0.790370880194159 0.999966565220202 -0.00817731262162115 0.821606717077306 0.999157046210912 0.0410511511054984 0.790234944495059 0.00199999999999978 0.00100000000000033 0.0649999999999995 0.0529999999999999

 4965 65 500 2 0.8 0.00199999999999978 0.269 0.276 0.109999999999999 0.9999721939056 -0.00745730619063103 0.796945432778414 0.999963315883919 -0.00856544724097998 0.802721384884748 0.999972259616221 -0.00744848964755336 0.796703635761072 0.999963386903677 -0.00855715210375198 0.802353456966496 0.00199999999999978 0 0.0600000000000005 0.0590000000000002

 4967 67 500 2 0.8 0.00300000000000011 0.266 0.287 0.109999999999999 0.999999605151417 0.000888648980704127 0.809653593601884 0.99999308014886 -0.00372016859778294 0.803593280821775 0.999999586632747 0.000909249324586671 0.809068245077991 0.999993090309305 -0.00371743643486572 0.803204774861609 0.00200000000000067 0 0.0629999999999997 0.0579999999999998

 4966 66 500 2 0.8 0.00200000000000022 0.268 0.282999999999999 0.109 0.999936305806127 0.0112864667100248 0.790751974126748 0.999953582368194 -0.00963499398104377 0.80820535344095 0.999936347358238 0.0112827847566726 0.790601915009175 0.9999534371302 -0.00965005551797408 0.807674617784474 0.00200000000000067 0.000999999999999446 0.0579999999999998 0.0600000000000005

 4969 69 500 2 0.8 0.00300000000000011 0.273 0.26 0.11 0.999953701661913 0.00962260529363509 0.805074392649676 0.999990081529655 0.00445385701552414 0.800511733982793 0.99995336462898 0.00965756528226671 0.80464893365505 0.999990013238024 0.00446916370450274 0.8001840625234 0.00199999999999978 0 0.0600000000000005 0.0600000000000005

 4971 71 500 2 0.8 0.00299999999999967 0.272 0.289 0.111 0.999996123467098 0.00278443006324832 0.804456629078005 0.999710193388736 -0.024073413440049 0.785937394039683 0.999996131729622 0.00278146108940433 0.804043220327763 0.999710114394677 -0.0240766936472352 0.785847902980508 0.00199999999999978 0 0.0609999999999999 0.0499999999999998

 4972 72 500 2 0.8 0.00300000000000011 0.269 0.287999999999999 0.111 0.999994081553818 0.00344047341752482 0.804807340871435 0.999797479957429 -0.0201245887106634 0.800729739104238 0.999994086892031 0.00343892148408777 0.804369804689883 0.999797050041879 -0.0201459357577639 0.800408314151862 0.00200000000000067 0 0.0629999999999997 0.0590000000000002

 4976 76 500 2 0.8 0.00300000000000011 0.266999999999999 0.29 0.111 0.99999334534378 -0.00364818696816379 0.796458923386153 0.999835502329294 0.0181374827891932 0.796969209620646 0.999993372597468 -0.00364070887905618 0.796233918977589 0.99983540740315 0.0181427148733609 0.796736358604632 0.00199999999999978 0.00100000000000033 0.0579999999999998 0.0550000000000006

 4982 82 500 2 0.8 0.004 0.268 0.271 0.109999999999999 0.999978055321277 -0.00662486798935574 0.819390494503195 0.999917072002111 0.0128782420665996 0.79236716335079 0.999978455514929 -0.00656418357281418 0.820012397702776 0.999917055082149 0.0128795557315752 0.792203850508108 0.00199999999999978 0 0.0700000000000003 0.0540000000000003

 4970 70 500 2 0.8 0.00300000000000011 0.268 0.285 0.109 0.999617664181405 -0.0276500534630827 0.810109690476621 0.99991644854037 -0.0129265594190122 0.810208940371699 0.999618543008995 -0.027618263388096 0.809531937048846 0.999916624050727 -0.0129129759156512 0.809621165988049 0.00199999999999978 0 0.0599999999999996 0.0599999999999996

 4978 78 500 2 0.8 0.00300000000000011 0.268 0.277 0.109 0.999989966695893 0.00447956555340095 0.803873853123014 0.999999787971306 0.000651196853748262 0.794587284578016 0.999989897846656 0.00449490874600261 0.803476316165947 0.999999779321196 0.000664347468477151 0.794386815307719 0.00199999999999978 0.00100000000000033 0.0600000000000005 0.0549999999999997

 4977 77 500 2 0.8 0.00300000000000011 0.267 0.304 0.106999999999999 0.999983257790351 0.00578654810716021 0.807626382967071 0.999888577834591 -0.0149275555909127 0.802815330579908 0.999983322102046 0.00577542359974198 0.807126750290316 0.999888610364431 -0.0149253764939717 0.802453047112806 0.00199999999999978 0 0.0600000000000005 0.056

 4981 81 500 2 0.8 0.00300000000000011 0.261 0.278 0.108 0.999986365362165 -0.00522198140235325 0.815220285818817 0.999942336437294 0.0107388919505882 0.80611341805461 0.999986307644702 -0.00523302236909961 0.814459401253825 0.999942533936995 0.0107204861672172 0.805645321005154 0.00300000000000011 0 0.0600000000000005 0.0590000000000002

 4974 74 500 2 0.8 0.00300000000000011 0.268999999999999 0.292 0.106 0.99985541144904 0.0170045933815373 0.794824449642681 0.999983444799842 0.00575413992191427 0.812363290359024 0.9998554086803 0.0170047561802508 0.794621601677448 0.999983438289568 0.00575527119889408 0.811721163490569 0.00199999999999978 0.00100000000000033 0.056 0.0570000000000004

 4983 83 500 2 0.8 0.00199999999999978 0.266 0.288 0.106 0.99999313414435 -0.00370562601472298 0.814197137187042 0.999894039207964 0.0145571410785734 0.828524725158019 0.999993049766131 -0.00372832662641067 0.813436669578599 0.999894045202466 0.0145567293252565 0.828522496831525 0.00199999999999978 0 0.0620000000000003 0.0460000000000003

 4984 84 500 2 0.8 0.004 0.266 0.307 0.106000000000001 0.999846286960756 -0.0175328962464648 0.792929236713975 0.999999122591763 -0.00132469457001868 0.797151272799987 0.999846222685937 -0.0175365612553996 0.792754024163909 0.999999122502779 -0.00132476174134831 0.796906845259021 0.00199999999999978 0 0.0549999999999997 0.0539999999999994

 4979 79 500 2 0.8 0.00300000000000011 0.264 0.290999999999999 0.106999999999999 0.99993897471508 -0.0110474814213124 0.805012643728675 0.99951548194585 0.0311255738991993 0.781209980304377 0.999938891504854 -0.0110550104497368 0.80458462132328 0.999515561456172 0.0311230205306741 0.781151662636471 0.00199999999999978 0.000999999999999446 0.0579999999999998 0.0499999999999998

 4973 73 500 2 0.8 0.00200000000000067 0.263 0.3 0.108 0.999990411248762 0.00437920204276209 0.797862658829605 0.999928414045356 -0.0119652323311626 0.792893029697869 0.999990409120024 0.00437968811301282 0.797613970096381 0.999928534961571 -0.0119551231530929 0.79271258049371 0.00200000000000067 0 0.0549999999999997 0.0549999999999997

 4975 75 500 2 0.8 0.00300000000000011 0.263 0.273000000000001 0.106 0.999999229973175 -0.00124098874196034 0.811276744868401 0.999874273552022 -0.0158567679183707 0.82449144736306 0.999999204040779 -0.00126171225286437 0.810628219773926 0.999874026795634 -0.0158723199149893 0.824778693849736 0.00200000000000067 0.00100000000000033 0.0620000000000003 0.056

 4980 80 500 2 0.8 0.00199999999999978 0.266 0.302 0.108 0.999972013774488 0.00748142150893208 0.801515395157503 0.999845424329397 -0.0175820205769608 0.800505061065431 0.999971969558433 0.0074873291251529 0.801184474422277 0.999845439969428 -0.0175811311451202 0.800189896850618 0.00299999999999923 0 0.0579999999999998 0.0549999999999997

 4988 88 500 2 0.8 0.00300000000000011 0.286 0.256 0.106999999999999 0.999999522509341 -0.000977231338911665 0.79691706301565 0.999857464565742 -0.0168834401757157 0.802624852194167 0.999999515081433 -0.000984802974234989 0.796688901022265 0.999857331816544 -0.0168912999115275 0.802252752350095 0.00199999999999978 0.00100000000000033 0.0570000000000004 0.0729999999999995

 4987 87 500 2 0.8 0.00300000000000011 0.275 0.259 0.106999999999999 0.999781031724688 -0.0209257880023205 0.811587246671088 0.999872540380201 -0.015965681746926 0.785456800202644 0.99978115745857 -0.0209197798937233 0.810920116186678 0.999872599995157 -0.0159619478424464 0.785362727500353 0.00100000000000033 0 0.0640000000000001 0.0650000000000004

 4986 86 500 2 0.8 0.00199999999999978 0.29 0.287 0.107 0.999975711227122 -0.00696971705389653 0.790209878349563 0.999964463114238 -0.00843045127219843 0.798093984464855 0.999975775820197 -0.00696044343375229 0.790067513456836 0.99996439971892 -0.00843796745548026 0.797818763570563 0.000999999999999446 0.00100000000000033 0.0590000000000002 0.0680000000000005

 4985 85 500 2 0.8 0.00300000000000011 0.287 0.271 0.108000000000001 0.999911901395848 0.0132736372912234 0.800214173175249 0.999427537759629 0.0338318898042131 0.790554125476035 0.999911920702484 0.0132721828298439 0.79990056947387 0.999427523919779 0.0338322986446177 0.790415851654448 0.00199999999999978 0 0.0599999999999996 0.0590000000000002

 4990 90 500 2 0.8 0.00200000000000022 0.268 0.275 0.106 0.999958301594111 -0.00913209028756831 0.775240672327838 0.999877761257662 -0.0156352979621906 0.783075585609191 0.999958388011285 -0.00912262275184861 0.77534414166499 0.999877811026019 -0.0156321149501726 0.783003007912762 0.00199999999999978 0.00100000000000033 0.0569999999999995 0.0520000000000005

 4992 92 500 2 0.8 0.00200000000000022 0.269 0.283 0.106 0.999995402955361 -0.00303217218267317 0.807024243571676 0.999968438934347 -0.00794488106930708 0.783968014312507 0.999995438051541 -0.00302057545936004 0.806547919717194 0.999968410620439 -0.00794844395050255 0.783887463127604 0.00199999999999978 0.00100000000000033 0.0670000000000002 0.0540000000000003

 4989 89 500 2 0.8 0.00300000000000011 0.269 0.286 0.106999999999999 0.999877189149338 0.0156718415899397 0.806442277871278 0.999901878614881 0.0140083240407719 0.814950239499089 0.999877456917591 0.0156547484173543 0.805952364782335 0.999901870995286 0.0140088679102111 0.814135093899836 0.00200000000000067 0.00100000000000033 0.0700000000000003 0.0629999999999997

 4991 91 500 2 0.8 0.00300000000000011 0.268 0.269 0.106999999999999 0.999999179723002 -0.00128084086554189 0.818490670370729 0.999969113192979 0.00785955851470162 0.793707690465576 0.999999227574194 -0.00124292035740454 0.819174455979157 0.99996904396832 0.00786836101640318 0.793512841994947 0.00199999999999978 0.000999999999999446 0.0800000000000001 0.0559999999999992

 4994 94 500 2 0.8 0.00299999999999967 0.268 0.279 0.107 0.999997192142441 0.00236974834841947 0.807072252701943 0.999999998247104 -5.92097229712865e-05 0.801304161538135 0.999997218813055 0.00235846690781145 0.806583382135279 0.999999998326742 -5.78490843124226e-05 0.800987703868878 0.00199999999999978 0.00100000000000033 0.0700000000000003 0.056

 4993 93 500 2 0.8 0.00200000000000022 0.271 0.291 0.106 0.99988162291541 -0.0153863626645979 0.796531932898406 0.999951464858986 0.00985230563712025 0.784968309611785 0.999881629233174 -0.0153859520996741 0.796294163495448 0.999951436215301 0.00985521237506759 0.784885606514091 0.00200000000000067 0.00100000000000033 0.0599999999999996 0.0509999999999993

 4996 96 500 2 0.8 0.00300000000000011 0.273 0.269 0.108000000000001 0.999988645496045 -0.00476538340387375 0.819333334370158 0.999961851429976 0.00873474010687873 0.795525509730399 0.999988528471019 -0.00478987748954666 0.819945437752511 0.999961971069458 0.00872103290235561 0.795307963298175 0.00199999999999978 0 0.0629999999999997 0.0650000000000004

 4995 95 500 2 0.8 0.00199999999999978 0.28 0.287 0.11 0.999997478292771 -0.00224575334791242 0.814039511374983 0.999972426195902 -0.00742609236956354 0.789379522046916 0.999997401468171 -0.00227970544300885 0.813275365690923 0.9999724531529 -0.00742246154394103 0.789252994887231 0.00199999999999978 0.00100000000000033 0.0629999999999997 0.0609999999999999

 4997 97 500 2 0.8 0.00200000000000022 0.279 0.279999999999999 0.106999999999999 0.999874894285323 -0.0158175781304939 0.784294845630909 0.999971821836992 0.00750703217040832 0.788933568916129 0.999874893793541 -0.0158176092174412 0.784211281090764 0.999971795536507 0.00751053470091199 0.788801841502896 0.00199999999999978 0.00100000000000033 0.0579999999999998 0.0590000000000002

 4999 99 500 2 0.8 0.00300000000000011 0.276 0.295999999999999 0.106999999999999 0.999777086003155 0.0211134626018643 0.795578090803104 0.999428014353292 -0.0338178078212669 0.818085673066559 0.999777036421608 0.0211158102858199 0.795364456842845 0.999427662462143 -0.0338282057676283 0.818727973390394 0.00199999999999978 0 0.0590000000000002 0.0620000000000003

 4998 98 500 2 0.8 0.00300000000000011 0.278 0.269 0.114 0.999983221739862 -0.00579277470351899 0.810633769291603 0.999889416278394 -0.0148712882580348 0.785248811822767 0.999983427193041 -0.00575719890754175 0.810027805182721 0.999889439646909 -0.0148697169640046 0.78515417457504 0.00199999999999978 0 0.0700000000000003 0.0580000000000007

 5000 100 500 2 0.8 0.00199999999999978 0.279 0.279 0.115 0.999990602232849 0.00433537149325683 0.799223213739111 0.999951593356049 0.00983925529194107 0.810776145681863 0.999990603197636 0.00433514895113254 0.798933518679572 0.999951673413697 0.00983111576312676 0.810151752873918 0.00199999999999978 0.00100000000000033 0.069 0.0610000000000008

 5001 1 1000 2 0.8 0.004 0.31 0.546 0.219 0.999997858529893 -0.00206952545963374 0.806313568291746 0.999985754102415 -0.00533775160756535 0.814232287778123 0.999997860281261 -0.00206867902298335 0.805872346637823 0.99998577074814 -0.00533463225058026 0.81347575056088 0.00199999999999978 0.00100000000000033 0.0910000000000002 0.0979999999999999

 5002 2 1000 2 0.8 0.00300000000000011 0.314 0.532 0.220000000000001 0.999870758374861 0.0160768948146157 0.792643534310963 0.999998350104176 -0.00181653211556769 0.807374760649018 0.999870956813022 0.0160645486028013 0.792474911465043 0.9999983551544 -0.00181374984323902 0.8068620780189 0.00200000000000067 0.00100000000000033 0.0890000000000004 0.101

 5003 3 1000 2 0.8 0.00299999999999967 0.313 0.54 0.218999999999999 0.999994129521181 -0.00342650305356025 0.819804026498842 0.999999999722637 2.35526118232421e-05 0.801578340204046 0.999994135072416 -0.00342488259237441 0.820391868503299 0.99999999965789 2.61575853979094e-05 0.8012371090375 0.00299999999999923 0 0.105 0.0979999999999999

 5004 4 1000 2 0.8 0.004 0.309 0.542 0.219 0.999976457192225 -0.00686185552799331 0.801541006069147 0.999956926018764 0.009281492719623 0.80548157624532 0.999976488025584 -0.00685736071815408 0.801188781626799 0.999956933276506 0.00928071076189942 0.805059828491702 0.00199999999999978 0.000999999999999446 0.0969999999999995 0.0960000000000001

 5006 6 1000 2 0.8 0.004 0.315 0.577 0.224 0.999999514324159 0.000985571634254618 0.810530005194648 0.999963602102788 -0.00853196751149723 0.786091822149116 0.999999535400516 0.000963949559364968 0.809922145978436 0.999963616962348 -0.00853022576360319 0.785993381929364 0.00199999999999978 0.00100000000000033 0.0969999999999995 0.0860000000000003

 5005 5 1000 2 0.8 0.00300000000000011 0.309 0.58 0.221 0.999965593628002 -0.00829527336480405 0.79122451866305 0.999972100189517 0.0074698622856021 0.812049532162375 0.999965529073944 -0.00830305147919409 0.791071335462821 0.999971992175203 0.00748430792760551 0.81135794067542 0.00199999999999978 0 0.0899999999999999 0.100000000000001

 5007 7 1000 2 0.8 0.00300000000000011 0.313 0.562 0.225 0.999991202621911 0.00419460114713007 0.807622364017037 0.999990450852954 -0.00437014907140081 0.801062951594688 0.999991190763777 0.00419742716949026 0.80713457039498 0.999990482509876 -0.0043628992270435 0.800742325977263 0.00199999999999978 0.000999999999999446 0.093 0.0890000000000004

 5008 8 1000 2 0.8 0.00199999999999978 0.317 0.545 0.227 0.999901888015974 0.0140076529829597 0.808782019139229 0.999723486934305 0.0235148819242992 0.807102230767661 0.999901999024848 0.0139997266441939 0.808242468439416 0.999723399470102 0.0235186001271993 0.806619496147084 0.00200000000000067 0.000999999999999446 0.0960000000000001 0.0910000000000002

 5016 16 1000 2 0.8 0.004 0.313 0.538 0.232 0.999969997458006 -0.00774623675317701 0.800148283470985 0.999961238475652 -0.00880463209000675 0.780494668903819 0.999970010062535 -0.00774460945002689 0.799838140998778 0.999961229025881 -0.00880570525558776 0.78044051218457 0.00199999999999978 0.000999999999999446 0.0969999999999995 0.0819999999999999

 5012 12 1000 2 0.8 0.004 0.314 0.542 0.232 0.999603533786165 0.0281562647062993 0.794227641583499 0.999995908426053 -0.0028606172676864 0.796466503046652 0.999603346273393 0.0281629209961351 0.794028268919943 0.999995916467806 -0.00285780470180312 0.7962393015709 0.00199999999999978 0.000999999999999446 0.0960000000000001 0.0869999999999997

 5011 11 1000 2 0.8 0.00299999999999967 0.312 0.575 0.233 0.999988114116458 -0.00487561542878503 0.798207519486124 0.999995833452428 -0.00288670708307891 0.805408181376619 0.999988128936776 -0.00487257483538968 0.797943497693549 0.999995862011792 -0.00287679670698636 0.804972198491289 0.00199999999999978 0.000999999999999446 0.0969999999999995 0.0900000000000007

 5015 15 1000 2 0.8 0.004 0.315 0.556 0.233 0.99998743690151 -0.00501258806896679 0.809755014139398 0.999979022692716 -0.00647720422100552 0.799813468806563 0.999987385718089 -0.00502278853832434 0.809171755956346 0.999978955478721 -0.00648757271145805 0.79952313342925 0.00200000000000067 0.00100000000000033 0.103000000000001 0.0869999999999997

 5013 13 1000 2 0.8 0.00300000000000011 0.317 0.549 0.241 0.999994333836563 -0.003366347392861 0.80952484962346 0.99999973045681 0.00073422497044417 0.806770061203848 0.999994389788523 -0.00334968528083132 0.808931858672321 0.99999973949724 0.000721807074174675 0.806293525986496 0.00199999999999978 0 0.11 0.0900000000000007

 5009 9 1000 2 0.8 0.00300000000000011 0.315 0.557 0.235 0.999995533795215 -0.00298871036131107 0.808591286017149 0.999975755720818 -0.00696333042291367 0.802041531066407 0.999995521338341 -0.00299287541673298 0.808048803161249 0.999975858716735 -0.00694852385240526 0.801698229749678 0.00200000000000067 0.00100000000000033 0.104 0.0899999999999999

 5014 14 1000 2 0.8 0.00300000000000011 0.315 0.552999999999999 0.233000000000001 0.999933735887477 -0.0115118996743839 0.792625093300443 0.999796276294428 0.0201842985460169 0.799360589096728 0.999933772455326 -0.0115087229204378 0.792445457752325 0.999796273672304 0.0201844284282652 0.799063228377566 0.00199999999999978 0 0.0979999999999999 0.0899999999999999

 5010 10 1000 2 0.8 0.004 0.321 0.558000000000001 0.234 0.999699988215138 -0.0244935412436132 0.794865601586181 0.99999995700099 0.000293254185728685 0.799798397362811 0.999700024231051 -0.024492071215723 0.794660904411128 0.999999950838672 0.000313564432916386 0.799508337231066 0.00199999999999978 0.000999999999999446 0.093 0.0870000000000006

 4920 20 500 2 0.8 0.00199999999999978 0.266 0.285 0.107 0.999985866062721 0.00531673535073324 0.821206260101077 0.999948624984641 -0.0101364387891292 0.804898641678382 0.999986011359239 0.00528933699427929 0.821694984733653 0.999949084956439 -0.0100909610434954 0.804494447271227 0.000999999999999446 0 0.0590000000000002 0.0549999999999997

 5019 19 1000 2 0.8 0.00200000000000022 0.292 0.525 0.219 0.999950704045808 -0.00992922344861963 0.810873274668144 0.999990899534181 0.00426624528365144 0.800319511036235 0.999950719465071 -0.00992767048645491 0.810233830386472 0.999990876080329 0.00427173923558931 0.800005481164454 0.00199999999999978 0.000999999999999446 0.103000000000001 0.0899999999999999

 5018 18 1000 2 0.8 0.00300000000000011 0.292 0.526 0.218 0.999922514401212 -0.0124485016591886 0.798780462291912 0.999977774046945 -0.00666718922161926 0.808329938103641 0.999922485572068 -0.0124508171369338 0.798495974661886 0.999977811423814 -0.00666158089645009 0.807794178378764 0.00100000000000033 0.00100000000000033 0.0940000000000003 0.093

 5020 20 1000 2 0.8 0.00200000000000022 0.293 0.545 0.219 0.999906444954049 0.0136784991631439 0.804595143278403 0.999840147594659 -0.0178795765579314 0.805065414277994 0.999906326448304 0.0136871592618234 0.804182362755989 0.999840648834439 -0.0178515248180346 0.804639700012157 0.00199999999999978 0.00100000000000033 0.0919999999999996 0.0909999999999993

 5017 17 1000 2 0.8 0.00200000000000022 0.291 0.555 0.22 0.999905254352026 -0.0137652576877246 0.815164915347471 0.999708833266127 -0.0241298298725776 0.808522554927266 0.99990518704691 -0.0137701458483335 0.814394230539135 0.999709077699065 -0.024119700787637 0.807981409039875 0.00199999999999978 0 0.093 0.0920000000000005

 5023 23 1000 2 0.8 0.00300000000000011 0.291 0.537 0.214 0.999999966118056 -0.000260314976126461 0.792947882804139 0.999989957804369 0.0044815500016129 0.785684992749084 0.999999967518118 -0.000254879896998097 0.792767678844499 0.999989958124485 0.00448147857205148 0.785592515596314 0.00199999999999978 0.00100000000000033 0.0880000000000001 0.0830000000000002

 5022 22 1000 2 0.8 0.00300000000000011 0.288 0.542 0.214 0.99999954713974 0.000951693393490431 0.794356738794508 0.999920802543897 0.0125852548630502 0.807198657700736 0.999999549068774 0.000949664282540615 0.794163563370343 0.999920601142176 0.0126012464252422 0.806714623144479 0.00199999999999978 0.00100000000000033 0.0869999999999997 0.0909999999999993

 5021 21 1000 2 0.8 0.00299999999999967 0.294 0.544 0.214 0.999959538588266 -0.00899562039779466 0.801747180690055 0.99999901381922 -0.00140440755758363 0.807895959692204 0.999959545191056 -0.00899488639703181 0.80140261118705 0.999998996107072 -0.00141696324874394 0.807399466676696 0.00199999999999978 0.000999999999999446 0.0920000000000005 0.0890000000000004

 5024 24 1000 2 0.8 0.00200000000000022 0.293 0.531 0.214 0.999993080088131 -0.00372018492195322 0.811616745090768 0.999999891803534 0.000465180525101278 0.79558642098879 0.999993078941413 -0.00372049314914163 0.810962477651458 0.999999892030538 0.00046469227684452 0.795372203170976 0.00200000000000067 0.00100000000000033 0.0949999999999998 0.0860000000000003

 5025 25 1000 2 0.8 0.00300000000000011 0.292 0.53 0.215 0.999974427862374 -0.00715147686275967 0.80237217606119 0.999949346297968 0.0100650304652506 0.787841842710267 0.999974528739686 -0.00713735748321084 0.802012454216233 0.999949339681076 0.0100656878244528 0.787726893787454 0.00199999999999978 0.000999999999999446 0.0919999999999996 0.0840000000000005

 5026 26 1000 2 0.8 0.00299999999999967 0.295 0.559 0.215 0.999956589218163 0.00931770782851828 0.8151384934288 0.999967030136048 -0.00812026113447919 0.799613882315977 0.999956864493669 0.00928811886176327 0.814355861586523 0.999967104902501 -0.00811104881690638 0.799314921853291 0.00199999999999978 0.00100000000000033 0.0940000000000003 0.0899999999999999

 5027 27 1000 2 0.8 0.00299999999999967 0.294 0.535 0.222 0.999993064819093 -0.00372428700799569 0.804809952561613 0.99962437117343 0.027406505726296 0.797640917383532 0.999993123968863 -0.00370837093550616 0.804392687331624 0.999624518449426 0.0274011334574639 0.797392252334663 0.00199999999999978 0.00100000000000033 0.0910000000000002 0.085

 5028 28 1000 2 0.8 0.00300000000000011 0.295 0.531000000000001 0.221 0.999993757049797 -0.00353353384455837 0.806582423313141 0.99996641376447 -0.00819581252985988 0.808165434433316 0.999993755876227 -0.00353386595067349 0.806109262314352 0.999966489658648 -0.00818654748730257 0.807646850234888 0.00199999999999978 0.00100000000000033 0.0919999999999996 0.0890000000000004

 5029 29 1000 2 0.8 0.00300000000000011 0.292 0.531 0.217000000000001 0.999880626413904 -0.015450984503905 0.803978378651018 0.999999022604938 -0.00139813775048844 0.799236573642892 0.999880539980047 -0.01545657689173 0.803581155474079 0.999999015219738 -0.00140340997377368 0.798954791532541 0.00200000000000067 0.00100000000000033 0.0910000000000002 0.0889999999999995

 5031 31 1000 2 0.8 0.00300000000000011 0.293 0.516999999999999 0.217 0.999938524357233 -0.011088169654163 0.808495458051903 0.999996077680501 0.0028008255234212 0.815769491285162 0.999938401905048 -0.011099206979694 0.807966681008369 0.999996052513963 0.00280979652123309 0.814933791754382 0.00199999999999978 0.000999999999999446 0.0910000000000002 0.0950000000000006

 5030 30 1000 2 0.8 0.00300000000000011 0.294 0.544 0.218 0.999945428877077 -0.010446974099599 0.810667939661693 0.999958380919618 -0.00912340005788053 0.787199113807801 0.999945418378254 -0.010447978959477 0.810060776243363 0.999958417177712 -0.00911942517071796 0.787086427216825 0.00199999999999978 0.00100000000000033 0.093 0.0869999999999997

 5032 32 1000 2 0.8 0.00300000000000011 0.29 0.552 0.215999999999999 0.999999849223813 0.000549137826327435 0.809452371519649 0.999999993501701 0.000114002623106234 0.800228248133195 0.999999859294006 0.000530482767989626 0.808883911032405 0.999999995049605 9.95027087646137e-05 0.799917223533908 0.00200000000000067 0 0.0920000000000005 0.0899999999999999

 5033 33 1000 2 0.8 0.00300000000000011 0.297 0.531 0.217 0.99999438448382 -0.00335126853987487 0.805128346094524 0.999999946156134 0.000328158084983978 0.797852156025828 0.99999439976052 -0.00334670697825154 0.804699385102598 0.999999947045527 0.000325436541874272 0.797592431172161 0.00199999999999978 0.000999999999999446 0.0910000000000002 0.0869999999999997

 5035 35 1000 2 0.8 0.00299999999999967 0.293 0.513 0.217 0.999997490937535 -0.00224011576372087 0.812481058732119 0.999843197119546 0.0177082233373215 0.790933148535121 0.999997507855149 -0.00223255089334435 0.811787111028987 0.999843164865077 0.017710044398201 0.79078392768735 0.00199999999999978 0.00100000000000033 0.0949999999999998 0.0840000000000005

 5034 34 1000 2 0.8 0.00300000000000011 0.296 0.553 0.216 0.999989894451621 0.00449566398160046 0.794975867306173 0.999995559227439 -0.00298018881988152 0.803145668694754 0.999989943926282 0.00448464561704413 0.7947664021835 0.999995556132744 -0.00298122705667106 0.80276529784129 0.00199999999999978 0.00100000000000033 0.0909999999999993 0.0899999999999999

 5036 36 1000 2 0.8 0.00300000000000011 0.293 0.561 0.215 0.999803347940367 0.0198309214923047 0.807219595399579 0.999965633556941 0.00829045867649243 0.81206023629922 0.999803325613334 0.0198320471086161 0.806740520309946 0.999965665593768 0.00828659360736503 0.811417482024108 0.00199999999999978 0 0.0880000000000001 0.0880000000000001

 5037 37 1000 2 0.8 0.00300000000000011 0.298 0.544999999999999 0.215 0.999996287150415 -0.00272501107986968 0.808675213706768 0.999998105232307 -0.00194667197929689 0.788977782177172 0.999996282132843 -0.00272685175462096 0.80814026906982 0.999998114231334 -0.00194204371132458 0.788854278141424 0.00200000000000067 0 0.0910000000000002 0.0819999999999999

 5038 38 1000 2 0.8 0.00300000000000011 0.299 0.536999999999999 0.214 0.999819739230518 0.0189865490550465 0.808972132239282 0.999995603688334 0.00296523253795015 0.793909654717405 0.999819553156654 0.0189963450597425 0.808401247954484 0.999995598743263 0.00296689974604854 0.793726279326615 0.00199999999999978 0.000999999999999446 0.0949999999999998 0.0819999999999999

 5039 39 1000 2 0.8 0.00300000000000011 0.298 0.567 0.216 0.999877136027124 -0.0156752304670897 0.808042844540081 0.999903291310847 -0.0139071214036706 0.799040113772282 0.999877315206846 -0.0156637969455131 0.807508139681309 0.99990336468741 -0.0139018447263519 0.798761020398434 0.00199999999999978 0.00100000000000033 0.093 0.0839999999999996
