
 822 25 5000 5 0.95 19.09 1 0 1.237 0.999999043730067 0.000199964817513977 0.00105063759475955 -0.000777308465852337 -0.000405592428146176 0.949447943829417 0.999998321169672 0.00155008315526455 0.00074331036118534 -0.000168607203502288 0.000611523807480634 0.950190886207306 0.999999043211985 0.000199503615859972 0.00105086685486201 -0.000776889208242447 -0.000407302631674275 0.949550909504175 0.999998321169129 0.00155008486268488 0.000743308942844966 -0.000168602796896076 0.000611523306721962 0.950191467920704 1.539 1.728 89.317 69.601

 802 4 5000 5 0.95 19.261 0.823999999999998 0 1.644 0.999998016617096 0.00147730894190934 -0.000558351061783658 -0.000880621994535576 -0.000834906676470197 0.950326007217673 0.999998357995152 0.0011861160849646 -0.000174573998013149 -0.000341309121704129 -0.00131535836757724 0.950211138615565 0.999998016592796 0.00147706748965759 -0.000558262969413171 -0.000880961300673519 -0.000835063919150234 0.950307358150299 0.99999835800142 0.00118610912619814 -0.000174587453233435 -0.000341319761394902 -0.00131535533044321 0.950208981786041 1.612 1.436 86.576 75.015

 808 10 5000 5 0.95 15.471 0.690999999999999 0 1.426 0.99999811326175 -0.000169977343825055 -0.00143792133091789 -0.00124267862777472 0.000364297566559994 0.94928626095831 0.999997592446718 -0.000684668129937739 0.00196905684903399 0.000674886913129023 0.000116932031647426 0.950570244229131 0.999998114918175 -0.000168975921323762 -0.00143858925798025 -0.00124063905841491 0.000364531078435061 0.949409727705757 0.999997592589074 -0.000684621452080964 0.00196907241684783 0.000674690602171168 0.000116858600523452 0.95052829493893 1.322 1.832 76.721 89.775

 804 6 5000 5 0.95 18.733 1.159 0 1.205 0.999999448968803 0.000537697468864347 0.000245213754709793 -0.000101854814136529 0.000861649194520727 0.950882834816756 0.99999853518146 -0.00112500445903376 0.00101167740390613 -0.000269394779376704 -0.000753614746111159 0.950250461541359 0.999999448528555 0.000537928440305447 0.000244941851606551 -0.00010203396072895 0.000862072003857059 0.950837562534075 0.999998535018927 -0.00112502311558933 0.00101180082692945 -0.00026939726616305 -0.0007536359790537 0.950242731831948 1.233 1.34 89.931 79.887

 820 23 5000 5 0.95 18.685 0.873000000000001 0 1.205 0.999998908258578 0.000434548218835963 -0.000497103565333453 -0.000470562260584424 0.00123535772195925 0.950140024362068 0.999999207075845 0.000348205995946086 -0.000477958011117678 0.00107749146663274 -0.000274168825400035 0.950583991471818 0.999998908192259 0.000434590467860557 -0.000497110294458155 -0.000470553076239008 0.00123539733398385 0.950147953286901 0.999999207690188 0.000348271957899871 -0.000477489284218195 0.00107712137741505 -0.000274115233115035 0.950541774866003 1.276 1.602 80.828 88.426

 813 15 5000 5 0.95 18.634 1.248 0 1.208 0.999999583293067 -7.4710068378747e-06 -0.000466342358778553 -0.000721895375179182 -0.000307814469449911 0.950573085884887 0.999996726524401 -0.00208438697201824 -0.000992482804836506 0.00043442350315135 0.00101416247947435 0.95047843623913 0.999999583480186 -7.1169061416887e-06 -0.000466074945835707 -0.000721763963884825 -0.00030792812543213 0.950530966731052 0.999996727113797 -0.0020842936590056 -0.000992420944169716 0.000434044241818927 0.00101399600766884 0.950437694319192 0.954999999999998 1.558 90.527 82.898

 805 7 5000 5 0.95 19.724 0.733999999999998 0 1.372 0.999999604432207 -0.000370747599285724 0.000252242590681644 0.000381909702194588 -0.000666483533942215 0.950499704459435 0.99999910467044 -3.62108679106581e-05 0.000583555424257943 0.000491638089372787 0.00109868200428583 0.95004829833689 0.999999604239903 -0.000371331185693478 0.000251872049801119 0.000382075726731377 -0.0006664921585289 0.950458716563189 0.999999104742114 -3.62071940571287e-05 0.000583461199133593 0.000491621083482313 0.00109867454200953 0.95006900070554 1.629 1.607 89.062 80.823

 809 11 5000 5 0.95 18.635 1.592 0 1.204 0.999999662477688 0.00046537819424332 -0.000307348715826939 -0.000402534572831627 0.000449411094150218 0.949662880300033 0.999999552345279 -5.9655507639204e-05 0.000126397778166263 -0.00092396515785506 -0.000148534342288493 0.950054411964191 0.999999662557415 0.000465023799223813 -0.000307670445354882 -0.000402321349357356 0.000449571297984522 0.949736650889487 0.999999552455005 -5.94681407281407e-05 0.000126484746435039 -0.000923837525128484 -0.000148590598699739 0.950074413072359 1.581 1.655 88.156 81.348

 814 16 5000 5 0.95 18.635 1.265 0 1.192 0.999997689288094 -0.000484455340525542 0.00125699873866239 0.000506928308715633 0.00159677780432906 0.950717616530648 0.999998812910923 -0.000140959678158147 5.67239175525483e-05 -0.0004376252022669 0.00146954880629271 0.949884188393994 0.999997689283791 -0.000484884088148647 0.00125712740287264 0.00050731401307251 0.00159642653584612 0.950674506813497 0.999998813173467 -0.000140930160426124 5.70136070297647e-05 -0.000437789536534676 0.00146931280473695 0.949927768863236 1.125 1.554 90.074 83.767

 818 21 5000 5 0.95 19.135 0.797000000000001 0 1.326 0.99999933630329 0.000465698075683789 0.000624364072426571 -0.000830936252003914 0.000173875623241661 0.949740423630055 0.999997604415145 0.000214819194926349 -0.00157708349913374 -0.00149315546431905 0.000168258968486608 0.949550804472211 0.99999933674641 0.000465703689540785 0.000624301906944154 -0.000830448677149408 0.00017386471025158 0.949803141290748 0.999997603449953 0.000214163801258056 -0.00157745796093464 -0.00149356610203731 0.000167674977163513 0.949639412195786 1.613 1.61 86.868 85.009

 819 22 5000 5 0.95 18.985 0.829000000000001 0 1.369 0.999999406207148 0.000897881984784107 2.25220518867644e-05 -0.000367466355564077 -0.000495837198188501 0.949794185725676 0.999998014249592 0.00135823332877977 -0.000579713348926106 0.00115127503038973 0.000682053762070743 0.949533128621547 0.999999406374996 0.000897499493281831 2.30779310860989e-05 -0.000368032582871115 -0.000495745643361644 0.949850109456108 0.999998013584079 0.0013587886669053 -0.00057914009598451 0.00115171498972147 0.000681667504054279 0.949624364442353 1.319 1.618 88.814 84.877

 806 8 5000 5 0.95 19.055 0.73 0 1.204 0.999997867330291 -0.000956560359369259 0.000284352004490786 -0.00160476461696589 0.000833187620677142 0.94850373098359 0.999999348472164 -1.86379629910992e-05 3.69643470616865e-05 -0.000868940220509605 0.000739110548926442 0.949868683429085 0.99999787162127 -0.000955110771543078 0.000284223785063017 -0.00160323559220722 0.000832687708922823 0.94872569422043 0.999999348683814 -1.86414255971952e-05 3.68258113878149e-05 -0.000868897097281411 0.00073888168077209 0.949913937680816 1.067 1.733 90.812 83.415

 821 24 5000 5 0.95 18.823 0.856999999999999 0 1.212 0.999998934358317 -0.00120720396101975 0.000305234404739846 1.94049165538239e-06 0.000762082029424222 0.950696958899464 0.999999787614831 3.02686293708353e-05 0.000241675028235802 -0.000362567975805805 0.000483726933689038 0.949368459821725 0.999998934055594 -0.00120751759179458 0.000304565732583159 2.10246130406655e-06 0.000762249456912687 0.950653576429148 0.999999788028887 3.03871633435573e-05 0.000241490846480676 -0.000363450678299389 0.000482290966514337 0.949481673309239 1.144 1.354 89.378 86.453

 807 9 5000 5 0.95 17.46 0.737000000000002 0 1.613 0.99999883106797 -0.000646258523566944 -0.00027824992601562 -0.00109786367697048 -0.000798426540295294 0.948997211165192 0.999998961787 3.3935116388522e-05 0.00097807389783107 -0.000993349883874788 0.000363181482894355 0.950693385038682 0.999998830107743 -0.000646440983670836 -0.000280140288003762 -0.00109831109211271 -0.000798205088984192 0.949157001133661 0.999998961801175 3.37186540616419e-05 0.000977949486881211 -0.000993678185836715 0.000362599073330801 0.95065093863279 1.634 1.67 88.731 86.495

 812 14 5000 5 0.95 18.921 0.805 0 1.203 0.999998339517073 0.000169296342829799 0.000281705627139066 0.00124693717786631 0.00128766900213318 0.950669044856976 0.999999027133172 0.000755354872862272 0.000775286137861011 8.55324952795181e-05 -0.000875663931951431 0.950392897650441 0.999998338881202 0.000169144608213278 0.000281408727390922 0.00124697051106123 0.00128821528086713 0.950625433118077 0.999999026630594 0.000755371607795074 0.000775750330579978 8.5488032253898e-05 -0.000875816658530064 0.950364679558256 0.974 1.659 90.614 83.616

 810 12 5000 5 0.95 19.58 0.983000000000001 0 1.578 0.999997858493144 0.00118611585607734 -0.0015035601207374 -0.000782994203225065 -4.86347847074778e-05 0.94950718592527 0.999998965544411 -0.000859133033936104 -0.00043154512891489 0.000210409445725 0.00104895052530225 0.949198947668376 0.999997858567849 0.00118610479417562 -0.00150366085711466 -0.000782703650778042 -4.89301039109835e-05 0.949601473711158 0.999998965817905 -0.000859655383841503 -0.000431475621985826 0.000209588504022732 0.0010484546666154 0.949333898370955 1.534 1.622 88.166 86.994

 817 19 5000 5 0.95 18.837 0.814 0 1.744 0.999997943309389 7.26383162289517e-05 -0.00112138446086875 0.00138594818140061 0.00096423295712806 0.949162384694907 0.999999144473974 0.000511733995406525 0.000633400448521203 0.000806559428553979 0.000630432707360997 0.950375622099814 0.999997945765277 7.34613413501167e-05 -0.00112049637358678 0.00138605863892119 0.000962495705839661 0.9493037263117 0.999999144006571 0.000512125370360817 0.000633543183881011 0.000806681572820383 0.00063055658251322 0.950349576449873 1.276 1.372 90.944 80.896

 803 5 5000 5 0.95 19.913 0.773 0 3.079 0.999999677389537 0.000288371008990244 -0.000433508808584861 -9.35685951212378e-05 -0.000604465064347417 0.948790935079627 0.999999064526109 -0.00038899501273181 0.000245167266171585 -0.00109657254103504 0.000676055812447161 0.950245644107949 0.99999967550532 0.000290288296745089 -0.000432994135353935 -9.46170916205563e-05 -0.000606865424312951 0.948977762215628 0.999999064586777 -0.000388909222149185 0.000245147644097302 -0.00109655978030858 0.000676043244167385 0.95023853093294 1.763 1.566 90.67 80.598

 816 18 5000 5 0.95 18.695 1.104 0 1.199 0.999999039738155 -0.000332672913380815 0.000857050857272032 -8.92677049882147e-05 0.0010331246802262 0.949843248071489 0.999999001870768 0.000210321508185383 0.0002337261027676 -0.00137506526103924 -8.11786124393154e-05 0.95069644493036 0.9999990398444 -0.000332476560848659 0.000857194111888804 -8.95330594747409e-05 0.0010329432221567 0.949892502960796 0.99999900217902 0.000210364273162387 0.000234137679545069 -0.00137477672523195 -8.09712200376015e-05 0.950652903987229 1.648 1.407 86.737 86.856

 801 3 5000 5 0.95 18.313 0.868000000000002 0 1.203 0.99999903305842 -0.000658610939454909 -0.000525193178919398 -3.64834146983556e-05 -0.00110587293128203 0.949180998552847 0.99999910475165 0.000692639680280819 0.000116508401806704 0.000270445359924377 -0.00110635946801154 0.949532207879977 0.999999032445276 -0.000659373966187818 -0.000525021319037217 -3.59154281835095e-05 -0.00110607286426092 0.949318955429551 0.999999105587154 0.000692857587968765 0.000116345720704686 0.0002691994470266 -0.00110578867168415 0.949623033166343 1.459 1.725 90.008 84.628

 824 27 5000 5 0.95 18.631 0.967000000000002 0 1.201 0.999999532857757 -0.00037165709315588 2.86551885528675e-05 -0.000593577525659741 -0.000665582356237714 0.948791423417819 0.999999721720273 -0.000305594071127596 -1.1203349368078e-05 0.000599162710240581 -0.000322568089717801 0.949009573064668 0.999999531692197 -0.000372153856100234 2.79320365599967e-05 -0.00059507904960853 -0.000665745913057954 0.948976217096248 0.999999720227195 -0.000305202121193313 -1.08048446784549e-05 0.000600505936287608 -0.000325073948867804 0.949169944478683 0.942 1.628 91.19 87.213

 815 17 5000 5 0.95 19.009 0.835999999999999 0 3.415 0.999999459623229 -0.000767085889846025 0.000650431602501276 0.000173156219926843 -0.000198212365631846 0.949603155378377 0.99999923848201 -0.00035281636509975 -0.000742978154080969 0.000916348990678683 8.2728488762095e-05 0.948934327145137 0.999999459662427 -0.000766908664774612 0.000650487961942585 0.000172796867389814 -0.000198828088043921 0.94968496247586 0.999999240656516 -0.000349857610992874 -0.000742288593155676 0.000915802848014023 8.1233186479801e-05 0.949102894682502 1.577 1.571 85.871 85.41

 823 26 5000 5 0.95 18.437 0.866 0 1.91 0.99999811057454 -0.00131352065417178 -0.000409514601714322 0.000316706411897229 -0.00133622815442217 0.949589117819344 0.999998227597438 0.000167926060289036 -0.00146056575239572 -0.00115677398809037 0.000212660395539983 0.948990357493676 0.999998112478601 -0.00131295114805868 -0.000409122825910418 0.000316869170090236 -0.00133544410588722 0.949673334285348 0.999998224718496 0.000168557269082247 -0.00146224718942949 -0.00115716749282816 0.000212002011994149 0.94915072256536 1.7 1.386 89.378 83.119

 811 13 5000 5 0.95 19.114 0.704000000000001 0 1.338 0.999997267045045 -0.00105156692771174 0.00198888751566167 -0.000514500941369379 0.000373797630401522 0.948947346211686 0.999999683566104 -0.000220320588264961 0.000110581862417283 -0.000653603818940151 0.000380657627598924 0.949276948816233 0.99999726252099 -0.00105008169960896 0.00199106333424031 -0.000515518215819509 0.000377076542544266 0.94911588855225 0.999999683037844 -0.00021977431164575 0.000111585613928987 -0.000654472773288218 0.000380575226013586 0.94940300312976 1.407 1.206 89.51 84.899
