
 5640 40 1000 3 0.8 0.00299999999999967 0.3 1.747 0.138 0.999946503084534 0.00793474553625346 -0.00663556947717273 0.799106849549966 0.99998884122387 -0.00187261211704182 -0.00433713633651844 0.809403002622494 0.999946551032645 0.00793291418958965 -0.00663053168148231 0.798961180179327 0.999988894707336 -0.00186281795905843 -0.00432901504412481 0.809100328192594 0.00199999999999978 0.000999999999999446 0.0660000000000007 0.0659999999999998

 5657 57 1000 3 0.8 0.00700000000000012 0.314 1.914 0.148 0.999915616911851 -0.000338732747242046 0.0129863126374764 0.796646285601519 0.999962031787545 0.00696548778546922 -0.00523612101040172 0.795247759597395 0.999915661676741 -0.000340479176074825 0.0129828197051097 0.796524915600024 0.999961998199005 0.00696834252469098 -0.00523873651863284 0.79513885687508 0.00199999999999978 0.000999999999999446 0.0730000000000004 0.0670000000000002

 5650 50 1000 3 0.8 0.00500000000000034 0.316 1.939 0.148000000000001 0.999978576668213 0.00603924817139731 -0.00252461603778339 0.804856418223383 0.999938641062863 -0.00114138065162596 -0.0110186822970719 0.796873214184701 0.999978525714901 0.00604464964088157 -0.00253186093076326 0.804641244842942 0.999938651891067 -0.00114364303835531 -0.0110174649932311 0.796749175687642 0.00199999999999978 0.00200000000000067 0.0739999999999998 0.0690000000000008

 5659 59 1000 3 0.8 0.00499999999999989 0.305000000000001 1.865 0.149 0.999975589550194 -0.00647760153529474 -0.00261934764640378 0.795909358433909 0.999980596692026 -0.00205278256096964 -0.00588152388552776 0.792683149050418 0.999975583267542 -0.00647855574987811 -0.00261938621341375 0.795793869922248 0.999980614330472 -0.00205271495605122 -0.00587854782761747 0.792596410028881 0.00200000000000067 0.00100000000000033 0.0720000000000001 0.0649999999999995

 5663 63 1000 3 0.8 0.00400000000000045 0.308 1.848 0.147 0.999891897061819 -0.00024866326205726 0.0147014406334764 0.806035210659979 0.999997079668388 -0.00236812164179635 -0.000482342809620052 0.795398174908762 0.999891949188553 -0.000248274506208365 0.0146979014721814 0.805799539066109 0.99999707668381 -0.00236884336707385 -0.000484979315155377 0.795287699847987 0.00199999999999978 0.00100000000000033 0.0739999999999998 0.0660000000000007

 5653 53 1000 3 0.8 0.00399999999999956 0.303 1.826 0.148000000000001 0.99999555665824 0.00286268672324351 -0.000831678123715063 0.809890176851159 0.999927017581857 0.00633777335190916 0.010285530554714 0.808002118990551 0.999995525881453 0.0028726583742353 -0.000834296674694218 0.809583061556692 0.999927046198502 0.00632926379501881 0.0102879881683102 0.807733423730457 0.00300000000000011 0.00100000000000033 0.0760000000000005 0.0729999999999986

 5651 51 1000 3 0.8 0.00300000000000011 0.311 1.919 0.148000000000001 0.999912069491221 0.00881238467871731 0.00990934720643935 0.791580775244613 0.999937916375585 0.00247917711314968 0.0108635664168995 0.801128289095779 0.999912057353319 0.0088149751806336 0.00990826786161885 0.791497927869266 0.99993799423322 0.00247796524552762 0.0108566743106458 0.800957939612655 0.00199999999999978 0.00199999999999978 0.0729999999999995 0.0709999999999997

 5645 45 1000 3 0.8 0.00300000000000011 0.305 1.883 0.148 0.999933607831714 0.0108887463585822 -0.00377029592883914 0.800185396788151 0.999795788795667 0.0028041234948489 0.020012935763563 0.814249223167296 0.999933564064984 0.0108947868234781 -0.00376444901277381 0.800026909625001 0.999795928032047 0.00280253589633671 0.0200062011158149 0.813852572978162 0.00199999999999978 0.00100000000000033 0.0740000000000007 0.0730000000000004

 5668 68 1000 3 0.8 0.00399999999999956 0.302 1.912 0.146 0.999979078124005 -0.00534528124344643 0.00364297717441069 0.805848845928625 0.999881336868326 0.0142162140977626 -0.00593392274433673 0.802461774426085 0.99997904803679 -0.0053465511113152 0.00364936688330882 0.805610655683993 0.999881351048168 0.0142153733679957 -0.00593354751383878 0.80227426814118 0.00199999999999978 0.000999999999999446 0.0749999999999993 0.0700000000000003

 5656 56 1000 3 0.8 0.00399999999999956 0.303999999999999 1.915 0.146 0.999913955755197 0.00720201940887264 -0.0109641234226691 0.807113559136534 0.999990655197603 -0.0030762037043621 -0.00303751349585152 0.808450864546617 0.999914102508954 0.00719412533605259 -0.0109559191472522 0.806857476222767 0.999990659529161 -0.00307058725229358 -0.00304176730854968 0.808178282808889 0.00199999999999978 0.000999999999999446 0.0749999999999993 0.0700000000000003

 5644 44 1000 3 0.8 0.00399999999999956 0.302 1.922 0.146 0.999964585038654 0.0061492266871112 0.00574592722046019 0.80630813902068 0.999968126155049 0.00611474742337216 -0.00513386189019408 0.80597175837217 0.999964539539626 0.00614921230277569 0.00575385534743542 0.806069235828052 0.9999681283708 0.00611690762786773 -0.00513085603684115 0.805739207072712 0.00300000000000011 0.00199999999999978 0.0729999999999986 0.0690000000000008

 5641 41 1000 3 0.8 0.00499999999999989 0.311 1.958 0.144 0.999990353505839 0.00336482183478119 0.00282327279699948 0.799932850409519 0.999890407115728 0.0104120606503095 -0.0105243883887803 0.793006373831878 0.999990356926908 0.00336056099965389 0.00282713334717235 0.799775769100367 0.999890384637822 0.0104147255901695 -0.0105238871008161 0.792910290142307 0.00199999999999978 0.000999999999999446 0.0709999999999997 0.0700000000000003

 5648 48 1000 3 0.8 0.00300000000000011 0.3 1.928 0.145 0.999993942247449 0.00163583597016145 0.00307237840855778 0.796598478183192 0.999972168659453 0.0072106082092093 0.00191547272568951 0.798042315405767 0.999993944209548 0.00163624669743322 0.0030715209548895 0.796474751293086 0.999972161780323 0.00721195605688524 0.00191398908616617 0.797907845986253 0.00199999999999978 0.00199999999999978 0.0730000000000004 0.0679999999999996

 5665 65 1000 3 0.8 0.00400000000000045 0.301 1.923 0.145 0.999966357969652 -0.0076864032975496 -0.00286393667138062 0.798739509271962 0.999844015757044 -0.00911193601954477 -0.0151299959287213 0.802199469458242 0.99996635996671 -0.00768587064491577 -0.00286466880427157 0.798598136038229 0.999843987031012 -0.0091131836872902 -0.0151311427529637 0.802017816479624 0.00199999999999978 0.00200000000000067 0.0700000000000003 0.0679999999999996

 5646 46 1000 3 0.8 0.00399999999999956 0.304 1.978 0.145 0.999983977189346 -0.00300880983607374 -0.00479504201733286 0.797087905004331 0.999985961625338 -0.00165032087220686 0.00503517559447754 0.79209437072684 0.999983992551757 -0.00300789169295479 -0.00479241356844349 0.796961920283088 0.999985956021286 -0.00165372241745864 0.00503517252539927 0.792009761032236 0.00199999999999978 0.00199999999999978 0.0709999999999997 0.0670000000000002

 5647 47 1000 3 0.8 0.00400000000000045 0.303 1.954 0.143999999999999 0.999952054207928 -0.00832440530701355 -0.00515689457228577 0.80559503977909 0.999905612009808 0.00643936796917052 0.012136787525894 0.796698166389277 0.999952038112088 -0.00832876335171675 -0.00515297744139459 0.805361795313227 0.999905625971593 0.00643357032765235 0.0121387117601416 0.796576226582915 0.00199999999999978 0.000999999999999446 0.0729999999999986 0.0670000000000002

 5661 61 1000 3 0.8 0.00300000000000011 0.304 1.927 0.145 0.999940618348943 0.0107904272880197 -0.00152527206618102 0.799997586543284 0.999965645708654 0.000667353845844052 -0.00826208456256903 0.806243096244227 0.999940612720593 0.0107919268680731 -0.00151833673420442 0.799839026332984 0.9999657180497 0.000665335510382501 -0.00825348738456018 0.806009488767465 0.00199999999999978 0.00100000000000033 0.0730000000000004 0.0679999999999996

 5660 60 1000 3 0.8 0.00299999999999923 0.306999999999999 1.918 0.145 0.999984018399118 -0.00539502094045772 -0.00169017614583541 0.815336500596192 0.999734883207152 -0.00528788523777702 0.0224098542720521 0.801115497671928 0.999983958765646 -0.00540947796416863 -0.00167921396575821 0.814910140978774 0.999734848087784 -0.00528648097631851 0.0224117522247474 0.800943401110282 0.00199999999999978 0.00100000000000033 0.0749999999999993 0.0690000000000008

 5655 55 1000 3 0.8 0.004 0.32 2.074 0.149 0.999668960683293 0.0167493479700901 -0.0195301917287527 0.797367150495092 0.999989056198384 -0.00216661327945747 0.00414647686144162 0.806086101961839 0.999669031123671 0.0167484950918749 -0.019527317389162 0.79723960360317 0.999989057712163 -0.00216013765772252 0.00414948927473224 0.805849213232688 0.00199999999999978 0.00199999999999978 0.0719999999999992 0.0679999999999996

 5669 69 1000 3 0.8 0.00400000000000045 0.308 2.001 0.143 0.999953834764095 -0.00148925452924726 0.00949265302891135 0.815308631176267 0.999962811829017 -0.00151108095268667 0.00849067684933352 0.791983620856567 0.999953694998373 -0.00150005950208877 0.00950566571005091 0.814883061611907 0.999962824446686 -0.00151025986416788 0.00848933682625726 0.79189745986609 0.00200000000000067 0.00199999999999978 0.0749999999999993 0.0659999999999989

 5643 43 1000 3 0.8 0.00300000000000011 0.304 1.969 0.144 0.999980861126183 0.0060991722953405 0.00103801669056086 0.803327317843424 0.999956680835458 0.00356653081103157 0.00859745953805182 0.796399016099144 0.999980875807518 0.00609689941676483 0.00103722549683567 0.803129736712709 0.999956687997191 0.00356814286062216 0.00859595755080316 0.796281224143896 0.00199999999999978 0.000999999999999446 0.0719999999999992 0.0649999999999995

 5642 42 1000 3 0.8 0.00300000000000011 0.3 1.978 0.148 0.999764311441657 -0.0115604746022459 0.0183759896212548 0.805759845216213 0.999999160355725 -0.00128732094167889 0.000148635921379698 0.805425903395154 0.999764173221175 -0.0115625251035622 0.0183822184898968 0.805527472567361 0.999999146668437 -0.00129838380235094 0.00014443649215665 0.805202068363246 0.00199999999999978 0.000999999999999446 0.0730000000000004 0.0670000000000002

 5662 62 1000 3 0.8 0.00300000000000011 0.301 1.996 0.146 0.999979411777558 -0.00491855298994646 0.00412114759432976 0.806197219082183 0.999898197373066 0.00462308085612102 0.0134989634228502 0.790225821080911 0.999979383312333 -0.00492070605624917 0.00412548205602015 0.805960317525678 0.999898182442779 0.00462129101434785 0.0135006820934503 0.790153773909049 0.00199999999999978 0.000999999999999446 0.0719999999999992 0.0640000000000001

 5670 70 1000 3 0.8 0.00300000000000011 0.301 1.983 0.149 0.999955719237313 -0.00941023615576834 -8.37859259616384e-05 0.796446759946247 0.999890015587011 -0.00394243099334159 -0.0142973412657329 0.801892531239032 0.999955731017117 -0.00940897692648237 -8.46121782214181e-05 0.796324016099232 0.999889994490272 -0.00394167837144132 -0.0142990240877061 0.801714332317508 0.00199999999999978 0.00100000000000033 0.072000000000001 0.0650000000000013

 5666 66 1000 3 0.8 0.00399999999999956 0.303 1.983 0.147 0.999903577385935 0.0138831088065512 -0.000308578473459551 0.79912964256853 0.999779611534925 -0.0103176377893144 0.0182831810559097 0.797789870341267 0.999903609805334 0.0138809200569335 -0.000301921570115935 0.798987841947299 0.999779596111739 -0.0103211068082265 0.0182820664286496 0.797653507850115 0.00199999999999978 0.00100000000000033 0.0710000000000015 0.0670000000000002

 5671 71 1000 3 0.8 0.00300000000000011 0.303 1.991 0.146 0.999998887549793 0.00135173071274617 0.00063065303984674 0.79954878803047 0.999868599459863 -0.0156941140819187 -0.00405938386411285 0.80475900656212 0.999998889254975 0.00134984283676539 0.000631991402275433 0.799401002157413 0.999868480601655 -0.0157001234293325 -0.00406541801557076 0.804535796962538 0.00199999999999978 0.00100000000000033 0.0709999999999997 0.0680000000000014

 5667 67 1000 3 0.8 0.00499999999999989 0.301 2.017 0.148000000000001 0.999897472483464 0.0019113723700176 0.0141912359167016 0.794910923736171 0.999957628310646 -0.00756045450098739 0.00525177218520643 0.78532820561471 0.999897492765342 0.00191242152068169 0.0141896654474562 0.794805631980339 0.999957608839587 -0.00756284692377212 0.00525203486506496 0.785283203982293 0.00199999999999978 0.000999999999999446 0.0700000000000003 0.0609999999999999

 5664 64 1000 3 0.8 0.00599999999999934 0.303999999999999 2.047 0.157 0.999603775604162 0.024170869066468 0.0144243158061844 0.806484402773822 0.999973757011464 0.00552774089757501 -0.00468288041142104 0.800883085815255 0.999603626108454 0.0241751158171521 0.0144275585619048 0.806240651254023 0.999973711780543 0.00553307575029307 -0.00468623735899966 0.800717513082277 0.00199999999999978 0.00100000000000033 0.0730000000000004 0.0649999999999995

 5652 52 1000 3 0.8 0.00399999999999956 0.303 2.046 0.157 0.999964694054354 -0.00514878945241931 0.00664082916180777 0.807049121077848 0.999898565335097 0.0102422210795114 -0.00989726973325969 0.802766325249326 0.999964634069387 -0.0051482060523374 0.00665030712971044 0.806796557268265 0.999898586290531 0.0102405887660502 -0.00989684171450011 0.802572937564383 0.00199999999999978 0.00199999999999978 0.0730000000000004 0.0670000000000002

 5672 72 1000 3 0.8 0.00400000000000045 0.3 2.063 0.162999999999999 0.999982342089111 4.29586194469475e-05 0.00594253014578079 0.799380504641758 0.999836249095265 -0.0178217918383324 0.00313986158647177 0.7972562033818 0.999982329828182 4.14255069142912e-05 0.00594460388321147 0.799231859168567 0.99983619909269 -0.0178238112658954 0.00314431802472886 0.797126264307425 0.00199999999999978 0.00100000000000033 0.0710000000000015 0.0649999999999995

 5649 49 1000 3 0.8 0.00400000000000045 0.303999999999999 2.06 0.159 0.99997495737042 0.00628686377303252 -0.00324961165761342 0.794056551965251 0.999777002365235 0.0176049706666948 -0.0116623560831666 0.805518555396613 0.999974957725265 0.00628796185424159 -0.00324737710692596 0.793959286862406 0.999776980405078 0.0176041484482835 -0.0116654793949871 0.805287320468472 0.00200000000000067 0.00199999999999978 0.0670000000000002 0.0649999999999995

 5658 58 1000 3 0.8 0.00499999999999989 0.303999999999999 2.085 0.162999999999999 0.999826602896723 0.00514424429889261 -0.0178969519916687 0.799763805241007 0.999977234743037 -0.00657354936345723 -0.00152264389660018 0.802559952959642 0.999826713122673 0.0051460477330343 -0.0178902744260933 0.79961108657172 0.999977219494845 -0.00657564491919827 -0.00152360928578591 0.802366720412636 0.00199999999999978 0.00200000000000067 0.0710000000000015 0.0660000000000007

 5654 54 1000 3 0.8 0.00499999999999989 0.306 2.102 0.168 0.999900638811643 -0.00389355530900446 0.0135481633856398 0.809142672629855 0.999901159047729 -0.013404593108076 -0.00424134632101807 0.80466376787288 0.99990042178322 -0.00390413127954 0.0135611310992376 0.808854955868478 0.999901251734848 -0.0133993033593158 -0.00423620686111076 0.804454909817703 0.00199999999999978 0.00100000000000033 0.0730000000000004 0.0629999999999988

 5676 76 1000 3 0.8 0.00399999999999956 0.315 1.859 0.154 0.999982032336294 0.00552077873081237 0.00233580966267611 0.804257539353001 0.999900852402929 -0.0101406689880874 0.00976996399016641 0.799595564166319 0.999982046766244 0.00551665067003333 0.00233938252079365 0.804046398136607 0.999900776290895 -0.0101409842360658 0.00977742356604423 0.799445343245038 0.00199999999999978 0.00100000000000033 0.0710000000000006 0.069

 5675 75 1000 3 0.8 0.004 0.31 1.866 0.152 0.999890110561729 0.0134593191775294 -0.00621397844622704 0.79716154004184 0.999913996291424 0.012175330876071 -0.004874560346539 0.796582515716869 0.999890162690281 0.013456608877358 -0.00621145979023366 0.797034688341995 0.999914026199199 0.0121727222616761 -0.00487494029166506 0.796462679858964 0.00199999999999978 0.00100000000000033 0.0700000000000003 0.0659999999999998

 5673 73 1000 3 0.8 0.00299999999999967 0.308 1.842 0.151 0.999978539971413 -0.00383703558106319 0.00531006163726515 0.79997329491619 0.999986723683806 0.00513719922988538 -0.00040204502151457 0.814953463910793 0.999978564527449 -0.00383713691185228 0.00530536199912333 0.799818919630162 0.999986727648542 0.00513711950774578 -0.000393102943418834 0.814533786482859 0.00200000000000067 0.00100000000000033 0.0699999999999994 0.0709999999999997

 5677 77 1000 3 0.8 0.00300000000000011 0.309 1.924 0.148 0.999986871941682 -0.00498125737017493 0.00120125738391965 0.798965532612663 0.999880827979041 0.00709988269046738 -0.0137084465103972 0.799712086249137 0.999986863593167 -0.0049823913103531 0.00120350236059316 0.798822118323747 0.999880802703398 0.00710011351713065 -0.0137101704312003 0.799562289624109 0.00200000000000067 0.000999999999999446 0.069 0.0670000000000002

 5674 74 1000 3 0.8 0.004 0.308 2.036 0.148 0.999967467137993 0.00641120707560961 -0.00489500658433596 0.807703294073657 0.999655089608274 -0.0104922055850518 -0.0240752038877153 0.796172857638746 0.999967460809104 0.00641606358576709 -0.0048899336455121 0.807445125284528 0.999655147868795 -0.0104935515117767 -0.024072197990371 0.796053871408232 0.00199999999999978 0.000999999999999446 0.0720000000000001 0.0700000000000003

 5678 78 1000 3 0.8 0.004 0.311 1.946 0.152 0.999985565872211 0.00201937810677597 0.00497897171069083 0.800478963237587 0.999928376167219 0.00852927738036285 0.00839606830352854 0.804310442632224 0.999985542242908 0.00201995921949142 0.00498347969882747 0.800317219307453 0.999928437208563 0.00852637168133296 0.0083917487803535 0.804090878515835 0.00100000000000033 0.00100000000000033 0.0720000000000001 0.0720000000000001

 5681 81 1000 3 0.8 0.00300000000000011 0.359 1.895 0.149999999999999 0.999914881232535 -0.0104182557577379 -0.00785431325392776 0.79367831040315 0.999986289133383 -0.002018215297139 -0.00483201327204843 0.799631981843893 0.999914833062099 -0.0104213037258224 -0.007856401914865 0.793581373024995 0.999986287551548 -0.00201969518872377 -0.00483172228276529 0.799483736437791 0.00300000000000011 0.00100000000000033 0.069 0.0670000000000002

 5680 80 1000 3 0.8 0.004 0.382 1.903 0.147 0.999968490736246 0.00780174677005363 0.00146638399168794 0.802713366034961 0.999766979941557 0.0199932892143378 -0.00813966860075486 0.805855395333696 0.999968525318833 0.00779801463903252 0.00146264806733511 0.802522977325281 0.999767009728857 0.0199912912132682 -0.00814091723615945 0.80561840239575 0.00199999999999978 0.00199999999999978 0.0710000000000006 0.069

 5679 79 1000 3 0.8 0.00299999999999967 0.361 1.971 0.148 0.9999211034562 -0.0101802737516349 -0.0073585928870948 0.80942341239857 0.999828876361528 0.0093962883415967 -0.0159351108890334 0.804628984891693 0.999921052329872 -0.0101798462824672 -0.00736612769277339 0.809130850690094 0.999828749768349 0.00939928352844714 -0.015941286203195 0.804406729111999 0.00200000000000067 0.000999999999999446 0.0730000000000004 0.069

 5683 83 1000 3 0.8 0.004 0.422 1.892 0.144 0.999957111403428 0.00925217353791112 0.000415497938076955 0.799789515106641 0.999877693699782 0.0116659341669682 -0.0104165071696803 0.794095124990693 0.999957117007525 0.00925150159982943 0.000416970199316238 0.799638719210129 0.999877702470792 0.0116680981093077 -0.0104132410056251 0.793992058614147 0.00200000000000067 0.000999999999999446 0.0700000000000003 0.0679999999999996

 5686 86 1000 3 0.8 0.00299999999999967 0.384 1.923 0.145 0.999990228226093 0.00360965935137732 -0.00255221701549552 0.796078446025716 0.999989054766475 -0.00127150400037353 0.00450262421569551 0.801315452457221 0.999990229030002 0.00361034398172471 -0.00255093333072005 0.795960618485897 0.99998906330379 -0.00127545870032916 0.00449960864002602 0.801143672095454 0.00199999999999978 0.00199999999999978 0.0709999999999997 0.069

 5687 87 1000 3 0.8 0.004 0.38 1.945 0.144 0.999947456986977 0.00628346097660692 -0.00809946809574467 0.803973567638036 0.999896288700764 -0.0144015661130423 8.20727145306866e-05 0.809197012108179 0.999947542629293 0.00628109502979999 -0.00809072523723775 0.803763780460125 0.999896260064192 -0.0144035404174496 8.44575879516808e-05 0.808903481270936 0.00300000000000011 0.00200000000000067 0.0730000000000004 0.069

 5685 85 1000 3 0.8 0.00300000000000011 0.374 1.999 0.145 0.999764216455005 0.00675265762111206 0.0206376624442476 0.797618880352579 0.999921224916379 -0.00856230782966408 0.00917773645065892 0.800371624737213 0.999764211393422 0.00675390353603844 0.0206374999434388 0.797485533102067 0.999921247223357 -0.00856030272354667 0.00917717650302155 0.800204321954167 0.00199999999999978 0.000999999999999446 0.0709999999999997 0.0680000000000005

 5682 82 1000 3 0.8 0.004 0.445 2.034 0.146 0.999900441516774 0.00586970677160358 0.0128317417748082 0.799225147794078 0.999915164755397 -8.55105432806834e-05 -0.0130252055697784 0.793703190468605 0.999900449205273 0.00586521370202334 0.0128331970811191 0.799074962027883 0.999915167840415 -8.57580775374314e-05 -0.0130249671103738 0.793607369628035 0.00199999999999978 0.00100000000000033 0.0700000000000003 0.0650000000000004

 5684 84 1000 3 0.8 0.00300000000000011 0.389 1.964 0.146 0.999989077050474 -0.00206103114765948 0.00419498871858478 0.806074010281999 0.999953643772636 0.00214431366858361 -0.00938681121145402 0.805819568297738 0.999989093701278 -0.00206437533901994 0.00418937142729983 0.805836713487144 0.999953643762903 0.00215015583350689 -0.00938547575702522 0.805590787339431 0.00200000000000067 0.00100000000000033 0.0720000000000001 0.0670000000000002

 5689 89 1000 3 0.8 0.004 0.376 1.899 0.146 0.999954017432507 0.000460137758276852 0.00957868956765185 0.802196385555057 0.999954822683383 -0.009471682028107 -0.000799894869839762 0.806543822695377 0.999954042335667 0.000462053127217747 0.00957599725698877 0.80201275636812 0.999954778960609 -0.00947574164775621 -0.000806445326774912 0.80628970913642 0.00199999999999978 0.00100000000000033 0.0709999999999997 0.069

 5690 90 1000 3 0.8 0.00299999999999967 0.333 1.913 0.147 0.999995013315823 -0.000918235186013022 0.00302162003408502 0.811189734549659 0.999778182633712 -0.00782963223314662 -0.0195520430831613 0.794753817247501 0.999994977849751 -0.000915297903720079 0.00303422230953173 0.810850882187109 0.999778209818736 -0.00783222523815411 -0.0195496143046733 0.79464809452946 0.00200000000000067 0.000999999999999446 0.0730000000000004 0.0650000000000004

 5700 100 1000 3 0.8 0.00700000000000012 0.311 1.879 0.145 0.999948800680096 0.0100916528845848 -0.000744688185833975 0.802850566701797 0.999956414709513 0.00931977591040497 0.000557187827973711 0.799211026120528 0.999948846728386 0.0100871841047873 -0.000743399897193664 0.802663895296101 0.99995646865104 0.00931404893118372 0.000556143371471253 0.799065578950901 0.00300000000000011 0.000999999999999446 0.069 0.0649999999999995

 5691 91 1000 3 0.8 0.00300000000000011 0.346000000000001 1.948 0.144 0.999975132965104 -0.00703832254066948 -0.000442116768597996 0.798265157949679 0.999871884826607 0.00644145974519009 -0.0146533794613726 0.808671611041885 0.999975135961822 -0.00703799876318478 -0.000440490118459224 0.798126877489757 0.999871725577613 0.00644589056810963 -0.0146622946782329 0.8083854534955 0.00200000000000067 0.00100000000000033 0.0700000000000003 0.069

 5694 94 1000 3 0.8 0.004 0.313 1.866 0.144 0.999902504045707 0.00837871551832745 -0.0111704757906082 0.799370603281579 0.999947278682226 0.00421573227193278 -0.0093630901641583 0.804644176920663 0.99990247701987 0.008379371811287 -0.0111724024979378 0.799219875688827 0.999947255840872 0.00422003609052209 -0.00936359074841513 0.804425490445284 0.00200000000000067 0.000999999999999446 0.0699999999999994 0.0680000000000005

 5688 88 1000 3 0.8 0.00299999999999967 0.317 1.971 0.145 0.999958675316059 -0.00717994697159653 0.00557638069339556 0.799641795199977 0.99990125288825 -0.00202140317119648 0.0139067753892912 0.806581341777245 0.999958716864238 -0.0071759690088356 0.00557405023393197 0.799486885056796 0.999901209871047 -0.00203112752613022 0.0139084513656172 0.806330162119666 0.00199999999999978 0.00100000000000033 0.069 0.0680000000000005

 5695 95 1000 3 0.8 0.004 0.311 1.92 0.146 0.999616682905361 0.0155021704384229 -0.0229383950829251 0.799019045166937 0.999926009111655 0.00466378200164098 -0.0112350095451406 0.799205031365144 0.999616572196265 0.0155040971210654 -0.0229419171616106 0.798873852698486 0.999925954672725 0.00465979912204814 -0.0112415054143694 0.7990551475567 0.00199999999999978 0.00100000000000033 0.069 0.0670000000000002

 5696 96 1000 3 0.8 0.004 0.313 1.915 0.145 0.999834529393153 -0.0157557640453709 0.00909228972911038 0.807520274149193 0.999995943450227 -0.000889039053397221 -0.00270604742224907 0.802632690010803 0.999834529092658 -0.0157528539396436 0.00909736372904552 0.807257322562967 0.999995912094194 -0.000891416284069533 -0.00271683122577351 0.802441717426747 0.00199999999999978 0.00100000000000033 0.0720000000000001 0.0680000000000005

 5692 92 1000 3 0.8 0.00299999999999967 0.308 2.009 0.146999999999999 0.999872495662969 -0.00311680792098962 0.0156613513174584 0.801913882464961 0.999751443604915 0.0036616354521394 -0.0219918947729369 0.799838159908752 0.999872555677664 -0.00312111932780228 0.0156566604599423 0.801736728864661 0.999751545663807 0.00366181335493346 -0.0219872250586933 0.799681378082168 0.00199999999999978 0.00199999999999978 0.069 0.0670000000000002

 5697 97 1000 3 0.8 0.00300000000000011 0.31 1.995 0.145 0.999891061190133 -0.00193793671781504 -0.0146325033178543 0.806399216392666 0.999728477014425 -0.0181360273024846 0.0146306787300608 0.793452417493208 0.99989080134346 -0.00193202364927744 -0.0146510297710207 0.806156669752668 0.999728519506185 -0.0181352601913322 0.0146287259788097 0.793356071321354 0.00199999999999978 0.00100000000000033 0.0709999999999997 0.0649999999999995

 5693 93 1000 3 0.8 0.004 0.314 1.962 0.146 0.999993990936804 0.00278559615701247 0.00206362407726449 0.80282720356182 0.999898031572211 -0.00804166312609209 0.011800767440462 0.799049619207425 0.999993994023729 0.00278270198375267 0.00206603149552367 0.802636924695137 0.999898065237577 -0.00803999476627002 0.0117990515851051 0.79890280296456 0.00199999999999978 0.000999999999999446 0.0700000000000003 0.0669999999999993

 5698 98 1000 3 0.8 0.00699999999999967 0.315 2.02 0.148000000000001 0.999971165904223 -0.00101218655433159 0.00752614366911289 0.808035350668139 0.999851863215418 -0.0166626528416874 0.00431365563476191 0.810615585347704 0.999971149137838 -0.00101381905277964 0.00752815135871442 0.807760415798231 0.999852135113694 -0.0166462016590302 0.0043141486895119 0.810288595774659 0.00199999999999978 0.000999999999999446 0.0699999999999994 0.0700000000000003

 5699 99 1000 3 0.8 0.00599999999999978 0.327 1.946 0.146 0.999908066979328 -0.0132440475512552 -0.00290736893480929 0.806511956274532 0.999878537660121 0.00222910800315507 0.0154253364361076 0.79627085980871 0.999908181622924 -0.0132347641315103 -0.00291021338083322 0.806267488429869 0.999878558732288 0.00222663016278931 0.0154243283665918 0.796152340772044 0.00199999999999978 0.00100000000000033 0.0730000000000004 0.0650000000000004

 5702 2 2000 3 0.8 0.0649999999999999 0.373 3.676 0.289999999999999 0.99993438378774 -0.00499497224324589 0.0103091401834517 0.808421643283669 0.99999935354169 0.000551319853480255 0.000994465997588255 0.797352008485967 0.999934482428954 -0.00498334190236952 0.0103052002903214 0.808144857417178 0.999999352595721 0.00054875712599205 0.000996831859343929 0.79722355192948 0.00200000000000067 0.00200000000000067 0.118 0.114000000000001

 5701 1 2000 3 0.8 0.0310000000000001 0.366 3.745 0.295 0.999995328621674 -0.0003830433899047 0.00303249280163905 0.809333957855377 0.999985757943457 -0.00529879544919818 -0.000637712346837947 0.798762181868356 0.99999531629231 -0.000383320838003093 0.00303652080152068 0.809045393620633 0.999985767330398 -0.00529720074336544 -0.000636239671486709 0.798620490733202 0.00200000000000067 0.00199999999999889 0.118 0.113999999999999

 5703 3 2000 3 0.8 0.0630000000000002 0.372 3.789 0.296999999999999 0.99997327620953 0.00728457579054999 0.000617917737703399 0.79919215286626 0.999797844152141 -0.00917988038657263 0.0178885612842186 0.800005805045351 0.999973280457728 0.00728400517455169 0.000617769558520974 0.799045714295946 0.999797821524413 -0.00918288004744227 0.0178882863648883 0.79984755794617 0.00300000000000011 0.000999999999999446 0.115 0.113999999999999

 5704 4 2000 3 0.8 0.044 0.374 3.893 0.297000000000001 0.999973032052414 0.00646266010119255 0.00348843694496709 0.803262349487703 0.999945369372163 0.00187883157637449 -0.0102824249608697 0.804852668804286 0.999973019883385 0.00646234083073551 0.00349251432213483 0.803065522148391 0.999945308745558 0.00187619867224396 -0.010288799555476 0.804634146760693 0.00199999999999889 0.00100000000000122 0.119 0.115

 5705 5 2000 3 0.8 0.0349999999999997 0.436 4.124 0.311 0.99999187711326 0.00339955905771944 0.00216534193883549 0.8044072696429 0.99997295955931 0.00522171439960759 0.00517820904590853 0.810611935082497 0.99999186563695 0.00340279931027636 0.00216555230535369 0.804197425420545 0.999972910527758 0.00522901202608341 0.00518031310600478 0.810290529902922 0.00399999999999956 0.000999999999999446 0.119 0.123000000000001

 5706 6 2000 3 0.8 0.0380000000000003 0.557 4.182 0.308 0.999949310128115 0.00776615553715363 0.00640812004259061 0.8067356746036 0.999926966595673 -0.00112308788156105 -0.0120332933308343 0.796905241102537 0.999949321911166 0.00776453743868223 0.00640824217413283 0.806490821395909 0.999926981845695 -0.00112064227512375 -0.0120322540635451 0.796779927902031 0.00200000000000067 0.00100000000000122 0.121 0.116999999999999

 5710 10 2000 3 0.8 0.0389999999999997 0.558 3.869 0.309000000000001 0.999896871960825 -0.00645010678393453 0.0128312729467212 0.802310724166651 0.999999606415084 -0.000885369466737671 5.73636184662751e-05 0.802329584065796 0.999896905577077 -0.00644548869198839 0.0128309739656731 0.802123129600355 0.999999612126452 -0.000878880674710846 5.75821600526224e-05 0.802144798364584 0.00300000000000011 0.000999999999999446 0.124000000000001 0.118

 5708 8 2000 3 0.8 0.108 0.514 4.108 0.305000000000001 0.999977383674761 -0.0034424792799056 0.00577767041187726 0.798107024057997 0.999985736987068 -0.000651823113878895 -0.00530103282943167 0.805940125210446 0.999977357648185 -0.00344427171196761 0.00578110571852956 0.797974866147692 0.999985766514511 -0.000645291339319024 -0.00529625976266252 0.80570491246776 0.00300000000000011 0.000999999999999446 0.119999999999999 0.119999999999999

 5709 9 2000 3 0.8 0.0739999999999998 0.602 3.969 0.302999999999999 0.999885626324934 0.0149696485666914 -0.0021549688126012 0.802677647867383 0.99994664901369 -0.00809703191599313 0.00641382884427471 0.790583585484287 0.999885661724233 0.0149669456534071 -0.00215731687528114 0.802492017147847 0.999946636627627 -0.00809767116144234 0.00641495275570007 0.790509012957626 0.00300000000000011 0.00200000000000067 0.121 0.115

 5714 14 2000 3 0.8 0.0259999999999998 0.6 3.884 0.304 0.999982498616949 -0.00305704593577312 0.00506526701658539 0.802301305974194 0.99998823577962 -0.00371939500642967 0.00311358365063863 0.803192819127756 0.999982530457042 -0.00305540149266274 0.00505997059763928 0.802119026544507 0.999988236491208 -0.00371732121537954 0.00311583089809669 0.80299393490218 0.00300000000000011 0.000999999999999446 0.119999999999999 0.119000000000002

 5707 7 2000 3 0.8 0.0660000000000003 0.55 4.251 0.323 0.999978411262108 -0.00523441795917531 -0.00397213775432208 0.796468334287991 0.999994004124942 0.00301452442516184 -0.00170421731474369 0.796951839431342 0.999978398181627 -0.00523489888517592 -0.00397479606647239 0.796348487354034 0.999993995917598 0.00301666826413187 -0.00170523937867718 0.796829859458944 0.00300000000000011 0.00199999999999889 0.119999999999999 0.116000000000001

 5713 13 2000 3 0.8 0.0429999999999997 0.604 3.911 0.303000000000001 0.999986903819624 -0.00460745605309536 0.0022278998992702 0.802492458660328 0.999975311457116 -0.00702558680041075 0.000132688936459067 0.801855232070942 0.999986893025529 -0.00460905984246236 0.00222942694837547 0.802308390164389 0.999975329174828 -0.00702298094768042 0.000137041242727013 0.801680379781596 0.00300000000000011 0.000999999999999446 0.122999999999999 0.116999999999999

 5719 19 2000 3 0.8 0.028 0.498 3.973 0.302 0.99999769671666 -0.000678963927523002 -0.0020360671307606 0.805206604214229 0.999923511275092 -0.00912067116583724 0.00835373908950288 0.800667298621639 0.99999770848692 -0.000679433856878661 -0.00203012081984589 0.804985061457474 0.999923494674705 -0.00912245190301406 0.00835378170667543 0.800500798629213 0.00300000000000011 0.000999999999999446 0.122 0.118

 5711 11 2000 3 0.8 0.081 0.589 4.177 0.311999999999999 0.999953322719361 0.00857266024742725 -0.00445666678041389 0.805408146586587 0.99994263344333 -0.00624199860249707 0.00870444000864026 0.796286205608866 0.99995335607412 0.00857318299361222 -0.00444816922595896 0.805184197551384 0.999942617855664 -0.0062434601968241 0.00870518240658811 0.79616947505004 0.00199999999999889 0.00200000000000067 0.122 0.113

 5715 15 2000 3 0.8 0.0700000000000003 0.456 3.975 0.305999999999999 0.999994252205847 0.00207192019844924 0.00268378500620846 0.802801973332736 0.999993889131655 0.000871718081141028 0.00338552904778989 0.801020835194111 0.999994255812821 0.00207018391341992 0.0026837809015606 0.802614471850451 0.999993879486654 0.000867809334426365 0.00338937991246022 0.800852820073227 0.00199999999999889 0.000999999999999446 0.120000000000001 0.116

 5717 17 2000 3 0.8 0.0579999999999998 0.496 3.903 0.301 0.999997034001126 -0.00118549143288479 0.00212758055369629 0.803659352365431 0.999977025918523 -0.0042358852486094 -0.0052919666766264 0.806696625303215 0.999997014929818 -0.00118632117632991 0.00213606496155008 0.803458811166301 0.999977025109801 -0.00423481439093894 -0.00529297644296712 0.806448948747097 0.00300000000000011 0.00199999999999889 0.120999999999999 0.118

 5712 12 2000 3 0.8 0.0789999999999997 0.681 4.086 0.31 0.99990573312011 0.00220261152830869 -0.0135526150978421 0.798790608651712 0.999979384004829 -0.000890946743157122 0.0063590706258296 0.802222861815566 0.999905785452743 0.00220368681529138 -0.0135485786174905 0.798647977769726 0.999979383452123 -0.000890807475709695 0.00635917705001815 0.802038625451975 0.00300000000000011 0.00199999999999889 0.125 0.123999999999999

 5716 16 2000 3 0.8 0.0939999999999999 0.398 3.899 0.301 0.999932629866377 0.00605440653847002 0.00990352916782722 0.803116094361072 0.999962447336685 0.00647162308442523 -0.00576385383918453 0.800081376514672 0.999932566166746 0.00605971584816351 0.00990671302836065 0.802921239626375 0.999962445006131 0.00647175986333922 -0.00576410458188135 0.799923763783607 0.00199999999999889 0.000999999999999446 0.123000000000001 0.115

 5721 21 2000 3 0.8 0.052 0.431 3.912 0.301 0.999871117786437 0.0157774002062422 0.00297009414543043 0.804930962299508 0.999992453971103 -0.00234551770400286 -0.00309686091886883 0.79893749798985 0.999871059016634 0.0157815450778677 0.00296785712444928 0.804714900628253 0.999992450629739 -0.00234987733536414 -0.00309463407169665 0.798793042438808 0.00300000000000011 0.000999999999999446 0.122 0.115

 5718 18 2000 3 0.8 0.0859999999999999 0.462 4.013 0.305 0.999935492902282 0.0110889074380174 -0.00245889530092977 0.799876795893269 0.999998070117452 -0.00110628755708058 0.00162354218058569 0.798223506070222 0.999935529127437 0.011086455043364 -0.00245521958385057 0.799724950393 0.999998072768689 -0.00110690707888862 0.0016214856235042 0.798085774172339 0.00300000000000011 0.00100000000000122 0.120999999999999 0.114000000000001

 5723 23 2000 3 0.8 0.0829999999999997 0.394 3.87 0.301 0.999993021335932 -0.00105549983690226 0.00358374099643563 0.803610142871254 0.99999534523922 -0.00296435386666341 0.000722569059540139 0.798777527206002 0.999993008318153 -0.00105491690619746 0.00358754304939256 0.803408461600371 0.99999535295074 -0.00296198864588586 0.0007215955844136 0.798636415065945 0.00300000000000011 0.00200000000000067 0.124000000000001 0.113

 5722 22 2000 3 0.8 0.109 0.368 3.967 0.302999999999999 0.999994067360256 -0.000311197554211357 -0.00343051022048763 0.799509783932108 0.999973222963751 0.00710075022246667 -0.00176994400095185 0.797844055788453 0.999994068534927 -0.000313622616978436 -0.00342994691181689 0.79936223517769 0.999973193786137 0.00710402776918452 -0.00177327341571069 0.797709957003539 0.00300000000000011 0.000999999999999446 0.118 0.113999999999999

 5727 27 2000 3 0.8 0.097 0.389 3.922 0.297000000000001 0.999998070220743 0.000285973243859183 -0.00194364968407085 0.804010747755444 0.999962811513771 -0.00805316980566584 -0.00308578119049865 0.797247882460542 0.999998079372593 0.000288704340496408 -0.00193853061096334 0.803804283872632 0.999962820071715 -0.00805131951588554 -0.00308783553243806 0.797117471553913 0.00300000000000011 0.00200000000000067 0.122 0.116

 5720 20 2000 3 0.8 0.0789999999999997 0.434 4.042 0.302 0.999948403468947 0.00157106982648963 0.0100360420238034 0.803370518584322 0.999972756744486 -0.00614401157753885 -0.00409107450052434 0.798844884181726 0.999948396349533 0.00157374220061886 0.0100363326709777 0.803172073988307 0.999972758275579 -0.00614328098129022 -0.00409179734542197 0.798703232954683 0.00300000000000011 0.000999999999999446 0.122 0.113

 5724 24 2000 3 0.8 0.024 0.404 3.962 0.298 0.999878018303385 -0.00114614983334161 0.0155767408098081 0.808853973815868 0.999998734348231 -0.00158064834030304 -0.000181253305400535 0.796023827275761 0.999877978185478 -0.00113772450657143 0.0155799333332213 0.80857421270862 0.999998734956924 -0.00157986654214268 -0.000184678804202437 0.795907669394738 0.00300000000000011 0.000999999999999446 0.121 0.113

 5726 26 2000 3 0.8 0.146 0.355999999999999 3.908 0.295999999999999 0.999918314432408 -0.0102570547917753 0.00762609268563111 0.803438364969667 0.999957466255988 0.00550263756973384 -0.00740180104305209 0.79223428315575 0.999918356362425 -0.0102498593009271 0.00763026826380765 0.803239624321339 0.999957463334432 0.00550194108673664 -0.00740271342461663 0.79214699037243 0.00300000000000011 0.00200000000000067 0.121 0.115

 5725 25 2000 3 0.8 0.0640000000000001 0.367 4.081 0.299999999999999 0.99999266238156 0.00015892795147523 0.0038275220373203 0.804317989206133 0.999981608982761 -0.00584918289090509 -0.00160273383848702 0.803688499816197 0.999992657000898 0.000162116449614662 0.00382879387540334 0.804107549392774 0.999981627372542 -0.00584566224040187 -0.00160410421510606 0.803487433895977 0.00300000000000011 0.00200000000000067 0.119 0.114000000000001

 5730 30 2000 3 0.8 0.056 0.354000000000001 4.051 0.301 0.999997233302058 -0.000282910509363942 0.00233524085981172 0.800395367205814 0.999965391874568 0.00478244554617154 -0.00680758898133737 0.791130899443883 0.999997234000783 -0.000282286262660123 0.00233501718374305 0.800237678976547 0.999965394951634 0.00478141308193567 -0.00680786223152331 0.791052921344048 0.00300000000000011 0.00200000000000067 0.117000000000001 0.110000000000001

 5728 28 2000 3 0.8 0.116 0.362 4.118 0.311999999999999 0.999993426752246 -0.00196828026204677 -0.0030450492787825 0.804669684363755 0.999995393437054 -0.000433144717575697 -0.00300424538362232 0.801972873676044 0.999993429323929 -0.00197030048867911 -0.00304289745991972 0.804453430582856 0.999995403560626 -0.000429880561839663 -0.00300134308649586 0.801790971455061 0.00199999999999889 0.000999999999999446 0.119 0.115

 5729 29 2000 3 0.8 0.144 0.355 4.125 0.319000000000001 0.999979415649187 0.00314845512206951 0.00559066259527909 0.805827335595923 0.999966169234083 0.00615094251400959 0.00546134539312162 0.7953554642172 0.999979412457831 0.00314651392321326 0.00559232604748682 0.805592279274957 0.99996617952373 0.00614978052939737 0.00546076992328322 0.795245461079031 0.00300000000000011 0.000999999999999446 0.120000000000001 0.112

 5731 31 2000 3 0.8 0.0450000000000004 0.371 4.068 0.298999999999999 0.999980751608063 0.00459007657908163 0.00417463895097146 0.813804922782969 0.999954893653182 -0.000508507124021247 -0.00948430701520926 0.800372844107876 0.999980707871234 0.00459012623959933 0.00418504796267215 0.813413764575352 0.999954890694922 -0.000505693033509558 -0.00948476936266626 0.800213031963211 0.00300000000000011 0.000999999999999446 0.122999999999999 0.113

 5732 32 2000 3 0.8 0.0449999999999999 0.371 4.076 0.311999999999999 0.999969694052235 -0.00397631839412016 -0.00669327043433973 0.803254066037544 0.999942398898644 0.00458578774545542 0.00970409375363226 0.78933229512009 0.99996970463826 -0.00397315736452507 -0.0066935660321535 0.803058969575905 0.999942404052975 0.00458519362907544 0.00970384336961084 0.789266268699483 0.00300000000000011 0.00200000000000067 0.119 0.109

 5733 33 2000 3 0.8 0.0340000000000003 0.378 3.756 0.291 0.999985418825575 -0.000723477439631213 0.00535151535855172 0.803015330435608 0.999998565071624 -0.000359197191131911 0.0016555458527842 0.798621857941956 0.999985398999215 -0.000721322516817299 0.00535550951898954 0.802820458890275 0.999998562698244 -0.000357122541926265 0.00165742720381399 0.798479055766069 0.00300000000000011 0.00200000000000067 0.117000000000001 0.113

 5734 34 2000 3 0.8 0.0369999999999999 0.39 3.916 0.288 0.999912326739999 -0.00244880730775991 -0.0130131539671147 0.810777698833833 0.999973274420302 0.00723048891030308 0.00108188504782304 0.804777095685687 0.999912280650563 -0.00245718345064088 -0.0130151163528834 0.81046232176427 0.999973293038576 0.0072279385971282 0.0010817177187993 0.804558910053676 0.00300000000000011 0.00200000000000067 0.116 0.114000000000001

 5735 35 2000 3 0.8 0.0529999999999999 0.367 3.955 0.291 0.999988881344172 -0.00157088858773905 0.00444629026010205 0.802894245914774 0.999962328172127 -0.00176036752735192 -0.00849960838794699 0.800066685772705 0.999988883838936 -0.00156969389251404 0.00444615110437873 0.802702822788738 0.999962275594286 -0.00176376049280812 -0.00850508890139321 0.799910273105413 0.00300000000000011 0.00199999999999889 0.116 0.113

 5736 36 2000 3 0.8 0.0350000000000001 0.368 3.878 0.289 0.999978042287075 -0.00110430666780474 0.00653417557862484 0.802771560545699 0.999912397024977 0.0122403341488735 -0.00503711183996605 0.804196893326585 0.999978019750338 -0.00110415196996605 0.00653764977795518 0.802584632795307 0.999912439373251 0.0122365684820232 -0.00503785454529825 0.803986898680647 0.00200000000000067 0.00200000000000067 0.116 0.114999999999998

 5737 37 2000 3 0.8 0.0529999999999999 0.403 3.755 0.283 0.999995945497923 0.00281577375817585 0.000424742107006545 0.805541841695932 0.999994466723929 0.00272288766241712 -0.00191112644852355 0.803523539679551 0.99999595547313 0.0028127453623444 0.000421308566165048 0.805311889193795 0.999994448721506 0.00272861792206278 -0.00191237297822971 0.803323935765331 0.00199999999999889 0.00199999999999889 0.126000000000001 0.116999999999999

 5738 38 2000 3 0.8 0.056 0.483 3.567 0.286 0.999963281062905 -0.00417093866140106 0.00748597332296592 0.804908777628452 0.9999810367396 -0.00283562223609219 0.00546675477113487 0.797909973749589 0.999963275143747 -0.00417138026936828 0.00748651791147328 0.804692075048909 0.999981016745007 -0.00283685003388878 0.00546977435608749 0.797776261957837 0.00200000000000067 0.00199999999999889 0.124000000000001 0.116999999999999

 5740 40 2000 3 0.8 0.0420000000000003 0.546 3.469 0.291 0.999998104670899 0.00115583260757221 -0.00156675000972807 0.79964972937005 0.99998772186112 -0.0021990255722003 -0.00444076722418384 0.800071903981412 0.999998100285725 0.00115759035315547 -0.00156825046304437 0.799499157596865 0.999987725481239 -0.00219670895421523 -0.00444109858347316 0.799910858413105 0.00199999999999889 0.000999999999999446 0.135 0.119

 5739 39 2000 3 0.8 0.056 0.412 3.745 0.287 0.999973348023423 0.00513849148209283 0.00518643886631049 0.80274479466398 0.99995889753765 0.00810265920822362 -0.00406818743938718 0.799532146507821 0.999973353428974 0.00513667666855057 0.00518719431050458 0.802555926477766 0.999958884278376 0.00810259390813746 -0.00407157521184295 0.799376146165886 0.00199999999999889 0.00200000000000067 0.125 0.118

 5742 42 2000 3 0.8 0.0389999999999997 0.459 3.591 0.286999999999999 0.999973490183327 -0.000933725313396891 0.00722129404017736 0.805323297402853 0.999983809567571 -0.00563560006289105 -0.000787790999147486 0.799476587907971 0.999973509034695 -0.000929719842096087 0.00721920008404335 0.805097501821029 0.99998379426473 -0.00563851816650294 -0.000786333771304587 0.799330600923935 0.00300000000000011 0.00100000000000122 0.128 0.110999999999999

 5748 48 2000 3 0.8 0.0790000000000002 0.404 3.552 0.287 0.999980997216244 0.000303736798868557 0.00615734929684719 0.804078139483649 0.999974248200441 0.00406498363417254 -0.00591429150596516 0.795222812316714 0.999980987520101 0.000308876402986653 0.00615866817514495 0.803875380436577 0.999974231075437 0.00406611667971496 -0.00591640771375376 0.795114743053907 0.00300000000000011 0.00199999999999889 0.124000000000001 0.113000000000001

 5741 41 2000 3 0.8 0.0660000000000003 0.438 3.614 0.289999999999999 0.999987137426357 0.00504744626460242 0.000498265035311058 0.806043317263492 0.999959678463384 0.00591242342517567 -0.00675904554265192 0.790131710476894 0.999987156597294 0.00504314307456125 0.000503337250585581 0.805804769271274 0.999959680995351 0.00591255383931763 -0.0067585568558376 0.790057582025595 0.00200000000000067 0.00200000000000067 0.126999999999999 0.112

 5745 45 2000 3 0.8 0.12 0.407 3.57 0.291 0.999942563830482 0.0092279845411948 0.00545099453577052 0.805657992994244 0.99997539292245 -0.00170503422687002 0.00680488118028811 0.805807965588108 0.999942499905857 0.00923329502894283 0.00545372761821108 0.805423034894611 0.999975411393662 -0.00170104741665717 0.00680316439328098 0.805574367526357 0.00200000000000067 0.000999999999999446 0.127000000000001 0.115

 5744 44 2000 3 0.8 0.048 0.462 3.614 0.287 0.999988023372369 -0.00347136897959035 0.00345003032291029 0.79981871979508 0.999997054983494 0.00228379807964102 0.000821152038611812 0.803449759694573 0.999988020893462 -0.00346990907221663 0.00345221676721867 0.799666981451813 0.999997048926282 0.00228624816084226 0.000821710456240153 0.803251509279542 0.00200000000000067 0.000999999999999446 0.123000000000001 0.115

 5753 53 2000 3 0.8 0.0750000000000002 0.393 3.477 0.289 0.999980903549639 -0.00542667651096002 0.00295697786482022 0.803536950067455 0.999918082006835 0.0127961785242334 -0.000295111756799687 0.806354748353262 0.999980886167996 -0.00542835419336254 0.00295977523139545 0.803340310744913 0.999918088233849 0.0127957848033835 -0.000291056748948248 0.806113272330624 0.00200000000000067 0.00200000000000067 0.123999999999999 0.118

 5746 46 2000 3 0.8 0.113 0.36 3.626 0.287000000000001 0.999964079752502 0.00096469931288929 -0.00842072205741241 0.806214724802904 0.999994021544108 0.000251864769927586 0.00344868673251798 0.801229561491608 0.999964078602532 0.000965371019269917 -0.00842078163742593 0.805983305104468 0.999994016645422 0.000248437914145948 0.00345035533798152 0.80106045814326 0.00299999999999834 0.00199999999999889 0.123000000000001 0.113

 5743 43 2000 3 0.8 0.0420000000000003 0.483 3.692 0.289999999999999 0.999986105051924 0.00181815701357626 0.00494813178442322 0.800240333050444 0.999860809197805 0.0117797789493992 0.0118152036890495 0.795721001914396 0.999986122782929 0.0018205017540587 0.00494368434750788 0.800082951389886 0.999860800876457 0.011781662488506 0.0118140297822816 0.795608798838292 0.00200000000000067 0.00199999999999889 0.124000000000001 0.110000000000001

 5750 50 2000 3 0.8 0.0829999999999997 0.385 3.635 0.289 0.999995942092381 0.00150927068998721 -0.00241617481894143 0.806539805208473 0.999990672512095 -0.00386775496110356 -0.00192233201306256 0.799400324831214 0.999995945274248 0.0015123027397852 -0.00241295990160689 0.806295398085597 0.999990676145483 -0.00386742676803472 -0.00192110184354773 0.799251663519211 0.00200000000000067 0.00200000000000067 0.125 0.112

 5751 51 2000 3 0.8 0.0649999999999999 0.369 3.561 0.292 0.999998655551994 0.000296038306762213 0.00161284082458231 0.803783697184049 0.999983622190961 -0.000732693974663649 0.00567613507462845 0.803184320396402 0.999998653134157 0.00029972857115468 0.00161365815947133 0.80357948425856 0.999983629038687 -0.000735961793517206 0.00567450569270611 0.80298775658717 0.00300000000000011 0.00100000000000122 0.125 0.114000000000001

 5752 52 2000 3 0.8 0.0659999999999998 0.401 3.636 0.289000000000001 0.999991837547745 -0.00144701164701653 -0.00377239912768627 0.814641714324295 0.999992595863746 0.00377734161538782 0.000734784326582579 0.804910287303247 0.999991827552679 -0.00143990242565268 -0.00377776506117491 0.814242362564859 0.99999260735778 0.00377366771963691 0.000738012012194648 0.804686205229534 0.00200000000000067 0.00100000000000122 0.127000000000001 0.113999999999999

 5756 56 2000 3 0.8 0.0549999999999997 0.362 3.531 0.286999999999999 0.99999462481171 0.00137727451205481 0.00297547687023218 0.796338628450194 0.999944386749169 -0.0104369070910749 0.00151472083240933 0.802670861707247 0.999994615827558 0.00137452660903947 0.00297976383226612 0.79622221590587 0.999944400456718 -0.0104351783272165 0.00151757982780601 0.802484852365042 0.00199999999999889 0.000999999999999446 0.121 0.109999999999999

 5749 49 2000 3 0.8 0.0750000000000002 0.383 3.637 0.286 0.999993857531928 0.00340233247718474 -0.000842040454929014 0.808494175760322 0.999914949775006 0.0123302817386793 -0.00424939627392799 0.806168750297141 0.999993865368283 0.00340167914926372 -0.000835347093053924 0.80821426029048 0.999914898427324 0.0123330851239995 -0.00425334155688296 0.80593182776538 0.00300000000000011 0.00199999999999889 0.122999999999999 0.112

 5747 47 2000 3 0.8 0.0949999999999998 0.399 3.727 0.289999999999999 0.999993783400255 0.0032631783701058 -0.0013359744645228 0.807217591563612 0.999969251267031 0.00400420782110222 0.00674261374978932 0.79667663192894 0.999993783204537 0.00326647884552208 -0.00132803171244401 0.806962586921772 0.999969244456581 0.00400275654954429 0.00674448522428007 0.796553903957896 0.00199999999999889 0.00200000000000067 0.118 0.110000000000001

 5755 55 2000 3 0.8 0.0680000000000001 0.358 3.622 0.291 0.999977673348654 0.000953807359834932 0.00661385331954872 0.801954389759763 0.999976654551738 0.00537288927597256 0.00422165990371507 0.800045183456958 0.999977656189957 0.000958123797629548 0.00661582342783107 0.801773695338731 0.999976640375672 0.00537375906881465 0.00422391009062173 0.799889993225015 0.00300000000000011 0.00200000000000067 0.123999999999999 0.110999999999999

 5757 57 2000 3 0.8 0.0449999999999999 0.356 3.529 0.29 0.999983163424137 0.00576582427325941 -0.000654323090219142 0.800941348966539 0.999992633943495 0.00378963718835633 -0.000608858548717487 0.801566325162295 0.999983160417618 0.00576687816637539 -0.000649613275109766 0.800774940082635 0.999992629610067 0.00379087206506539 -0.000608288196257358 0.801391663105701 0.00300000000000011 0.00199999999999889 0.122 0.110000000000001

 5759 59 2000 3 0.8 0.048 0.337 3.527 0.294 0.99994434111694 0.0103192443854946 0.00219723997822417 0.807627940261262 0.999986046162261 -0.00507151176960478 0.00147893513727438 0.791894330563528 0.999944317564248 0.0103209894592554 0.0021997607943131 0.80737042128518 0.999986042604156 -0.00507128958195891 0.00148209947535679 0.791812278689181 0.00200000000000067 0.00100000000000122 0.122 0.105

 5754 54 2000 3 0.8 0.069 0.357 3.813 0.296000000000001 0.999973887109119 -0.000387396092210393 0.0072163026645053 0.805937930960187 0.999955857020119 -0.00867672646637003 -0.00360533340866723 0.799338434772772 0.999973861231075 -0.000389762421815703 0.00721976037474491 0.805701650394654 0.999955874119738 -0.00867572211003682 -0.00360300698044456 0.799194873539851 0.00200000000000067 0.00200000000000067 0.118 0.106

 5758 58 2000 3 0.8 0.048 0.339 3.789 0.300000000000001 0.999999152881566 0.00116778612229346 -0.000574901490125824 0.809102557769842 0.999984534420958 -0.00412727410443977 0.00372780463089828 0.806285462594146 0.999999159159701 0.00116583711291684 -0.000567894107728299 0.808814974352988 0.999984535325918 -0.00413164168114898 0.00372272024550303 0.806041361969194 0.00200000000000067 0.00199999999999889 0.116 0.109
