
 6249 49 1000 5 0.8 0.0289999999999999 0.443 20.638 0.140000000000001 0.999958937270782 0.00824887310768651 -0.000828022434798754 0.00285007173240874 -0.00229593874261921 0.794885140287507 0.999938607471903 -0.00372692075340837 -0.0030318771978307 0.00288234243310048 0.00955987299100356 0.808099078077684 0.999958945623132 0.00824783300289185 -0.000828203269316001 0.00285022186814754 -0.00229578606943048 0.794838319513701 0.99993860272832 -0.00372894702777272 -0.00303160825638235 0.00287907389582173 0.00956064917678834 0.807977474030633 0.00199999999999889 0.00100000000000122 0.0489999999999995 0.049000000000003

 6241 41 1000 5 0.8 0.0899999999999999 0.319 20.855 0.138999999999999 0.99986508489226 -0.0122221614096704 0.00265286192120251 -0.00429986576796757 -0.00974188184458139 0.803781239046592 0.99988772052805 0.00287980007594731 -0.00309768829589386 0.0113007152099208 -0.00888545168849686 0.792794567387326 0.99986505575061 -0.0122238975714727 0.0026547639424157 -0.00429995311394484 -0.00974213778485568 0.803690320524413 0.999887723756891 0.00287905539630128 -0.00309811359531015 0.01130005169956 -0.00888602520957985 0.792754477471429 0.00199999999999889 0.00100000000000122 0.0500000000000007 0.0489999999999995

 6248 48 1000 5 0.8 0.069 0.325 21.058 0.140000000000001 0.9997763351713 -0.00730423901711307 0.0113061118269657 0.00456505354455943 -0.0156607740969922 0.805236655884433 0.999940271198338 -0.0048694835971145 -0.00293115028469652 0.00503687871657368 0.00786004936970657 0.796388668494968 0.999776316763708 -0.00730395501824533 0.0113044373130773 0.00456591616085585 -0.0156630388536912 0.805135718694175 0.999940279861343 -0.00486940016217784 -0.00293055853247685 0.00503889193584119 0.00785792896542639 0.796334268253504 0.00199999999999889 0.00100000000000122 0.0520000000000032 0.0499999999999972

 6243 43 1000 5 0.8 0.0609999999999999 0.321 21.135 0.138999999999999 0.99990530879095 0.0120722886658827 0.000867948516329501 0.00461859958480244 0.00464203633028779 0.798904434321625 0.999939888750598 0.00490068276817343 -0.00447103112526473 -0.00871531790311093 -0.000505280488876267 0.798336129431335 0.999905299861577 0.0120734552420439 0.000868521136825436 0.00461747553740146 0.00464193687434038 0.798839674401075 0.999939885286623 0.00490287977574018 -0.00447130754092872 -0.00871436869424956 -0.0005047474769817 0.798275173850248 0.00300000000000011 0.00199999999999889 0.0509999999999984 0.0500000000000007

 6259 59 1000 5 0.8 0.0830000000000002 0.319 21.034 0.138000000000002 0.999631303043516 0.0166061380564996 0.0149011595823822 0.0110044636851571 -0.0108789418820396 0.796268413616874 0.999961004118454 -0.000731566465366074 -0.00550982661490883 -0.00585010233461468 -0.00358791949015689 0.802197609944719 0.999631283882192 0.0166058719819772 0.0149028326778651 0.0110046803874765 -0.0108785976809517 0.796216585453942 0.999960994078196 -0.00073203067659012 -0.00550976326924286 -0.00585029219872987 -0.00359040988481523 0.802117284906575 0.00300000000000011 0.000999999999997669 0.0489999999999995 0.0489999999999995

 6270 70 1000 5 0.8 0.0449999999999999 0.318 21.31 0.138999999999999 0.999800520794275 0.0131529937318269 -0.00371616238043573 0.0125577685002329 0.00737631092380123 0.801801822533396 0.999925642959887 -0.00609347916289993 0.0072540964700129 0.00318059739556407 -0.00698855833188257 0.797727120631801 0.999800522160492 0.0131532233576443 -0.00371404297280051 0.0125566749606854 0.00737864497306663 0.801722137597803 0.999925630455307 -0.00609375064478369 0.00725385006988274 0.00318100181814631 -0.00699018227458751 0.797670494972003 0.00199999999999889 0.00100000000000122 0.0509999999999984 0.0470000000000006

 6266 66 1000 5 0.8 0.04 0.325 21.388 0.138000000000002 0.999888513215761 -0.00894955551381576 -0.0107826640576353 -0.00335892843067769 0.00391386648946501 0.801882595334025 0.999946860324377 0.00606444685354146 0.000997911803126922 0.00784741071000332 0.00263084187341201 0.803776440016181 0.999888511629979 -0.00895247000382267 -0.0107811990164294 -0.00335668056820776 0.00391357056239728 0.801803864446799 0.999946846432414 0.00606464510175311 0.000996810830395708 0.00784951781252105 0.00262979617817744 0.803684781397779 0.00199999999999889 0.00100000000000122 0.0510000000000019 0.0500000000000007

 6247 47 1000 5 0.8 0.0790000000000002 0.322 21.372 0.140000000000001 0.999855704443058 0.0101532931496462 -0.00127515561018544 0.0130884571430573 -0.0035422025178127 0.804059128080938 0.999862490916746 0.0103570856235414 -0.0071857490406666 0.00330269345953458 0.0102560841349406 0.797686455475549 0.999855698909987 0.0101532940355106 -0.00127516706637728 0.0130889233946625 -0.00354203483495448 0.803965236787598 0.999862493842153 0.0103572534138685 -0.00718698014322725 0.00330150416286524 0.0102551497382891 0.797627141328122 0.00200000000000244 0.000999999999997669 0.0509999999999984 0.0500000000000007

 6256 56 1000 5 0.8 0.081 0.318 21.479 0.140000000000001 0.999689984923346 0.00245598187445269 -0.0117699368964037 0.0156691529763942 -0.0151607528655024 0.80891122656807 0.999904749774827 -0.0104492265746234 0.00653036175320145 0.00134226104713727 0.00607105858868375 0.79987566256572 0.999690014978235 0.00245399078586987 -0.0117670689453956 0.0156704521224592 -0.015159976937705 0.808782463673427 0.999904725152822 -0.0104491648133921 0.00653239494184815 0.00134392807981272 0.00607266378145685 0.799806243641942 0.00199999999999889 0.00199999999999889 0.0519999999999996 0.0509999999999984

 6246 46 1000 5 0.8 0.073 0.338000000000001 21.671 0.141999999999999 0.999920385321226 0.0055230828346549 0.000701187093441109 0.0112678547266811 0.00112354865121774 0.799823138593235 0.999795126556106 0.0154227374667393 -0.001976616013042 0.0127196795957238 0.00247927888924475 0.797843833758329 0.999920388545132 0.00552220522449958 0.000700520564971658 0.0112679551510047 0.00112440155779808 0.799753104636839 0.999795121498141 0.0154233663243588 -0.0019776936550092 0.0127193621724501 0.00247817543274061 0.797784146771121 0.00199999999999889 0.00199999999999889 0.0509999999999984 0.0500000000000007

 6250 50 1000 5 0.8 0.0800000000000001 0.32 21.703 0.138999999999999 0.999969348730753 -0.00297912792914069 0.000903006471001574 0.0044908988095777 -0.00560738824867503 0.806710615208394 0.999976259950186 0.00307918819705257 -0.00351915847033368 -0.00464170638290651 0.0020169832923429 0.805545498602438 0.999969344212352 -0.00297703453840344 0.000900917475883331 0.00449120355770736 -0.00560939739908245 0.806598938652664 0.999976252193521 0.00307674055630068 -0.00352172293374736 -0.00464278680246577 0.00201760125746249 0.805442970485092 0.00300000000000011 0.00100000000000122 0.0510000000000019 0.0510000000000019

 6265 65 1000 5 0.8 0.0739999999999998 0.325 21.625 0.141999999999999 0.99979267634236 0.0186259268294283 0.00343138129186518 0.0074171092966906 -0.000944083701958545 0.800615349668536 0.999929555504973 -0.00691886906026511 0.00156184201711287 -0.00298936761297483 0.00903535330480043 0.79944615314456 0.999792697262577 0.0186253244867385 0.00343078541012075 0.00741618524781593 -0.000943236992459635 0.800543039115168 0.999929580325257 -0.00691741695281056 0.00156053211525376 -0.00298852183366937 0.00903422437303641 0.799379230116715 0.00200000000000244 0.00199999999999889 0.0509999999999984 0.0500000000000007

 6245 45 1000 5 0.8 0.0899999999999999 0.32 21.747 0.140999999999998 0.999944220405781 -0.0043110759181676 0.00519884953577078 -0.00154241241486801 -0.00797268016095006 0.805954788855673 0.999850750990569 0.00281367823924286 0.0161883933368679 0.000361177618792514 0.00532582672069474 0.797268092005479 0.999944199770616 -0.00431290985308446 0.00520036717536199 -0.00154073862800364 -0.00797361018759142 0.805848392080068 0.999850759849349 0.00281271211120981 0.016188460388267 0.000360605602075907 0.00532450872055544 0.797211012728593 0.00199999999999889 0.00200000000000244 0.0509999999999984 0.0479999999999983

 6242 42 1000 5 0.8 0.0190000000000001 0.319999999999999 21.884 0.141999999999999 0.999885199431561 0.0068121444002706 -0.0065619534489822 0.0110426864729653 -0.00426409295995307 0.798432525511248 0.999917571802615 0.00402333937874581 0.0116345375221357 -0.00321619617223841 0.00171929038629706 0.790581456922859 0.999885203263727 0.00681253290506906 -0.00656099855979331 0.0110420850992058 -0.00426560010233716 0.798371952288115 0.999917566255313 0.00402269305026668 0.011635177887529 -0.00321602881825226 0.00172000838394082 0.790548424421347 0.00200000000000244 0.000999999999997669 0.0500000000000007 0.0489999999999995

 6272 72 1000 5 0.8 0.106 0.326 21.779 0.143000000000001 0.999934662202555 -9.98259502585391e-05 0.00835788412672975 0.00367906750012555 0.00687543423325031 0.807154514400567 0.999939062704663 -0.00334600566441496 -0.00738306588515994 0.00715403130691226 0.00223277800267776 0.800655205445593 0.999934637044818 -0.000102391509415231 0.00835822198504907 0.00368087111018596 0.00687767890680394 0.807040959715412 0.999939056546795 -0.00334550094393356 -0.00738344049226602 0.00715452462095126 0.00223347256188142 0.80058030720354 0.00199999999999889 0.00100000000000122 0.0519999999999996 0.0500000000000007

 6252 52 1000 5 0.8 0.036 0.485 22.131 0.140000000000001 0.999843264815652 0.0136582372489309 -0.00349796405932713 0.0107071619012938 -0.00013888660492816 0.806442773338125 0.999956914327624 0.00639569286584626 0.0040246763922411 -0.00535100164944937 0.000658302687228487 0.801150973575977 0.999843206048825 0.0136619620070042 -0.00349698163154955 0.0107082102654433 -0.00013951525251444 0.806332885166861 0.999956905614923 0.00639704743370009 0.00402490948523041 -0.00535071623124342 0.000659269752685949 0.801075614138679 0.00300000000000011 0.00199999999999889 0.0509999999999984 0.0489999999999995

 6268 68 1000 5 0.8 0.0830000000000002 0.326 21.854 0.140000000000001 0.99990324445099 0.00956260856009946 -0.00449184117627134 0.0083096758550923 0.00358202511722717 0.805096670202714 0.999967960877708 -0.00639189051615176 0.00433746631912046 0.0008768469560532 0.00190747976505822 0.801971801096213 0.999903224179755 0.00956430354705172 -0.00449176648508385 0.00830995124659299 0.00358261311234449 0.804997286128828 0.999967962067074 -0.0063911526714788 0.00433791895219688 0.000876675190742393 0.00190837803570269 0.801890566800343 0.00300000000000011 0.000999999999997669 0.0500000000000007 0.0489999999999995

 6258 58 1000 5 0.8 0.0840000000000001 0.323 21.946 0.140000000000001 0.999918460266753 0.0112345040978606 -0.00507956902919619 0.00190199185696421 0.00272747885331984 0.810664947203323 0.999920187134717 -0.00837127269586033 0.00443568114945328 -0.00801994094527362 0.00235508681333246 0.806768772021116 0.999918449511965 0.0112349344415911 -0.00508123131590978 0.00190276915242079 0.00272601018844619 0.810519352319658 0.999920168907015 -0.0083719144594344 0.00443563890010054 -0.00802076917883605 0.00235780206495277 0.806654491813745 0.00199999999999889 0.00100000000000122 0.0530000000000008 0.0510000000000019

 6269 69 1000 5 0.8 0.0660000000000003 0.315 22.295 0.143999999999998 0.999910700939811 0.0109843882878366 -0.00177863164562413 -0.00406629277652213 0.00618345312281266 0.804279389028445 0.999875917591388 0.00061601536877222 -0.00776938853462466 -0.00358447904874249 0.0132120421431726 0.795061793028696 0.999910702274269 0.0109822342107627 -0.00177856124909337 -0.00406806356323844 0.00618591851276476 0.804184682954375 0.999875910652395 0.000614863263167116 -0.00776918811178437 -0.00358473805433318 0.0132126685183533 0.795014848779487 0.00200000000000244 0.00199999999999889 0.0510000000000019 0.0479999999999983

 6271 71 1000 5 0.8 0.0180000000000002 0.323 22.353 0.141999999999999 0.99998849703435 -0.00395169445512514 -0.00157600135788953 0.00210966535915381 -0.000674864214792376 0.802856611071231 0.999868181270343 -0.0150313038429925 -0.0055808928429673 -0.00242067762648668 -0.00082094020542048 0.806891003090727 0.999988493744755 -0.00395274103576135 -0.00157490923982044 0.00211035201133169 -0.000674011628472334 0.802770877576555 0.999868186705134 -0.0150300952477746 -0.00558148056195853 -0.00242398210293786 -0.000822701240147816 0.806777680606757 0.00200000000000244 0.00200000000000244 0.0510000000000019 0.0500000000000007

 6251 51 1000 5 0.8 0.0410000000000004 0.328 22.387 0.140999999999998 0.999901523834565 -0.0087891901628529 -0.000445320028300119 -0.00559770830413677 0.0093893621407906 0.797452193062902 0.999958885737166 0.00284988638160619 0.00828381108919778 -0.000577566275816427 0.00226933336759692 0.806913028478632 0.999901532905899 -0.00878982999711853 -0.000444714273319565 -0.00559761332943321 0.00938788236427271 0.797395116738118 0.999958892852268 0.00284506651010925 0.00828427463021668 -0.000579249002788517 0.00227012481209205 0.806798290800332 0.00199999999999889 0.00100000000000122 0.0500000000000007 0.0519999999999996

 6262 62 1000 5 0.8 0.077 0.322 22.299 0.140999999999998 0.999881858753534 -0.00463022186262395 0.00507946160120451 0.0120204278446199 -0.00667367704900234 0.808365919384223 0.999927846071654 0.00692129179647683 0.00540330615933192 -0.00315283957746703 0.00756718279930958 0.807523950257891 0.999881802164084 -0.00463160406051397 0.00507894827023985 0.0120236991956921 -0.00667569375047202 0.808242136529704 0.999927820272727 0.00692165340417656 0.00540517952696072 -0.00315272983274649 0.00756896873221475 0.807404472147049 0.00300000000000011 0.00199999999999889 0.0510000000000019 0.0509999999999984

 6253 53 1000 5 0.8 0.0549999999999997 0.32 22.409 0.139999999999997 0.999958166605783 0.00254303048608483 0.000821769533704061 0.00584463432752787 0.0065086848716899 0.806980885669256 0.999706063219168 0.00998071357884681 -0.00738777935825764 0.0208220349625078 -0.000189988064336573 0.797952943526819 0.99995817038713 0.00254405282960685 0.000820826594207853 0.00584379907738506 0.00650857336661992 0.806867175279548 0.999706091327991 0.00997983860149619 -0.00738777972383505 0.0208211052903902 -0.000189916920307886 0.797892950598547 0.00199999999999889 0.000999999999997669 0.0510000000000019 0.0479999999999983

 6261 61 1000 5 0.8 0.0549999999999997 0.317 22.675 0.143999999999998 0.999853965116859 -0.00995991462942606 0.000873254794608535 0.00735339434057433 -0.0117479171943317 0.814414872264778 0.999976720219174 0.00338605955748674 -0.0031600159849132 -0.00445468037911142 0.00229428465356489 0.801276686359138 0.999853966237531 -0.00996150328261979 0.000874721437967694 0.00735270534401211 -0.0117467969233655 0.814227943011373 0.999976733747034 0.00338754612964847 -0.00315764598418173 -0.0044521146199164 0.00229443742180106 0.801198319330983 0.00199999999999889 0.00100000000000122 0.0530000000000008 0.0500000000000007

 6264 64 1000 5 0.8 0.0649999999999999 0.326 22.52 0.143000000000001 0.999889928516151 0.0107641801120493 -0.00118457888047013 -0.00400781318872759 -0.00931651677411071 0.796936970715406 0.99988080116908 -0.00684912835655796 -0.0121259717594428 -0.000531250889738552 -0.00664465767490254 0.79768844726793 0.99988993714499 0.0107638927940512 -0.00118572928335604 -0.00400855328868178 -0.00931545783652315 0.79688333213269 0.999880805636844 -0.00684801544689001 -0.0121256401233842 -0.000530903305840581 -0.0066457653233279 0.797629465779197 0.00300000000000011 0.00100000000000122 0.0489999999999995 0.0480000000000018

 6244 44 1000 5 0.8 0.0190000000000001 0.364 22.754 0.145 0.999914319172328 0.00341658112016871 -0.00564944027081125 0.00185992078691674 0.0111492514045334 0.811632655336236 0.999910492987676 -0.00134906539074852 0.0117491847587022 -0.00563296546583407 0.00272257107899589 0.793115553275644 0.999914326268187 0.00341584133313451 -0.00564782735151706 0.00185702992079019 0.0111501407034095 0.811476568898049 0.99991049904443 -0.00134774933249446 0.0117483650611654 -0.00563333439698565 0.00272377209349346 0.793074713495855 0.00200000000000244 0.00100000000000122 0.0530000000000008 0.0480000000000018

 6255 55 1000 5 0.8 0.0609999999999999 0.327999999999999 22.584 0.143999999999998 0.999759482214475 0.00272939509767299 -0.00857985955261222 0.0189959578218376 -0.00625041767672564 0.800067384973316 0.999972719148751 0.00338887767267617 0.00580247135640333 0.00262519875029741 -0.00158622950824296 0.79427153001405 0.999759490221272 0.00273132559600691 -0.00858041886647995 0.0189953895356586 -0.00624925287180543 0.799997719603543 0.999972723354291 0.00338868342545321 0.00580222662783834 0.00262442027053315 -0.00158617667580868 0.794227033820671 0.00199999999999889 0.00200000000000244 0.0479999999999983 0.0480000000000018

 6267 67 1000 5 0.8 0.0939999999999999 0.318 22.646 0.143000000000001 0.999952819505881 -0.00160863044567755 -0.00268205546889391 0.00919580078898028 0.000122051792359307 0.80867535827354 0.99982867390169 -0.00158712379685545 -0.0059905599744455 0.00958914810027661 -0.014569327779476 0.799790927580682 0.999952798276681 -0.001609224671249 -0.00268282572960475 0.00919781981630104 0.000119043370180125 0.808547691996473 0.999828692074163 -0.00158704981635739 -0.00598927121189142 0.00958822168022013 -0.014569228308649 0.799721370607445 0.00200000000000244 0.000999999999997669 0.0509999999999984 0.0489999999999995

 6260 60 1000 5 0.8 0.077 0.326000000000001 22.666 0.141999999999999 0.999938570456425 0.0101559772488126 -0.00257913815017789 -0.00355995280920951 -0.000621467683540246 0.806405952875178 0.999866907142305 0.00702004424847127 0.00414928487858674 0.00241713445971543 0.0139222080300124 0.799468648613459 0.99993857452277 0.0101560849564266 -0.00257923133007579 -0.00355890931945309 -0.000618748681381854 0.806295450858114 0.999866906499089 0.00701974724801096 0.00414987556314638 0.00241694948309547 0.0139222600364321 0.799401926510239 0.00200000000000244 0.000999999999997669 0.0509999999999984 0.0479999999999983

 6257 57 1000 5 0.8 0.081 0.322000000000001 22.899 0.139999999999997 0.999943278589904 -0.00559155950221643 -0.00671114785909498 0.00444110554977104 -0.0041726659482117 0.804458322568611 0.99997278961062 0.00412060700294182 -0.00166314104002643 -0.00288838853793087 0.00513145299276956 0.798649615145063 0.999943287956576 -0.0055928720450804 -0.00671103028318822 0.00443863128017444 -0.00417148388177642 0.804364553830556 0.999972790671277 0.00412017388858845 -0.00166180422682274 -0.00288822098662541 0.00513212143957712 0.798586525042206 0.00199999999999889 0.00199999999999889 0.0489999999999995 0.0470000000000006

 6263 63 1000 5 0.8 0.114 0.324 22.686 0.139999999999997 0.999923986469376 0.00303187731180005 0.00184633903852323 0.00744040455796081 0.0091684467237759 0.805309484711781 0.999924410346601 0.000969693656542073 -0.00634941004810207 -0.00672365074760391 -0.00804430232398365 0.803047292495008 0.999923963019666 0.00303071659542632 0.00184490768494239 0.00744244933249262 0.00917001633211747 0.805206479889116 0.999924395435675 0.000971335910111191 -0.00635105914485977 -0.00672316511035151 -0.00804506170188281 0.802960021485128 0.00199999999999889 0.00100000000000122 0.0509999999999984 0.0489999999999995

 6254 54 1000 5 0.8 0.0270000000000001 0.319 22.78 0.138999999999999 0.999911657410161 0.00864461127926468 -0.00894447526269 0.00446184891147741 0.00142700303477088 0.79824900029667 0.999938035300658 -0.00652682106845128 -0.00868347981259563 0.00167591271847465 -0.0017648401359187 0.802530958549746 0.999911654241596 0.00864471785666096 -0.00894468537009176 0.00446188917784477 0.00142713475497807 0.79818813586568 0.999938023487976 -0.00652766955492834 -0.00868342803149273 0.00167697615603119 -0.00176763733176449 0.802444444222009 0.00199999999999889 0.00100000000000122 0.0489999999999995 0.0500000000000007

 6240 40 1000 5 0.8 0.0219999999999998 0.309 21.626 0.134 0.999920490765187 0.00572823178594001 0.00466249813928109 -0.00154691281845818 -0.0101028550592529 0.795810676730689 0.999857802122942 0.0103097559605536 0.00825678464883137 -0.000583499833854778 0.0104675451334237 0.798985854819297 0.999920473643943 0.00572900081400911 0.00466249749265048 -0.00154585448984254 -0.0101042757470838 0.795760160793676 0.999857781444836 0.0103111672265081 0.00825774512905952 -0.000582023582421542 0.0104674547321854 0.798921838902214 0.00200000000000244 0.000999999999997669 0.0460000000000029 0.0450000000000017

 6279 79 1000 5 0.8 0.024 0.389 20.705 0.141999999999999 0.99972552477717 0.000641101136256123 -0.0147664928836184 0.017866550440143 0.00334681365365578 0.798041398347727 0.99982697543996 -0.00268331092344586 0.0181531802010557 0.00192702344136535 -0.00235958774249647 0.793171665180387 0.999725545703313 0.000639450804663719 -0.0147664146975613 0.0178655009183831 0.00334682607802892 0.797981522721969 0.999826974738812 -0.00268289984640126 0.0181533032423244 0.00192706781325421 -0.00235936942532256 0.793131242123046 0.00300000000000011 0.00200000000000244 0.0500000000000007 0.0479999999999983

 6277 77 1000 5 0.8 0.0169999999999999 0.363 21.101 0.141999999999999 0.999862013089019 0.00697707306177692 0.00630815851208843 0.0094006219459286 0.00995543450992433 0.803177090688703 0.999732529666087 0.0171944351155586 -0.0115408826022787 -0.00885839376405465 0.00524951590008123 0.807201674668741 0.999861986411874 0.00697798766886976 0.00631041583172222 0.00940092315655759 0.00995575775270545 0.803089455384035 0.999732484251581 0.0171978594985934 -0.0115386761873954 -0.00886008241457148 0.00524894773068313 0.807085535879702 0.00300000000000011 0.00100000000000122 0.0499999999999972 0.0499999999999972

 6273 73 1000 5 0.8 0.0270000000000001 0.329 22.097 0.138999999999999 0.999956272370872 0.00787281328082362 0.000733890001387248 -0.00209220652181603 -0.00453389838130129 0.797539813446654 0.999923901687902 0.00610736260912109 0.00233586917754015 0.00431463448066844 -0.00952987931127659 0.808266123614673 0.999956286232227 0.0078702712503201 0.000733060670118745 -0.00209313696286082 -0.00453495918468876 0.797482368046286 0.999923922907706 0.0061062278555646 0.00233485116163561 0.00431275457890771 -0.00952948037587445 0.808143633361527 0.00300000000000011 0.00100000000000122 0.049000000000003 0.049000000000003

 6274 74 1000 5 0.8 0.0270000000000001 0.354 22.202 0.140000000000001 0.9998519509504 0.0155302510687444 0.000241722160020409 0.00250622297724724 0.00696763225257154 0.796537408631772 0.999962809425523 -0.000598807046525402 -0.00523022378154963 -0.00495970693527597 0.00469758046734402 0.799443745037682 0.999851938935234 0.0155310123527612 0.000242545591886364 0.00250634679260695 0.00696758639294419 0.796485250992181 0.999962817202705 -0.000597604235344599 -0.00522964027105751 -0.00495847599024254 0.0046980272134226 0.799377783489408 0.00199999999999889 0.00200000000000244 0.0489999999999995 0.0479999999999983

 6281 81 1000 5 0.8 0.0369999999999999 0.356 21.329 0.137 0.999883395233503 0.00104552151597893 -0.0133788116665022 0.00420455202872107 -0.00595247525933274 0.806103381609964 0.999735019714521 -0.00415317364353173 0.00274325043846418 0.0202049192862801 -0.00984262763490253 0.798760276166183 0.999883396147656 0.00104534804627574 -0.0133789011553456 0.004204644405852 -0.00595208576788208 0.8059960013046 0.999734979673112 -0.00415515427573004 0.00274438193921151 0.0202065881649552 -0.00984211732562815 0.7986951735386 0.00200000000000244 0.00199999999999889 0.0510000000000019 0.0500000000000007

 6284 84 1000 5 0.8 0.02 0.347 21.397 0.142999999999997 0.999937841923016 0.00259728763731324 0.00994582667093582 0.00247822677199181 -0.00353628493876778 0.80090262169689 0.99994885694823 0.00713556741074929 -0.0051519799365504 -0.00290977071799209 -0.00404444096967905 0.805968743031993 0.999937823991411 0.00259614826993481 0.00994734377926495 0.00247843576231516 -0.00353777803036056 0.800828322566159 0.99994889683551 0.0071330148400855 -0.0051480020997654 -0.00291012470045081 -0.00404389235089186 0.805862283292124 0.00199999999999889 0.00100000000000122 0.0500000000000007 0.0499999999999972

 6275 75 1000 5 0.8 0.0249999999999999 0.349 22.301 0.146000000000001 0.999932891126663 0.000589674238348112 -0.00592298906067959 0.000401329417641261 0.00993089435300804 0.801799347954643 0.999976896506181 0.00482625484734256 0.000608472593225329 -0.00406911759472447 -0.00244658151673912 0.794413135317968 0.999932923849634 0.000588741942285613 -0.00592153535984232 0.000402492398551342 0.00992847436911973 0.801719256515834 0.999976905327746 0.00482518145005947 0.000608149703986136 -0.00406878960703573 -0.00244571874690722 0.79436818456788 0.00199999999999889 0.000999999999997669 0.0509999999999984 0.046999999999997

 6282 82 1000 5 0.8 0.0190000000000001 0.365 21.942 0.137 0.999905599976633 -0.00876676471390565 -0.00187505278122861 -0.0103313680243599 0.0012969131171387 0.803674608421364 0.99981236905025 0.00563502550828237 -0.00703446379358731 -0.0147707173042014 0.00870720455164787 0.809614589071226 0.999905632059901 -0.00876604709596497 -0.00186995252555811 -0.0103296925090207 0.00129773780948549 0.803581733215299 0.999812256984459 0.00563693047898452 -0.00703605023472634 -0.0147742314036911 0.00871159468419911 0.809479790347298 0.00199999999999889 0.000999999999997669 0.0530000000000008 0.0500000000000007

 6286 86 1000 5 0.8 0.0230000000000001 0.331 21.693 0.140000000000001 0.999959197645289 0.00270416857005983 0.00495955781596329 0.00602575558303957 0.00365835657900129 0.804827986452659 0.999975355546144 -0.00336643524444286 0.00129721549528333 -0.00340182622658988 0.0049699320307985 0.815268174641354 0.999959190300264 0.00270626796168477 0.00496185506826804 0.00602372207132844 0.00365904556528087 0.804729082788933 0.999975357741149 -0.00336361377332195 0.00129920652707182 -0.00339946519399525 0.00497249551439654 0.815079557567497 0.00199999999999889 0.000999999999997669 0.0510000000000019 0.0500000000000007

 6293 93 1000 5 0.8 0.0459999999999998 0.559 20.893 0.141999999999999 0.999954141836534 0.00667258055298859 -0.00174129700844314 0.00664470678375776 8.15426921263327e-05 0.804400747740674 0.999972116605095 0.000401254683170612 0.00452912384175401 -0.00169633644040578 0.00567578073157162 0.799965079092627 0.999954144436461 0.00667357390601848 -0.00173900147464727 0.00664390919178774 8.23418998623011e-05 0.804305078371121 0.99997211404564 0.000401818224875123 0.00453013038516853 -0.00169655657461251 0.00567532269490185 0.799895657545143 0.00199999999999889 0.00100000000000122 0.0509999999999984 0.0489999999999995

 6276 76 1000 5 0.8 0.0299999999999998 0.378 22.669 0.141999999999999 0.999952001663548 0.000954653154950116 -0.0015636149898756 0.00208207845604271 -0.00939697099514938 0.803543690496999 0.99993644218086 -0.00550755887936246 -0.00185518093541802 -0.00544277346023611 0.00798203699769026 0.794582766772417 0.99995198895371 0.000954045150214453 -0.00156285933549471 0.00208304884351356 -0.00939829578084093 0.803456256472729 0.999936451088573 -0.00550748483820564 -0.00185429885169427 -0.00544387276324727 0.00798042732271167 0.794537024222491 0.00199999999999889 0.000999999999997669 0.0509999999999984 0.0479999999999983

 6287 87 1000 5 0.8 0.0190000000000001 0.345 21.834 0.138000000000002 0.999952509990019 -0.000540391820178201 0.00685292753518491 0.0020835186040055 0.00658650709909626 0.816174856022244 0.999961847373425 -0.00124428490570495 -0.00852268741544721 -0.000109481776793034 0.00145167680989412 0.805363696216087 0.999952467869987 -0.000540192278560896 0.00685672560230663 0.00208375586802157 0.00658888977915839 0.815973073900289 0.999961849033724 -0.00124646153563539 -0.00852193185191764 -0.000108677719041734 0.00145316116135278 0.805263078588875 0.00199999999999889 0.00100000000000122 0.0519999999999996 0.0500000000000007

 6280 80 1000 5 0.8 0.0150000000000001 0.356 22.458 0.140000000000001 0.999934212443811 -0.0098327788735615 -0.00103938668703994 0.00292923963711019 -0.00502259638665711 0.80427272401067 0.999824649237825 0.00755193816240685 -0.00187144465974705 0.0168777993969041 -0.00229708268358544 0.807194683772045 0.99993417058192 -0.00983365168788774 -0.00103849574771463 0.00293244045336941 -0.00502753584753644 0.804180152733739 0.999824645213878 0.0075509120770537 -0.00187340310464885 0.0168783677393082 -0.00229643484830835 0.807077993392787 0.00199999999999889 0.00200000000000244 0.0499999999999972 0.0500000000000007

 6285 85 1000 5 0.8 0.016 0.341 22.1 0.140999999999998 0.999964656507875 -0.00343399417459885 -0.00637456522361641 -0.000646336740360271 -0.00422381180039544 0.794363684445185 0.99980584396704 0.0020916017748817 0.015432921072926 0.0119822992439169 0.00146595475902277 0.802917188937928 0.999964658692928 -0.00343297847135086 -0.00637478892291032 -0.000645059553702991 -0.00422397778310273 0.794318433856104 0.999805867257886 0.00209108083648704 0.015433650685429 0.0119795111564605 0.00146591835174022 0.802830105466882 0.00199999999999889 0.00199999999999889 0.0489999999999995 0.0489999999999995

 6296 96 1000 5 0.8 0.0129999999999999 0.443 21.126 0.138000000000002 0.999872252202661 -0.00190765566494355 0.0144138676763663 0.00638527224412116 0.00181902227028208 0.804194183366692 0.999838617560581 -0.00529139202910186 0.00368495683582382 -0.00345585043375045 0.0164078699360189 0.79704391056249 0.999872222648557 -0.00190830623850242 0.0144156196915131 0.00638508538374619 0.00182135572747303 0.804099708055209 0.999838599922836 -0.00529088885539602 0.00368520877861321 -0.00345751908954449 0.016408698835239 0.796987928667053 0.00199999999999889 0.00100000000000122 0.0519999999999996 0.0489999999999995

 6299 99 1000 5 0.8 0.0349999999999997 0.432 20.961 0.139000000000003 0.999779297994634 0.0179089902977512 5.30571863502343e-05 0.0109125686426318 -0.00123951540009902 0.804217907690649 0.999804386469417 -0.0187064430960715 -0.0022032780935803 -0.001561770085653 0.00582788323908034 0.806890688293942 0.999779224475053 0.0179113253636933 5.27190192926443e-05 0.0109152785892124 -0.00124122753857804 0.804122477919682 0.999804381437748 -0.0187072330133832 -0.00220278956118718 -0.00156189834465593 0.00582636100631148 0.806777606863585 0.00200000000000244 0.00200000000000244 0.0509999999999984 0.0500000000000007

 6297 97 1000 5 0.8 0.0110000000000001 0.383 21.291 0.142000000000003 0.999894616109181 -0.00014457753195815 0.014072007246286 0.000965895608250141 0.00343240891286038 0.803015422362903 0.99995590497392 -0.00466597373998713 0.00786497280024808 0.00210698596914667 0.00034584653113303 0.797908230226639 0.999894603307162 -0.000144668908755985 0.0140729404264855 0.000965358667639979 0.00343245954327832 0.802927988628312 0.999955909418509 -0.00466513288453355 0.00786466676149402 0.0021079012645738 0.000345721219919541 0.797849245860066 0.00300000000000011 0.000999999999997669 0.0509999999999984 0.0479999999999983

 6300 100 1000 5 0.8 0.0350000000000001 0.353 21.197 0.141999999999999 0.999915764025463 -0.00206017703973226 -0.00700923911523233 -0.0102445873444069 0.00318426146966989 0.809138509215335 0.999772372569431 0.0146236903756862 0.0110953046354495 -0.00790185889805593 -0.0074703124223784 0.797715034287023 0.999915774599751 -0.00205803407391601 -0.00700706376455174 -0.010244470166862 0.00318748972250676 0.809007517103934 0.999772346288042 0.0146251853941238 0.0110969354698064 -0.00790101273566981 -0.00746937553077564 0.797655150354274 0.00199999999999889 0.000999999999997669 0.0510000000000019 0.0479999999999983

 6292 92 1000 5 0.8 0.02 0.447 21.705 0.138999999999999 0.999721198249551 0.0104285720243509 -0.0121550481507039 0.0159517134106207 -0.00682409699031309 0.800753168841596 0.999922949202587 -0.000768327921979617 -0.00349637544842521 -0.00434615998185642 0.011063072915801 0.804460210536036 0.999721166332263 0.0104316439222717 -0.0121562934308992 0.0159509307058547 -0.00682368902999945 0.800679517776235 0.999922940608681 -0.0007686529735398 -0.00349609051872142 -0.00434483586748309 0.0110644371507888 0.804366899138656 0.00300000000000011 0.000999999999997669 0.0500000000000007 0.0480000000000018

 6290 90 1000 5 0.8 0.0139999999999998 0.38 22.146 0.140999999999998 0.999884750024069 0.0130731829473127 -0.00238424256560355 0.00595875742161011 -0.00428802452314461 0.798302236523601 0.999723065793157 -0.0180982571568754 -0.000405509652565267 -0.0127177999996203 0.00802109307423388 0.794528897356866 0.999884766483891 0.0130729754799787 -0.00238229320864041 0.00595727309801475 -0.00428796476890453 0.798241666513996 0.99972306957523 -0.0180984131309326 -0.000405701043667074 -0.0127174963861974 0.0080207414589699 0.794483550608205 0.00199999999999889 0.000999999999997669 0.0489999999999995 0.0470000000000006

 6298 98 1000 5 0.8 0.0190000000000001 0.375 21.693 0.141999999999999 0.999882909751376 -0.00074380401455834 0.00735317028359265 0.00905800489148595 0.00987405574607295 0.796370533718169 0.999977007716098 -0.00322800889018896 -0.00463590660737908 0.00187045908259351 -0.00325173038717771 0.798855444342296 0.999882917170046 -0.000745204044700623 0.00735457743677264 0.0090566833944214 0.00987336310841075 0.796317736479806 0.999977000678954 -0.00322704244800086 -0.00463672291607146 0.0018714807932546 -0.00325310165874846 0.798790655577181 0.00200000000000244 0.00100000000000122 0.0499999999999972 0.0489999999999995

 6291 91 1000 5 0.8 0.02 0.447000000000001 22.173 0.141999999999999 0.999848582896982 0.0120014824651446 -0.0112323739311461 0.00424949243436752 -0.0038146149815266 0.802237217200836 0.999923830703976 -0.00594853041480653 0.00822981974692896 0.00415544786296923 -0.00565244161244191 0.798912921529635 0.999848588682466 0.0120008213292184 -0.0112331983208407 0.00424926577475256 -0.00381300314267886 0.802155847080321 0.999923847852632 -0.00594804500976521 0.00822890458607326 0.00415644047054476 -0.00565052104468097 0.798848500258937 0.00199999999999889 0.000999999999997669 0.0500000000000007 0.0489999999999995

 6288 88 1000 5 0.8 0.0349999999999997 0.397 22.647 0.140999999999998 0.999842068483385 0.0100645297436901 -0.0107029966034591 -0.00890484818065212 -0.00454894212879835 0.807240715589768 0.999915261062371 -0.00742334739522267 0.00703445568390597 -0.00648362624935932 -0.00477950121985921 0.803518967957853 0.999842083250047 0.0100634236819776 -0.0107032363734287 -0.00890536385754036 -0.00454656922338975 0.807121997942535 0.999915273289038 -0.00742245263561412 0.00703609129726574 -0.00648274276888397 -0.00477712315414751 0.803428751420242 0.00199999999999889 0.00100000000000122 0.0509999999999984 0.0500000000000007

 6278 78 1000 5 0.8 0.02 0.368 23.57 0.132999999999999 0.999898328324435 0.00727719710984069 0.00130946572101465 0.0038439072382324 0.0115708726073163 0.803813034486695 0.999801773417902 -0.0136881933566676 -0.00587052416610782 0.0131865129399647 0.000836693222446817 0.796542634504058 0.999898345651796 0.00727719862943853 0.00131085474193207 0.00384369561755666 0.0115692872189319 0.803721063708741 0.999801741861222 -0.0136881765226712 -0.00587132056541216 0.0131885017118077 0.000837742303747001 0.796488108502718 0.00300000000000011 0.000999999999997669 0.0500000000000007 0.0489999999999995

 6295 95 1000 5 0.8 0.0309999999999997 0.584 22.051 0.140999999999998 0.999810198685763 0.0106343699297213 -0.00174655686742523 0.0140235483323528 -0.00817107161952021 0.795719441995534 0.9998866443163 -0.00528661645332862 -0.00924267633247719 0.00750726312005294 -0.00754745911045427 0.79493082283135 0.99981021461478 0.0106336398615616 -0.00174606099707442 0.0140232465797033 -0.00817069651871602 0.795669971608295 0.999886626237706 -0.00528718035555706 -0.00924396472137493 0.00750709038054999 -0.00754805306775424 0.79488416699013 0.00199999999999889 0.000999999999997669 0.0479999999999983 0.0470000000000006

 6294 94 1000 5 0.8 0.0459999999999998 0.479 22.542 0.140000000000001 0.999863665709715 0.000207749806421783 0.0158114602701026 0.000308211041255721 -0.00474442447835015 0.805339451476093 0.999939324587687 0.00839856096063341 -0.00377067855246701 0.00467221062996998 0.00384236229348236 0.796932422718352 0.999863670922557 0.000205194027226329 0.0158116047727895 0.000305509710508817 -0.00474313008523103 0.805235112380016 0.99993931613962 0.0083996792301603 -0.00377040001938208 0.00467214426194651 0.0038424703967441 0.79687784588677 0.00199999999999889 0.00100000000000122 0.0519999999999996 0.0480000000000018

 6283 83 1000 5 0.8 0.0209999999999999 0.358 23.694 0.134 0.999891202264222 0.00419268380586266 -0.013298691898616 0.00461375999889493 -0.00136493573897996 0.806844499208291 0.999830351852845 0.00644356248067522 0.0121896223418954 -0.0103763276062486 -0.00644150207195719 0.802363626707723 0.999891243966055 0.00419025969737311 -0.0132957868449208 0.00461555964263797 -0.00136404730237321 0.806732825917626 0.999830381288634 0.00644198884588853 0.0121883330710981 -0.0103758422542712 -0.00644172852548521 0.802279631044798 0.00300000000000011 0.00100000000000122 0.0499999999999972 0.0960000000000001

 6289 89 1000 5 0.8 0.0110000000000001 0.385 23.519 0.133000000000003 0.999660052122788 0.0224957736216094 -0.00378730437119697 0.0109628675935439 -0.00626036889938803 0.805858946322607 0.999880550208593 0.0119564066511394 0.00367303285058846 0.00863702297368496 -0.00280005685392569 0.788278001939101 0.999659990439021 0.0224983097161812 -0.00378813893484837 0.0109623526030215 -0.00626150175188222 0.80575224039969 0.99988054762149 0.0119565269763936 0.00367243082681048 0.00863735028483021 -0.00280024689825541 0.788251033971561 0.00300000000000011 0.00100000000000122 0.0760000000000005 0.0700000000000003

 6301 1 2000 5 0.8 0.089 0.374 43.198 0.275999999999996 0.999979967217709 0.0049107726805847 -0.000844454225143567 -0.00390239568323826 8.76352807899644e-05 0.80755600870853 0.999931700513388 -0.00743792641763146 0.00595864181935403 0.000896578435123726 0.00670539288848891 0.80107152169629 0.999979962343622 0.00491155813901187 -0.000844096405625357 -0.003902709994637 8.86783573174094e-05 0.807436147451496 0.999931698330994 -0.0074385264567752 0.00595834799425602 0.000896375110401181 0.00670534099709766 0.800995262799438 0.137999999999998 0.131999999999998 9.564 11.557

 6303 3 2000 5 0.8 0.233 0.367 44.777 0.439999999999998 0.999915306201245 0.0059259495104296 0.00504761295715468 -0.0104295145680938 0.000101863530484847 0.799166478715017 0.99992678090294 0.00941868495751075 -0.000727500002801467 0.00324261978662365 -0.00683208368075995 0.800446752536991 0.999915288109962 0.00592587559666043 0.00504893159891868 -0.0104306443656262 0.000102714228135997 0.799101454898913 0.999926767886899 0.00941900351520183 -0.000728437941804597 0.0032440194842745 -0.0068327850684445 0.800374841967143 0.227000000000004 0.356000000000002 11.197 10.825

 6304 4 2000 5 0.8 0.158 0.369 45.081 0.436 0.999884163539501 0.00736678698066132 0.00282971039278861 -0.012266908843835 0.00434806152247961 0.804462613075643 0.999968047400243 0.00622444247569164 -0.00205873066441812 0.00264984241955727 -0.00372833174681847 0.801148761025961 0.999884138729405 0.00736686350568539 0.00282953204236078 -0.0122690868115194 0.00434760815596035 0.804367749938366 0.999968047731148 0.00622489558929064 -0.00205868875605366 0.00264994698418202 -0.00372743521007889 0.801071901659885 0.369 0.355000000000004 11.24 10.874

 6302 2 2000 5 0.8 0.176 0.363 45.169 0.400000000000006 0.99996283699919 -0.00258664135647391 0.00494697507641438 0.00297296212538388 0.00585856986129591 0.803518194486744 0.999987072318927 -0.00135541354144217 -0.00488253969412373 0.000205652507641958 -0.000369543414177151 0.805130503384564 0.999962836869678 -0.00258650669249315 0.00494794725899124 0.00297054751775843 0.00585905521760588 0.803427723709599 0.999987066209551 -0.00135921339108636 -0.00488266780838384 0.000205410824075649 -0.000370559089264726 0.805030284403681 0.339000000000006 0.345999999999997 11.646 10.552

 6307 7 2000 5 0.8 0.165 0.451 61.354 0.280000000000001 0.999990424797205 0.00107961669058348 0.00242492859557848 0.00345250523037141 0.000429733228676694 0.79776087360242 0.99991717483938 0.000663366642844639 0.00969072726844646 -0.00834334720180316 -0.00129683013842986 0.79677585904274 0.999990419035114 0.00108206694698048 0.00242559399739002 0.00345273846020997 0.000431346711349712 0.797702783839129 0.999917176658651 0.000663433982377997 0.00969027539955212 -0.00834365514683381 -0.00129678826889766 0.796721605575601 0.328000000000003 0.483000000000004 40.564 56.085

 6322 22 2000 5 0.8 0.239 0.594 58.493 0.289999999999999 0.99994024066404 0.00893778249235652 -0.00325531548493353 0.00132846385437797 -0.00522199671983884 0.805505619853229 0.999959638711482 -0.000506558428795317 -0.00499564494234823 0.00744801836647201 -0.000186816979579872 0.793199347691563 0.999940249319962 0.00893584128227894 -0.00325510323332858 0.00132834104320319 -0.00522382460689666 0.805403658959414 0.999959634262609 -0.000506456186848367 -0.00499609102720962 0.00744832368505818 -0.000186805382144737 0.793157839928391 0.398999999999987 0.411000000000001 41.446 55.904

 6308 8 2000 5 0.8 0.081 0.398 60.741 0.280999999999992 0.999971320618791 -0.00147933778934627 0.00305265605978447 -0.0063808726110377 -0.00226611017367665 0.803291356811942 0.999966594354972 -0.00058580147686738 -0.00404321534310378 -0.00684470445507178 0.00180815966102807 0.802103247479812 0.999971311524916 -0.00147840638130954 0.00305414605100025 -0.00638210753351145 -0.00226524547049482 0.80320369624471 0.999966590866386 -0.000585259407382031 -0.00404186031363501 -0.00684597131731573 0.00180849783285166 0.802024000705771 0.347000000000008 0.445999999999998 43.015 55.532

 6305 5 2000 5 0.8 0.105 0.39 61.449 0.278000000000006 0.999947731009305 0.00339177191915507 -0.0025026271621562 -0.0036596424487073 -0.00856592125961372 0.806149021792626 0.999933699164031 -0.00522832139826466 0.000746882022229923 -0.0101220037499715 -0.00149971291385637 0.798647313139102 0.99994774165851 0.00339138643588502 -0.00250015433424091 -0.00365967944360214 -0.00856553703880322 0.806041025729613 0.99993369900975 -0.0052278329657986 0.000745720406105862 -0.0101223621288163 -0.00149967768820464 0.79858374285829 0.311999999999998 0.282000000000011 42.939 57.03

 6311 11 2000 5 0.8 0.116 0.708 59.677 0.278999999999996 0.99999221356401 -0.000121243931294991 -0.00105220134279274 -0.00377244628575747 0.00046864978004803 0.806966498325479 0.999997159725338 -0.000716402949834884 0.000119906619759163 -0.00176610781240408 0.00142611137990716 0.802436811197844 0.999992211529737 -0.000120532074428414 -0.00105059824053634 -0.00377314653547667 0.000471126780056322 0.806853275839207 0.999997157690914 -0.000716898156545589 0.000119059217549898 -0.00176723542783143 0.00142596317371585 0.802353203735468 0.431000000000012 0.375 43.987 58.266

 6321 21 2000 5 0.8 0.249 0.561 58.852 0.653999999999996 0.999947573661745 0.00222076926134478 0.00463090255422259 -0.00695940001217675 -0.00548083979698009 0.803346190953469 0.999947979492238 -0.000316646940119062 -0.00674227848351258 -0.000745146462358863 0.00761081347207573 0.798286681680804 0.999947559328166 0.00222199915376637 0.00463196608563733 -0.00696018169405842 -0.00548106507638512 0.803256006498679 0.999947978979481 -0.000316178645005632 -0.00674146749668198 -0.000745417581032428 0.00761159211583609 0.798225496788967 0.363 0.417000000000002 44.703 56.871

 6331 31 2000 5 0.8 0.133999999999999 0.363 57.965 0.570999999999998 0.999958046335778 -0.00287220610155337 0.0030158348366129 0.00220471765583983 -0.00785493225564381 0.797791119844101 0.999989412621011 0.0015806854776472 -0.00302785518261563 -0.00287912895192874 -0.00110398767059843 0.801244001352566 0.999958045167239 -0.0028717689517753 0.00301740671381426 0.00220419436080173 -0.00785478404191136 0.797732216960561 0.999989411001255 0.00157999146719173 -0.00302831557446502 -0.0028793490719054 -0.00110461125779032 0.801167357443113 0.361000000000004 0.510000000000005 44.987 57.257

 6317 17 2000 5 0.8 0.229 0.439 59.996 0.711999999999989 0.999930193868663 -0.000376805676978666 -0.00364284391448099 -0.0101382085958928 -0.00483857643734436 0.796966799025465 0.999953418483033 -0.004272954551004 0.00652513157940913 0.00549211584386543 0.00147038938080915 0.795031258764638 0.999930197021223 -0.000376827774214338 -0.00364241763375822 -0.0101378567415706 -0.00483898133853314 0.796910476113016 0.999953421421467 -0.00427325923033353 0.00652461805044855 0.00549184364314982 0.0014708010566444 0.79498369183775 0.585999999999999 0.576000000000008 47.823 54.586

 6306 6 2000 5 0.8 0.0999999999999996 0.409 61.989 0.622 0.999977289628739 -0.0053779562362765 0.0033030003804665 0.00126514068825528 -0.00199685277585198 0.804913021392577 0.999964230194411 -0.0037579687822316 0.00306893366118894 0.00109803846930513 -0.00684046489893235 0.801653191499939 0.999977286579976 -0.00537802161227846 0.00330303049864361 0.00126457044136558 -0.00199851415068602 0.804814690792048 0.999964233412009 -0.00375695208022217 0.00306848199625216 0.00109781253820094 -0.00684079188911816 0.801574480306212 0.367000000000004 0.552999999999997 46.694 57.266

 6310 10 2000 5 0.8 0.136 0.502 61.092 0.617999999999995 0.999939328812829 -0.00427879987581821 0.00457077081264801 -0.00743753905869264 0.00517896050382687 0.802590793415078 0.999924327662741 0.000493177756361657 0.0116341648470022 0.00396657866600563 -9.04760497984214e-05 0.797164072336129 0.999939319913501 -0.00427700618431384 0.00457102712117127 -0.00743903995556735 0.00517977843355816 0.802507926157301 0.999924331041813 0.000493706862522353 0.0116338288715759 0.00396664563100447 -9.05115593207044e-05 0.797107778016332 0.596000000000004 0.619 47.504 55.065

 6314 14 2000 5 0.8 0.269 0.439 60.642 1.003 0.999959715492632 -0.0022948528967395 0.00849949491668051 -0.000718690714554178 -0.00159471373460976 0.806131256552518 0.999991148955831 -0.00277301356893539 -0.000592398263432728 0.00014348737560367 -0.0031049768781354 0.797565612095988 0.999959727200659 -0.00229422026841646 0.00849835273389378 -0.000719569849832354 -0.00159397308192576 0.806024200645177 0.999991149103861 -0.00277330432505834 -0.000590693320828581 0.000143292737447211 -0.00310500332567968 0.797507419502596 0.528999999999996 0.652000000000001 50.67 53.7

 6329 29 2000 5 0.8 0.139 0.394 59.367 1.131 0.999964030478902 -0.00517332023801815 0.00317468815908263 -0.00492130147401379 -0.00329797710706365 0.803263955040596 0.999950250773303 0.00284762771633307 -0.00169824372138716 -0.00431424014663228 -0.00836004156795179 0.795074306978995 0.99996402379603 -0.00517361152429027 0.00317615330380687 -0.0049212742973917 -0.00329817630362875 0.803176534114923 0.999950260795627 0.00284809773163989 -0.00169796481336839 -0.00431427270346852 -0.00835872242640676 0.795026181809046 0.597000000000008 0.683999999999997 50.459 53.452

 6326 26 2000 5 0.8 0.21 0.484 60.062 1.401 0.999924097709976 0.00723710216332762 0.00355375412191534 -0.00534857834771404 0.00762802153036954 0.805093419239604 0.999940603458162 -0.00121886594920657 -0.00753058457557422 0.00173053051330953 0.0075894322329171 0.794171100346209 0.999924094380196 0.00723913299397122 0.00355386708611522 -0.0053483717078341 0.00762662312227294 0.804993855871284 0.99994060611732 -0.00121900260338906 -0.00752984516841607 0.0017308266553472 0.00758972602981065 0.794127005768554 0.686999999999998 0.814000000000007 52.011 51.664

 6309 9 2000 5 0.8 0.0960000000000001 0.406 62.829 1.47799999999999 0.999873498680983 0.00301399563665122 0.012378709078509 -0.00492332538143121 0.0081505149831225 0.809435841132014 0.999969184966198 0.00303532755786522 0.00659009931690844 -0.00281443238922199 0.00103221411281239 0.802290189758013 0.999873465911241 0.00301490138748782 0.0123783466622531 -0.00492463658933263 0.00815395760588224 0.809301467999726 0.999969187525667 0.0030356921702261 0.00658936630225605 -0.00281517882681983 0.00103130607154915 0.802209313186854 0.650999999999996 0.935999999999993 53.192 52.04

 6315 15 2000 5 0.8 0.224 0.574 61.618 1.253 0.999930782202654 -0.00608772172182015 0.00497284592560076 -0.00874885149277703 0.000314402264388597 0.805099727971084 0.999970090940816 -0.00422928965317165 0.00123120217107068 0.00324182470741622 0.00546855068783386 0.800602817212327 0.999930767509937 -0.0060871058135348 0.00497392863815986 -0.00875030292581485 0.000315535118705015 0.80500034583743 0.999970088725962 -0.00423029288500191 0.00123152708607176 0.00324121672089791 0.00546846694267776 0.80052848273021 0.656999999999996 0.799999999999997 53.189 53.987

 6328 28 2000 5 0.8 0.186000000000001 0.413 60.393 1.34999999999999 0.999962012810377 -0.00765504166544262 0.00217042650309327 0.00202678707130588 0.00292483440250212 0.804623674614312 0.999873506263948 3.40195353841878e-05 0.00656485346081664 -0.0102405000910674 -0.0102472030834142 0.802073747389413 0.999962010350614 -0.00765446928201024 0.00217017630124463 0.00202753595042698 0.00292683931230169 0.804527233348534 0.99987348931445 3.46697685628059e-05 0.00656642593626026 -0.0102390392807648 -0.0102493067660672 0.801991763458411 0.721999999999994 0.947999999999993 52.483 52.912

 6320 20 2000 5 0.8 0.247 0.532 63.211 2.495 0.999897884743815 0.00610633850167589 0.00575582135661045 -0.0114637481129732 0.00154457588339211 0.801086502068803 0.999983335788354 0.0010653023432315 0.000145575629690177 0.00500705847271922 -0.00266485453656699 0.80154948149665 0.999897880117293 0.00610740087196279 0.00575475753343213 -0.0114643476548612 0.00154288370035049 0.801010903873242 0.999983338473921 0.00106613287050391 0.000145138083191668 0.00500641693754292 -0.00266474382238878 0.801471795007571 0.935000000000002 1.06 55.198 47.499

 6332 32 2000 5 0.8 0.0760000000000001 0.364 63.478 2.935 0.999984363941077 0.00417189179864302 -0.00263584159390819 0.00140879460372047 -0.00222144750905356 0.801656232878761 0.999929064063875 0.00916243970524898 -0.00539854953908276 -0.00172782994603048 -0.00507807104549157 0.804218728859631 0.999984356541382 0.00417262215869115 -0.00263641594929036 0.00140845012290793 -0.0022229431014414 0.801578018537196 0.999929081000062 0.00916057676394153 -0.0053988115157306 -0.00172809293049973 -0.00507772909532963 0.80412476828254 0.99799999999999 1.20699999999999 54.637 47.268

 6312 12 2000 5 0.8 0.069 0.58 65.665 4.411 0.999926204899236 0.00134728155750941 0.00747918348615722 -0.00907803480066456 0.00272409374908253 0.801137951614008 0.999986372450904 0.000338172541050433 0.00458490116461001 -0.000562989471381924 0.00240879139387732 0.798758660105847 0.999926196889313 0.00134691056635557 0.0074793164848955 -0.00907885105057933 0.00272413195745742 0.80106350088614 0.999986372488414 0.000337569067473064 0.00458479524624887 -0.000562744760028743 0.0024091192317876 0.798695323844652 1.062 1.19999999999999 54.768 45.454

 6318 18 2000 5 0.8 0.268 0.481 67.221 1.881 0.999958097156614 -0.000668789399455213 0.0070156873829445 0.00473912999672144 0.00341722534841593 0.803958524006824 0.99997506597585 0.00485115091694782 0.00445647397218661 -0.00253679114989684 0.000195682837441025 0.798235730842965 0.999958103153894 -0.000668253653600762 0.00701594335076856 0.00473793501513172 0.00341670669096399 0.803866309905977 0.999975065929452 0.00485159666456549 0.00445684385823106 -0.00253532614134592 0.00019543125060535 0.798174197513274 0.995999999999995 1.252 56.234 45.122

 6316 16 2000 5 0.8 0.276 0.485 66.012 3.182 0.999952545790302 0.00837784817725891 -0.00168473107746761 0.00452440458709972 0.0011871275169252 0.80873260212762 0.999943570478767 0.000957547262066296 -0.0053499531428386 -0.00275067095854578 0.00870349194650273 0.7995990263562 0.999952559774158 0.00837730725633029 -0.00168287385978754 0.00452277852819025 0.00118799587497364 0.808606190100198 0.999943556462729 0.00095715918176601 -0.00535172211387995 -0.00275022555132851 0.00870419811370314 0.799531141924868 0.975999999999999 1.054 57.558 43.675

 6323 23 2000 5 0.8 0.081 0.561 68.453 3.307 0.99998707990212 -0.00117712049806244 0.00296992889621072 0.00277373973336839 0.00281785493022146 0.799336376386368 0.999959382784138 -0.00413459257633088 -0.00777937407963658 0.00091507591909045 -0.00166790323016129 0.799226225798902 0.999987084145795 -0.00117674988611137 0.00297051135474274 0.00277247004789101 0.00281713922658844 0.799271002372497 0.999959384318775 -0.00413428746189844 -0.0077793604649152 0.000914142076954552 -0.00166831502399839 0.799160304179291 1.25700000000001 1.33499999999999 54.7 43.007

 6330 30 2000 5 0.8 0.0869999999999997 0.409000000000001 67.53 3.69699999999999 0.999969813324159 0.00152173119136741 0.0022799994402607 0.000412988002783559 0.00725863748160096 0.804779622007982 0.999963007704796 -0.00361409065058719 -0.00776404530905271 0.000769161953491982 -0.000222623172096166 0.791752909157319 0.999969809706121 0.00152204172891359 0.0022800768547028 0.00041195680728364 0.00725910506912859 0.804682066705743 0.999963012380073 -0.00361394653803033 -0.00776349562252546 0.000769365160242001 -0.000222430123209534 0.791716387748589 1.34 1.449 57.846 40.978

 6313 13 2000 5 0.8 0.247 0.476 68.064 3.458 0.999979279399534 0.00443912739490958 0.0042908048707216 0.00180264060798792 0.000272763559950979 0.801249065294551 0.999990895982776 -0.00193095293251391 -0.00214139872618956 0.00217930355615734 0.00226813135465345 0.798690512862654 0.999979271594973 0.0044405303368426 0.00429119039369316 0.0018027463586268 0.000271774328774255 0.80117254220733 0.999990891343951 -0.00193141056017621 -0.00214227109437873 0.00217997363096872 0.00226831918055981 0.798627052899619 1.27 1.565 57.487 41.346

 6319 19 2000 5 0.8 0.253 0.553 67.589 3.304 0.999983511242706 -0.00268291007957385 0.00333184708696094 -0.00309037123637055 -0.00226442858679536 0.805914482101972 0.999912485389802 0.00375430464060335 0.00592335769969925 0.00660338831983945 -0.0090683986741524 0.799168610350593 0.999983515471759 -0.00268225243282586 0.00333192476140435 -0.00309021053696955 -0.00226344490766254 0.805808396723982 0.999912485444561 0.00375499481741281 0.00592345485378249 0.00660410010167844 -0.0090675250451523 0.799101837576337 0.989999999999995 1.339 58.799 41.87

 6324 24 2000 5 0.8 0.106 0.581 69.665 4.26000000000001 0.999835329518613 0.00688642383675513 -0.00628559925065361 -0.0154227499854877 0.00212627328734737 0.806703734441189 0.999989947731763 -0.000183063749063491 -0.00348193383952187 0.00127337186903096 0.00251507135302308 0.795368242383098 0.999835363599565 0.00688531593459357 -0.00628497761973734 -0.0154209069197925 0.0021290388200969 0.806592753565492 0.999989947277186 -0.000183281459735101 -0.00348149638296428 0.00127358849062589 0.00251573205414931 0.795319569898497 1.392 1.483 58.323 37.033

 6325 25 2000 5 0.8 0.172000000000001 0.483000000000001 70.445 3.788 0.999957703803854 0.00274260181551662 0.00184853926447221 -0.00183612727402345 -0.00838333333628614 0.802060325606187 0.999923886577844 0.00711868990609636 0.00879808655305416 0.00230351974005594 0.00433967451449601 0.797824668277354 0.999957696159019 0.00274324264868887 0.00184829396623706 -0.00183556952522793 -0.00838421171311548 0.801978600405457 0.999923899511113 0.00711879523849495 0.00879646605240111 0.00230428012760541 0.00433940306081229 0.79776526574577 1.31999999999999 1.66 59.379 35.497

 6327 27 2000 5 0.8 0.176 0.449 81.843 5.932 0.99997010848257 -0.00233258831972303 0.00598939610143642 -0.00428961980448779 0.000259748650491448 0.7986260474002 0.999964427761629 -0.000277961593002601 0.00140701204089463 0.00583600437605814 -0.00591838818854619 0.794352661495448 0.999970097160338 -0.00233182141378645 0.00599136947100126 -0.004289937641715 0.000259462772536149 0.798563245007125 0.999964431585856 -0.000277959580109117 0.00140683186717693 0.00583556638840039 -0.00591821684903008 0.794307792103057 1.562 1.42399999999999 56.36 24.226

 6333 33 2000 5 0.8 0.0780000000000003 0.386 164.461 0.267000000000024 0.999960747329847 0.00602469497990543 -0.00225758055058639 6.68330313250591e-05 -0.0060914459150154 0.805394262255259 0.999943123395977 -0.00461293094294764 0.000893706982115886 0.00626326083036115 0.00724180176577514 0.797607214553572 0.999960750792885 0.00602474572413284 -0.00225754573280678 6.52044609986456e-05 -0.0060908577665018 0.805292264087453 0.999943117802347 -0.0046126743303042 0.000893884109851475 0.00626359182853548 0.00724242941615638 0.797548715769055 0.194000000000017 0.197000000000003 9.38499999999999 10.809

 6334 34 2000 5 0.8 0.0739999999999998 0.466 164.185 0.338999999999999 0.999936872905084 0.000999742715124065 0.0110187611551922 0.000342326906260379 -0.00192884270969717 0.800475447662896 0.999896209083388 -0.00193819045213424 0.0132347504621771 0.00394963912205482 0.0036133377161325 0.802652567622011 0.999936858433203 0.000999287063779732 0.0110202549037968 0.00034107285420958 -0.00192826949960829 0.800403958996931 0.999896216771337 -0.0019385129333873 0.0132344482501778 0.00394885580923464 0.00361300031626681 0.802568337647068 0.181999999999988 0.21599999999998 9.93299999999999 10.336

 6335 35 2000 5 0.8 0.0830000000000002 0.386 164.853 0.455999999999989 0.999956632771666 0.00823269982330438 0.00147366459761188 -0.00370426322836565 -0.00174985032478603 0.798795901231772 0.999953925995905 -0.00442181251437888 0.00686344355458442 -0.000419812702375533 -0.00503094020348084 0.800131126453295 0.999956626662493 0.0082331998397585 0.00147457780864529 -0.00370431476613027 -0.00175011044400001 0.798732687268281 0.999953926723321 -0.00442225950949202 0.00686368492529337 -0.000418415925416314 -0.00503018973813594 0.800060479908838 0.24799999999999 0.240000000000009 10.581 9.73699999999999

 6336 36 2000 5 0.8 0.085 0.382 166.94 0.681999999999988 0.999963750704222 0.00331984981773138 0.00749379717275267 -0.00194385364776527 0.00124109293003514 0.806410058964315 0.999968190321838 -0.00187328011861819 -0.00289036376455091 0.00644572687184796 0.00319492855434675 0.801653805172131 0.999963756175471 0.00332234596408093 0.00749183083073043 -0.00194396744963538 0.00124169806993476 0.806300938863863 0.999968192952046 -0.00187324688892356 -0.00289042162008642 0.00644489286753834 0.00319575485568765 0.801576254153151 0.277999999999992 0.253000000000014 10.921 8.434

 6341 41 2000 5 0.8 0.243000000000002 0.687000000000001 56.165 0.280000000000001 0.999978674741663 -0.00544426142034003 0.00182025947474317 -0.00142454444591561 -0.00276900849765864 0.801572256257826 0.999850002629897 0.00878093608187967 -0.00712705849785337 0.0116893033658907 -0.00595253110112776 0.798275835888804 0.999978674580367 -0.00544403040885022 0.00182231508944044 -0.0014249215057778 -0.00276797467769894 0.801495888303303 0.999850003481908 0.00878084307935267 -0.0071272129741276 0.0116885469114387 -0.00595382552350444 0.798213759823777 0.191000000000003 0.296999999999997 27.085 46.884

 6337 37 2000 5 0.8 0.294 0.898 56.977 0.267999999999986 0.999993179369669 -0.00193123185292174 0.00293090773587306 -0.0010934092923219 -0.000354673984562767 0.801114065723187 0.999899135882918 -0.00398362270885722 0.00758902554481577 -0.00920891238310065 -0.00659177022562716 0.798924568474178 0.999993174544963 -0.00193204151188315 0.00293144759054038 -0.00109505721328628 -0.000354321616613023 0.801039270445398 0.999899148546562 -0.00398353379268749 0.00758800350779857 -0.00920786952209387 -0.00659253638694505 0.798860088161487 0.197000000000003 0.332999999999998 27.299 46.928

 6349 49 2000 5 0.8 0.153 0.491 56.21 0.277000000000001 0.999931589183121 -0.000793185681296143 -0.00933332936560927 0.0026253550039936 0.00649494297506645 0.806973437342675 0.999967587635921 -0.00636706389740884 -0.00488494927019504 -0.00053046637221747 -0.000374233855589686 0.803149819503755 0.999931590019226 -0.000791687163658182 -0.00933446686530968 0.00262255481734974 0.00649449363903161 0.806861466825107 0.999967581981743 -0.00636804170583043 -0.0048848459917393 -0.00053164460808413 -0.000372376244150546 0.80306257641572 0.227999999999994 0.426000000000002 29.308 48.153

 6348 48 2000 5 0.8 0.181000000000001 0.475 56.073 0.280000000000001 0.999908850695851 0.0100089128807814 0.00775585821068167 -0.00145111566596951 0.00445565817664961 0.808124956958808 0.99997458318739 -0.00256859180070114 -0.00552261033338862 0.0031268974871123 0.00198962372760438 0.7955086333463 0.99990881494743 0.0100096289033608 0.0077587265554383 -0.00145198162568541 0.00445679607327505 0.808002455775528 0.999974583873686 -0.00256861199203979 -0.00552246629696394 0.0031280075358716 0.00198790692376273 0.795458704291955 0.208000000000013 0.366 30.44 47.681

 6338 38 2000 5 0.8 0.344000000000001 0.609999999999999 57.618 0.337000000000003 0.999972267321282 0.00129683153392153 0.00516254656864074 0.00153284497411612 0.00497808351876754 0.799157294223942 0.999950177632052 0.00325368313953067 0.00808968070555774 -0.0040325956574445 0.00271127977177996 0.801436099746098 0.999972271148066 0.00129647127819895 0.00516332824995841 0.00153224571099062 0.00497678226039401 0.799091383351829 0.999950179098573 0.00325494254829543 0.00808956588008107 -0.00403226155994871 0.00271006647960695 0.801359347285291 0.316999999999993 0.230000000000004 30.701 47.251

 6340 40 2000 5 0.8 0.18 0.824999999999999 57.12 0.376999999999995 0.999955696290494 0.00133926157903214 -0.00737583389464584 -0.00410105331476665 -0.00394845168188802 0.802948212845192 0.999946971860453 0.00846492198840021 -0.00233097066331627 -0.00528730469488833 -0.0010047624949942 0.796405079220289 0.999955698242839 0.00134084197981823 -0.00737401576312042 -0.00410350959369894 -0.00394826480884926 0.802860976343752 0.99994697407148 0.00846499139504098 -0.00233084889995783 -0.00528681091287812 -0.00100485807449392 0.796351804927371 0.335000000000008 0.37700000000001 32.465 46.493

 6342 42 2000 5 0.8 0.149000000000001 0.657 57.174 0.430999999999997 0.99993208386803 0.0097858458700342 0.0038904300332992 -0.0025369609612312 0.00430037849310095 0.802936328197477 0.999976703650872 0.00319436315567111 0.00492089844245693 0.00172538721781816 -0.00303249023620319 0.795597583692651 0.999932083189715 0.00978528996345296 0.00389056077056291 -0.00253972727883173 0.00430005005168752 0.802850371357373 0.999976703514037 0.00319424864730197 0.00492105277219581 0.00172578499880254 -0.00303217917179697 0.795547026789196 0.296000000000006 0.408000000000001 32.418 46.88

 6343 43 2000 5 0.8 0.256 0.644000000000002 57.985 0.965000000000003 0.999999384723504 0.000878724239997687 -0.000443321953797741 0.000491136016170686 0.00014369197274025 0.802669159912065 0.999987087711739 0.00105082062421034 -0.00394442275404114 -0.00124960531030495 -0.00275684629895128 0.796295564511314 0.999999385421149 0.000877486706223382 -0.000441996914321566 0.000492570920168279 0.00014555761849686 0.802584559694438 0.999987088758127 0.00105148764664602 -0.00394405306635419 -0.00124916536192089 -0.0027569407107902 0.796242797483144 0.561000000000007 0.530999999999992 37.327 44.107

 6353 53 2000 5 0.8 0.0969999999999995 0.467000000000001 56.917 1.142 0.999973157035516 0.00607797532228314 0.00299300771409642 0.000940134748500446 -0.00262706602182922 0.803255284745156 0.999915702790876 0.00926474921979884 -0.00279919923459009 0.00843166207028026 0.00195532414203117 0.799018899315317 0.999973151292103 0.00607838177703692 0.00299260124175288 0.00094271669504339 -0.00262784949215142 0.803167496880086 0.999915711379647 0.00926443555683171 -0.00279925845476408 0.0084306528007473 0.00195668479929194 0.798953667160715 0.50500000000001 0.483999999999995 38.869 44.856

 6347 47 2000 5 0.8 0.163 0.443999999999999 59.189 1.535 0.999981441857933 0.00165879830953164 -0.00158633748503017 -0.00414567777330009 -0.00382899687665741 0.798848346153701 0.999911270812255 0.00553615804637616 -0.00305549222570363 0.00776914220038482 0.00878099387520243 0.801572868000238 0.99998143769937 0.00165854179173007 -0.00158622611995655 -0.00414632797423628 -0.0038295361146587 0.7987843253607 0.999911278048658 0.00553538634249901 -0.00305617578611257 0.00776898331923197 0.00878055903053241 0.801494236608262 0.697000000000003 0.798999999999992 38.709 44.145

 6350 50 2000 5 0.8 0.151999999999999 0.365 59.224 1.49299999999999 0.999914321663973 0.00503450654145287 0.00267469685144657 -0.0117593000928755 0.000753613454584812 0.796978354652666 0.999984783137902 0.00368622946029894 -0.00136453592801778 -0.00363380054724913 -0.00133369422750264 0.801712507592319 0.99991433126174 0.00503437976836765 0.00267461958708625 -0.0117584959350355 0.000754546980400927 0.79692354406169 0.999984781564535 0.00368625202122472 -0.0013657870559752 -0.00363384349661897 -0.00133341386102891 0.80163404733841 0.628999999999991 0.771999999999991 39.145 43.612

 6345 45 2000 5 0.8 0.173999999999999 0.651999999999997 59.514 1.586 0.999948426594179 0.00983531633904846 -0.00197727938785204 -0.00134459493565038 0.000832547306608907 0.805817692509024 0.999981087268454 -0.00211521386523008 0.00544454030728218 -0.00189435749164858 -0.00034549419989712 0.798789507445668 0.999948427853782 0.00983484427197683 -0.00197777368877606 -0.00134569523531687 0.000833658482240627 0.805711728210505 0.999981084576266 -0.00211544880346196 0.00544460867183933 -0.00189506312667651 -0.000346897956127584 0.798725400103495 0.665000000000006 0.701999999999998 41.261 42.805

 6346 46 2000 5 0.8 0.238 0.747 61.362 1.72399999999999 0.999980962233127 -0.00390488708410573 0.00237826745006368 -0.00239729626971427 0.00337991755830585 0.799784185706125 0.99997516434677 0.00395167772011709 -0.00415387425465436 0.0040800977836424 0.00039123343356252 0.798272700386706 0.999980971234652 -0.00390415487538273 0.00237805840136736 -0.00239666226529025 0.00337869672174243 0.799714623460494 0.999975158729211 0.0039529466902814 -0.00415402326140863 0.00408014657722198 0.000390680951069798 0.798211171284941 0.765000000000001 0.865000000000009 41.701 39.717

 6359 59 2000 5 0.8 0.106 0.366 57.425 1.51299999999999 0.999987689132168 0.00140732468101956 -0.00374550078017925 -0.000512749266062153 -0.00288952131743426 0.810553133331518 0.999989462162063 0.000570237383653877 0.000812661134003702 -0.00447582650532698 -0.000238648548483219 0.80605017215182 0.999987693467885 0.0014060541516352 -0.00374470270114749 -0.000512476968537274 -0.00288972205217903 0.810409845605382 0.999989460382817 0.000569723114410817 0.000813480300223777 -0.00447601881237981 -0.000240923739233971 0.805943996361108 0.566000000000003 0.747 41.375 42.648

 6344 44 2000 5 0.8 0.283999999999999 0.628 60.626 1.664 0.999962631713985 -0.000350091841732636 0.00718074818338335 -0.00433247970674595 0.0020685952869133 0.805518511670547 0.999900605715668 -0.000957891134178456 0.00796095230571258 -0.00956214061121631 0.00656123763735219 0.793832597327031 0.999962619106137 -0.000350090939359505 0.00718198893100503 -0.00433348732063971 0.00206827207222641 0.805416618863084 0.999900600730276 -0.000957343446228405 0.00796045204958198 -0.00956239766368165 0.00656230956657422 0.793789505393504 0.580000000000013 0.699999999999989 41.058 42.848

 6352 52 2000 5 0.8 0.0909999999999993 0.362 59.646 2.02800000000001 0.99992375038276 0.00970641877647712 0.00268275825073175 -0.00705850164034966 0.00112214873009522 0.800948839903155 0.99994808113718 0.00397099634714703 0.00570335021105053 0.0010146559800114 -0.00738298636702717 0.800992743862023 0.999923748052178 0.00970640382872317 0.00268228847801071 -0.00705895212321936 0.00112264395136171 0.800874404989639 0.999948092876534 0.00397171244808634 0.0057026279442356 0.00101609697715627 -0.00738137075858581 0.800917456853147 0.948999999999998 0.908000000000001 40.849 41.398

 6351 51 2000 5 0.8 0.146000000000001 0.396000000000001 65.717 2.753 0.999951000170933 -0.00559473614216143 -0.00511495263164873 -0.00325030119256405 -0.00547439370015706 0.803195284809637 0.999931159841438 -0.00803325011841712 -0.0011833386142178 0.00360394803365655 0.0076650987590338 0.801557173390436 0.999950990877986 -0.00559562022287079 -0.00511516142619357 -0.00325012466175051 -0.00547509723407604 0.803107064489891 0.999931137389477 -0.00803598934468482 -0.00118391527825806 0.00360312744757063 0.00766545311442957 0.801479040380664 0.969999999999999 0.933999999999997 49.36 29.474

 6356 56 2000 5 0.8 0.2 0.36 68.298 3.10199999999999 0.999771730429197 0.0102873859680927 0.0179489668260478 -0.00064866097532198 0.00529816509462044 0.805424049580909 0.99991802042252 -0.00940845133279308 -0.00096291770336791 0.000812828854135582 0.00859334490041921 0.793974186084397 0.999771673529136 0.0102887818411111 0.0179509444846512 -0.000649529181895742 0.00529938495749553 0.805324353565313 0.999918016798117 -0.00940795694114721 -0.000962108078057068 0.000813015875562449 0.00859438083558713 0.793930067740665 0.962000000000003 1.066 44.16 27.735

 6358 58 2000 5 0.8 0.127 0.364999999999999 70.809 3.503 0.999986073493205 0.00168602638905669 0.0013927541128733 -0.00370548367597299 0.00305610231588259 0.804629066407209 0.999989982441813 -0.00295908259988221 -0.00153155681372699 -0.00161052254743719 0.00251781592645243 0.799641242024098 0.999986063184618 0.00168820523469123 0.00139335535924155 -0.00370611743966193 0.00305722978883931 0.804532991806692 0.999989977614949 -0.00296013112346624 -0.00153230902823908 -0.00160992376810145 0.00251842567660572 0.799572531725432 1.066 0.942999999999998 46.743 24.785

 6357 57 2000 5 0.8 0.178000000000001 0.405 71.2 3.416 0.999974302563003 0.00140176455767901 0.0044116232869191 -0.00546856788659623 0.000248223698301458 0.802815002442874 0.999985377959487 0.00214170132430783 0.000453697367533222 0.00322574808483506 -0.0037477580832905 0.798109979830681 0.999974295111554 0.00140268641582745 0.00441161586823349 -0.00546975554875921 0.000246995219314163 0.802729827975245 0.999985379637557 0.00214174205394347 0.000454087742584841 0.00322506747579578 -0.00374782553008108 0.798049810363866 1.08099999999999 0.977000000000004 48.197 24.782

 6355 55 2000 5 0.8 0.0670000000000002 0.475 82.297 6.28599999999999 0.999982007367112 -0.00139086202588619 0.00286522396074185 -0.00497598827685241 -0.00103946004740378 0.803573240696943 0.999982259134677 -0.00186179618447089 -0.00251347745503623 0.000732504357002488 0.00501607409487171 0.794547697109681 0.99998200288712 -0.00139119361017369 0.00286389372918691 -0.00497743794350804 -0.00104005116669272 0.803483494760957 0.999982259186306 -0.0018621690469992 -0.00251312949938551 0.000732069285832043 0.00501616325213751 0.794502514661629 1.238 1.12100000000001 44.498 14.462

 6354 54 2000 5 0.8 0.0979999999999999 0.489 84.785 4.13900000000001 0.999970389024661 0.00286777638057976 -0.00512126392534973 -0.00392164087477661 0.00306436309115291 0.805537354007534 0.999944504857376 -0.00477893897894654 -0.000255563768984908 -0.00938500272531944 7.32036722443877e-05 0.798071897254619 0.999970389464693 0.00286756713404114 -0.00512184535296326 -0.00392143466269635 0.00306370738283485 0.805435208347143 0.999944502818579 -0.00477939804963922 -0.000254685691718551 -0.00938501465876471 7.2610195457924e-05 0.798011063329127 1.38800000000001 1.27199999999999 44.991 13.253

 6339 39 2000 5 0.8 0.228999999999999 0.765000000000001 102.207 4.673 0.99997863667803 -0.00054648879855663 0.00229687586012292 -0.00602276018340592 -0.000937154521376211 0.798218807088934 0.999920514046573 -0.00542449487649936 0.000623226075034248 0.00430881771127971 -0.0105159936935011 0.791634972845595 0.999978636715906 -0.000546012768528371 0.00229734595248162 -0.00602270134654272 -0.000936617275197401 0.798158538185863 0.999920513516234 -0.00542465604093154 0.000623468282873442 0.00430891438484463 -0.0105159070171722 0.791598456165757 1.143 1.316 36.618 7.28800000000001
