
 10939 39 500 5 0.95 0.0220000000000002 0.458 3948.489 0.114000000000033 0.999970606787981 -0.0033163067855172 0.00225153446158562 -0.006527341879485 -0.000334768484903484 0.950784417871149 0.999990991612583 -0.000714787061949314 0.000594017211482307 0.00290616860645703 -0.00295077968049361 0.94922030510054 0.999970604485204 -0.00331692922501671 0.00225287616269981 -0.00652696633857831 -0.000333774509459089 0.950740409074043 0.999991006900854 -0.00071131593577083 0.000597294578318162 0.00290332715256909 -0.00294857214401077 0.949355025188757 0.0150000000003274 0.00100000000020373 0.0529999999998836 0.0519999999996799

 10942 42 500 5 0.95 0.0190000000000001 0.377 4131.084 0.113000000000284 0.999992982749434 0.00246841921264729 0.000949276983955015 -0.00068425552133633 0.0025635963156647 0.95222196633392 0.999976938691533 0.00407597604164605 0.0049872492221324 -3.42993348521921e-05 0.00215282910833916 0.948683964350153 0.999992973909974 0.00247099280652647 0.00094798863073208 -0.000680906626990944 0.00256593237572175 0.952157311640379 0.999976952531498 0.0040780217074224 0.00498243879965715 -3.78572048662054e-05 0.00215360516618294 0.948887670883262 0.00399999999990541 0.00100000000020373 0.0529999999998836 0.0519999999996799

 10948 48 500 5 0.95 0.0219999999999994 0.391 4193.195 0.115999999999985 0.999985755193508 0.00140352887816014 0.00328996948415332 -0.00371788616462992 0.00136855398806091 0.950407455673789 0.99999624972501 0.00146594976858477 -0.000486381919219998 0.0013208478360585 0.00183584335226303 0.951919807773084 0.999985760083607 0.00140300910969707 0.0032897246611007 -0.00371687311480548 0.00136885402884536 0.950377454202292 0.999996252666829 0.00146536060272113 -0.000484701358763946 0.00132284849946747 0.00183371400267566 0.951860538720546 0.00299999999970169 0.00100000000020373 0.0479999999997744 0.0500000000001819

 10947 47 500 5 0.95 0.0190000000000001 0.399 4220.299 0.113999999999578 0.99995600364717 0.00566621995593092 0.00400692794612155 -0.00449726550167053 0.00442762383606029 0.9505261143502 0.999986507469701 -0.00215416948294493 0.00181299410723445 0.00234162519409178 0.00368432846062367 0.948526145626178 0.999955997300318 0.005666716668929 0.00400623505148754 -0.00449744433154034 0.00442886673067308 0.950486127518727 0.99998645350447 -0.0021558655515058 0.00181010381700042 0.00234937202305719 0.00369445889743735 0.948751377372368 0.00299999999970169 0.00200000000040745 0.0500000000001819 0.0529999999998836

 10937 37 500 5 0.95 0.024 0.457 4276.925 0.114999999999782 0.999989909882992 -0.00313049876800414 0.00191715284180831 -0.000571028652786825 0.00252558130514395 0.949392395258725 0.999990951071882 -0.00130592100104409 0.00150342951400279 -0.00350826397620506 -0.00135060292538096 0.951086314874394 0.999989908955529 -0.00313334066261609 0.00191377284121406 -0.000574188044952267 0.00252427118310931 0.949502520842608 0.999990955530841 -0.00130670244435761 0.00150184777301823 -0.0035076041238435 -0.00135001919025896 0.951038107453787 0.00399999999990541 0.000999999999294232 0.0509999999994761 0.0499999999992724

 10952 52 500 5 0.95 0.0199999999999996 0.386 4288.598 0.112999999999374 0.999996604028186 -0.00176566596274191 -0.00171549861549348 0.000438339429463825 -0.000734356077650393 0.951176031575904 0.999997797900855 0.0016862108942536 -0.000873807073497023 0.000357735233618868 -0.000818152163313987 0.949018609319873 0.999996598751866 -0.00176562676449755 -0.00171742102696107 0.000439429523348923 -0.000736487296632402 0.951126667358171 0.999997801215133 0.00168431890939376 -0.000874388486604716 0.000355395534885699 -0.000818396907907749 0.94917753649075 0.00200000000040745 0.000999999999294232 0.0510000000003856 0.0509999999994761

 10935 35 500 5 0.95 0.0190000000000001 0.387 4292.236 0.114999999999782 0.999979761557404 -0.00483812935745047 -0.00297560646104709 0.000853539904008151 -0.00273609497994339 0.949767369669054 0.99999654542193 0.00106805865714201 0.00196558747040514 -0.000916624771892608 -0.00103182354848277 0.951275380014951 0.999979756255782 -0.00483871228674522 -0.00297620600567836 0.000852627741542688 -0.00273663402360727 0.949827453588098 0.999996546372652 0.0010675818394248 0.00196568748993419 -0.000917355928652712 -0.0010305544996539 0.951225063538341 0.00299999999970169 0.00100000000020373 0.0499999999992724 0.0500000000001819

 10923 23 500 5 0.95 0.0249999999999995 0.378 4297.262 0.117000000000189 0.999988004451828 0.0018431011312837 0.00216427355737495 0.00351002402365061 0.00189461922099321 0.94992148967961 0.999985470994262 -0.000924542970695842 0.000758356032484277 -0.0052219317595144 -0.000599454341029523 0.950353422218673 0.999988006870576 0.00184115512838449 0.00216424034250103 0.00351123801795324 0.00189302248459847 0.949960103306634 0.999985470907828 -0.000925301014990063 0.000758464032583401 -0.00522176370171421 -0.000599756146653716 0.950330420617585 0.00299999999970169 0.00100000000020373 0.0499999999992724 0.0489999999999782

 10926 26 500 5 0.95 0.0179999999999998 0.397 4332.93 0.115999999999985 0.999998567465767 0.00136858030531318 0.00060887145086533 0.000313113526293425 0.000723387750752916 0.950513570372168 0.99995622442896 -0.000701552109598594 -0.00896515079981857 0.000791567153013581 0.00246100446873421 0.947545653111868 0.999998566636982 0.00136922291368111 0.0006088357601809 0.000313065828243556 0.000723368093539751 0.950472628468909 0.999956249702507 -0.000692329862760061 -0.00896432980455812 0.000795341000233449 0.00245511386859518 0.947872259654754 0.00299999999970169 0.00100000000020373 0.0520000000005894 0.0540000000000873

 10932 32 500 5 0.95 0.0250000000000004 0.389 4335.406 0.122999999999593 0.999985415457465 -0.00225296687481319 -0.000599897564996671 0.00123849867702314 0.00471160870198738 0.949090203841239 0.999982269863101 0.00287074046966796 -0.00101699601459911 -0.00405294893150435 0.00312380099563481 0.951028750569922 0.999985387036154 -0.00224976552226931 -0.000589439074798796 0.0012435909198077 0.00471914319021319 0.949242477097788 0.999982264165987 0.00287057967278887 -0.00101782548645695 -0.00405315912117048 0.00312522930783386 0.950981381708583 0.00300000000061118 0.00200000000040745 0.0590000000001965 0.0560000000004948

 10922 22 500 5 0.95 0.0190000000000001 0.387 4341.678 0.114000000000487 0.999954974317812 -0.00928844160509658 5.1787207506601e-06 0.000228098116140979 0.00192928329764878 0.953450472743996 0.999993285612388 0.0014023542938255 -0.00175682762933462 0.00231169482657545 0.00174119392500164 0.947008075032776 0.999954964314419 -0.00928965102494428 4.24830310015434e-06 0.000227172238140326 0.00192875646697575 0.953366804670982 0.999993286671814 0.0014024616212523 -0.00175380916464844 0.00231059764677895 0.00174499416392805 0.947403242652983 0.00299999999970169 0.000999999999294232 0.0519999999996799 0.0590000000001965

 10928 28 500 5 0.95 0.024 0.456 4386.584 0.114999999999782 0.999975633991556 0.00147427631551664 -0.00237914541720766 -0.00217154158278452 -0.00601514810863878 0.95106839196682 0.999982508918124 -0.00210732324751754 0.000312102373204115 -0.00526225500696343 -0.00165900900963006 0.952727631807103 0.99997564130668 0.00147223349752029 -0.0023795743265676 -0.00217150623991894 -0.00601427539254337 0.95102029553055 0.999982506353893 -0.00210698222283633 0.000313775030900535 -0.00526221955680051 -0.00166078375049745 0.952654195811437 0.00299999999970169 0.00100000000020373 0.0510000000003856 0.0519999999996799

 10945 45 500 5 0.95 0.0179999999999998 0.388 4395.416 0.113999999999578 0.999991371812559 -0.00376982789549834 -0.00142705955072204 -0.000781254240907883 -0.000630746322999512 0.949756424419361 0.99999381210712 0.000616327313330497 0.000628475569432085 -0.00320187549364603 0.00116142149724303 0.947842017239249 0.999991373689196 -0.00376918750249147 -0.00142813368776423 -0.000780371201590706 -0.000630260044051906 0.949816695206914 0.999993801201508 0.000631485686470914 0.000629752782317792 -0.00320147784378247 0.00116307155201466 0.948138501128841 0.00299999999970169 0.00200000000040745 0.0499999999992724 0.0540000000000873

 10949 49 500 5 0.95 0.0250000000000004 0.363 4396.975 0.113999999999578 0.999984268446752 0.00149814720096729 -0.00114439335734687 -0.00332725965220865 0.00410342796067233 0.947236713409503 0.999997855901683 0.000490956461459869 -0.00148602532775438 -0.000591058976107111 -0.00122046376473523 0.952860252481184 0.999984246446017 0.00150644400575384 -0.00114666344861796 -0.00332961991908523 0.00410320367272076 0.947593816567902 0.999997857844945 0.000489264711000437 -0.00148599617733771 -0.000591638212218763 -0.00121930519187742 0.952785863466512 0.00399999999990541 0.00100000000020373 0.0560000000004948 0.0509999999994761

 10927 27 500 5 0.95 0.024 0.462000000000001 4428.248 0.114000000000487 0.999995196053742 0.000535936422590747 -0.000904158622753845 -0.00174545975159311 0.00233591717113407 0.949495185487544 0.999994851291054 -0.000524551194139497 0.00173645131769889 0.00197317429573802 -0.00176452754197096 0.950737877457733 0.999995207101437 0.000533363947552591 -0.000904451795578332 -0.00174419506837044 0.00233260531747497 0.949592628411519 0.999994851262393 -0.00052467786808348 0.00173628895744209 0.00197352104247226 -0.00176427809333597 0.95069448315913 0.00300000000061118 0.00100000000020373 0.0510000000003856 0.0499999999992724

 10929 29 500 5 0.95 0.0209999999999999 0.365 4443.429 0.115999999999985 0.999974775881825 -0.00204619676432708 -0.00488165771242018 -0.00139004780704505 0.00452745667772753 0.949390841726513 0.999966358089961 0.0025941279091817 -0.00382098634992277 -0.00429717116168714 -0.00524285914481534 0.948350118344762 0.99997477955112 -0.00204395627378937 -0.00488055101112515 -0.00139156290058641 0.00452838591115997 0.949498750439777 0.999966319172944 0.00257940640278426 -0.00382622187715495 -0.00430393434535481 -0.00524817659959484 0.948587564636997 0.00199999999949796 0.000999999999294232 0.0500000000001819 0.0519999999996799

 10924 24 500 5 0.95 0.0199999999999996 0.409 4456.697 0.117000000000189 0.999979845417794 -0.00169678407622944 0.004255834212367 -0.0038487790742897 0.00212237056104485 0.954782864492405 0.999997759370406 0.000489547448456364 -0.00181800946883414 0.000425830987664118 -0.000868968931751194 0.946331131499628 0.99997984279699 -0.00169957143816854 0.00425641855289123 -0.00384801707558079 0.00212158486078501 0.954663524540799 0.999997791972928 0.000487298263644434 -0.00180790344291912 0.000422176035300565 -0.000855477765991974 0.945965571361105 0.00299999999970169 0.000999999999294232 0.0540000000000873 0.0519999999996799

 10941 41 500 5 0.95 0.0219999999999994 0.406000000000001 4496.978 0.113000000000284 0.99998111322603 0.00440136769438621 1.62918579103982e-05 -0.000993943111932813 0.00417288453149243 0.95052472219252 0.999991030217128 0.0035096474250905 0.00190789383928767 0.00138451358926599 0.000254800819035253 0.949371307329253 0.999981111035335 0.00440107503033192 1.69399612400033e-05 -0.000994688672960462 0.00417353789928637 0.950484425048056 0.999991022966483 0.00351149723448189 0.00190754199966479 0.00138510938872049 0.00025715582986664 0.949485590998843 0.00299999999970169 0.00100000000020373 0.0500000000001819 0.0509999999994761

 10946 46 500 5 0.95 0.0270000000000001 0.405 4504.705 0.118000000000393 0.999984130890918 -0.00538129619130543 -0.00137798732589104 -0.00033557666586596 -0.000876445587445494 0.952809259522295 0.999998594937085 0.00100265301514517 -0.000831473081986314 -0.0010425316991545 0.000163067337284216 0.948677719861201 0.999984131232142 -0.0053806610319086 -0.00137975949901146 -0.000335965331265167 -0.00087701868763061 0.952735755714324 0.999998604652269 0.00100231827340418 -0.000824734557111699 -0.00103858961305503 0.000164912458480768 0.948880128655087 0.00300000000061118 0.00100000000020373 0.0520000000005894 0.0520000000005894

 10930 30 500 5 0.95 0.0270000000000001 0.395 4508.794 0.114000000000487 0.99998648355405 -0.00202989292553259 -0.00190964737509737 -0.00348723817256489 -0.00266545694918272 0.948499696761144 0.999994298276078 -0.000592572178460618 0.000714474335666632 -0.00324579278658034 8.14196373335396e-05 0.94580379258921 0.999986498208948 -0.00202050456740101 -0.00191302663258681 -0.00349219902524838 -0.00265816405999376 0.948718656418211 0.999994288325342 -0.00058893390312176 0.00069776812120263 -0.0032528978204048 9.08238403848975e-05 0.945464564675593 0.00299999999970169 0.00100000000020373 0.0529999999998836 0.0559999999995853

 10940 40 500 5 0.95 0.0190000000000001 0.412 4516.203 0.113999999999578 0.999987650678568 -2.23444322845134e-05 0.000184588871756625 0.00496622293650012 -2.34046766611343e-05 0.949314363312668 0.999996508109437 -0.000309638848630132 -0.00177309251428604 -0.00146254784212039 -0.00126688178678913 0.945976960725834 0.999987663266514 -2.39279737638015e-05 0.000185111038433959 0.00496366856663325 -2.16908394289947e-05 0.949434225144221 0.999996517792436 -0.000306839938208822 -0.00177183175972793 -0.0014603156856397 -0.00126425573647501 0.945643151395173 0.00300000000061118 0.00100000000020373 0.0509999999994761 0.0510000000003856

 10931 31 500 5 0.95 0.0189999999999992 0.394 4548.533 0.113000000000284 0.999989707231254 0.0022609065865189 -0.000550045084482576 -0.00264925404071539 -0.00285528219115439 0.94816022757554 0.999989619378643 -0.00104014646264827 0.00286027608628733 0.000639795048238665 0.00332997196683527 0.947073932836663 0.999989690879003 0.00226251926263734 -0.000547625878637073 -0.00264544432704055 -0.00286371655576787 0.948422943497703 0.999989590371712 -0.00103974839410054 0.00285840626300507 0.000638139792293007 0.00334071290816325 0.947449689527622 0.00300000000061118 0.00199999999949796 0.0539999999991778 0.0549999999993815

 10920 20 500 5 0.95 0.0129999999999999 0.31 2932.986 0.0760000000000218 0.999991753106602 0.000585083694624671 -0.00111351699113447 0.00365725125096544 0.00123935025394276 0.951655883441513 0.999993529818931 -0.00294661071263727 0.00081935506337881 -0.00179028688503122 0.000617523871810306 0.951392122717482 0.999991753295555 0.000585666421697643 -0.00111326393734467 0.00365702624787209 0.00123981375713932 0.951601289766423 0.999993528855961 -0.00294700026880025 0.000819215085132538 -0.00179039222391139 0.000617104485712885 0.951341025541777 0.00199999999995271 0.000999999999748979 0.0370000000002619 0.0360000000000582

 10950 50 500 5 0.95 0.0220000000000002 0.393 4641.679 0.113000000000284 0.99997896054377 -0.00292921292637522 0.00163910877381543 -0.00161455733994757 0.00531081052738702 0.949829546654257 0.999975188937308 0.00685015317071471 -0.00135470889773768 -0.00064650759147527 0.00066611040309249 0.950515465426174 0.999978970741795 -0.00292847857315037 0.00163848585786389 -0.00161397308069377 0.00530966500028248 0.949879368811403 0.999975203691242 0.00684796919740849 -0.00135452179086979 -0.00064681147748267 0.00066650293424297 0.95047518239779 0.00500000000010914 0.00100000000020373 0.0479999999997744 0.0489999999999782

 10944 44 500 5 0.95 0.0209999999999999 0.375 4655.739 0.113999999999578 0.999972729107846 -0.00161931098313901 -0.00521762218951849 -0.00271324027361607 -0.00416336624041906 0.951066825764265 0.999981878671782 -0.00450112302955199 0.00321454019936315 0.00221324729420908 0.000866306670392818 0.951026100500529 0.999972725687684 -0.00162059153915572 -0.00521907855468699 -0.0027130438642108 -0.00416199181136988 0.951019870843334 0.99998187664428 -0.00450086604389273 0.0032144845507352 0.00221390600549179 0.000868502798458023 0.950978420273916 0.00199999999949796 0.000999999999294232 0.0519999999996799 0.0500000000001819

 10933 33 500 5 0.95 0.016 0.376 4658.56 0.114000000000487 0.999993659501799 -0.000162723098782706 -0.000925056113901736 -0.00229280426593351 -0.00255769372229315 0.949388800997283 0.999992888898454 -0.001280536065356 -0.00354707633845423 1.63222530077414e-05 1.90510843855946e-05 0.949378670240924 0.999993658525664 -0.00015661837296582 -0.000923270127579062 -0.00229434512785147 -0.00255772004885526 0.949498612516228 0.999992892294554 -0.00128165303970135 -0.00354569622854703 1.55636211912706e-05 2.28448312162198e-05 0.949490216327585 0.00200000000040745 0.00100000000020373 0.0510000000003856 0.0500000000001819

 10943 43 500 5 0.95 0.0200000000000005 0.387 4668.002 0.117000000000189 0.999992882461027 0.00236553475904029 -0.00283994442501335 0.000757018068253921 -3.019764587107e-05 0.948267780304136 0.999991325513098 -0.00272349804948704 8.35975374471012e-05 -0.0021503600667981 -0.00230226409549121 0.948094630424537 0.99999287201293 0.00236578709275565 -0.00284130493721891 0.000764989623117442 -2.742068835851e-05 0.948522716570845 0.999991264248612 -0.0027342785470724 8.19310997084613e-05 -0.00216106255663227 -0.00230613165516452 0.948361870660753 0.00199999999949796 0.00100000000020373 0.055000000000291 0.0520000000005894

 10934 34 500 5 0.95 0.0260000000000007 0.458 4719.4 0.117000000000189 0.999992710896715 -0.00116760505385758 0.00118717879593658 0.00343567804677705 3.96830153990029e-05 0.952260365746947 0.999995783602153 0.000429120595562555 -0.0014298658548077 -1.5564162786298e-08 -0.00249080650966277 0.950103458601157 0.99999271787581 -0.00116648439703799 0.00118505633105471 0.00343474482457354 4.09754054194841e-05 0.952195716389957 0.999995783807491 0.000429017871023737 -0.00143003298258348 -9.45965584806246e-08 -0.00249064581330114 0.950117093321791 0.00399999999990541 0.00100000000020373 0.0529999999998836 0.0489999999999782

 10936 36 500 5 0.95 0.024 0.457 4764.269 0.113999999999578 0.999971253355195 -0.00251567883685503 0.00697849193854883 0.00155472924561094 0.000217463713116601 0.949146258191265 0.999987705884423 0.00362377909286401 -0.00130215872783363 0.00126574327065622 0.00285632311130257 0.952457866805087 0.999971242904048 -0.00251738421031143 0.00697835601479436 0.00155885277817559 0.000220606024010116 0.94928723847482 0.999987698543059 0.00362504524324786 -0.00130256647947647 0.00126588925628858 0.00285703596367445 0.952390042381674 0.00199999999949796 0.00100000000020373 0.0519999999996799 0.0519999999996799

 10921 21 500 5 0.95 0.0220000000000002 0.393 4780.22 0.115999999999985 0.999971550003157 -0.00245869547289889 -0.00578002050351802 0.00210706083994965 0.00360633587604051 0.952466774623345 0.999992745037051 -0.00057989179446241 0.00138013364075156 -0.00115637212582602 0.00330630207484247 0.949910583402455 0.999971554314416 -0.00245978330897678 -0.00577938682877253 0.00210506734991032 0.00360657835356737 0.952398468760052 0.999992749073635 -0.000579304998124283 0.00137921904204499 -0.00115679890272204 0.0033054163134274 0.949950257388956 0.00399999999990541 0.00100000000020373 0.0529999999998836 0.0479999999997744

 10925 25 500 5 0.95 0.016 0.438 4873.315 0.119999999999891 0.9999837554988 0.00317459191982745 -0.0034344004856303 -0.00323013779961305 0.000426389209062136 0.951435578414612 0.999989685972271 0.00101263789150044 0.00108615113239647 -0.00151429650988828 0.00401617920129463 0.94957853488228 0.999983755433709 0.00317594956364863 -0.00343283137227813 -0.0032303493291263 0.000427463502282896 0.951383151665433 0.999989681172771 0.00101229193066104 0.00108554272735722 -0.00151673340088693 0.00401670633783358 0.949663209442978 0.00399999999990541 0.00200000000040745 0.055000000000291 0.0540000000000873

 10951 51 500 5 0.95 0.0300000000000002 0.382000000000001 4928.493 0.114999999999782 0.999974015560534 -0.00102689983150141 -0.00188006694392407 -0.00395080559897654 -0.00563650280595534 0.949974467648912 0.999996345309017 0.000230974735754221 0.00243884235970595 0.000961024776663172 0.000620079514179278 0.954403790443183 0.999974020797392 -0.0010270715322871 -0.00187919008171901 -0.00395030598826755 -0.00563618502184293 0.950006133147574 0.999996347077057 0.000226000477992392 0.00243722205346642 0.000962788518304469 0.000622690337915839 0.954296168872012 0.00300000000061118 0.00100000000020373 0.0489999999999782 0.0529999999998836

 10938 38 500 5 0.95 0.0170000000000003 0.436 4942.281 0.118000000000393 0.999986224907813 5.76393333437416e-05 0.000649209648978782 -0.00337933025619709 0.00396299459738171 0.949375730404584 0.999967208300703 -0.00275237123793533 0.00255813740787974 0.00248942895845203 0.00672796048812981 0.950020107536306 0.999986227356695 6.00954808161573e-05 0.000648154118460584 -0.0033805144233101 0.00396150273637273 0.949487445512508 0.999967208829817 -0.00275206903637954 0.00255802280473703 0.0024890449964371 0.00672819109861086 0.950044729975125 0.00200000000040745 0.00199999999949796 0.0519999999996799 0.0480000000006839

 10954 54 500 5 0.95 0.0179999999999998 0.382000000000001 4030.77 0.112999999999829 0.999981859879353 -0.00274660511519324 -0.00230234020970316 0.00461950377395263 0.00144757970866795 0.954714297839895 0.999998420848344 -0.00119890137973913 0.000685810911437591 0.000486886901473801 0.00100674765400476 0.952634444150085 0.999981870808344 -0.0027450606025023 -0.00230445913918348 0.00461805735160886 0.00144419919201249 0.954598949294283 0.999998421338789 -0.00119985494412588 0.000685058958728374 0.000487075060718266 0.00100554470399398 0.952560817610342 0.00399999999990541 0.00199999999995271 0.0530000000003383 0.0529999999998836

 10957 57 500 5 0.95 0.024 0.384 4225.104 0.115000000000691 0.999979516688423 -0.00266563556376733 0.000654595778635705 -0.00340606285888062 -0.00467234746100068 0.95072538125576 0.999982084830285 0.0012386336071092 0.000199758488736825 0.00127958626784049 0.0057112661287526 0.950290575210801 0.999979520957458 -0.00266673675914024 0.000655737507304644 -0.00340373207939684 -0.00467234384463965 0.950681890135543 0.999982086043324 0.00123850243288549 0.000199546185477912 0.00127948173009175 0.00571111302527893 0.950277341182765 0.00399999999990541 0.00200000000040745 0.0519999999996799 0.0450000000000728

 10966 66 500 5 0.95 0.0180000000000002 0.359 4109.254 0.114000000000487 0.999997403833123 -0.000628527657070197 -0.00180151343769732 0.000756133185658971 0.000989995927927727 0.948721711090099 0.999989354690853 -0.00215117294072873 -0.0018527566323201 0.00231220866648749 0.00280783615869435 0.953051495450244 0.999997396674099 -0.00062901286686395 -0.00180215705820533 0.000765113455161045 0.000988847397518249 0.948919262407503 0.999989351073161 -0.00215036652390503 -0.00185316884261611 0.00231457440016844 0.00280752109120655 0.952974908168583 0.00300000000061118 0.00100000000020373 0.0529999999998836 0.0510000000003856

 10965 65 500 5 0.95 0.0149999999999997 0.355 4111.541 0.114999999999782 0.999980970752836 0.0017480367841244 0.00442652271984775 -0.00378800883685285 0.00102926443579326 0.948680844443985 0.999993122809869 0.000251231811210832 0.00287104330145088 -0.00220900535594565 0.000754069786497969 0.950664652107555 0.999981004121507 0.00174382782134609 0.00442252258547673 -0.00378894291853635 0.00101767687104026 0.948881768338735 0.999993127687844 0.000252001288536261 0.00287029244926895 -0.00220813240238259 0.000752758250790277 0.950621751815137 0.00299999999970169 0.00100000000020373 0.0519999999996799 0.0509999999994761

 10962 62 500 5 0.95 0.016 0.369 4193.776 0.114999999999782 0.999983585839253 -0.00125382910568478 0.00068769460247138 -0.00477499628007487 0.00282532322093485 0.952676193202436 0.99997809712343 0.00200673635459149 0.000182626347649456 -0.00456799210012914 0.00434492559159266 0.948546324108964 0.999983572777585 -0.00125607309021582 0.000686703045388557 -0.00477668611091069 0.00282633403787934 0.952604934530041 0.999978079400389 0.00200508086876626 0.000173961460357742 -0.00456924129286263 0.00434880912854954 0.948759284652088 0.00300000000061118 0.00199999999949796 0.0519999999996799 0.0510000000003856

 10959 59 500 5 0.95 0.0179999999999998 0.352 4249.291 0.11200000000008 0.999984751331108 -0.0023447335003 0.00463905289978144 0.00102987925902525 -0.00155494918900947 0.948482047221253 0.999985795123428 -0.00374534847726182 -0.00191616335866922 0.00229541825699198 -0.0023326571024659 0.947451923228185 0.999984775041406 -0.0023386012484615 0.00463466132571712 0.00103194467556591 -0.00156065184208516 0.948703905382533 0.99998582704369 -0.00374088026182322 -0.00190561197504457 0.00230238020551369 -0.0023279207468677 0.947791251871268 0.00300000000061118 0.00100000000020373 0.0529999999998836 0.0529999999998836

 10956 56 500 5 0.95 0.016 0.356 4346.297 0.113999999999578 0.999998058372585 0.000414794862972342 0.000892197068941161 -0.000268797658353702 -0.0016860986004624 0.950217112388001 0.999984900685674 -0.00311145337945491 0.00361988790653078 -0.00268870562977982 -0.000429572009005171 0.948466900517494 0.999998058323794 0.000414847294833972 0.000892206343201144 -0.000268879983536874 -0.00168609660457379 0.950214118838073 0.99998491089901 -0.00310982532600658 0.0036132367597865 -0.00269402398287627 -0.000440131387811454 0.948696292169437 0.00400000000081491 0.000999999999294232 0.0450000000000728 0.0529999999998836

 10955 55 500 5 0.95 0.0169999999999999 0.371 4407.795 0.112999999999374 0.999991426015749 0.00256772409976758 -0.000627044728201096 -4.84518796189557e-05 0.00318734297803668 0.949028322605989 0.999996595061337 0.00233433179124437 -0.00101484354450074 0.000423589019773569 -0.000389134609123867 0.949748427051499 0.999991438960669 0.00256773578723393 -0.00062762859808778 -4.64356350377268e-05 0.00318318462729984 0.949182719710975 0.999996591922151 0.00233578132627804 -0.00101417535674195 0.000424350117281694 -0.00038941623223758 0.949809324441459 0.00299999999970169 0.00100000000020373 0.0510000000003856 0.0479999999997744

 10958 58 500 5 0.95 0.016 0.369 4398.394 0.114999999999782 0.999975669508222 0.00554681942501663 0.00181414284311896 0.00142038225491476 0.00354747598202595 0.950580476706964 0.999993575524299 -0.00234012321369178 0.00220213048713592 -0.000938368692291314 -0.00128172500491301 0.95115782051837 0.999975680971062 0.00554485510461996 0.00181479073958078 0.0014218962034249 0.00354637760097561 0.950539161876627 0.999993576659156 -0.00233935500828188 0.00220258002519915 -0.000939653492805854 -0.0012805276723116 0.951107154695595 0.00299999999970169 0.00100000000020373 0.0510000000003856 0.0510000000003856

 10963 63 500 5 0.95 0.0140000000000002 0.362 4349.026 0.122000000000298 0.999982954612207 -0.00466022449884473 0.00121711856724813 -0.000159096621835265 0.00329637730226233 0.952548526912893 0.999993204234423 0.00251061899073026 0.0019218969596383 -0.00121544459746855 -0.00145508891902651 0.949352601552934 0.999982948545027 -0.00466092821772725 0.00121839127506535 -0.000160285129397076 0.00329669512120693 0.952478548126514 0.999993198544817 0.00250966643904066 0.00192226451694028 -0.0012179307611366 -0.00145807484706804 0.949468550160668 0.00300000000061118 0.00100000000020373 0.0539999999991778 0.0510000000003856

 10960 60 500 5 0.95 0.0150000000000001 0.354 4413.378 0.113000000000284 0.99999103396854 -0.00283155187057129 0.000782902675133342 -0.00251665660149759 0.00172273024148563 0.950464136429547 0.999981159890323 0.00527766712328411 0.00207083973795646 -0.00217952095262167 0.000887358628812969 0.952359437710578 0.99999104398095 -0.00282931885584888 0.000784073454995085 -0.00251551192098467 0.00172172625425866 0.950425771716848 0.999981160491758 0.0052779519969937 0.0020708614079086 -0.00217934762526754 0.000885359379752881 0.952293821409783 0.00300000000061118 0.00100000000020373 0.0500000000001819 0.0500000000001819

 10953 53 500 5 0.95 0.0169999999999999 0.368 4839.342 0.115999999999985 0.999995154988118 -0.00238324328138244 -0.00183086217937037 0.00057309573290583 -0.000574157394354185 0.953467046939513 0.999943569731594 0.004605314597364 -0.00507221299840703 0.0080821164986436 -0.000774905217802491 0.951197536807856 0.999995151064771 -0.00238591909426936 -0.00183059191275697 0.000570526258041166 -0.000573297531643479 0.953380515190724 0.999943578359603 0.00460334784776341 -0.00507306677661291 0.00808172475945451 -0.000773953730842366 0.951147579390492 0.00399999999990541 0.00100000000020373 0.0529999999998836 0.0520000000005894

 10967 67 500 5 0.95 0.02 0.363 4387.732 0.113000000000284 0.999971276912498 -0.00550303929691686 0.00517755445084186 -0.000309157215570415 0.000509176010303335 0.950476095066238 0.999984684173072 -0.000862434811955863 -0.0035695407473624 0.00110403421490452 -0.00399087869792469 0.951721718334418 0.999971283505288 -0.00550281953445884 0.00517650961269197 -0.000309864066719975 0.000508797059867003 0.95043627095024 0.999984693712909 -0.000861971815489769 -0.00356825105731536 0.00110336026515947 -0.00398992794501845 0.951663342806395 0.00300000000061118 0.00100000000020373 0.0500000000001819 0.0520000000005894

 10964 64 500 5 0.95 0.016 0.357 4448.366 0.113999999999578 0.999973483370939 -0.00477057557891054 0.000493291913212295 0.00446120976849318 0.00318252009035002 0.94982687555006 0.999982615373138 -0.000845138389727416 -0.00539379670928209 -0.00151480501123134 -0.0016330999474543 0.946923628356509 0.999973482323642 -0.00477077798556441 0.000492970630193459 0.00446152187875216 0.00318215798239217 0.949877367974053 0.99998248639191 -0.000845582316138161 -0.00540876954439555 -0.00152664444527235 -0.001651202214343 0.946491187983997 0.00199999999949796 0.00200000000040745 0.0489999999999782 0.0529999999998836

 10968 68 500 5 0.95 0.0189999999999997 0.353 4395.814 0.112999999999374 0.999976629529817 -0.00344854813281544 0.00129021909942177 -0.00173282714335189 0.00549368316610544 0.950766286782831 0.999988517038201 -0.0021715598470835 0.00293373100181648 -0.000216654004803062 0.0030978061625948 0.950621329403927 0.999976636646318 -0.00344771976874675 0.00128784327260724 -0.00173239768409991 0.00549360063015742 0.950721407760661 0.999988519480941 -0.00217072327371737 0.00293374959657087 -0.000217747792680007 0.00309750964277794 0.950578209002663 0.00299999999970169 0.00100000000020373 0.0529999999998836 0.0500000000001819

 10961 61 500 5 0.95 0.0190000000000001 0.4 4508.293 0.119999999999891 0.999983558955918 0.00395550714432303 -0.000400218227626788 0.00200622635239564 0.00361257003818728 0.952137863602877 0.999993417329602 0.00104490754387773 -0.00305096603379193 0.0015747405684249 -0.000534101199178558 0.950641766451001 0.999983583342294 0.00395253471450596 -0.000400417193283905 0.00200340692138284 0.00361061518501623 0.952074784835264 0.999993420393237 0.00104558464090397 -0.00304973829160819 0.00157493876862414 -0.000533467170417228 0.950599548234124 0.00300000000061118 0.00200000000040745 0.058999999999287 0.0500000000001819

 10969 69 500 5 0.95 0.0150000000000001 0.362 4386.898 0.118000000000393 0.999979256526748 -3.9011345701951e-05 -0.000203728905657183 -0.00634337378438189 -0.00109776950749398 0.953051863942129 0.999995495753405 0.00181228747829357 -0.000434678263306291 -0.00108682305200985 0.00208661387386096 0.949380923161232 0.999979255768466 -4.02299895720097e-05 -0.000202698774880999 -0.00634378368312617 -0.00109623723792138 0.952974668889245 0.999995485268863 0.0018181110607666 -0.000435639508079466 -0.00108814905156773 0.00208568068578004 0.949491268538006 0.00299999999970169 0.00100000000020373 0.0519999999996799 0.0500000000001819

 10970 70 500 5 0.95 0.0149999999999997 0.369 4352.863 0.113999999999578 0.999993676090013 0.00303688471719784 0.00175513469461968 0.000538540427502168 0.000233639913462816 0.948929508963344 0.999988183076181 -0.00284236927253917 0.0012303730167356 -0.000335399446963606 -0.0037320683765265 0.947334033823346 0.999993687601174 0.00303345013760314 0.00175327230903674 0.000541527102096213 0.000236056509478638 0.949095501791624 0.999988202461717 -0.00284520912119527 0.00122839981261145 -0.000346978639530996 -0.00372429351228858 0.947682338501123 0.00299999999970169 0.00100000000020373 0.0520000000005894 0.0529999999998836

 10973 73 500 5 0.95 0.0139999999999998 0.371 4420.145 0.117000000000189 0.999986176618533 -0.00336265536154588 0.00155016701416134 -0.00328502087352304 -0.00177334172016008 0.952196760146469 0.999984258200936 0.000864879780914579 0.0019567189122354 -0.00146025911193662 -0.00497737156673816 0.950318832887237 0.999986164911073 -0.00336477234494751 0.00155111069352281 -0.00328443694617158 -0.00177618216268026 0.952131946657338 0.999984261042002 0.000864297586140782 0.00195684196431455 -0.00146046559504501 -0.00497679291670652 0.950301169862173 0.00400000000081491 0.00100000000020373 0.0529999999998836 0.0470000000004802

 10974 74 500 5 0.95 0.0170000000000003 0.36 4397.753 0.114999999999782 0.99999376752631 -0.000754907003588867 -0.00326496973850175 0.000646355474892446 -0.000904002853045332 0.949660038598376 0.999989504850117 -0.00312877607708634 0.00258240793486054 0.0021278604465791 6.57955588388834e-05 0.951088317681258 0.999993765422505 -0.000753812521441816 -0.00326538804935633 0.000646130373969286 -0.000905891400427154 0.949732992599859 0.999989496375233 -0.00312889375602641 0.00258423970416231 0.00212946653903469 6.51189847056514e-05 0.951040492057747 0.00300000000061118 0.00100000000020373 0.0489999999999782 0.0500000000001819

 10979 79 500 5 0.95 0.016 0.36 4241.322 0.114000000000487 0.999991428790621 -0.00167704611196761 -0.000779802999106567 0.00107407840684655 -0.00354515507255935 0.950449054473744 0.999986288385089 0.00246125179359319 0.00243542079234966 -0.00210014794227028 -0.00332014843161644 0.947128267481756 0.999991430930914 -0.00167578868147886 -0.000780433646696164 0.00107516666387447 -0.003544677278125 0.950412827537082 0.999986354963728 0.00245757033485638 0.00243076089315426 -0.0020983261903258 -0.00330736497624997 0.947501995220178 0.00200000000040745 0.00199999999949796 0.0500000000001819 0.0549999999993815

 10983 83 500 5 0.95 0.016 0.386 4103.175 0.117999999999483 0.999978045212331 0.00257395153396816 0.00405763533909385 -0.0030531224462116 0.00339085617636038 0.954578410172248 0.999989697518062 0.000282845842950768 0.00144930915940362 -0.000353765966220067 -0.00427775742240573 0.951515179540499 0.999978029968391 0.00257173033900013 0.00405985052631508 -0.00305470759460027 0.00339295723743358 0.954468996262061 0.99998969793196 0.000282812461776596 0.00144795398150824 -0.00035450329446774 -0.00427806074532372 0.951461337761174 0.00399999999990541 0.00100000000020373 0.0549999999993815 0.0520000000005894

 10978 78 500 5 0.95 0.0199999999999996 0.359 4402.873 0.113999999999578 0.999998783082704 -0.000449734067578342 -5.27761646512679e-05 0.000889495536855331 -0.00119899322206482 0.949844054604794 0.999990970752562 -0.00286290349002267 0.000552456953331925 0.00301363800151753 -0.000689183767364681 0.949566635685416 0.999998780751009 -0.000450935253999232 -5.2560314415941e-05 0.000890670662827582 -0.0011996237228761 0.949893268187347 0.999990978861024 -0.00286204921180992 0.000552314539261563 0.00301150799191145 -0.000690390573926602 0.949656886682121 0.00200000000040745 0.00100000000020373 0.0489999999999782 0.0520000000005894

 10972 72 500 5 0.95 0.016 0.395 4574.824 0.119000000000597 0.999992852586461 -0.000677897302949797 0.000275310538520347 -0.000339947185159439 0.00369376112635885 0.948240564093539 0.999992218129959 0.000848664212754405 -0.00377344958919583 -0.000686273832062511 -0.0003654517794307 0.949671811208658 0.99999285625362 -0.000676492652370733 0.000278896151166998 -0.000334497457614223 0.00369325436518449 0.948484312508156 0.999992225556997 0.000850450811391542 -0.00377098852776199 -0.0006853986080901 -0.000368012571245365 0.949745242375129 0.00299999999970169 0.00100000000020373 0.0510000000003856 0.0500000000001819

 10971 71 500 5 0.95 0.02 0.383 4581.814 0.117999999999483 0.999982364237865 0.00322955838778429 -0.00282261538957227 0.0032903074033381 -0.00245924488876796 0.951429900231473 0.999990694678804 -0.00360295404823784 -0.00056409343511248 -0.000767686404656008 0.00217295515606218 0.952975524594885 0.999982363308078 0.00323070773808375 -0.00282386776705872 0.00328849590693236 -0.00245909857598935 0.951377685778876 0.999990695854043 -0.00360220581681931 -0.000561808495715855 -0.000770173899559125 0.002173366507968 0.952896897329644 0.00199999999949796 0.00199999999949796 0.0520000000005894 0.0519999999996799

 10975 75 500 5 0.95 0.0150000000000001 0.365 4460.437 0.115999999999985 0.999993056753293 -0.00191050933439049 0.00202402852865435 0.00241629361746557 -0.000548846934463654 0.952699065082226 0.999990059369261 0.00311797406840978 0.00264810716461738 -0.00165033319334255 -0.000650637508340449 0.946297067334324 0.99999305324301 -0.00190877787128065 0.00202579411632534 0.00241769646088045 -0.000548575229785067 0.952627094593167 0.999990128631282 0.00310587643813967 0.00263661900604031 -0.0016506722606585 -0.000647837053305445 0.945938076404953 0.00300000000061118 0.000999999999294232 0.0529999999998836 0.0519999999996799

 10977 77 500 5 0.95 0.0140000000000002 0.35 4465.065 0.114000000000487 0.999995902524283 -0.000171259615182831 0.00261881157498049 -0.000323610328743287 0.00109668002549433 0.951765320631212 0.999979115366393 0.00326849569675371 -0.00486043305270997 -0.00214914942512714 0.00168615367452627 0.952142473706002 0.999995896673261 -0.000172218552732837 0.00262107314511565 -0.000321821138151666 0.00109698866614796 0.951706864728928 0.99997911278234 0.00326982641785297 -0.00485892599922247 -0.00215195696719612 0.00168586879248867 0.95207952247763 0.00299999999970169 0.00100000000020373 0.0529999999998836 0.0520000000005894

 10982 82 500 5 0.95 0.016 0.367 4285.008 0.115999999999985 0.999995299446048 -0.00232629870637932 0.00101216462848892 -0.00113436994142489 0.00129543341740382 0.951734326655327 0.99998837119174 0.000517559164671135 0.00111650899520841 0.00265035555834968 0.00383648757054533 0.952611227957376 0.999995295073109 -0.00232643347391089 0.00101198238121276 -0.00113547065971316 0.00129774303222026 0.951679005971107 0.999988365539461 0.00051892995567652 0.0011129400332606 0.00264790009601514 0.0038405060840994 0.952540149027606 0.00299999999970169 0.00100000000020373 0.0519999999996799 0.0509999999994761

 10976 76 500 5 0.95 0.02 0.354000000000001 4589.672 0.112999999999374 0.99999142029245 -0.00268398414459336 0.00281988266259244 0.00102901945187413 -0.000972086075036913 0.95105361228326 0.99999040249084 -0.00303787391486983 -0.00145755407210183 0.0012561475072688 0.00250277403123533 0.947416673553492 0.999991420538918 -0.00268383495119707 0.00282029284916551 0.00102951967435902 -0.000970523568287663 0.951005391318389 0.999990380871083 -0.00303543260665616 -0.00145882154419531 0.00126993633355676 0.00250667421258175 0.947768285463304 0.00399999999990541 0.000999999999294232 0.0519999999996799 0.0540000000000873

 10980 80 500 5 0.95 0.0179999999999998 0.357 4650.995 0.113999999999578 0.999989249244543 -0.00229760973735322 -0.000653638552548452 0.0031066999983172 0.002478619896774 0.952795559189803 0.999990464005957 0.00102444395353569 -0.0018438764277486 0.0028577331555978 0.00254084487258254 0.950763345398493 0.999989247051363 -0.00229690326755133 -0.000653355892298634 0.00310804313098063 0.00247855018142357 0.952721173494766 0.999990463104041 0.00102556977085332 -0.00184390659590783 0.00285891891430359 0.00253938943798602 0.95072018056735 0.00300000000061118 0.00100000000020373 0.0530000000007931 0.0489999999999782

 10981 81 500 5 0.95 0.0179999999999998 0.36 4694.882 0.115999999999985 0.999982928088801 0.000532070292863522 0.00311721065990622 -0.00491265596809912 -9.61311234937366e-05 0.952300761360021 0.99997111986775 -0.000414889168492023 0.00035152664701887 0.00695116840119291 -0.00302406750753116 0.952005863640192 0.99998293645066 0.000534175927550683 0.00311878803393414 -0.00490966406874914 -9.91137026011902e-05 0.95223484552399 0.999971109298275 -0.000416784752914171 0.000353468277642482 0.00695290993028908 -0.00302307176958454 0.951945049831707 0.00399999999990541 0.00100000000020373 0.0539999999991778 0.0520000000005894

 10984 84 500 5 0.95 0.0230000000000001 0.363 4564.861 0.114999999999782 0.9999862225371 -0.000229877992994072 0.000316914336936235 -0.00495485964227985 -0.00168843812979189 0.952030133109128 0.999989599644301 0.00449385093411894 -0.000298059477847579 0.000389605703138214 0.000604379810994203 0.950950768575584 0.999986217011457 -0.000228849279135128 0.000317839901579426 -0.00495484980356018 -0.00169170220286342 0.951969602617783 0.999989597311552 0.00449458399616391 -0.000295670272665288 0.000390347815891039 0.000603482438270066 0.950904657651497 0.00400000000081491 0.00100000000020373 0.0520000000005894 0.0509999999994761

 10985 85 500 5 0.95 0.0150000000000001 0.372 4384.355 0.115999999999985 0.999995032018732 -0.000805221950584887 1.6395886018728e-05 -0.00278512720459288 0.00123707440964244 0.952026110779825 0.999993809486452 0.00108945389855827 0.00302363315583965 -0.00141049735623227 -0.000249436811633403 0.949361332708506 0.999995032232908 -0.000805356995836583 1.4660395586596e-05 -0.00278387648972003 0.00123964768292274 0.951966220416062 0.999993815914681 0.00109048515946877 0.00302140007325933 -0.00140965732567104 -0.0002509628113939 0.949476933037098 0.00299999999970169 0.00100000000020373 0.0510000000003856 0.0590000000001965

 10986 86 500 5 0.95 0.016 0.374 4107.946 0.115000000000691 0.999993201626122 0.00151639278252195 -0.00225308979892985 0.00047883025034839 0.00244776682238805 0.949320526868709 0.999983380715395 0.000193266626144366 -0.00100956177512416 -0.00567232094115709 -8.06299101422863e-05 0.955081965943839 0.999993211774753 0.00151572528823847 -0.00225166044612196 0.000476706421666499 0.00244576317068196 0.949439925540202 0.999983387990273 0.000190070971978485 -0.0010089248204395 -0.00567129717583469 -7.79459452602117e-05 0.954959826026862 0.00299999999970169 0.00100000000020373 0.0510000000003856 0.0520000000005894

 10988 88 500 5 0.95 0.0189999999999997 0.361 4241.853 0.114999999999782 0.999987365811378 0.0016395737774326 -0.00312387866006413 0.00357062487210141 0.000268394467003833 0.951135655870196 0.999993727232006 -0.00231453005605573 -0.00111482079903653 -0.0013044594160617 -0.00206009889991046 0.950428257531962 0.999987361812022 0.00163899819176167 -0.00312529461873767 0.00357079276677102 0.000268092748433028 0.951089389686512 0.999993730208062 -0.00231392445619142 -0.00111502152921801 -0.00130414728872341 -0.0020594234668361 0.950394283798012 0.00299999999970169 0.00100000000020373 0.0500000000001819 0.0489999999999782

 10987 87 500 5 0.95 0.0169999999999999 0.351999999999999 4393.537 0.113000000000284 0.999990398259144 -0.00384454557450584 0.000703527960693778 -0.00055541305773994 0.00190247827542049 0.953109478632629 0.999987054787145 0.00243322166392834 -0.00305014334781461 -0.000519590412076123 -0.00322433587375895 0.951734705819718 0.999990384155676 -0.00384832873484993 0.000705012254876007 -0.000556044227935853 0.00190150852460936 0.953027303357637 0.99998705506776 0.00243265909255775 -0.00305085412454671 -0.000519557679941948 -0.00322400613785388 0.951678619211856 0.00299999999970169 0.00100000000020373 0.055000000000291 0.0510000000003856

 10992 92 500 5 0.95 0.016 0.35 4318.27 0.114999999999782 0.999968857682508 0.00151152985202639 -0.00584480216473462 0.0017498459534763 0.00477234422918743 0.946124126481174 0.999993491753356 -0.0021051429922376 -0.000161524245193065 0.00105960063448854 0.0027268993978153 0.950633983644803 0.999968812535446 0.00150426513708202 -0.00585443506085754 0.00175052121231289 0.00477204447287963 0.945768745722481 0.999993495467884 -0.00210496548564128 -0.000161913731495926 0.00105944803406558 0.00272571018902816 0.950592664081088 0.00299999999970169 0.00100000000020373 0.0540000000000873 0.0479999999997744

 10991 91 500 5 0.95 0.0209999999999999 0.361 4417.378 0.121000000000095 0.999989800300647 -0.000239887632385126 -0.00359025215778339 0.00258901406106829 0.000865357862921672 0.954066559999296 0.999990935773944 -0.00207657810313458 0.00150150240185329 -0.00324855534246516 0.00100427688336938 0.947484452836594 0.999989795247544 -0.000238108076522829 -0.00359167219098248 0.00258901424840822 0.000865795249066358 0.953966774542827 0.999990903787383 -0.00208089017367403 0.00151358849676215 -0.00325173061858037 0.000998767453080402 0.947823680421619 0.00300000000061118 0.000999999999294232 0.0540000000000873 0.0570000000006985

 10989 89 500 5 0.95 0.0179999999999998 0.348 4503.061 0.114000000000487 0.999974695658779 0.00131138491724323 -0.00408276551235929 -0.00529067890768392 0.0020562232848872 0.9519937227777 0.999984411852581 0.0038039896718652 0.00408472491242378 -0.000128712089933886 -6.45756297877307e-05 0.946511237308901 0.999974687259486 0.00131128568924579 -0.00408339952853937 -0.00529317502161073 0.00205268522079392 0.951932553569497 0.999984422027118 0.00380754828177456 0.0040783541297219 -0.000139532502214917 -7.64031832177908e-05 0.946116141433697 0.00299999999970169 0.00100000000020373 0.0540000000000873 0.0540000000000873

 10990 90 500 5 0.95 0.0169999999999999 0.351 4519.756 0.114000000000487 0.999998009735386 -0.000963348238800471 0.000717881536909046 -0.00159264136283995 2.50005386102117e-05 0.953355697291885 0.999969386337166 -0.00561557530160145 0.00301379427202996 -0.00162386852335138 0.00423931570060294 0.949555176969643 0.99999801049893 -0.000965240291272457 0.000716563494088206 -0.00159164205350134 2.28406145439391e-05 0.953273640961142 0.99996936591943 -0.00561688169250644 0.00301639537564273 -0.00162346669822207 0.00424070484272948 0.949642876603667 0.00299999999970169 0.00200000000040745 0.0510000000003856 0.0499999999992724

 10993 93 500 5 0.95 0.0169999999999999 0.365 4438.235 0.115999999999985 0.999982416083745 0.00123962790312 0.000406897623736687 0.00455899752754303 -0.00356101415963869 0.951911989053378 0.999994970412795 -0.00194297284934251 -2.84747444284377e-05 -0.00200866714115247 0.00149948361960322 0.950336420866024 0.999982413987056 0.00123910037870945 0.0004063327297885 0.00455989694684924 -0.00356069942827928 0.951853264919531 0.999994971541779 -0.00194261793785237 -2.78142400250462e-05 -0.00200879133656085 0.00149903650310314 0.950316289007162 0.00300000000061118 0.000999999999294232 0.0509999999994761 0.045999999999367

 10995 95 500 5 0.95 0.0139999999999998 0.36 4420.805 0.115999999999985 0.999954933635708 -0.00318989438197501 0.00416956840373929 -0.00680936079558377 0.00402524239286693 0.948359769350104 0.999997097743274 -0.00137170400543078 -0.00070195041367642 0.00178980934430738 -0.000476215578384489 0.948702265189245 0.999954986602405 -0.00318623443489747 0.00416627802943216 -0.00680788697030132 0.00402088068612051 0.948596631469825 0.999997100422074 -0.00136692316854234 -0.000699806612014892 0.00179220697976788 -0.000478469792962044 0.948896502183129 0.00299999999970169 0.00100000000020373 0.0529999999998836 0.0510000000003856

 11000 100 500 5 0.95 0.0140000000000002 0.354 4348.512 0.113999999999578 0.999993307883228 0.000551158228630219 -3.07346660244075e-05 0.00323555147410273 -0.00161575846115851 0.949030964340336 0.99998144244526 0.00332066646546454 0.00414527410558203 -0.00280726410937432 -0.00101188444558505 0.948285782357443 0.999993304146622 0.000553351728008526 -2.79341150629345e-05 0.0032329677916838 -0.00162252973185003 0.949188600403915 0.999981494411026 0.00330952238639686 0.00413939874046382 -0.00280908127560337 -0.00101604011675358 0.94853393834979 0.00399999999990541 0.00100000000020373 0.0529999999998836 0.0520000000005894

 10996 96 500 5 0.95 0.0140000000000002 0.357 4440.79 0.113000000000284 0.99999541030769 -0.000735583347795026 0.000709566560621615 -0.00139150846565191 -0.0024896787299909 0.948884759707906 0.999982009229414 -0.00290085785252495 0.00256551223511287 -0.00206937492337863 0.0040868172973217 0.94782357932005 0.999995408957676 -0.000737668062511364 0.000707531460549766 -0.00139200961463396 -0.00248990318398853 0.949062658749735 0.999982015563008 -0.00290040448441105 0.00256658719124591 -0.00206843696360747 0.00408538897640034 0.948128666547704 0.00299999999970169 0.00100000000020373 0.0529999999998836 0.0529999999998836

 10997 97 500 5 0.95 0.0139999999999998 0.355 4425.654 0.113999999999578 0.999956468433551 -0.00518152850145067 -0.000471989692580776 -0.00717878837359856 0.00290778670249341 0.950003795512041 0.999990197024313 -0.00297708931352932 -0.00264290296778877 0.00180378103117901 0.000710093225945512 0.946548171288904 0.999956468372362 -0.00518218108505524 -0.000472211537034634 -0.00717858701857238 0.00290710580398644 0.950030003334266 0.999990203947596 -0.00297295553932337 -0.00264839051158373 0.00180092261892944 0.000704449874716589 0.946146753516193 0.00399999999990541 0.00100000000020373 0.0479999999997744 0.0529999999998836

 10994 94 500 5 0.95 0.0129999999999999 0.372000000000001 4663.574 0.115000000000691 0.99999036241654 -0.00437882192533002 -0.000269781558041127 2.85045740594793e-05 0.000165523358695088 0.950535752170393 0.999982308665215 0.00446893720686055 -0.00332095159885649 -0.00179633318465891 0.00107490669167101 0.951533265193827 0.999990365385519 -0.00437811519944138 -0.000270673607347905 2.79615046044648e-05 0.000164916308256659 0.95049632659432 0.999982302116717 0.00447013116366043 -0.00332181363420428 -0.00179591871141951 0.00107406279720638 0.951479137183988 0.00299999999970169 0.00100000000020373 0.0510000000003856 0.0509999999994761

 10998 98 500 5 0.95 0.0150000000000001 0.353 4562.868 0.112999999999374 0.999993391028702 0.00164560975020233 -0.000538784084098204 -0.00219582192649803 -0.00232334785301254 0.950936885990169 0.99998718197511 -0.00328993244787943 -0.00112064628738292 -0.00188260192108556 0.00316420477708416 0.950746891302407 0.999993392975749 0.00164456443819998 -0.000538279969282457 -0.00219650293907455 -0.00232272300802975 0.950892002294473 0.999987190330357 -0.00328937279288407 -0.0011194369686146 -0.00188241917079879 0.00316268252710476 0.950701719238443 0.00199999999949796 0.00100000000020373 0.0500000000001819 0.0510000000003856

 10999 99 500 5 0.95 0.0190000000000001 0.359 4615.365 0.117000000000189 0.999961799434319 0.000310376973533634 0.000428401387441325 0.00437225522141792 -0.0075500460092946 0.950340969271725 0.999993453357232 -0.00214605887295022 -0.00168228276582529 0.00214006700249601 -0.00103812904364356 0.950852496974457 0.999961795796203 0.000309710652137448 0.000428692698829662 0.00437283152025406 -0.00755020492507745 0.950320421614506 0.999993452882169 -0.00214646237830336 -0.00168210308145121 0.0021397924264399 -0.00103860947938386 0.950807897229159 0.00299999999970169 0.000999999999294232 0.0489999999999782 0.0500000000001819

 11008 8 1000 5 0.95 0.32 0.389 8649.156 0.238999999999578 0.999994736807786 7.06053254629612e-05 -0.00244864999134509 0.00105661477347835 0.0018463613011267 0.950915866136959 0.999992828159791 0.000554604477073579 0.000223831516996923 -0.00260468584807781 0.00268357111732244 0.949858465505387 0.999994740415842 7.10756364302794e-05 -0.00244845798973872 0.00105573159860937 0.00184514854950975 0.950869634606054 0.999992829732808 0.000554503072186199 0.000223554546962893 -0.00260453059896705 0.00268317965067133 0.949904458041992 0.00499999999919964 0.00199999999858846 0.0829999999987194 0.0759999999991123

 11010 10 1000 5 0.95 0.335 0.402 8688.476 0.247999999999593 0.999998598044674 0.00112599566544749 -0.000563346119881661 -0.000665685626362575 -0.000880651033714758 0.94924032343986 0.999987428444397 -0.00236399789828527 0.00275112440068436 0.00343780335016409 -0.000409010705075144 0.948642787761249 0.999998598018007 0.00112386319578999 -0.000563963798170542 -0.000667587351053759 -0.000881569906654392 0.949369571163873 0.999987419087099 -0.00236620034964185 0.00275410350964384 0.0034362361486901 -0.000412260131761136 0.948847310160651 0.00300000000061118 0.00200000000040745 0.0839999999989232 0.0830000000005384

 11007 7 1000 5 0.95 0.377 0.415 8759.261 0.234000000000378 0.999997271857386 0.00181887399252304 -0.000360316443577645 0.0013391413758672 -0.000474181000182376 0.95019510447364 0.999995955581493 -0.00143494384304606 0.00102825756320748 0.00123140652615668 -0.00185905383850091 0.948842433209692 0.999997271849359 0.00181888096604377 -0.000360317172450131 0.00133913798266657 -0.000474180208216776 0.95019519094509 0.999995942614427 -0.00143511845229014 0.00102736471687583 0.00123591590979927 -0.00186339027401417 0.949024919230441 0.00399999999899592 0.00100000000020373 0.0640000000003056 0.081000000000131

 11001 1 1000 5 0.95 0.337 0.528 9055.884 0.244000000000597 0.999991258966927 -0.00257404551829791 0.00301459300083395 -0.00129798459501183 -0.000289386315882731 0.951153178986981 0.999990617692312 -0.0015921481263967 0.00226957218257582 0.00103643219277334 0.00316297994136325 0.947612826877242 0.999991263443713 -0.00257369533910114 0.003013986398963 -0.00129693716370338 -0.000288042580885367 0.951104926422748 0.999990605234009 -0.00158819547055477 0.00227036317193217 0.0010384546433119 0.00316767136713098 0.947944313221916 0.00399999999899592 0.00100000000020373 0.0830000000005384 0.0850000000009459

 11005 5 1000 5 0.95 0.305 0.395 8996.377 0.246000000001004 0.999987312577071 -0.00200633898645976 0.00336411823301816 0.00183945269961442 0.00257845128706672 0.946608952754527 0.999989979107298 0.000151410729541987 -0.0017873612242485 0.00158314311618464 0.00378388127511512 0.948919381301006 0.999987309315744 -0.00200292297259934 0.0033666913297767 0.00182833127436916 0.00258690959733934 0.946206168854672 0.999989978427645 0.000149463069045803 -0.00178321592039232 0.00158171746361097 0.00378668930812245 0.94908933567873 0.00299999999879219 0.00200000000040745 0.0879999999997381 0.0799999999999272

 11006 6 1000 5 0.95 0.344 0.404 8967.007 0.248999999999796 0.999992613681529 0.000624649653195978 -0.000570899241391734 0.000856648871036319 -0.00365001670713636 0.946735720529568 0.999998148029103 -0.000596192075327149 -0.000625736564401705 -0.00044280355504802 -0.0016615872341436 0.950991993417789 0.999992610540904 0.000623078360823627 -0.000573257425840658 0.000854965887057072 -0.00365117052470046 0.946330322024235 0.999998147393869 -0.000596492932858626 -0.000625205701418978 -0.000443406185213256 -0.00166190065805695 0.950945272688436 0.00300000000061118 0.00200000000040745 0.0859999999993306 0.081000000000131

 11011 11 1000 5 0.95 0.331 0.388 8878.882 0.243999999998778 0.999996620855991 2.00596379837917e-05 0.00253085503911008 -0.000552041463435391 0.000218854298675122 0.948782469215193 0.999997807120524 -0.00149885620386143 0.000228620210450364 -0.00138569075632664 0.000408384807402009 0.949417451494401 0.999996608381149 2.23880295769837e-05 0.0025345550896799 -0.000558934115358787 0.000215286153172155 0.94897352032873 0.999997808064123 -0.00149754620825233 0.000229577504778259 -0.00138660088879778 0.00040725231594036 0.949525330112618 0.00300000000061118 0.00200000000040745 0.0850000000009459 0.0819999999985157

 11015 15 1000 5 0.95 0.339 0.386 8617.029 0.234000000000378 0.999995583699756 -0.00203326192222599 0.00110991796696555 -0.00149317568404622 -0.00111217598537791 0.950525287750961 0.999994134630558 0.0001143325704016 -0.0021270287941934 0.000334619697206159 0.00266109201501228 0.951555775346353 0.999995581786286 -0.00203382343669212 0.00111013470280504 -0.00149309716025256 -0.00111275871041916 0.950484304399553 0.999994133374821 0.000114099574399273 -0.0021267548975077 0.000335713097424411 0.00266165503978247 0.951501139135648 0.00300000000061118 0.00100000000020373 0.0759999999991123 0.0830000000005384

 11002 2 1000 5 0.95 0.301 0.404 9313.108 0.244000000000597 0.999997226984072 -0.00126267517960984 0.00136614961878627 0.00110811897418463 0.000925949845045985 0.951246785667201 0.999996077621363 -0.00162637473957761 -0.000776064441951524 -0.00214367566506883 -4.50079976445974e-05 0.951755433261026 0.999997228616338 -0.00126158395269073 0.00136622002995933 0.0011090281375111 0.000924480931719551 0.951195839915457 0.999996073389573 -0.00162844326137632 -0.000776046686038716 -0.00214409732867824 -4.44540967598553e-05 0.951697234026117 0.00300000000061118 0.00200000000040745 0.0829999999987194 0.0830000000005384

 11012 12 1000 5 0.95 0.365 0.391 9031.606 0.236999999999171 0.999995259482204 -4.0888756880887e-05 0.00265611084145221 -0.00130768194685144 -0.000845212607682068 0.948847680318994 0.999990186121927 -0.00159311196181927 0.00360440419156448 -0.00192600702088541 -0.00062323469964608 0.948395634574642 0.999995271414075 -4.179104343275e-05 0.00265306087135522 -0.00130790240829269 -0.000840275135513945 0.949028162942116 0.99999017992866 -0.00159262493164196 0.00360479769535423 -0.00192836515018848 -0.00062484677774682 0.948627699732329 0.00299999999879219 0.00200000000040745 0.0840000000007421 0.081000000000131

 11009 9 1000 5 0.95 0.357 0.395999999999999 9124.453 0.242000000000189 0.999990404177351 0.00262146943237971 -0.00130359437906284 -0.0014907310467575 0.00289789818236503 0.950463245713628 0.999998992645078 0.000982477367159372 0.000710669799869135 -0.000737808837329141 5.79719617492395e-06 0.950989360493021 0.999990405404658 0.00262141264744863 -0.00130370941184217 -0.00149069185532172 0.00289749442124107 0.950424800360173 0.999998991970696 0.000982582360854278 0.00071083412727118 -0.000738430533215431 4.96859403522362e-06 0.950944052205845 0.00300000000061118 0.00100000000020373 0.077000000001135 0.0750000000007276

 11004 4 1000 5 0.95 0.35 0.424 9349.278 0.242999999998574 0.999990407766389 -0.00190238064957314 -0.00215854829655178 -0.00307650316547875 0.00120046682549609 0.950593844856748 0.999992143570208 0.00197103169284723 0.00062871318843725 0.00314851159301568 -0.00123265015391772 0.95124399553506 0.999990404545122 -0.00190209108830708 -0.00215832948393175 -0.00307764132933216 0.00120108486876753 0.950552852424301 0.999992144303389 0.00197139110894118 0.000628764045798351 0.00314814754163392 -0.00123238445123494 0.951193509163488 0.00399999999899592 0.00200000000040745 0.0760000000009313 0.280000000000655

 11014 14 1000 5 0.95 0.278 0.402 8984.869 0.246999999999389 0.999999054069071 0.0010563140100296 0.000586656287961976 -0.000642272229609913 -0.000139220899095221 0.948618576037381 0.999997806388518 -0.000178080289073077 0.000217928074710602 -0.000748528753532564 0.00193590227572841 0.950211040089076 0.999999049596731 0.00106231703236684 0.000590036538212376 -0.000636276297618005 -0.000138915495752095 0.94882538811816 0.999997806331434 -0.000178110186102198 0.000218004288715917 -0.000748523662386404 0.00193592239967763 0.950208911865193 0.00299999999879219 0.00200000000040745 0.0840000000007421 0.0680000000011205

 11003 3 1000 5 0.95 0.349 0.435 9564.313 0.238999999999578 0.999996638507498 0.00183760554392858 -0.00174342952834765 0.000513763669689906 -0.000206591238804893 0.948629385938044 0.999991767575022 0.00268864200966579 -0.000885069116064231 -0.00230525320799007 -0.0017715661527412 0.948719959538895 0.999996629428388 0.0018405675260194 -0.00174486605337057 0.000514117669751543 -0.000211112584731043 0.948832554472974 0.999991767814139 0.00269008411517267 -0.00088243140231053 -0.00230648193748792 -0.00176895655629629 0.948916020783964 0.00300000000061118 0.00200000000040745 0.0830000000005384 0.0819999999985157

 11013 13 1000 5 0.95 0.343 0.418 9405.785 0.2450000000008 0.999994327252652 0.00148233746497905 -0.00124182362152378 0.000477083034721786 0.00271632178260969 0.949585592993578 0.999997712655775 0.000761483172556954 0.000783976892008313 0.00157757717354943 0.000944170053927597 0.949926533614966 0.999994325329147 0.00148428824175764 -0.00124194435005421 0.000475695261535723 0.00271615282500499 0.949669753379786 0.999997712344323 0.00076175564076352 0.000783972827355374 0.0015776633006579 0.00094413959830304 0.949964414032194 0.00400000000081491 0.00200000000040745 0.0759999999991123 0.0729999999985012

 11016 16 1000 5 0.95 0.282 0.395 9187.53 0.242000000000189 0.999997954986878 -0.000570516780886261 -0.00102283284035924 -0.00134637913850004 0.000951634836062171 0.951110027838078 0.999994855753886 -0.00178668670470966 0.000740216642613969 0.000126420783644544 0.00255583909726913 0.94998336931489 0.999997956003881 -0.00057124432469315 -0.00102296543888129 -0.00134566255419501 0.000951000516526703 0.951062066857002 0.999994855076813 -0.00178657416769581 0.000741152393994351 0.000126480007975229 0.00255590856318446 0.95001342497211 0.00200000000040745 0.00200000000040745 0.0820000000003347 0.0720000000001164

 11019 19 1000 5 0.95 0.263 0.412000000000001 8729.288 0.239999999999782 0.999998148595384 -0.00124561549046968 -0.000658779412114533 -0.00130365639767377 -0.000133182345328524 0.948607073870423 0.999996571047885 -0.00196449150074089 -9.30619755494774e-05 0.00166897420554196 0.000452250136750777 0.94868313373699 0.999998149572689 -0.00124505030081215 -0.000657688807916109 -0.00130417973303584 -0.000131383419272506 0.948813626252563 0.999996567197549 -0.00196723734115064 -9.88288713142921e-05 0.00166683558978263 0.000455480332015437 0.948888598760173 0.00399999999899592 0.00100000000020373 0.081000000000131 0.0820000000003347

 11018 18 1000 5 0.95 0.32 0.399999999999999 8907.659 0.242999999998574 0.999989019347625 -0.00394780914548888 0.00176195068881038 -0.000277253606836574 -0.00178735763997778 0.950687738773952 0.999994861331281 0.00109995769468313 0.0023908150049172 0.00138521122954217 0.0011969116771496 0.948654945319067 0.999989026674158 -0.00394638483581685 0.00176167446041 -0.000277307168860286 -0.00178666780016981 0.950644555569307 0.999994865076759 0.0011017727267447 0.00238832433177248 0.00138536789388991 0.00119690419714392 0.948857757188408 0.00200000000040745 0.00100000000020373 0.0830000000005384 0.0799999999999272

 11022 22 1000 5 0.95 0.292 0.411 8617.635 0.243000000000393 0.999990795301641 -0.000694390052714449 -0.00137756864519254 -0.00399882247820936 0.000197123978374737 0.950375323913765 0.999999334461071 0.000295080040861035 -0.000279574556478907 0.000869823466308606 -0.000639726807863684 0.947685182486417 0.999990795291748 -0.000694039170863656 -0.00137742443632633 -0.00399891660106924 0.000197507837394395 0.950349618165787 0.999999335634318 0.000295793048888373 -0.000270097582567411 0.00087301977737619 -0.000637276359383629 0.948003619600117 0.00399999999899592 0.00199999999858846 0.0730000000003201 0.0839999999989232

 11020 20 1000 5 0.95 0.319 0.407 8871.509 0.2450000000008 0.999988545218818 0.0017471518289349 -0.00220574605195415 0.00259951483210398 -0.00286951191510456 0.948609061813116 0.999998145687662 -0.00169841975419843 -0.000438204559516707 -0.000682904334016544 -0.000406952100061882 0.948465444442955 0.999988538991998 0.00174355826361879 -0.0022058851325064 0.0025980533012839 -0.00287507896537626 0.948818729272923 0.999998138480677 -0.00170119450956055 -0.000441054656123718 -0.000684331963154263 -0.00040759413045591 0.948688784864948 0.00400000000081491 0.00200000000040745 0.273000000001048 0.0789999999997235

 11024 24 1000 5 0.95 0.265 0.397 8843.971 0.242999999998574 0.999996562405072 4.82473023719191e-06 0.00137535056470999 0.000596582861653076 -0.00215119838097061 0.950262219631455 0.999995767638818 0.00145591452405037 -0.00182845963010715 0.000401097972699719 0.00168548899338222 0.946562582319301 0.999996562508589 4.83644652005529e-06 0.00137534121151643 0.000596796704052666 -0.00215109689720296 0.950252948248365 0.999995761390213 0.00146002354554328 -0.00182185295474049 0.000400912421324679 0.00169282423686594 0.946173849911705 0.00300000000061118 0.00199999999858846 0.0709999999999127 0.0820000000003347

 11023 23 1000 5 0.95 0.367 0.388 8928.306 0.434000000001106 0.999987670227477 0.00197671411546583 0.00349950711902967 -0.0028584696625939 -0.000578442253462677 0.947394885136521 0.999996476614218 7.02730616114053e-05 0.000437488718906653 -0.00245998235734008 -0.00089381836427143 0.951070387498919 0.999987713629071 0.00197217929249769 0.00349620541273458 -0.00285146240505955 -0.000573419223985219 0.9477368547853 0.999996476963325 6.96974655124948e-05 0.000438522762960398 -0.00245942654239332 -0.000894495428021914 0.951020969528033 0.00299999999879219 0.00100000000020373 0.0839999999989232 0.0819999999985157

 11028 28 1000 5 0.95 0.323 0.398 8786.179 0.242000000000189 0.999991528821368 0.000194162446711507 0.0015914772121029 0.00274016285190962 -0.00261978897545468 0.949631042099999 0.99999467613501 -0.0021192627183752 0.000737837909221124 -0.00208602223346528 -0.00112273488755861 0.951308269282537 0.999991521519966 0.000196691042899338 0.0015932797608814 0.00274092465878857 -0.00262049469274261 0.949710422851314 0.999994674972745 -0.00211907916644808 0.000738847656047786 -0.00208565167922506 -0.00112414005114377 0.951257057335981 0.00300000000061118 0.00100000000020373 0.0820000000003347 0.081000000000131

 11027 27 1000 5 0.95 0.343 0.396 8842.807 0.243000000000393 0.999990759287413 -0.00121822314378629 -0.00172311631384675 -0.00264388201564213 -0.00265292861045261 0.949806802899787 0.999998132272744 0.00109231712903954 0.000640699718179161 0.00139912957981646 -0.000417414185786554 0.949836864447947 0.999990752995887 -0.00121797672537544 -0.00172476548773358 -0.00264418652508218 -0.00265403787616279 0.949860449935371 0.999998132223373 0.00109280776389393 0.000640592341036224 0.00139899658338983 -0.000416858452288123 0.949887240411674 0.00200000000040745 0.00200000000040745 0.0749999999989086 0.0740000000005239

 11030 30 1000 5 0.95 0.278 0.4 8710.254 0.239999999999782 0.999990690141235 -0.00249183684019342 0.00327319237276064 0.00125394913820096 -0.000352424841656733 0.949885742799571 0.999997633164099 -0.000233634954892547 0.000895547671840776 -0.000551861462064208 -0.00189011221925925 0.946063272381768 0.999990687282698 -0.00249212590019392 0.00327359594457694 0.00125444720109067 -0.000352970516632944 0.949929466468584 0.999997638125091 -0.000234012447085003 0.000891542340364004 -0.000549381527594296 -0.00189005677322479 0.945711645420068 0.00300000000061118 0.00200000000040745 0.0740000000005239 0.080999999998312

 11025 25 1000 5 0.95 0.306999999999999 0.416 8980.445 0.230999999999767 0.999998263932609 -0.00166163049360373 0.000472058776897989 -0.000499541512915718 0.000488604808012152 0.94832198801515 0.999992157999563 0.000516607388528667 0.00318006315229145 0.00017958391242562 0.00229608452562965 0.949837837626128 0.999998263585773 -0.0016604897545712 0.000472262114034018 -0.000504556088409626 0.000487843072992976 0.948564068990751 0.999992156887949 0.000516885387994529 0.00318003451938714 0.000178959403857203 0.00229659445062583 0.949887802721586 0.00399999999899592 0.00100000000020373 0.0830000000005384 0.0730000000003201

 11017 17 1000 5 0.95 0.407 0.404 9567.833 0.233000000000175 0.999995976752364 0.000918655651381739 -0.00189508754632246 0.000889659127694975 -0.00167919644719828 0.947842298924057 0.99999625573261 0.000529853995410402 0.00131456634500867 0.00228513013502565 0.000507810097383204 0.949422381302911 0.999995990283114 0.000913977893820157 -0.00189404875057171 0.000885550011672917 -0.0016770338729469 0.948136096265245 0.999996255582103 0.000530750143903223 0.00131347099309828 0.002285626536834 0.000507770954607574 0.949527626475466 0.00300000000061118 0.00200000000040745 0.0840000000007421 0.0739999999987049

 11021 21 1000 5 0.95 0.359 0.39 9207.244 0.235000000000582 0.999990169096872 0.000265835239727851 0.00404662874165451 0.00179061011006326 9.77368655826016e-05 0.948469488320804 0.999992939163352 0.00105841369083384 0.000483153965241444 -0.00279564881107093 0.00222537499576097 0.948528808661982 0.999990140289818 0.000262074273533462 0.00405415816736447 0.00179023276595383 9.75111436129412e-05 0.948692523294518 0.999992948102083 0.00105707089054104 0.000478021119892918 -0.00279491506397621 0.00222402626575778 0.948747538724596 0.00300000000061118 0.00100000000020373 0.080999999998312 0.081000000000131

 11029 29 1000 5 0.95 0.271 0.4 8885.47 0.242999999998574 0.999988800370835 -0.000535520116143691 -0.00161362128594913 0.00292205750063201 0.00331212279543011 0.948355506576486 0.999988514793329 0.00143582088901551 -0.000970072746051069 -0.000150304209928579 -0.0044659900715318 0.948807966793731 0.999988807838634 -0.000536863246067176 -0.00160826212858177 0.00292586584449117 0.0033088936683311 0.948593679131532 0.999988506266322 0.00142956217231584 -0.00097089098640018 -0.000153920086398164 -0.00446960474145195 0.948992930118497 0.00299999999879219 0.00100000000020373 0.0839999999989232 0.081000000000131

 11031 31 1000 5 0.95 0.265 0.397 9013.953 0.240999999999985 0.999988213379346 -0.0021056095261179 -0.00167528546777352 -0.00277268992555686 0.00294025850663847 0.949305595554056 0.999998951153899 0.000420827499018109 -0.000565479543988454 0.00111022214889684 0.000606823684588103 0.948737792119699 0.999988224916326 -0.00210451650549251 -0.00167717063053565 -0.00277023482554299 0.00293835611536955 0.949425497339044 0.999998946931155 0.000424582014374433 -0.000567433009629756 0.00110930227261309 0.000611011408416262 0.948927445132229 0.00400000000081491 0.00199999999858846 0.0749999999989086 0.0790000000015425

 11032 32 1000 5 0.95 0.426 0.425 9006.583 0.242000000000189 0.999998878291274 0.000751347847427138 -0.00107128222342746 0.000341654692526708 0.00064383155790041 0.948899875473772 0.999997438027524 0.0017416506304867 -0.000818578855195198 -0.00117724373595018 0.000186057284451291 0.95057767511225 0.999998877242797 0.000757279796741195 -0.00106876318274285 0.000338958543431324 0.000644121742565655 0.949071605541974 0.999997439672076 0.0017404976223925 -0.000818773569725851 -0.00117738560997345 0.000186253286636849 0.950536413955621 0.00200000000040745 0.00199999999858846 0.081000000000131 0.0730000000003201

 11026 26 1000 5 0.95 0.408 0.392 9377.41 0.243999999998778 0.999996377503605 0.00219413382671112 -0.000596215512996367 -0.000840517251546862 0.00116996334534562 0.950920862935213 0.99999202763984 -0.00121822845472431 -0.00268361724820695 0.00179776052597827 0.00200669672590573 0.947221417377413 0.999996375894193 0.00219408577136995 -0.000596956197263932 -0.000841745156234081 0.00117016857669284 0.950874581046141 0.999992038008528 -0.0012079255918811 -0.00269003118354754 0.00179443649512954 0.00200214015788646 0.947586452105741 0.00399999999899592 0.00100000000020373 0.081000000000131 0.0829999999987194

 11039 39 1000 5 0.95 0.0759999999999996 0.388 8178.707 0.236000000000786 0.999991342529354 0.00170506247840627 0.002102928591262 -0.000239038682786786 0.00315090147935956 0.950424484915236 0.999991179521325 -0.00118637354170119 0.000229646617520609 0.00234424359982019 -0.00326881962549661 0.949027438435993 0.999991346815264 0.00170480907640776 0.00210189571229443 -0.000239268250458219 0.00315035009578127 0.950391879204504 0.999991182409826 -0.00118610123876266 0.000230536714652436 0.00234219927296227 -0.00326943754161642 0.949186855094685 0.00300000000061118 0.00100000000020373 0.0720000000001164 0.0820000000003347

 11035 35 1000 5 0.95 0.104 0.405 8459.771 0.416000000001077 0.999994644345129 -0.000945026795273738 0.00267186631369887 0.00127647138011082 0.00102467391496118 0.949858133958539 0.999997560866528 -0.000345472841210382 -0.000513145154638604 0.00208492756432331 0.000385575688390988 0.950492439949691 0.999994641522022 -0.000945131750732211 0.00267331036457849 0.00127590550379067 0.00102427049927817 0.949904647992145 0.999997561431033 -0.000345973325388778 -0.000512754997973416 0.00208454585021168 0.000386245202353986 0.950451584135594 0.00300000000061118 0.00100000000020373 0.0720000000001164 0.0740000000005239

 11033 33 1000 5 0.95 0.253 0.411 8600.427 0.234999999998763 0.999985594323479 0.00205000460248044 -0.00455749946154229 0.0012096426564884 -0.00154097045716676 0.949996930499875 0.999992804804987 -0.00122567286285149 -0.00210937156646601 0.00153058867846476 0.00246899051834657 0.950185941349554 0.999985597528792 0.00204993906814771 -0.00455704758336916 0.00120997862869789 -0.00154004994789294 0.950024764856643 0.999992804793672 -0.0012256788813897 -0.00210935965990525 0.00153058627948317 0.00246900377277388 0.950187360079604 0.00299999999879219 0.00200000000040745 0.0709999999999127 0.066000000000713

 11037 37 1000 5 0.95 0.277 0.395 8688.863 0.236000000000786 0.99999435794232 -0.000746971652944164 -0.00267891316433389 -0.00172334447719657 0.000761331036777686 0.950796222804757 0.999996009368685 0.00040243353999972 0.00220011814797995 -0.00140389244701579 -0.00100392234941303 0.950421319652627 0.999994355738367 -0.000746820182940124 -0.00267917557013536 -0.00172428094077506 0.000761330759342793 0.950750924387427 0.999996010770541 0.000401757546801504 0.00219971194426152 -0.00140350058825802 -0.0010042347028054 0.950389019228554 0.00300000000061118 0.00200000000040745 0.0799999999999272 0.0709999999999127

 11034 34 1000 5 0.95 0.262 0.392 8885.724 0.230000000001382 0.999996805336948 -0.00207942191914043 -0.00132095752534418 0.000235834680145131 0.000514561561213318 0.950326396450806 0.999997497688425 0.000148839331603665 0.00213486615903449 0.00051346929198451 0.000401446772712683 0.949140372404825 0.999996805113306 -0.00207953363877275 -0.00132093845700804 0.000235761649429788 0.000514627111093427 0.950307915617918 0.999997502434461 0.000150776910849169 0.00213263926527583 0.000512380271661051 0.000402128567356123 0.949283558252427 0.00300000000061118 0.00200000000040745 0.0720000000001164 0.0789999999997235

 11036 36 1000 5 0.95 0.275 0.443 9328.878 0.234000000000378 0.999988176190444 0.00150190304854081 -0.00233485277016868 0.000172251036214004 0.00398880416478342 0.950254664071652 0.999997681783007 -0.000452389483672766 0.00109499628357432 -0.00056663621781882 0.00170636423518642 0.950429390589612 0.999988176724195 0.00150212537021726 -0.00233471161306715 0.000172245266315476 0.00398866950790038 0.950246377759146 0.999997682243957 -0.000452217337573432 0.00109452548189751 -0.000566754929146752 0.00170640235970732 0.950396420202507 0.00400000000081491 0.00100000000020373 0.069999999999709 0.0730000000003201

 11038 38 1000 5 0.95 0.251 0.399 9388.176 0.235000000000582 0.999992147522945 -0.00117399653238041 0.00149866802159569 -0.00347496736713336 -7.22533676617507e-05 0.948917230197502 0.999990260233623 0.000418740699005661 0.00149515339486902 0.00258037865491277 0.00322649290098467 0.94979918487802 0.999992156552652 -0.00117329896812982 0.00149542595317503 -0.00347399694154618 -7.24512033471272e-05 0.94908935973719 0.999990257542703 0.000417341835157958 0.00149492668991982 0.00258054456461577 0.00322748035054737 0.949854002111274 0.00299999999879219 0.00100000000020373 0.0820000000003347 0.0720000000001164
