
 9720 20 500 2 0.95 0.0149999999999997 0.452999999999999 2.924 0.208 0.999997496499839 0.0022376313492628 0.954746095727742 0.999993151602887 -0.00370091168834212 0.950788683218341 0.999997478988163 0.00224544367967512 0.95444668185777 0.999993188380038 -0.00369096105733805 0.950675634598752 0.00300000000000011 0.000999999999999446 0.147 0.135

 9749 49 500 2 0.95 0.0140000000000002 0.439 2.489 0.201000000000001 0.999989703521177 -0.004537934731608 0.95151565410229 0.999999988891199 0.000149055699366269 0.949538417391867 0.999989663257928 -0.00454679857661888 0.951370944812107 0.999999988601902 0.000150984089449647 0.949565239413384 0.00300000000000011 0.000999999999999446 0.15 0.109

 9727 27 500 2 0.95 0.0139999999999993 0.454 2.819 0.218 0.999999993618482 0.000112973603704492 0.953709332497327 0.99998189019586 0.00601824561774092 0.949853477866691 0.999999993264248 0.000116066807205391 0.953468104525244 0.999981907457812 0.0060153767161238 0.949793571634365 0.00200000000000067 0.000999999999999446 0.167 0.119

 9729 29 500 2 0.95 0.016 0.434 2.554 0.215999999999999 0.99999840819578 0.00178426620955898 0.950592630283773 0.999998191869914 0.0019016458406473 0.950215559920893 0.99999841358874 0.0017812411412435 0.950474608842786 0.999998192400508 0.00190136680241636 0.950120030003691 0.00300000000000011 0.000999999999999446 0.153 0.178000000000001

 9751 51 500 2 0.95 0.0179999999999998 0.447 2.493 0.202 0.999998346737409 0.00181838457115879 0.945969269551422 0.999997784714288 0.00210489109359439 0.944889731329951 0.999998329597457 0.00182778617366691 0.945208974222759 0.999997768349175 0.00211265157300048 0.944331887552841 0.00399999999999956 0.000999999999999446 0.149999999999999 0.141

 9742 42 500 2 0.95 0.0170000000000003 0.44 2.761 0.206 0.999999991087542 0.000133509988272189 0.948670206233543 0.999984708515654 -0.00553016589822708 0.949007039454304 0.999999991262755 0.000132191109042271 0.948934443377052 0.999984686665696 -0.00553411547678114 0.949174095318198 0.00300000000000011 0.000999999999999446 0.142999999999999 0.129

 9728 28 500 2 0.95 0.016 0.45 2.54 0.203999999999999 0.999994481776634 0.00332211021508612 0.953937981063743 0.999999003411678 -0.00141179872843722 0.953718362153758 0.999994497527689 0.00331736557304145 0.953683723638045 0.999999008199802 -0.00140840314301734 0.953482755803328 0.00300000000000011 0.00200000000000067 0.154 0.147

 9746 46 500 2 0.95 0.0190000000000001 0.445 2.738 0.207000000000001 0.999999160424884 -0.00129582002135931 0.951412809335858 0.999995830208455 0.00288783062224693 0.948547400173085 0.999999157333552 -0.00129820344559808 0.951280642787368 0.999995794123369 0.00290029922103462 0.94884706302586 0.00300000000000011 0.000999999999999446 0.155000000000001 0.138

 9752 52 500 2 0.95 0.016 0.45 2.868 0.222 0.999999433474511 0.00106444852215354 0.949348376815539 0.999999751224854 -0.000705372405986469 0.951245461961216 0.999999436229569 0.00106185712060637 0.949427692830534 0.999999750821501 -0.000705944003655732 0.951115954270162 0.00300000000000011 0.000999999999999446 0.138 0.154

 9741 41 500 2 0.95 0.0190000000000001 0.449 2.714 0.206000000000001 0.999999689808842 0.000787643460171633 0.947995074303633 0.99998885932598 0.00472029913515712 0.943544578142219 0.999999678917663 0.000801351715028381 0.948428381656679 0.999988891378815 0.00471350389499376 0.943156801447242 0.00300000000000011 0.000999999999999446 0.148 0.143000000000001

 9735 35 500 2 0.95 0.0150000000000006 0.47 2.723 0.205 0.999995001148597 0.00316191046967377 0.951130797290962 0.999984989540081 0.00547911439226049 0.947788996837642 0.999994985804144 0.00316675963256368 0.951004035097323 0.999985016371106 0.00547421531161745 0.948289388204675 0.00400000000000134 0.00200000000000067 0.153 0.151000000000002

 9734 34 500 2 0.95 0.016 0.45 2.964 0.209 0.999995526222319 -0.00299124311068248 0.94740322823924 0.999998433707505 -0.00176991031897795 0.949845680146123 0.999995512345875 -0.00299587852061681 0.947967258288298 0.999998430633219 -0.00177164643723213 0.949786707226368 0.00300000000000011 0.00200000000000067 0.151999999999999 0.119999999999999

 9723 23 500 2 0.95 0.0149999999999997 0.476999999999999 3.108 0.211 0.999999620297479 -0.000871438407790241 0.950331644118091 0.999999993028736 -0.000118078484261809 0.94591245744417 0.999999620255342 -0.000871486759268559 0.950223410743871 0.999999993076176 -0.000117676029001892 0.945189231219614 0.00399999999999956 0.00200000000000067 0.154 0.138

 9737 37 500 2 0.95 0.0179999999999998 0.44 3.148 0.209000000000001 0.999999943927405 0.000334880853628489 0.949264479828361 0.999999995617558 -9.36209614662233e-05 0.946495080491626 0.999999943671055 0.000335645479116547 0.949365187240216 0.999999997526042 -7.03414210603967e-05 0.945662341994431 0.00300000000000011 0.000999999999999446 0.122 0.138

 9740 40 500 2 0.95 0.0150000000000006 0.447 2.732 0.208 0.999981131481092 0.00614301894800799 0.954082989053345 0.999992003478828 -0.00399912220376306 0.946537126055306 0.999981111575386 0.00614625841100421 0.953824547877258 0.99999198806775 -0.00400297393300536 0.945709270180695 0.00399999999999956 0.000999999999999446 0.153 0.137

 9738 38 500 2 0.95 0.0140000000000002 0.449 2.748 0.209 0.999986405840692 0.00521422418153423 0.948475590740648 0.999999465289244 -0.00103412824412908 0.949248045861656 0.99998643047991 0.00520949671744768 0.94877893530643 0.999999458739304 -0.00104044274205308 0.949349731498886 0.00299999999999834 0.000999999999999446 0.145 0.114000000000001

 9724 24 500 2 0.95 0.0140000000000002 0.455 3.053 0.212 0.999999593022886 -0.000902194027343946 0.953087782363783 0.999990162273906 -0.00443569108565808 0.946433108714011 0.999999597305548 -0.000897434533967996 0.95287155736323 0.999990288230297 -0.00440720377205481 0.945621360298336 0.00300000000000011 0.00100000000000122 0.16 0.138

 9726 26 500 2 0.95 0.016 0.463 3.252 0.212 0.999990287152129 -0.00440744840045169 0.94879375484459 0.999991952505947 -0.00401184787140042 0.954074554539262 0.999990305639499 -0.00440325186897784 0.949015136938814 0.99999196502191 -0.00400872693253207 0.953815328254656 0.00300000000000011 0.00100000000000122 0.141 0.153

 9745 45 500 2 0.95 0.0209999999999999 0.461 3.118 0.210000000000001 0.999995286668 0.00307028366503574 0.949461588156421 0.999983362575635 -0.00576841155999615 0.952403336335644 0.999995280231493 0.00307237932854984 0.949511211116821 0.999983334942144 -0.00577319997814144 0.952228814543568 0.00399999999999956 0.00100000000000122 0.118 0.144

 9748 48 500 2 0.95 0.0150000000000006 0.449999999999999 3.073 0.209 0.999998164343564 0.00191606615289109 0.953014297691304 0.999978547761215 0.00655011582889784 0.947753294370052 0.999998154940715 0.00192096724757316 0.952808664360333 0.999978476544837 0.00656097912407612 0.948229365185079 0.00399999999999956 0.000999999999999446 0.153 0.138

 9725 25 500 2 0.95 0.0170000000000003 0.456 3.101 0.208 0.999998821024921 -0.00153556138525334 0.948083159292907 0.999999928415451 0.000378376918548515 0.946273272560417 0.999998804032903 -0.00154658745749315 0.948487752073319 0.999999922116329 0.000394673707446444 0.945430754890734 0.00399999999999956 0.000999999999999446 0.143000000000001 0.146000000000001

 9722 22 500 2 0.95 0.0150000000000006 0.453 3.313 0.215 0.999983715219205 -0.00570695158515619 0.948213492350403 0.999995523911531 0.00299201552532438 0.950883284004129 0.999983810271638 -0.00569027192828819 0.948594853611083 0.999995517376407 0.00299419890646189 0.950763337446838 0.00300000000000011 0.000999999999999446 0.145999999999999 0.144

 9721 21 500 2 0.95 0.016 0.459000000000001 3.047 0.209 0.999999940036423 0.000346304995879338 0.948988473602811 0.999999996534672 8.32505674234219e-05 0.946980709712993 0.999999940658985 0.000344502578131714 0.949172596390121 0.999999991552591 0.000129980068849268 0.946056623189953 0.00300000000000011 0.000999999999999446 0.182 0.138999999999999

 9732 32 500 2 0.95 0.0209999999999999 0.455 3.223 0.209 0.999996849228247 -0.0025102855572796 0.948770023769778 0.999997417859437 0.00227250400628336 0.948372256414165 0.999996856001752 -0.00250758581322746 0.949014162782089 0.999997412771695 0.00227474172533764 0.948713757462046 0.00399999999999956 0.000999999999999446 0.145999999999999 0.139999999999999

 9750 50 500 2 0.95 0.016 0.459 3.234 0.210999999999999 0.999994917294426 0.00318832013981637 0.949693036655297 0.999998952978118 -0.00144708074013186 0.94547191068343 0.999994916885374 0.00318844843364737 0.94967750812704 0.999998954760865 -0.00144584825551645 0.944834086900513 0.00300000000000011 0.000999999999999446 0.114000000000001 0.134

 9731 31 500 2 0.95 0.0140000000000002 0.468 3.4 0.211 0.999998759878148 -0.00157487846045861 0.952674774940318 0.999999195871916 0.00126817014726022 0.954731778455989 0.999998770561793 -0.00156808000517663 0.952482619550113 0.999999183921179 0.00127755899086568 0.954427106215201 0.00300000000000011 0.000999999999999446 0.154 0.15

 9747 47 500 2 0.95 0.016 0.462000000000001 2.954 0.211 0.999999127599471 -0.00132090889013711 0.950363073039616 0.999987771292748 0.00494542869347985 0.946624991900581 0.999999125390219 -0.00132258035529078 0.950260696886757 0.999987728111098 0.00495415252137529 0.945708057687321 0.00399999999999956 0.00200000000000067 0.144 0.15

 9743 43 500 2 0.95 0.0179999999999998 0.457 3.108 0.209 0.999983513492616 0.00574218973582702 0.950301092349582 0.999998807788465 0.00154415726178667 0.956039174161567 0.999983486272707 0.00574692803880965 0.950194704839885 0.999998806467304 0.00154501261045013 0.955650522130398 0.00400000000000134 0.00100000000000122 0.149000000000001 0.15

 9736 36 500 2 0.95 0.0149999999999997 0.449 3.177 0.206999999999999 0.999999972887062 0.000232864498555493 0.952945506127756 0.999999831521528 -0.000580479900372709 0.950336275418396 0.999999973295047 0.000231105831891415 0.95275377199954 0.999999831244408 -0.000580957103554048 0.950233801517105 0.00399999999999956 0.000999999999999446 0.182 0.138

 9744 44 500 2 0.95 0.0170000000000003 0.456 3.058 0.224 0.999990325783257 -0.00439867478859537 0.951727826096759 0.99999994424157 0.000333941398612144 0.953828089421028 0.999990328322741 -0.00439809742697319 0.951580890387538 0.999999944289924 0.000333796566803998 0.953588021904547 0.00399999999999956 0.000999999999999446 0.167999999999999 0.145000000000001

 9739 39 500 2 0.95 0.0140000000000002 0.452 3.084 0.210000000000001 0.999989522235275 0.00457770899762492 0.950447679398704 0.999998038038146 -0.00198088865390422 0.945665256122137 0.999989532331857 0.00457550289192836 0.950343142521785 0.999998114371782 -0.00194197139031499 0.944982966718766 0.00300000000000011 0.000999999999999446 0.145000000000001 0.138999999999999

 9733 33 500 2 0.95 0.0139999999999993 0.452 3.077 0.212 0.999999966799822 0.00025768266436197 0.951977187377963 0.999993817113942 0.00351649454542286 0.947708936853686 0.999999967045891 0.000256725956975896 0.951819854537329 0.999993762624212 0.00353195592718396 0.948208337070237 0.00399999999999956 0.00200000000000067 0.15 0.141

 9730 30 500 2 0.95 0.0169999999999995 0.461 3.092 0.218 0.999991245692206 0.00418432060797201 0.948411023983963 0.999981476094546 -0.00608666310649606 0.945197820397471 0.99999123441396 0.00418701507583566 0.948744101780059 0.999981631412534 -0.00606109210684966 0.94454870760621 0.00300000000000011 0.000999999999999446 0.145 0.15

 9756 56 500 2 0.95 0.016 0.454 2.52 0.203000000000001 0.999995892069732 -0.00286632930091794 0.95049397025505 0.999997724966639 0.00213308732736901 0.944865930279936 0.999995895195168 -0.00286523870115681 0.950385778697165 0.999997762868947 0.00211524398155637 0.944316411611008 0.00300000000000011 0.00199999999999889 0.164 0.140000000000001

 9757 57 500 2 0.95 0.016 0.452999999999999 2.596 0.202 0.999998807083857 0.00154461349938572 0.953918935738147 0.999997316447027 0.00231669996876428 0.948689592075191 0.99999881251242 0.00154109498400296 0.953678379049404 0.999997325052609 0.00231298240944889 0.948943394729132 0.00300000000000011 0.000999999999999446 0.145 0.135999999999999

 9759 59 500 2 0.95 0.016 0.455 2.656 0.208 0.999997782047241 -0.00210615778089388 0.953550775471147 0.999999466694328 -0.00103276863813454 0.952278931146257 0.999997771540898 -0.00211114026960447 0.953319975222871 0.999999452137169 -0.00104676901097292 0.952110684595476 0.00400000000000134 0.000999999999999446 0.154999999999999 0.142999999999999

 9755 55 500 2 0.95 0.0140000000000002 0.453 2.788 0.202999999999999 0.999999514833459 0.000985054742948453 0.946703498057974 0.999988522512845 0.00479112122345034 0.949493976088366 0.999999486633325 0.00101327838548899 0.945781362445566 0.999988524057669 0.00479079878138215 0.949533353944927 0.00399999999999956 0.00100000000000122 0.152999999999999 0.114000000000001

 9754 54 500 2 0.95 0.0149999999999997 0.459 3.086 0.210000000000001 0.999999990994075 -0.000134208232824765 0.948123643928204 0.999997869509754 0.00206421315596428 0.952560423837375 0.999999993386582 -0.000115007982368449 0.948514320713678 0.999997878069455 0.0020600622778083 0.952375304470602 0.00299999999999834 0.00100000000000122 0.148 0.158000000000001

 9761 61 500 2 0.95 0.0229999999999997 0.459000000000001 2.711 0.238999999999999 0.999996661429704 0.00258401421153314 0.95070901637094 0.999940244251243 0.0109319681102648 0.949817937043966 0.999996671713358 0.00258003143533049 0.950590093252382 0.999940270622647 0.0109295556683091 0.949768954910445 0.00300000000000011 0.00200000000000067 0.149999999999999 0.113999999999999

 9764 64 500 2 0.95 0.016 0.447 2.941 0.218999999999999 0.999999874371667 -0.000501255075443313 0.954473523472058 0.999999585022786 0.000911018252596392 0.950946123507445 0.999999873264205 -0.000503459604046016 0.954179322395004 0.999999583389909 0.000912808856714366 0.950823322211873 0.00300000000000011 0.000999999999999446 0.172000000000001 0.178999999999998

 9772 72 500 2 0.95 0.0149999999999997 0.441 2.682 0.202 0.999999971214246 -0.000239940634091286 0.947938108307854 0.999991745303407 -0.00406316687399708 0.949134674733447 0.999999973950285 -0.000228252992440104 0.948362421070237 0.999991775749857 -0.00405566673284354 0.949274066590642 0.00300000000000011 0.000999999999999446 0.139000000000001 0.133000000000001

 9762 62 500 2 0.95 0.0149999999999997 0.456 2.921 0.212 0.999995944530265 -0.00284796822713852 0.952825201460944 0.999999054127123 0.00137540716152652 0.946973078045769 0.999995965630003 -0.00284054989701754 0.952622357689122 0.999999073748411 0.00136106661119405 0.946056950164761 0.00300000000000011 0.00199999999999889 0.163 0.144

 9773 73 500 2 0.95 0.0170000000000003 0.444999999999999 2.824 0.212 0.999999324399127 -0.00116241184172531 0.951614395241391 0.999992493564892 -0.00387463725645655 0.948522478393388 0.999999310899267 -0.001173968053809 0.951462486350599 0.999992441374964 -0.00388808345313315 0.948825079108281 0.00399999999999956 0.00100000000000122 0.159000000000001 0.139000000000001

 9753 53 500 2 0.95 0.016 0.460999999999999 2.97 0.205 0.999973995860418 -0.00721162970135161 0.947627506857345 0.999991023197166 0.00423716002591583 0.953616365575266 0.999973856244779 -0.00723096307187106 0.94813154291726 0.999991018974519 0.00423815647459102 0.953389763769712 0.00400000000000134 0.000999999999999446 0.166 0.155000000000001

 9765 65 500 2 0.95 0.016 0.468999999999999 2.817 0.213999999999999 0.99999996784061 0.000253611473843086 0.94537603291417 0.999998036556082 -0.00198163669225571 0.95064106333686 0.99999996841194 0.000251348599622157 0.944702043860012 0.999998039703037 -0.00198004800031655 0.950528118438552 0.00400000000000134 0.000999999999999446 0.16 0.151

 9782 82 500 2 0.95 0.0140000000000002 0.441000000000001 2.462 0.205 0.999999977832117 -0.000210560599796768 0.950053885911964 0.999996849031051 0.00251036411102833 0.949327734538822 0.999999978364191 -0.000208018309835707 0.94995843076719 0.999996851372943 0.00250943105093898 0.949409837767294 0.00300000000000011 0.00200000000000067 0.142999999999999 0.113

 9783 83 500 2 0.95 0.0150000000000006 0.442 2.621 0.205 0.999977737055906 0.00667273501272933 0.950160162800517 0.999993061151065 0.00372527176483441 0.95641470614254 0.999977747712917 0.00667113775921814 0.950060226531194 0.999993159401726 0.00369880382749146 0.955987313953078 0.00300000000000011 0.00100000000000122 0.145999999999999 0.154

 9769 69 500 2 0.95 0.0150000000000006 0.449 2.714 0.205 0.999999974946002 0.000223848152008973 0.951282813486815 0.999999997248198 7.41862798164652e-05 0.951276057948157 0.999999973872465 0.00022859367879574 0.951142792393236 0.999999996970866 7.78348715514585e-05 0.951138145556776 0.00399999999999956 0.000999999999999446 0.15 0.183

 9758 58 500 2 0.95 0.0220000000000002 0.465000000000001 2.955 0.210999999999999 0.999987890924808 0.00492117910211089 0.951136525069661 0.999993051615344 -0.00372783060663401 0.951199801391372 0.999987886057671 0.00492216800920893 0.951011304290924 0.999993040750696 -0.0037307439173228 0.951069919998574 0.00399999999999956 0.00200000000000067 0.148999999999999 0.146000000000001

 9766 66 500 2 0.95 0.0129999999999999 0.448 2.819 0.207000000000001 0.999999971959377 -0.000236814793008734 0.953092398653919 0.999995569901047 -0.00297660516027119 0.953586043634738 0.999999973628227 -0.000229659628267474 0.952884178030027 0.999995555644116 -0.00298139095315635 0.953353325068844 0.00300000000000011 0.00100000000000122 0.148 0.147

 9768 68 500 2 0.95 0.0230000000000006 0.43 2.76 0.202999999999999 0.9999980288347 -0.00198552932833764 0.955945175894753 0.999952762056816 0.00971975590972555 0.946482430034536 0.999997988909718 -0.00200553646688501 0.955564698999721 0.999952499410959 0.00974673903288455 0.945658631391276 0.00300000000000011 0.00100000000000122 0.158000000000001 0.138

 9760 60 500 2 0.95 0.0150000000000006 0.464 2.967 0.208 0.999987850082739 -0.00492947125992771 0.941379171600918 0.999999874353598 0.000501291121605344 0.939409675688242 0.999987851107919 -0.00492926328834274 0.9412187641737 0.999999875168349 0.000499663173236846 0.939371578912497 0.00300000000000011 0.000999999999999446 0.15 0.130000000000001

 9780 80 500 2 0.95 0.0149999999999997 0.448 2.758 0.228999999999999 0.999998342475271 -0.00182072697326887 0.951213454504539 0.999991128348851 -0.0042122705981346 0.950633279493739 0.999998341967196 -0.00182100600200367 0.951082926447178 0.999991126167937 -0.00421278831432654 0.950521122450249 0.00399999999999956 0.000999999999999446 0.151 0.140000000000001

 9775 75 500 2 0.95 0.0140000000000002 0.436999999999999 2.873 0.235999999999999 0.999998801422997 0.00154827406154875 0.951470456870132 0.999991824133344 -0.0040437193852033 0.955165167441065 0.999998816829983 0.00153829081559944 0.951321181426608 0.999991880713823 -0.00402970302019194 0.954846586472295 0.00399999999999956 0.000999999999999446 0.158999999999999 0.169

 9784 84 500 2 0.95 0.0149999999999997 0.433999999999999 2.866 0.219000000000001 0.999995566398546 0.00297778159878223 0.947172465021409 0.999999999980227 6.28852847083746e-06 0.952656972998162 0.999995491273119 0.00300290416654192 0.947796083766057 0.999999999989943 4.48481125424937e-06 0.952475105370438 0.00400000000000134 0.000999999999999446 0.165000000000001 0.178000000000001

 9774 74 500 2 0.95 0.0149999999999997 0.456 2.981 0.211 0.999984988312485 -0.00547933843441829 0.946510399124177 0.999999332449092 0.00115546586706521 0.953554384503156 0.999985195083123 -0.00544147172809922 0.945642391357033 0.99999933383166 0.00115426870202553 0.953336812192852 0.00399999999999956 0.00100000000000122 0.151 0.18

 9771 71 500 2 0.95 0.0169999999999995 0.442 2.9 0.218 0.999997047304414 -0.00243009926808637 0.955986740439549 0.999990453946788 -0.00436944107368039 0.945504048488575 0.999997051308462 -0.00242845102508793 0.955603081091476 0.999990341430499 -0.00439511612066294 0.944861727397315 0.00300000000000011 0.000999999999999446 0.157 0.138

 9776 76 500 2 0.95 0.016 0.456 2.86 0.212000000000002 0.999999504629756 -0.000995359353693637 0.951260358339733 0.999992530935569 0.00386498034601928 0.947969926299921 0.999999505850074 -0.000994132590809511 0.951127983892774 0.999992576519323 0.00385316833852711 0.948394556444952 0.00300000000000011 0.00100000000000122 0.147 0.138

 9767 67 500 2 0.95 0.0180000000000007 0.448 2.742 0.212 0.999998618955604 -0.00166195273243108 0.949613081366237 0.999999091700184 -0.00134781260095547 0.952176455443836 0.999998618902351 -0.00166198477425708 0.949616199408964 0.999999091167919 -0.00134820745316582 0.952011326653262 0.00399999999999956 0.00199999999999889 0.0990000000000002 0.148

 9763 63 500 2 0.95 0.0150000000000006 0.464 3.274 0.212999999999999 0.999994737883903 0.00324410303546202 0.94786903970374 0.999999099702482 0.00134186222270333 0.95329678893146 0.999994731215063 0.00324615805436752 0.948343107798032 0.999999096501677 0.00134424545027949 0.953080069116052 0.00300000000000011 0.00100000000000122 0.148 0.145

 9770 70 500 2 0.95 0.0140000000000002 0.449 2.942 0.212 0.999997592983592 0.0021940891097854 0.950390708620078 0.999996921610967 -0.00248128365748207 0.95204776939486 0.999997603009214 0.00218951497502222 0.950290558665176 0.999996932599429 -0.00247685117310201 0.951888287114001 0.00399999999999956 0.000999999999999446 0.141 0.144

 9778 78 500 2 0.95 0.0140000000000002 0.441000000000001 2.741 0.212999999999999 0.999989469664868 -0.00458917850766716 0.953092972977232 0.999998375986551 0.00180222758295314 0.946719527286156 0.999989453871984 -0.0045926185135227 0.952884233250026 0.999998262583184 0.00186408975488772 0.945826638281922 0.00399999999999956 0.000999999999999446 0.16 0.152000000000001

 9777 77 500 2 0.95 0.016 0.447 2.841 0.212 0.999999448644586 0.00105010024493257 0.95008538640727 0.999994054675136 -0.00344827701642757 0.949678896964794 0.999999454416366 0.00104458937919081 0.949992155391135 0.999994054222953 -0.00344840814614519 0.949667826376914 0.00400000000000134 0.000999999999999446 0.138999999999999 0.105

 9781 81 500 2 0.95 0.0129999999999999 0.452 2.993 0.213000000000001 0.999999997649669 -6.85613704102022e-05 0.954162390255336 0.999997796545412 0.00209926280425138 0.952259559559351 0.999999997620658 -6.89832163974419e-05 0.953896407772865 0.999997807846107 0.00209387272324228 0.952087308128086 0.00300000000000011 0.00100000000000122 0.198 0.146000000000001

 9779 79 500 2 0.95 0.016 0.447 3.234 0.218 0.999999066589219 0.00136631646778181 0.944185251438684 0.999976338965903 0.00687906304304042 0.944281064966625 0.999999081876135 0.00135508187475142 0.943738799407951 0.999976393480491 0.00687113394933357 0.943802337154422 0.00600000000000023 0.000999999999999446 0.179 0.139000000000001

 9785 85 500 2 0.95 0.0150000000000006 0.467 2.814 0.205 0.999999987599902 0.000157480778468188 0.952156062712492 0.999966195652729 0.00822238115200234 0.946412549164969 0.999999987338105 0.000159134501482378 0.951986035469553 0.999966136275567 0.00822959914666861 0.945612141449955 0.00399999999999956 0.000999999999999446 0.148 0.134

 9786 86 500 2 0.95 0.0179999999999998 0.452 2.689 0.201000000000001 0.999994576235771 0.00329355416536305 0.95333818602078 0.99999857947939 -0.0016855382530327 0.948190197714019 0.999994526890942 0.00330850240444046 0.953110239316716 0.999998593893348 -0.00167696491498251 0.948589026096893 0.00399999999999956 0.000999999999999446 0.152999999999999 0.145

 9790 90 500 2 0.95 0.0169999999999995 0.45 2.602 0.201000000000001 0.999995105964147 0.00312858558380137 0.949007607379211 0.999993913385939 -0.0034890100424323 0.943458827309086 0.999995106171894 0.00312851918050681 0.949177406794956 0.999993961976499 -0.00347505547364168 0.943078181436423 0.00300000000000011 0.00200000000000067 0.129 0.142000000000001

 9788 88 500 2 0.95 0.016 0.451000000000001 2.642 0.225 0.999999102666629 0.00133965142389942 0.947761628258825 0.999995908849824 -0.00286046912492808 0.950435463384746 0.999999063291504 0.0013687279182957 0.948247814708182 0.999995905125082 -0.00286177096696466 0.950325375723047 0.00399999999999956 0.000999999999999446 0.147 0.140000000000001

 9787 87 500 2 0.95 0.0179999999999998 0.455 2.842 0.207000000000001 0.999998388781839 -0.00179511384780038 0.954044578992883 0.999996322780883 -0.00271190425957249 0.945688052102773 0.99999838574085 -0.00179680708337714 0.953787266024601 0.999996412280315 -0.00267869865746134 0.944961178855522 0.00300000000000011 0.00200000000000067 0.161999999999999 0.152000000000001

 9789 89 500 2 0.95 0.0140000000000002 0.468 2.764 0.207000000000001 0.999999998056246 -6.23498793527803e-05 0.950605360620828 0.999996240061387 0.00274223687678409 0.953307357284056 0.999999998533267 -5.41614881749272e-05 0.950487326903013 0.999996237161719 0.00274329407898037 0.953079473027102 0.00300000000000011 0.000999999999999446 0.153 0.163

 9791 91 500 2 0.95 0.0169999999999995 0.455 2.625 0.202999999999999 0.999999996560614 -8.29383663289632e-05 0.95033972225557 0.99999700509041 0.00244740887673526 0.950781900794578 0.999999997070617 -7.65425757563989e-05 0.950236120095023 0.999996991892887 0.00245279538035445 0.950661940035251 0.00399999999999956 0.000999999999999446 0.142000000000001 0.144

 9792 92 500 2 0.95 0.016 0.45 2.595 0.202999999999999 0.999984490435699 -0.00556946030190319 0.950297295342021 0.999996394571524 -0.00268530146407214 0.947193361838221 0.999984485043481 -0.00557042837878649 0.950191721763253 0.999996464949135 -0.00265896393985013 0.947815417131594 0.00300000000000011 0.00100000000000122 0.144 0.151

 9799 99 500 2 0.95 0.0179999999999998 0.441 2.802 0.205 0.999989171520199 0.00465369126022939 0.949300797552904 0.999964954602929 -0.00837195114426978 0.952556390257032 0.999989157867313 0.00465662408000948 0.949392046550249 0.999964957391734 -0.00837161803642027 0.952379900771176 0.00300000000000011 0.00200000000000067 0.119000000000002 0.138999999999999

 9793 93 500 2 0.95 0.0170000000000003 0.448 2.621 0.202999999999999 0.999992957842632 -0.00375290089711739 0.951355372382451 0.999998683915743 0.00162239538412217 0.947006452310458 0.999992960620375 -0.00375216067058777 0.951219142434821 0.999998707791446 0.00160761171853552 0.947643650831387 0.00300000000000011 0.000999999999999446 0.145 0.165000000000001

 9796 96 500 2 0.95 0.0179999999999998 0.454 2.765 0.206 0.999989836063014 -0.0045086329043442 0.950322369509332 0.999997950724819 0.00202448664171524 0.948313765887417 0.999989827443198 -0.00451054432668611 0.950214704624203 0.999997911076856 0.00204397698741069 0.948664083598223 0.00300000000000011 0.000999999999999446 0.145999999999999 0.132999999999999

 9795 95 500 2 0.95 0.0169999999999995 0.452 2.915 0.205 0.999991892686905 0.00402673074123186 0.953515943873736 0.999996585246618 -0.00261333027069404 0.945813141986823 0.999991900804385 0.00402471435410461 0.953289661182495 0.999996623738367 -0.00259855957537776 0.945102154213734 0.00399999999999956 0.00100000000000122 0.15 0.139000000000001

 9798 98 500 2 0.95 0.0129999999999999 0.461 3.043 0.220000000000001 0.999999591872395 0.000903468341390047 0.952011686088274 0.999992725005823 -0.00381443776059212 0.947589430840836 0.999999601116012 0.000893178490497092 0.951846233269648 0.999992687128449 -0.00382435479843847 0.948138680288487 0.00300000000000011 0.00200000000000067 0.152000000000001 0.149999999999999

 9794 94 500 2 0.95 0.0149999999999997 0.455 3.279 0.219000000000001 0.999999802188246 -0.000628986064086896 0.952949756028831 0.999999773997809 0.000672312673397328 0.949708918775134 0.9999998038311 -0.00062636871051039 0.9527383287304 0.999999773995473 0.000672316147393657 0.949690034214852 0.00299999999999834 0.00100000000000122 0.192 0.103999999999999

 9800 100 500 2 0.95 0.016 0.456 3.113 0.217000000000001 0.999997600922056 0.00219046801684541 0.951237674168574 0.999997909963592 0.00204452156938401 0.952369850454473 0.999997607322658 0.00218754404718917 0.951109217226079 0.999997913838657 0.00204262535305561 0.952191606095245 0.00300000000000011 0.000999999999999446 0.144 0.148999999999999

 9797 97 500 2 0.95 0.0170000000000003 0.459000000000001 3.072 0.209999999999999 0.99999982600184 0.000589912103966987 0.948360397422886 0.999999986907893 0.000161815372326775 0.950777109106076 0.999999835882259 0.000572918366250334 0.948691731839579 0.999999986439545 0.00016468427134569 0.950656542100694 0.00399999999999956 0.000999999999999446 0.195 0.145

 9807 7 1000 2 0.95 0.024 0.494 5.098 0.421999999999999 0.999999499374627 0.00100062505245462 0.951963574291525 0.999999405875795 -0.00109006791437707 0.948722579645141 0.999999505423415 0.000994561674960182 0.951806746732675 0.999999400205606 -0.00109525724347833 0.948967390353535 0.00399999999999956 0.00199999999999889 0.208 0.206999999999999

 9814 14 1000 2 0.95 0.0299999999999994 0.489 4.92 0.42 0.999999893359683 0.000461823150673949 0.949596840387531 0.999987752547286 0.00494921765815889 0.949341445762379 0.999999893272523 0.000462011841303094 0.949608823737537 0.999987755443072 0.00494863253094414 0.949425122218474 0.00300000000000011 0.00200000000000067 0.203999999999999 0.183999999999999

 9802 2 1000 2 0.95 0.0270000000000001 0.507 5.352 0.428000000000001 0.999994884603541 0.00319855697936443 0.950340525880979 0.999999881808964 0.000486191380107232 0.952387120464636 0.999994879046571 0.00320029383551462 0.950234362335661 0.999999881334998 0.000487165259106006 0.95220856125281 0.00300000000000011 0.00200000000000067 0.209999999999999 0.253

 9812 12 1000 2 0.95 0.0250000000000004 0.492 5.075 0.43 0.999993261987473 -0.00367096440362106 0.949088320236807 0.999999441409162 -0.00105696800539141 0.949997101218319 0.999993255970793 -0.00367260301861323 0.949238288331665 0.999999442689156 -0.00105575630597089 0.949906143821568 0.00300000000000011 0.00199999999999889 0.192 0.23

 9808 8 1000 2 0.95 0.0209999999999999 0.496 5.367 0.423999999999999 0.999995993946843 0.00283056359507601 0.950497497090501 0.999987336480808 0.0050325816456285 0.951420784104804 0.9999960003509 0.00282830023225001 0.950388786558774 0.999987330159876 0.00503383747491474 0.951283224697035 0.00300000000000011 0.00200000000000067 0.25 0.206

 9809 9 1000 2 0.95 0.0229999999999997 0.513 5.586 0.431000000000001 0.999995821117164 0.00289097703375353 0.946551521966471 0.999998594825449 -0.00167640899760231 0.950448616988744 0.999995848044304 0.00288164781929128 0.945690389168923 0.999998601701398 -0.00167230237968046 0.950344236175767 0.00300000000000011 0.00200000000000067 0.211 0.202999999999999

 9804 4 1000 2 0.95 0.0249999999999995 0.504 5.817 0.425000000000001 0.999995494019462 0.00300198946894928 0.951909344051886 0.999997678607279 0.0021547111300575 0.949392615228241 0.99999548593355 0.00300468176722624 0.951756672770706 0.999997678148804 0.0021549238965868 0.949458644554334 0.00399999999999956 0.00200000000000067 0.247999999999999 0.168999999999999

 9801 1 1000 2 0.95 0.0220000000000002 0.506 5.725 0.428000000000001 0.999999624202761 -0.000866945405784311 0.951223511214455 0.99999951590687 -0.000983964443070836 0.952962497058529 0.999999625159121 -0.000865841565532748 0.951084479797918 0.999999516018998 -0.000983850481710413 0.952760808140638 0.00300000000000011 0.00200000000000067 0.231999999999999 0.209999999999999

 9803 3 1000 2 0.95 0.0230000000000006 0.511 5.807 0.428000000000001 0.999996443531325 -0.00266700669305019 0.951596105242922 0.99999988534414 -0.000478865020167819 0.952704795801977 0.999996427837327 -0.00267288469353895 0.951454329262928 0.99999988586937 -0.000477766938325144 0.952517222773496 0.00300000000000011 0.00199999999999889 0.203999999999999 0.209

 9811 11 1000 2 0.95 0.024 0.501 5.198 0.446999999999999 0.999999612759454 -0.000880045988842835 0.949272724147194 0.999999948052967 -0.000322326020448546 0.951747739919391 0.999999616131712 -0.000876205700394512 0.949374300964068 0.999999948757918 -0.000320131473933596 0.95159872539995 0.00399999999999956 0.00200000000000067 0.316000000000001 0.207000000000001

 9810 10 1000 2 0.95 0.0200000000000005 0.512 5.442 0.482999999999999 0.999999352397932 -0.00113807017225158 0.950726207583936 0.999999998876156 4.74097874885363e-05 0.951269451915775 0.99999935899124 -0.00113226194366608 0.950609739783048 0.99999999850711 5.46422870755962e-05 0.951140987689501 0.00399999999999956 0.000999999999999446 0.23 0.201000000000001

 9806 6 1000 2 0.95 0.0230000000000006 0.507000000000001 5.513 0.58 0.999999992556067 0.000122015841734913 0.948492189907504 0.99999724245044 -0.00234842319786116 0.945450339809871 0.999999990900712 0.000134902098475282 0.948799885748694 0.999997253491208 -0.002343717141718 0.944773051905247 0.00399999999999956 0.00200000000000067 0.199999999999999 0.206

 9805 5 1000 2 0.95 0.0250000000000004 0.514 5.943 0.425000000000001 0.999997147085212 -0.00238868613182374 0.946840924929987 0.999998822588877 0.00153454255734503 0.953778707757988 0.999997126696438 -0.00239720647151825 0.945958105528933 0.999998811825208 0.00154154084388369 0.953527823889459 0.00399999999999956 0.00200000000000067 0.199 0.215

 9816 16 1000 2 0.95 0.024 0.505 5.092 0.427 0.999998881480452 -0.00149567304076625 0.948590877461918 0.999996863038317 -0.00250477813872953 0.944764182350816 0.999998868874498 -0.00150407769927683 0.948873125301373 0.99999684006176 -0.00251393446515376 0.94421057311912 0.00399999999999956 0.00199999999999889 0.198 0.221

 9815 15 1000 2 0.95 0.0220000000000002 0.503 5.569 0.426 0.999993128683226 -0.00370709945013849 0.953016710682881 0.999998863953561 -0.00150734587508691 0.94873555579098 0.999993146940967 -0.00370217113356841 0.952810260341822 0.999998875109285 -0.00149992671957999 0.948975137469863 0.00500000000000078 0.000999999999999446 0.218 0.189

 9813 13 1000 2 0.95 0.0209999999999999 0.511 5.533 0.640000000000001 0.999984054626238 -0.00564716683567701 0.950039119822019 0.999999390687001 0.0011039137773436 0.952973001914449 0.999984063394673 -0.00564561393291142 0.949941731236745 0.9999993950544 0.00109995037820931 0.952772872437499 0.00300000000000011 0.00199999999999889 0.207000000000001 0.208

 9818 18 1000 2 0.95 0.024 0.504 5.604 0.423 0.999998853979282 0.00151394852064762 0.949318517231361 0.999997737779894 -0.00212707195307999 0.951363813329387 0.999998853070702 0.00151454854037021 0.949407003009435 0.999997739104166 -0.00212644928359276 0.951225463055687 0.00300000000000011 0.00200000000000067 0.18 0.213000000000001

 9819 19 1000 2 0.95 0.0229999999999997 0.508000000000001 5.683 0.43 0.999996077398769 0.00280092611042447 0.94985836873884 0.999999737847407 0.000724089164297341 0.949528495352836 0.99999607418172 0.00280207443659102 0.949796686631248 0.999999738109634 0.00072372692527462 0.949559226908944 0.00300000000000011 0.00100000000000122 0.182 0.175000000000001

 9821 21 1000 2 0.95 0.024 0.485 5.327 0.42 0.999999811579177 0.000613874263365982 0.94859266595627 0.999999992543523 -0.000122118604664637 0.951264691277392 0.999999810051338 0.000616358084171104 0.948873802811363 0.999999992358609 -0.00012362354605939 0.951136024011433 0.00300000000000011 0.00200000000000067 0.234999999999999 0.196

 9817 17 1000 2 0.95 0.0229999999999997 0.507000000000001 6.024 0.420999999999999 0.99999803315702 0.00198335122738519 0.949204791091811 0.999985021553876 -0.00547326848362789 0.953514764604618 0.999998033118672 0.00198337056254095 0.949322729249207 0.999985027361433 -0.00547220732011505 0.953285409640661 0.00300000000000011 0.00100000000000122 0.185 0.216000000000001

 9824 24 1000 2 0.95 0.0259999999999998 0.473999999999999 5.389 0.415000000000001 0.999997739618367 -0.00212620745847403 0.95140645701615 0.999999696786163 0.000778734603011587 0.948566067253271 0.999997738896044 -0.00212654715446838 0.951268746880718 0.99999969700737 0.000778450491330821 0.948848529582524 0.00300000000000011 0.00200000000000067 0.207000000000001 0.189

 9823 23 1000 2 0.95 0.0249999999999995 0.488 5.332 0.42 0.999998922783253 -0.00146779846470604 0.947302556008627 0.999999808615981 0.000618682471695991 0.946671193013699 0.999998924340704 -0.00146673700291941 0.94788854762883 0.999999814737581 0.000608707485218609 0.945793350988091 0.00300000000000011 0.000999999999999446 0.206 0.232000000000001

 9825 25 1000 2 0.95 0.0219999999999994 0.478 5.348 0.418999999999999 0.999999192681061 0.00127068376319041 0.946596130492441 0.99999579936164 0.00289849255226954 0.94666703956556 0.999999193596047 0.00126996348593095 0.945758804342802 0.99999576584363 0.00291003347245257 0.945777830269021 0.00300000000000011 0.000999999999999446 0.198 0.204000000000001

 9826 26 1000 2 0.95 0.024 0.49 5.54 0.43 0.999999425338556 0.00107206462425094 0.948327611313314 0.999997757873381 -0.00211760435663299 0.949459678807367 0.999999428489106 0.00106912181780717 0.948671384674344 0.999997758785936 -0.00211717337631804 0.949482400685217 0.00300000000000011 0.00200000000000067 0.196999999999999 0.164

 9827 27 1000 2 0.95 0.0209999999999999 0.462 5.495 0.417 0.999994554541045 0.00330013458170335 0.947868198707627 0.999981361426523 0.0061054729184081 0.949922349695795 0.999994614609548 0.00328188237169883 0.948325174123783 0.999981374622076 0.00610331130969862 0.949844767885761 0.00300000000000011 0.000999999999999446 0.198 0.179

 9828 28 1000 2 0.95 0.0259999999999998 0.487 5.274 0.468 0.999993437499628 0.00362283834556632 0.950923631928548 0.999997932812645 -0.00203331513455346 0.951684838228958 0.999993425891479 0.00362604106758735 0.950801169946615 0.999997936699744 -0.00203140253372561 0.951538526827879 0.00399999999999956 0.000999999999999446 0.209 0.202999999999999

 9820 20 1000 2 0.95 0.0219999999999994 0.499 6.082 0.425000000000001 0.999999714376126 -0.000755809279003231 0.95020851703461 0.999990333765783 -0.00439685967452838 0.952637248952158 0.999999712993077 -0.000757636960189473 0.950109757785395 0.999990376598815 -0.00438710722011233 0.952452964326084 0.00300000000000011 0.00200000000000067 0.202 0.202999999999999

 9832 32 1000 2 0.95 0.0230000000000006 0.469 5.366 0.462999999999999 0.999999125647902 -0.00132238550800064 0.950356669583246 0.999999994919783 0.000100798977169013 0.949711046915801 0.9999991246447 -0.00132314392004125 0.950253671530164 0.99999999499798 0.000100020201517661 0.949690835665763 0.00300000000000011 0.00200000000000067 0.199999999999999 0.161999999999999

 9829 29 1000 2 0.95 0.0200000000000005 0.486000000000001 5.39 0.429 0.999992276022948 -0.00393038095399976 0.951924426929647 0.99999993640409 -0.000356639615367283 0.949625818560683 0.999992280724805 -0.00392918449587533 0.951765510465056 0.999999936391879 -0.00035667385401658 0.949627490814607 0.00300000000000011 0.00200000000000067 0.209 0.132000000000001

 9822 22 1000 2 0.95 0.0300000000000002 0.486 6.016 0.421999999999999 0.999999507066414 0.000992908318443296 0.953874024816157 0.999996235661613 0.00274384084867176 0.952192777243481 0.999999496213766 0.00100377896701241 0.953620976410064 0.999996220912019 0.00274921110160287 0.952027329530219 0.00300000000000011 0.00199999999999889 0.214 0.201000000000001

 9831 31 1000 2 0.95 0.0199999999999996 0.481000000000001 5.462 0.420999999999999 0.999999617097303 -0.000875102992739095 0.947425584198808 0.999999758661007 0.000694750263640923 0.953336405787718 0.99999961414883 -0.000878465816976092 0.948000709278327 0.99999975770927 0.000696118813059346 0.953112286971675 0.00300000000000011 0.00200000000000067 0.209999999999999 0.209000000000001

 9830 30 1000 2 0.95 0.0249999999999995 0.494 6.107 0.427 0.999944579070053 0.0105280002097083 0.950142511217895 0.999997852846044 -0.00207227008429284 0.946101042435102 0.999944570239346 0.0105288389127286 0.950046584877433 0.999997898013662 -0.00205035808024486 0.945292457734116 0.00300000000000011 0.00100000000000122 0.193999999999999 0.209999999999999

 9835 35 1000 2 0.95 0.0220000000000002 0.467000000000001 4.86 0.413 0.999999799798381 0.00063277420846056 0.951780856927324 0.999991425264895 0.00414118300545709 0.947524750047969 0.999999797009497 0.000637166355526927 0.951633307782272 0.999991442332524 0.00413705954985596 0.948072788150353 0.00199999999999889 0.00100000000000122 0.199 0.202

 9834 34 1000 2 0.95 0.0199999999999996 0.478000000000001 5.435 0.418000000000001 0.999999789225218 0.000649268449278 0.949637420517186 0.999999888658911 -0.00047189211319254 0.950033083839553 0.999999789237022 0.000649250268906642 0.949637338790932 0.999999888674678 -0.000471858698317177 0.949936618873674 0.00300000000000011 0.00200000000000067 0.139999999999999 0.23

 9836 36 1000 2 0.95 0.0219999999999994 0.489 5.389 0.419 0.999999602230323 -0.000891930039791247 0.952611522367263 0.999998233498584 0.00187962754590381 0.951165757770269 0.999999608429465 -0.000884952494222738 0.952426035790904 0.999998235701461 0.00187845520708941 0.951037158951939 0.00399999999999956 0.00199999999999889 0.207000000000001 0.200000000000001

 9833 33 1000 2 0.95 0.0229999999999997 0.491000000000001 5.142 0.561999999999999 0.999995911425385 0.00285956858876827 0.944360290273722 0.999999947246444 -0.000324818578049368 0.949161100534258 0.999995930110167 0.00285302700694327 0.943869378756749 0.999999947431432 -0.000324248567430594 0.949291461816287 0.00400000000000134 0.00200000000000067 0.215 0.192

 9839 39 1000 2 0.95 0.0220000000000002 0.49 5.303 0.417999999999999 0.99999943439874 -0.00106357989835086 0.946077999851231 0.999996038656496 -0.0028147240213388 0.948523533312677 0.999999411434189 -0.00108495680859507 0.945322333515615 0.999996022067421 -0.00282061151763115 0.948819801989017 0.00399999999999956 0.00200000000000067 0.197000000000001 0.187000000000001

 9837 37 1000 2 0.95 0.0220000000000002 0.493 5.522 0.417 0.99998912373367 0.00466394836666349 0.948386253269035 0.999999778455062 -0.000665649927529032 0.946560542054492 0.999989113640093 0.00466611201120788 0.948730431536516 0.999999790630583 -0.000647100294501469 0.945713195243059 0.00300000000000011 0.00199999999999889 0.199999999999999 0.23

 9838 38 1000 2 0.95 0.0259999999999998 0.492 5.3 0.542 0.999999999595913 2.84283991170171e-05 0.95040900165328 0.999999635376446 0.000853959586250407 0.948343685178313 0.999999999676222 2.54471127955409e-05 0.950302762012522 0.999999638295224 0.000850534785828061 0.948676415691649 0.00399999999999956 0.00100000000000122 0.211 0.224
