
 1111 66 500 10 0.95 0.352 0.731 0 0.135 0.999988102058612 0.000669585893509058 0.000172905023113188 -0.00158709709175452 0.000135427503162752 -0.00298243192157189 0.000877992816678552 0.00144109927343692 -0.00271728717792359 0.00128611575549765 0.949758150825902 0.999983703418642 -0.00127334830106131 0.0028859353101304 -0.00254007614076505 2.5715630985799e-05 -0.00379069192415305 6.38020408434705e-05 -0.000536186673687778 -0.000418266503862364 -0.00116376610710991 0.951224962601111 0.9999881085313 0.000668300591434319 0.000170662803610091 -0.00158730099033293 0.000136307638098971 -0.00298441082391756 0.000876975338738405 0.00143905256658212 -0.00271408873545693 0.00128685533385071 0.949893846667304 0.999983703858796 -0.00127303395764346 0.00288587977160839 -0.0025399590568967 2.57038004211309e-05 -0.00379080770805569 6.39117566075935e-05 -0.000536147602520689 -0.000418290806472507 -0.00116375143027582 0.951211809094263 0.00800000000000001 0.0879999999999992 0.0949999999999998 0.0609999999999999

 1093 48 500 10 0.95 0.261 0.952 0 0.139 0.999968988078407 -6.54078888756688e-05 -0.00305764306673569 -0.000186551104736207 0.00346803853350768 0.00196736660941108 0.00347159700348876 0.00374755461738023 -0.00326107945755656 -7.75085612925186e-05 0.949880906998443 0.999947629807288 0.00504115565378519 -0.00130893773756846 0.00294545561421517 -0.00261411292793298 0.00754791375149773 -0.000432821126027647 0.0014501103729925 0.0016036376207503 -0.000518622642118727 0.949308588593965 0.999969026719995 -6.47833023015883e-05 -0.00305447900533006 -0.000186608963317999 0.00346373890789183 0.00196533585570933 0.00347087164501148 0.00374675142472295 -0.00325973727210326 -7.56527841066611e-05 0.950005401992068 0.999947643815729 0.00503882490913852 -0.00131217608813591 0.00294569897407259 -0.00261492183303713 0.00754634943701899 -0.000433041833051576 0.00145037963070027 0.00160575668970639 -0.000515883230777465 0.94948357528949 0.00800000000000001 0.121 0.0749999999999993 0.0670000000000002

 1090 45 500 10 0.95 0.336 0.989 0 0.138 0.999987398130075 0.00075485605684335 -0.00177344063561192 -0.000744085937747797 0.000606352380774182 0.00154065333689302 -0.00157995653314114 -0.000796134510399482 -0.000149591536810653 0.00387830780865386 0.948241669081368 0.999982294433317 -0.00011022774616872 0.00528566520235927 0.000586456742432723 0.000302013303990504 -0.00109538084830036 -0.00131758012054131 0.000625161333202065 0.00123740254096893 0.00147220964130981 0.9503563999768 0.999987406763502 0.000764605763443607 -0.00176576762102336 -0.000741637658034528 0.000606040322483835 0.00154473386094401 -0.00158354553111558 -0.000795697843393488 -0.000147911118727625 0.00387525662974895 0.948505844965858 0.999982289945852 -0.000109834571382532 0.00528682710582555 0.000588499426369116 0.000301586753007699 -0.00109532303270795 -0.001318109857736 0.00062424705438587 0.00123752448496926 0.0014702403362466 0.950434050496032 0.032 0.0350000000000001 0.0940000000000012 0.0700000000000003

 1099 54 500 10 0.95 0.447 0.754 0 0.138 0.999965993284896 -0.00271313309239092 0.000649946927897006 6.55159297256625e-05 -0.00314578244118209 0.00280654464385235 -0.000147945811238657 0.0046173312507196 -0.00326065441768202 -0.00323702272909217 0.951685269100411 0.999972353152729 -0.00317023674920421 -0.00242717240259894 -0.00242513970645034 -0.00431655169284731 3.49031009990139e-05 -0.00366979836738582 -0.000622663883696169 -0.000970231345006843 -0.000199360737809399 0.949261539664047 0.999965989967662 -0.00271356925524877 0.000649143381559748 6.53068045339953e-05 -0.00314580571432942 0.00280653434311295 -0.000147746874596181 0.00461751818508819 -0.00326118305923038 -0.00323704354259111 0.95165344626233 0.999972357957181 -0.00316740534590402 -0.00243014103786613 -0.00242848516028342 -0.00431440721595362 3.00479916380689e-05 -0.00366717652475773 -0.00062826097706663 -0.000973524588521907 -0.000205136886146417 0.949433695312629 0.0200000000000005 0.0870000000000015 0.0730000000000004 0.0640000000000001

 1105 60 500 10 0.95 0.386 0.496 0 0.138999999999999 0.999984553485706 0.00188364516321819 -0.00188410415108025 0.00215753660046647 0.000659519220886349 0.00176541783777852 0.00206255639519812 0.00174338598627058 0.00141826125709155 -0.00250662999648176 0.951237000159454 0.999968321685105 -0.00362150442010173 0.00249212739531558 0.00184601844678094 -0.00171759657289175 -0.00274914413787514 0.00433140182673341 -0.000526452888183963 0.00216214479861324 0.00252999069420109 0.951585895996778 0.999984553460593 0.00188360132296371 -0.00188431663495123 0.00215762691327683 0.000659517445392256 0.00176529427957534 0.0020624430256331 0.00174330491518688 0.0014183950704919 -0.00250659693703668 0.951222534126463 0.999968323297535 -0.0036209189114377 0.0024917639538635 0.00184616967377486 -0.00171827549414107 -0.00274968110112281 0.00433092503519696 -0.000525869946773043 0.00216238062280874 0.00253013043844346 0.951555433770793 0.0379999999999994 0.00600000000000023 0.072000000000001 0.0660000000000007

 1106 61 500 10 0.95 0.266 0.693 0 0.155 0.999974275211479 -0.00409943147616602 0.000122051762959932 0.000225276837238674 0.00099934851623952 0.00302934732120099 -0.000497049153915947 0.00171247509995027 0.00403745261582496 -0.00221847593169772 0.94831409463206 0.999967697191586 0.00495399219033039 -0.00239159315766813 0.00352253837894427 0.00247658157747028 -0.00166347569170577 0.000365454001443684 -0.00122784958484009 0.00194840406189997 0.00275617179541113 0.950836092367548 0.999974254257569 -0.00410156385497161 0.000122538838296426 0.000222703204678597 0.00100024430533781 0.00303200443272186 -0.000493831584035734 0.00170699760621748 0.00403948288887442 -0.00222142104470219 0.948570371083203 0.999967695359482 0.00495410812812163 -0.00239133218682731 0.00352264376486876 0.00247698293853318 -0.00166333517064465 0.000365237457720714 -0.00122784421969209 0.00194844840014395 0.00275644372600951 0.950864075119447 0.132999999999999 0.0200000000000014 0.0760000000000005 0.0619999999999994

 1118 73 500 10 0.95 0.272 1.352 0 0.141999999999999 0.999980924138195 0.00111576007158406 -0.0015156010072762 -0.00131300671493676 0.00530096777794703 -0.00148259495521295 -0.00123267403984562 0.000675494068622732 0.000236050823677535 0.000745359937750913 0.952316092176514 0.999977345857287 -0.00217835253894164 0.000684689046577258 -0.00199541030164713 0.000824370841818621 -0.00434314545216848 0.00126104343761291 0.00295911151677997 0.00229720765939223 -0.000972551703235933 0.949296355012328 0.999980925578887 0.00111705491798958 -0.00151502133652007 -0.00131357856698101 0.00530051125066795 -0.00148262867948583 -0.0012326678236847 0.000676380223318377 0.000235569004781356 0.000744196315247439 0.95227804855165 0.999977350356484 -0.00218023800995731 0.000683000361971277 -0.00199744888208361 0.000825022986354907 -0.00434345116208121 0.00126251955620337 0.00295629072075054 0.00229426343622476 -0.00097239838510182 0.949471145059288 0.0190000000000001 0.0380000000000003 0.077 0.0670000000000002

 1101 56 500 10 0.95 0.381 0.926 0 0.143000000000001 0.999981060248238 0.00177737177137065 0.00136075311544292 -0.000815963052818181 0.00360284743697974 0.00103145990857434 0.00040207535755939 0.00152722997675779 -0.000639903194261072 0.0039057212343315 0.947470649953254 0.999969775421504 1.60178590557631e-05 -0.00248822413222952 0.00149919808503635 0.000672141227815248 -0.00162857213463302 -0.000212596221510019 0.0023515506329565 -0.00642279880163067 0.00144145053932026 0.946955891828285 0.999981058894351 0.00177367025820665 0.00135693108423733 -0.000814451477710749 0.00360623971605806 0.00102117020357152 0.000406490039745928 0.00153180550189619 -0.000633534944289672 0.0039077577870548 0.947146437800585 0.999969820476502 1.47940017782145e-05 -0.00248410356459899 0.00150002063560435 0.000671519347029644 -0.0016263621111662 -0.000211280342417719 0.00235406166004481 -0.00641779632577486 0.00143761524474265 0.94667208676335 0.0500000000000007 0.0139999999999993 0.0830000000000002 0.0660000000000007

 1100 55 500 10 0.95 0.468 0.49 0 0.15 0.999981479879254 0.00137631442199917 -0.00258666168833969 -0.000917800544572473 -0.00264430397957883 0.000783711683577294 -0.00430858967429694 0.00081557490894536 -0.000627977249925521 -0.000618441750876523 0.948270996062162 0.999984191921973 0.000441444093885441 0.00103223847611645 0.00355984962418162 0.000327769487021113 -0.00356152795594685 0.000335131630039301 0.00198485171686232 -0.000368747403374398 0.000838539945570286 0.950827074808711 0.999981513051564 0.00137749855729893 -0.00258121831796448 -0.000916357919904164 -0.00264304814734062 0.000785565959850865 -0.00430483518726602 0.000818325620232974 -0.000625868828729817 -0.000614703992935788 0.94853141997921 0.999984188447745 0.00044063864527016 0.00103217187312956 0.00355984205494065 0.000328704956236237 -0.00356215312090712 0.000335493765960883 0.00198537578990956 -0.00036893684738237 0.000838730326421782 0.950855754084369 0.0869999999999997 0.0190000000000001 0.0820000000000007 0.0640000000000001

 1108 63 500 10 0.95 0.412 0.615 0 0.145 0.999984059564518 -0.00169661780245749 -0.00225983967492342 0.000607796029366163 -0.000435448321379774 -0.00285235549051688 -0.00291393213355513 -0.000938069357404179 0.0016468712279535 -0.00176553306519466 0.950795237932752 0.999979181577406 -0.00236987861831895 -0.000266221857655585 0.0028870017542671 0.00164537537606564 -0.000232037951346752 0.000248021484268342 -0.00108062726968838 0.0016583831891773 -0.0045687883968426 0.949121218370227 0.999984058152825 -0.00169670103465869 -0.00225959340074158 0.00060791210401696 -0.000435432474910173 -0.00285206839111313 -0.00291465679421721 -0.000938282256830785 0.00164730986710647 -0.0017652770821822 0.950828043012828 0.999979144274788 -0.00237212054307607 -0.00026905347688203 0.002892318653544 0.00164956453347247 -0.000228470175514418 0.000243080795551192 -0.00107721447518587 0.00166097900959408 -0.00457105789564682 0.949313844388009 0.00699999999999967 0.0259999999999998 0.0690000000000008 0.0660000000000007

 1098 53 500 10 0.95 0.325 0.771000000000001 0 0.138000000000001 0.999982416400831 -0.000153352161333806 -0.00285418985404748 0.000241867496178091 0.00359070739556337 -0.00204136818519537 -0.00117126793101462 -0.000354447526552329 0.000147938352399183 0.00289114538232362 0.952467387268872 0.999970915504163 0.000139552747012026 -0.000567760700945343 -0.00152885148625139 0.0037629386551013 0.00610791538174203 0.000189104263501027 0.000799710138536457 0.00151764777620374 0.00102178402005298 0.951624131407895 0.999982414371954 -0.000153726806950612 -0.00285381004390696 0.00024213242363722 0.00359110663555473 -0.00204185779142269 -0.00117205439469929 -0.000354148398340342 0.000146985232388029 0.00289110492214105 0.952428009822532 0.999970915073126 0.000139467416174636 -0.000566861857529902 -0.00152913301946561 0.0037628884154466 0.0061080557541925 0.000188991538639738 0.000799073320415591 0.0015177220923285 0.00102204982880287 0.95159324245546 0.0949999999999989 0.0779999999999994 0.097999999999999 0.0660000000000007

 1089 44 500 10 0.95 0.0700000000000003 0.355 0 0.101 0.999975175630939 -0.00279768322687874 -0.00136289238407774 0.00335484377181268 -0.00355488084092966 -0.00296292212355916 -0.0019010714621435 -0.00176255229748953 -0.000495335663375525 0.000571429806099608 0.947841740589299 0.99996672283316 -0.0023844756266657 -0.000452992997794056 -0.00125660319808959 0.00229765385755167 0.00133294157428836 -0.00239087379525022 0.00613720068184226 0.00267063928620226 0.00123023479120395 0.95191856263211 0.999975146393502 -0.00279064159948123 -0.00136549203719404 0.00335267171268958 -0.00355571769846194 -0.00297367943052961 -0.00190093598681632 -0.00177568610768746 -0.000490318852814125 0.000566577071804441 0.948139194452656 0.999966722939499 -0.00238372588668909 -0.000452811102371697 -0.00125687413770561 0.00229786582820982 0.00133295990934859 -0.00239129571559702 0.00613728666275733 0.00267056073921524 0.00122989719780199 0.951884486489451 0.00400000000000045 0.00199999999999978 0.0449999999999999 0.0389999999999997

 1120 75 500 10 0.95 0.361 0.504 0 0.141999999999999 0.999973978013961 -0.000266669870691799 -0.00607578345343902 -0.00118553806547547 0.00108552244102824 0.000490141988110789 0.000229806543897475 -0.000392164416606546 0.00344863222476484 0.000365062596390062 0.948809318101004 0.999989998304167 0.00104894467299712 -0.00226382840909876 -7.59669996232859e-05 -0.00056894400883811 5.60196071926064e-05 -0.00157709604638139 -0.00149975756515665 -0.00292012670171666 -0.000426422940379703 0.951483634094869 0.999973979291289 -0.000267733808996197 -0.0060736704198815 -0.00118699075824866 0.00108631254791483 0.000494100180683206 0.000232747033040172 -0.000391197061915294 0.00344986250150706 0.000371041750618818 0.949026283502358 0.999990001601171 0.00104888789166901 -0.0022637084552246 -7.58255259693938e-05 -0.000568746221003063 5.67057441706058e-05 -0.00157670589541318 -0.00149976525259477 -0.00291940239688342 -0.000426041014093271 0.95145266558154 0.00900000000000034 0.0210000000000008 0.0700000000000003 0.0650000000000013

 1119 74 500 10 0.95 0.194 0.838 0 0.16 0.999980839592825 -0.00304265493880234 -0.00200323566314152 0.000277719054293226 -0.000362516275485872 -0.002033177797631 -0.0013221834975937 0.000925864751211762 -0.000340169538033546 -0.00424102311903604 0.950928126678993 0.99997632133384 0.00261789165633171 -0.00458694284250433 -0.00137722670509737 0.00214684060275141 6.68020605974388e-06 0.00303179710004592 -0.00150742758628663 -0.000514515782626531 0.00110850782834619 0.951796212846841 0.999980842015844 -0.00304258994536659 -0.00200314782146427 0.000277911973510147 -0.000362850145579172 -0.00203295898738384 -0.00132188827122786 0.00092524805764215 -0.00034020615211038 -0.00424082729895695 0.950946876247447 0.999976321631014 0.00261767505222064 -0.00458664264535002 -0.00137696973906157 0.00214674913997007 7.4954917626167e-06 0.00303254092376173 -0.00150776169343645 -0.000514696604152279 0.00110791145147144 0.951762409366301 0.0299999999999994 0.00600000000000023 0.0670000000000002 0.0660000000000007

 1095 50 500 10 0.95 0.349 0.911 0 0.220000000000001 0.999972536421415 -0.000403985062432507 0.000797767728514293 -0.00114835761306535 -0.00247445554694006 0.00151208248462397 -0.00308605971869083 0.000513508874920116 0.00369871152484333 -0.00457501845304433 0.94847660468876 0.999980029110919 -0.000200958420322779 0.0026547592873824 0.000685610310597563 0.00190296790988355 -0.00376272663641958 -0.00164928989417922 -0.00320191508661388 7.39822929994718e-05 -0.00127510678123521 0.951561652830933 0.999972550248899 -0.000406962096230671 0.000801797566821673 -0.00114577075082694 -0.0024732776851881 0.00150691388243245 -0.00308577840371484 0.000512237935592905 0.00369948905142345 -0.00457372204614491 0.948724369368181 0.999980025285242 -0.000201347894966483 0.00265515972784035 0.000685354731649505 0.00190348844641748 -0.00376270030437653 -0.00164894236513627 -0.0032026069878492 7.36610372827044e-05 -0.00127538034612932 0.951530682245083 0.0460000000000012 0.00399999999999956 0.0789999999999988 0.0629999999999988

 1112 67 500 10 0.95 0.515 1.009 0 0.143 0.999967260072209 -0.00175284497319511 -0.00228461303226636 0.00339370224633616 0.00466522350859061 -0.00133263196572322 0.00426639003854831 -0.00111284305738575 -0.00158422092323264 -0.000423283154741857 0.949830243185994 0.999988185273072 -0.00255478862190856 -0.000962612343835586 -0.00150118914844274 0.00138165859193932 0.00076366681612006 -0.000799271229895407 0.000389495727352927 0.00323353978655267 -0.000428590176902518 0.948629927723092 0.999967246176141 -0.00175151133673416 -0.00228727027317957 0.00339495963542257 0.0046631979895724 -0.00133270604331092 0.00426865105938313 -0.00111290165777096 -0.00158705730440011 -0.000425702915029079 0.94996062163457 0.999988188214818 -0.00255497483928159 -0.000959171173752816 -0.00150585228409554 0.00138325639440932 0.000764040610236597 -0.000802805140045431 0.00039544209968768 0.00322858527783415 -0.00043144434572436 0.948867244977596 0.0149999999999988 0.0180000000000007 0.0879999999999992 0.108000000000001

 1102 57 500 10 0.95 0.285 1.104 0 0.148999999999999 0.999959939610734 0.000814317608545051 -0.00485406933770244 -0.000616793319458367 0.00508215300067347 0.0030211256942419 -0.000119626794603625 0.00137698494448221 -0.000107099169207571 -0.00431697689045044 0.94865208827987 0.999968325240351 -0.000712794172631324 -0.00170931034996764 0.00259630082198679 0.0017916827889566 0.00310754295012262 -0.00343347852792721 -0.00506766422985294 -0.000538065611898366 0.00159732904892412 0.95001435443747 0.99995991629759 0.000812772463349752 -0.00485437539428718 -0.000611277042926083 0.00508162247405199 0.00302711010098822 -0.000116887616879088 0.00138171145907536 -0.000110589552581112 -0.0043180177274196 0.948886885264143 0.999968321585324 -0.000713384543291794 -0.00170789787596703 0.00259725814093657 0.0017915024585968 0.00310901050309699 -0.00343386728625252 -0.00506689014704796 -0.000539495848397932 0.00159779218877522 0.950122869701234 0.0080000000000009 0.0080000000000009 0.077 0.0630000000000006

 1092 47 500 10 0.95 0.191999999999999 1.181 0 0.145000000000001 0.999981389734402 -0.00104931086423991 -0.0014462848390401 0.00061912906019374 0.00346380134020536 -0.00108690432884489 -0.00133052851699739 0.00228242846196395 -0.00161290792250858 -0.00329901991594431 0.945712652582208 0.999950493542559 0.00418219527624455 0.0013283551796125 -0.00117430399810216 -0.00234982829993815 0.0027274128686071 0.00292692853714049 -0.000236862707007352 -0.00741733674534281 -0.00133259757923982 0.950677596972839 0.999981392660939 -0.00105448490964984 -0.00144424043847495 0.000618497540763293 0.00346277985318752 -0.0010884597027027 -0.00133185574929006 0.00228204836670745 -0.00161495555504512 -0.00329678161952356 0.945502266866881 0.999950492066523 0.00418248633911527 0.00132879097857972 -0.00117427363611108 -0.00234987299784344 0.00272545890425614 0.00292763255830453 -0.000236937176962648 -0.00741773869699274 -0.00133250574484926 0.950722058546778 0.0269999999999992 0.0600000000000005 0.0719999999999992 0.0609999999999999

 1103 58 500 10 0.95 0.453 0.727 0 0.173 0.999990443253873 -0.00189310037891456 -0.00214235601349096 0.000540521414576704 -0.000500234018258522 0.000556917754443825 -2.12001110708878e-05 0.000872108621666083 -0.00302946911343268 0.000385514888800195 0.951479882160813 0.999983682900245 -0.00419312680186674 0.00165528933821447 0.000959404816638901 0.00189025377092935 -0.00239451202584027 0.00122604332963036 0.000344306235852152 -0.000565613382984543 0.000377870083663469 0.951759800950708 0.999990444116976 -0.00189307630904919 -0.00214254862450632 0.000540295943205971 -0.000500125139235386 0.000556570631597438 -2.14869210938274e-05 0.000871277538814308 -0.00302943709763865 0.000385397350765982 0.951449283786505 0.999983681585518 -0.00419359230914846 0.00165538946917745 0.000959454871194295 0.00189014153196104 -0.00239421513877958 0.00122621074726717 0.000344620350066503 -0.000565623079793164 0.000377215694860938 0.951727032045386 0.0129999999999999 0.0139999999999993 0.0679999999999996 0.0609999999999999

 1121 76 500 10 0.95 0.351 0.594 0 0.151 0.99998842928411 0.00094185846076853 0.00321351771452642 -0.000676487106372305 0.00164275502998801 -0.000415779522967617 0.000308928627348055 0.000291437304658233 -0.000741969968893273 -0.00280489944528936 0.950515370740164 0.999974256119455 -0.00127329144220476 0.00179196411118032 -0.00102155386438909 -0.00191285741899409 -0.0024553944510742 0.00372566339685528 -0.00125003750584011 -0.00444392715190144 0.00085526844426038 0.948812669624889 0.999988436724255 0.000942983093495798 0.00321260418688579 -0.000676936416822376 0.00164162197199093 -0.000415217152457482 0.000308267454017081 0.000290803005807822 -0.000740252610468546 -0.00280414603246018 0.950577192729867 0.99997422887071 -0.00127493695409449 0.00179145493229655 -0.0010176871325739 -0.00191417155462523 -0.00246046107993289 0.00372819386748042 -0.00125024500795468 -0.00444525565392714 0.000854617416669042 0.949030196641458 0.0809999999999995 0.00399999999999956 0.0700000000000003 0.0640000000000001

 1091 46 500 10 0.95 0.316 1.208 0 0.182 0.999982228663754 -0.00170596268197414 -0.00223205566392336 0.000944272696602045 0.000315830925010743 -0.00346476748882171 0.000351739902661248 -0.00139866301536332 -0.00105080932054467 0.00338670669604134 0.948681654619609 0.999960365541248 -0.00123234515610347 -0.00351697562155166 0.0035581041815157 0.00373202634628065 -0.000993818217478427 0.000459074673212298 -0.00378754924911472 0.00456842047901225 -0.00154175526542159 0.949635279569525 0.999982206720453 -0.00170567595100293 -0.00222728014964589 0.000948319437466481 0.000315453771396203 -0.00346751983091456 0.000354012901394613 -0.00140038036335799 -0.00105558528132099 0.00339012831331323 0.948911495009957 0.999960378304987 -0.00123209014897737 -0.00351605379727834 0.00355634155073506 0.00373296345287986 -0.000991849357059493 0.000457339716028471 -0.0037861779049491 0.00456804087441368 -0.00154385654126499 0.949784981097282 0.00799999999999912 0.0170000000000012 0.0779999999999994 0.0649999999999995

 1110 65 500 10 0.95 0.234999999999999 0.615 0 0.147 0.999967598208217 -0.00134562918484461 0.00286108017667649 -0.00284633655126011 0.00123472890125641 -0.00589158636429602 -0.000988616930254834 -0.00238126912867247 -0.000578718227420569 -0.00186717380398564 0.949589092145163 0.999981125359935 -0.000294571448155977 -0.00127855804684907 -0.000427130923058839 0.00117051696200621 0.00149722180141528 -0.00456389884771983 0.000803980912427557 0.00174512942735966 0.00277708160416654 0.948038987860124 0.999967600770222 -0.00134563561571783 0.00286114704638019 -0.00284669042102457 0.00123410284387783 -0.00589200203939355 -0.000988689979725927 -0.00237925986218189 -0.000578726378023012 -0.0018667775473185 0.949741546935085 0.999981114374941 -0.000297326624697941 -0.00127712826861927 -0.000425711865997835 0.00117072349466732 0.00149725660823073 -0.00456793996736902 0.000804686112943181 0.00173828164600894 0.00277895914050243 0.948316118010963 0.016 0.00300000000000011 0.0909999999999993 0.0679999999999996

 1096 51 500 10 0.95 0.524999999999999 0.571000000000001 0 0.184000000000001 0.999976447004527 0.00102647352584408 -0.00346502607349215 0.00122919953895394 -0.00163141067851085 -0.00384040419460738 -0.00116202215206065 4.87614023870924e-05 -0.0032010317427936 -0.00187748996044897 0.949698220677016 0.99997357022306 0.00351992817999545 0.00278743832404483 0.00254963703117603 0.000302060171808694 0.00280914273972649 -0.000894025057365778 0.00216511157191403 -0.00298788290654964 -0.00194975462287458 0.954493939015419 0.999976451584264 0.00103109987709093 -0.00345985782140453 0.00122948458686809 -0.00163261206947858 -0.00383954599787983 -0.0011613609949899 4.69489284122399e-05 -0.00320365007749785 -0.00187856021253743 0.949837244724408 0.999973571482543 0.0035195287379803 0.00278733828278277 0.00254921767237955 0.000300919039512304 0.00281047868487991 -0.000893086280493299 0.00216478278691844 -0.00298828315473516 -0.00194895405991838 0.954430226098739 0.0879999999999992 0.00799999999999912 0.114000000000001 0.0670000000000002

 1109 64 500 10 0.95 0.548 0.572 0 0.161 0.999971032169425 0.00172144014631506 -0.0021373880898818 -0.000131388352193546 0.00420261756641223 -0.00187956522028099 -0.000507270559846196 -0.0005840708312424 -0.0051777144944202 -0.00133559938721367 0.94908567289163 0.999983160482923 -0.00102911594711134 -0.00227811155483578 0.000595351825244486 -0.00217061964505411 -0.0020252462694678 -0.0035589265264155 0.00174546657801537 -0.0015864261017332 0.000181282743781158 0.953405238818603 0.999971050464191 0.00172706795292371 -0.00213721353738349 -0.000134863681358348 0.00419698894135678 -0.00188019184645111 -0.000506036216957715 -0.000584597946751077 -0.00517727750966637 -0.00133331636699292 0.949279548750606 0.999983162499462 -0.00102944412872527 -0.00227839777352757 0.000596061847584296 -0.00217038922531076 -0.00202465425730552 -0.00355854266736878 0.00174505184241064 -0.00158668814505921 0.000180971961590288 0.953357200612529 0.0419999999999998 0.00399999999999956 0.110000000000001 0.0640000000000001

 1116 71 500 10 0.95 0.404 0.584000000000001 0 0.195 0.999977114322082 0.00175602983902912 0.000536496527706879 -0.000317661958149944 6.70340738108802e-05 -0.000582469168585901 -0.00474460528504369 -0.00275758665122102 -0.00308128773585755 -0.00153127142642852 0.952463865791676 0.999993176612574 0.00029810477090244 0.00184000761119918 -0.000757073954240914 0.000198338823276803 1.02970254430662e-05 0.000347989832848076 -0.000743389929082481 -0.00279345198297551 -0.00104044656193141 0.949884181560595 0.999977114865594 0.0017555405178429 0.00053650597095356 -0.000317618565817804 6.65352880270403e-05 -0.00058169456451166 -0.00474465989285884 -0.00275748658814075 -0.00308131882332978 -0.00153174781798827 0.952424799889784 0.999993174924543 0.000298129417045637 0.00183979734474419 -0.000758635707306424 0.000198324292581656 8.37798614137091e-06 0.000351395405523096 -0.000743646135968465 -0.00279361196603904 -0.00103955853000948 0.950006578680003 0.0199999999999996 0.00300000000000011 0.0670000000000002 0.0640000000000001

 1115 70 500 10 0.95 0.519 0.518000000000001 0 0.152999999999999 0.999987720119433 0.00101458566751666 0.000190192356427823 -0.00216751226391693 0.00141933309208106 0.00376017659454831 -0.000975287363924301 0.000970520815794845 0.000207647348527032 -0.000840414034542028 0.948439577140166 0.999968678258724 -0.000998157914996095 -0.00466296894481871 -0.000925764182110591 -0.00545443084067341 0.00239564480881419 7.03383867142697e-05 -0.000411894025655985 -0.000652355558468359 -0.00171923290383065 0.946741013905021 0.999987713730946 0.00101799059705164 0.000189186118288245 -0.00217031368310389 0.00141592904296389 0.00376171614587964 -0.00097588099481311 0.000971097021705687 0.000210431965183164 -0.000833673352892227 0.948692828090023 0.999968656230691 -0.000995123999298152 -0.00466462316617569 -0.000920907967285921 -0.00545908906855777 0.00239137423764342 7.52995459240826e-05 -0.000415776295985775 -0.000654567020154432 -0.00172109892503007 0.946469549574207 0.0449999999999999 0.00300000000000011 0.0710000000000015 0.0629999999999988

 1114 69 500 10 0.95 0.199 0.596 0 0.146000000000001 0.999979051446913 0.00195046978576013 -0.00190632166450588 0.000447081298550537 -0.00200973551379773 -0.0015829935357273 -0.00159348624394042 -0.00331124092264933 -0.00263913913850943 0.00269163804243617 0.950031243300342 0.999991010052909 -0.00213577120423594 0.000521386861702512 -0.00144195256155348 0.000447780995213286 -0.00204864314304597 -0.000771657889523096 0.00145239630892618 0.00166048159563879 0.00109893888063803 0.949602185601262 0.999979046430315 0.00194950375296716 -0.00190661319603921 0.000447120493799398 -0.0020110680906262 -0.00158269559354392 -0.00159192267540428 -0.00331114192448503 -0.00263927305478891 0.00269408309206582 0.95013741147397 0.999990999882425 -0.00213729385522677 0.000522461343274844 -0.00144265878663628 0.000451015416285339 -0.00205095697174944 -0.000772122950611404 0.00145181226081329 0.00166055364167221 0.00109849369584513 0.949749736896881 0.00500000000000078 0.00300000000000011 0.0649999999999995 0.0630000000000006

 1107 62 500 10 0.95 0.577 0.672999999999999 0 0.175000000000001 0.999983263627298 -0.00110975273193799 0.00232945994783759 -0.00316414604154085 -0.000241233602626069 0.00331675768853695 0.000246162638388821 -0.00064066956502523 0.00229424469617172 -9.49888046055595e-05 0.950327348234804 0.999962962376326 0.0058933876831755 0.00332203703717476 -0.000578153217871124 -0.000307185751297742 0.00278499192151938 -0.00322540061209885 -0.00160332958724512 0.00123889865929428 -0.00236904582244845 0.948048912779114 0.999983249885585 -0.00110819408597067 0.00232882816347586 -0.00316360359570987 -0.000241150076146105 0.00332039895042818 0.000247700611200373 -0.000643015257350864 0.00229624716941726 -9.61664144662211e-05 0.950407472973489 0.999962963006733 0.00589888333743506 0.0033130186028764 -0.000579690875033055 -0.000301459869591166 0.00277715692496039 -0.00322501208548875 -0.0016073072388091 0.00124407971553014 -0.00237240466712648 0.948331637661715 0.00600000000000023 0.00300000000000011 0.0719999999999992 0.0690000000000008

 1094 49 500 10 0.95 0.457 0.586 0 0.161 0.999968538288729 -0.0029168209766519 0.0027082107243098 0.0019367724879293 -0.00169285551456161 0.000224703405781723 0.00235111833698378 -0.00258123441738204 -0.00261661697343182 -0.00462337871513773 0.949273345809427 0.999987571575518 0.000457489548774037 0.00127934681605109 -0.000480531679490102 -0.00114504032895669 -0.003930606974829 0.00173060182499115 8.90008976810268e-05 0.00088166119360265 -0.00149624195859487 0.950118674830328 0.999968526503475 -0.00291454591518539 0.00270914837978668 0.00194241437399728 -0.00169684531159878 0.000224374006870152 0.00235293957246934 -0.00258558068976098 -0.00261061554201934 -0.00462303717082728 0.949451519660697 0.999987568679422 0.000457802703697326 0.0012822270063756 -0.000481647547480968 -0.0011462775933927 -0.00393040726904473 0.00172931555731675 8.87392396066686e-05 0.000881710740005018 -0.00149630827299738 0.950218545119691 0.00799999999999912 0.00200000000000067 0.0680000000000014 0.0609999999999999

 1117 72 500 10 0.95 0.394 0.659 0 0.169 0.999970092963344 -0.00326887405629194 0.000164289630388733 -0.00521454318263321 -0.00193153254271257 0.000547972167623549 0.00145817801059626 -0.00304384119161672 -0.00250365750475543 0.000467487889964996 0.952717841833202 0.999980897746463 0.00170592917808868 -0.00171625105001598 -0.00351002295170036 -0.00235997569515791 -0.000388953364204499 0.00201431300046611 0.00262040696957482 0.000495801541884163 0.00177132445051619 0.951508955518641 0.999970092488459 -0.00326895883682541 0.000162804726924385 -0.00521458773409938 -0.00193135082704607 0.000547380914420572 0.0014579441491538 -0.00304377186735839 -0.00250415837822789 0.000467874707173959 0.952676603832902 0.999980895140031 0.00170594319407584 -0.00171585943376251 -0.00350992680441548 -0.00236073273872589 -0.000388468303815246 0.00201431062864779 0.00262081954166471 0.000496587437379629 0.00177162209402446 0.951477866911651 0.00500000000000078 0.00300000000000011 0.0649999999999995 0.0619999999999994

 1104 59 500 10 0.95 0.488 0.683 0 0.186999999999999 0.999981585603589 0.00162754648396311 -0.000455675523044349 -0.00148048836890326 -0.00038524014047433 0.000146017875849319 -0.00103697518878846 0.000295155357924068 -0.00549618505736306 -0.00048973930123041 0.953837479296293 0.99995692913175 -0.00160262109830369 -0.00719549760357898 -0.00244286785080326 0.000428385204101156 -0.00206374554802283 -0.00412232625579231 -0.000457358211691724 9.62990782034349e-05 0.00204306498693479 0.950934899488407 0.999981589542977 0.0016264535021242 -0.000455731568533161 -0.00148073166050976 -0.000385269861145509 0.000146018375597156 -0.00103718066434754 0.000295326298411357 -0.00549580067911415 -0.000488288749835753 0.953783147689768 0.999956929004203 -0.00160298768709952 -0.00719565151835774 -0.00244282217223264 0.000428567727440487 -0.00206383255389887 -0.00412203317115943 -0.000457297845686531 9.62676502420098e-05 0.00204283251070363 0.950952749138534 0.0180000000000007 0.00300000000000011 0.0849999999999991 0.0620000000000012

 1113 68 500 10 0.95 0.180000000000001 0.608000000000001 0 0.185 0.999968357081379 0.00384638895859251 0.00291984142739137 0.000449633759328445 -0.00305293946114269 -0.00374622848694627 -0.00246844569458517 0.000457479454651187 0.00252454328640986 0.00193183483626943 0.945902384938247 0.999986957232972 0.000743800330910612 -0.000864415167090881 0.00232788267466997 0.00087340894592049 0.00318025730778663 -0.00233216336839648 -0.00147043570530203 0.00029057206293553 -0.000896322870306498 0.951812074411293 0.999968322320403 0.0038454033640903 0.00292087269505894 0.000446040156771962 -0.00305677438344049 -0.00375182232253732 -0.00247097856409087 0.000458265019236104 0.00252488411742996 0.00193027394298681 0.945676184476497 0.99998695647917 0.000744210188119936 -0.000864204723531009 0.00232833086458563 0.000874149120827431 0.0031804300145533 -0.00233159126009191 -0.00147001116571219 0.000290176175476799 -0.000896840953446359 0.95177931560991 0.00600000000000023 0.00300000000000011 0.0739999999999998 0.0589999999999993

 1097 52 500 10 0.95 0.523 0.61 0 0.251000000000001 0.999940301361002 -0.00417918746547428 -0.00229916346524006 6.35010746249246e-06 -0.00315375834099985 -0.000521432998393515 -0.00679423532991464 -0.0030770417313444 0.00536342377075754 -0.00142397159658369 0.947182423558145 0.999980370704838 0.00236278631001196 -0.00216286334011474 0.000594491149061912 -0.00148798652593804 -0.00235954082124247 -0.00199911428765959 -0.00258526381736046 0.000556889160162416 0.00314202785593114 0.951679657637158 0.999940294987582 -0.00417646909344164 -0.00230876693854081 -2.52146949211241e-06 -0.00315165481027103 -0.00052426769396386 -0.00679648240477151 -0.00307474313755722 0.00536178924778005 -0.00142490978246737 0.946874597766672 0.999980371432877 0.00236289035320849 -0.00216316086811638 0.000594467808172746 -0.00148801302892641 -0.00235919741758808 -0.00199944711306821 -0.00258511224279458 0.000557208350359661 0.0031416191346001 0.951647085439647 0.00699999999999967 0.00399999999999956 0.0760000000000005 0.0629999999999988
