
 8769 69 2000 5 0.9 2.806 0.459 726.84 0.319000000000074 0.999972443738014 -0.000448064352800973 0.0038060854591337 0.00632279859982973 0.000668531453146774 0.897297967212918 0.999992512531281 0.000112496459953619 -0.00163275269113027 0.00130159344048884 0.00325610182374675 0.900623578310049 0.999972443273461 -0.000447494820532847 0.00380611856964723 0.00632288855298428 0.000668568523314799 0.897260558779117 0.999992509125677 0.000111547812006119 -0.0016317104747601 0.00130206830931081 0.00325751264974298 0.900562340453693 0.47199999999998 0.234000000000037 5.77200000000005 7.26199999999994

 8778 78 2000 5 0.9 1.946 0.35 734.936 0.45799999999997 0.999996434076795 0.0019842479771683 -0.00130323825349634 0.00121307678711191 -0.000156870720577126 0.900746249632206 0.999966506793186 -0.00700575251645669 0.000392108942120738 0.00420057481802119 0.000325799457135026 0.900889907003226 0.999996434878909 0.00198419599380635 -0.00130391697989378 0.00121162301111839 -0.000158006069281282 0.900682678510374 0.999966503073948 -0.00700618276266467 0.000391127401235147 0.00420083260880446 0.000325818821272433 0.90082383154867 0.277999999999906 0.259999999999991 7.36900000000003 10.6170000000001

 8791 91 2000 5 0.9 1.992 0.356 746.013 0.44399999999996 0.999982911883519 -0.00337911354946479 0.00301455247267587 0.00330372781748697 0.00165993628642107 0.90098111038128 0.999975839009666 -0.00178911210346467 0.00443602349179267 0.000377340705096172 -0.00502988910092328 0.89823224682916 0.99998291077687 -0.00337911753946717 0.00301541326372424 0.00330358439430847 0.0016593166883054 0.900915021432206 0.999975847682812 -0.00178905065137242 0.00443516130665761 0.000377676520632677 -0.00502892169734434 0.89818882394026 0.356999999999971 0.474999999999909 12.912 14.299

 8790 90 2000 5 0.9 2.604 1.032 746.258 0.5 0.999995519941403 -0.00168336905072148 -0.00126235047853171 0.0021288629824528 -2.79183299453076e-05 0.900568623632516 0.999984699086042 -0.00222541844436382 -0.0028639193306825 -0.00372135529141642 0.00189699430889617 0.900410469395789 0.999995521017387 -0.00168343889301117 -0.00126145678462563 0.00212882023678431 -2.88069178603892e-05 0.900506449014623 0.999984696837367 -0.00222672811927661 -0.00286466198814455 -0.00372105583449165 0.00189610868127218 0.900349856095792 0.347999999999956 0.266999999999939 12.89 14.778

 8792 92 2000 5 0.9 2.286 0.347999999999999 745.906 0.478000000000065 0.999987023711582 -0.00208635565100201 0.00169888331339064 -0.00239633298357014 0.00360151527404342 0.901305739618193 0.999984475356723 0.00261203985993592 -0.00181183293665593 -0.00372276486977799 0.00266168676671334 0.899744214366417 0.99998702120413 -0.00208619787922156 0.00169840957590446 -0.0023970531842619 0.00360204700733759 0.901236381465299 0.999984476799101 0.00261200196351393 -0.00181162383794819 -0.00372241608047478 0.00266181219559232 0.899689818396322 0.495999999999981 0.50100000000009 13.203 14.789

 8789 89 2000 5 0.9 1.644 0.352 753.07 1.08299999999997 0.999968934763718 -0.00315764752002228 0.0014036737401353 -0.000969990921529865 0.00701766252375064 0.900100891104446 0.999995010858819 0.00055527115957099 0.00128680252119668 0.0028292725916731 -9.63705546659482e-05 0.894816652298945 0.999968939577314 -0.00315776095993996 0.00140381461169057 -0.000969374146729631 0.00701698258811723 0.900041843672841 0.999995011213205 0.000555135904065694 0.00128653162981272 0.0028292887561881 -9.66143302138339e-05 0.894791476808717 0.322000000000003 0.385999999999967 14.323 12.8720000000001

 8786 86 2000 5 0.9 2.112 0.352 762.149 1.08000000000004 0.99998802655025 -0.00234808980982016 -0.00318250689234337 -0.00257078242220507 -0.0013022895222385 0.901128263503174 0.999992754073847 -0.00332196319823166 -0.000569475280482393 -0.00135447243561073 0.00113906217493182 0.904932593453895 0.999988029369891 -0.00234740372893117 -0.00318241536667225 -0.00257057361543575 -0.00130199707287917 0.901061970363251 0.999992756325189 -0.00332109335669372 -0.000568960320931392 -0.00135333071450992 0.00114123450623336 0.904822925709472 0.508999999999901 0.390999999999963 13.747 19.7510000000001

 8782 82 2000 5 0.9 2.873 0.909 773.622 1.04099999999994 0.999981559879679 -0.00286505224946953 -0.00144548949218986 -0.00370857620094365 0.00358167543214336 0.899824943186692 0.999995568016486 0.00119681356450695 -0.00239733110373565 -0.000936015847790806 0.00089903425409394 0.904413549042572 0.999981558154983 -0.00286488531006778 -0.0014461590913023 -0.00370870382019101 0.00358188804243305 0.899769243959591 0.999995566438293 0.00119712766014714 -0.00239740421312195 -0.000935384054806853 0.000900832299480306 0.904309683456246 0.473999999999933 0.349000000000046 15.836 23.869

 8784 84 2000 5 0.9 2.716 0.686999999999999 779.199 0.792999999999893 0.999976250174761 0.0038082632710342 0.00154120864999779 -0.000580618429298297 -0.00550306963600742 0.900891103143126 0.999996537936597 0.00186289321396352 -0.000617883457762316 -0.00173532830698427 -0.000246169439233561 0.901138129423053 0.999976252807306 0.00380749544791513 0.00154127605365321 -0.000580935549305029 -0.00550307022370156 0.900826527971533 0.999996538573 0.00186262292662669 -0.00061719996076004 -0.00173542230950345 -0.000246680903525729 0.90107079675056 0.350999999999999 0.44500000000005 20.146 24.475

 8761 61 2000 5 0.9 2.711 0.813 779.579 0.730000000000018 0.999997025204052 0.00213413400982851 0.000511963286174281 -0.00100646911906101 0.000346364807533305 0.900176045697591 0.999992378034265 0.00271424846105566 -0.000535689954769332 -0.00257847249823826 -0.000970177569148205 0.902322891260317 0.999997025579803 0.00213386138122883 0.000513237574824482 -0.00100596983373473 0.000346524224218091 0.900116820728666 0.999992383601842 0.00271472025700498 -0.000535263347500615 -0.00257620668079628 -0.000969373260638151 0.902244358008619 0.451999999999998 0.388000000000034 20.164 25.341

 8762 62 2000 5 0.9 2.626 0.947 780.367 0.665000000000077 0.999978318593512 -0.000377994737927877 0.00515273934569435 0.000392376827882737 0.0040638381526459 0.900533098934501 0.999983668597831 0.00404168844910349 0.00193800948664466 -0.00136705535765744 0.00327147840938788 0.902793189734387 0.999978319041729 -0.000377757183688606 0.00515329556989736 0.000391727199383566 0.00406310725421516 0.900470853241613 0.999983666200186 0.00404168325453678 0.00193775392753013 -0.00136637046458821 0.0032726550040994 0.902709658238879 0.377999999999929 0.504000000000019 20.263 25.173

 8772 72 2000 5 0.9 2.819 0.589999999999999 781.138 0.669999999999959 0.999998923285825 -1.29770899447478e-05 -0.00120697036567688 0.000834232588914432 -2.31799290085771e-05 0.901480856771138 0.999997351370683 -0.00200176824740433 0.000643322309671707 -0.000737380335549004 0.000576699357427489 0.900530012842824 0.999998922310306 -1.23580963954537e-05 -0.00120760779053993 0.000834521612864445 -2.19683215238647e-05 0.901410899416454 0.999997352693734 -0.0020009519043764 0.000643432374753642 -0.000737116945397021 0.000577451632307121 0.900468266752817 0.552000000000021 0.535999999999945 20.129 25.49

 8785 85 2000 5 0.9 2.07 0.349 785.214 1.38999999999999 0.999995812309935 0.000281195921936525 0.00136575615128039 0.000706247435984927 -0.00243561411986267 0.900987030237579 0.999982384925737 0.000369856070741125 0.00205253834730579 0.0054508911369715 0.00108070202515176 0.899935910994792 0.999995814528237 0.00028044891097381 0.00136662423881241 0.00070559523292795 -0.00243449131725635 0.900920954703781 0.999982385561735 0.000369140918583238 0.00205329426914121 0.00545051675597027 0.00108081033484098 0.89987916419646 0.658999999999992 0.562000000000012 21.139 24.936

 8776 76 2000 5 0.9 2.065 0.352 790.429 1.52999999999997 0.999977821500134 0.00578204400592711 0.00177994496499717 -0.00194995788930691 -0.0019884504295048 0.899603010655384 0.99998932794951 -0.00238766406720709 0.000543855171121976 0.000151906786700608 0.0039146127868264 0.897802541817125 0.99997781945734 0.00578176707027582 0.0017800559387066 -0.0019509930752785 -0.00198916810853697 0.899549475649855 0.999989330060679 -0.00238796406504939 0.000544036162536317 0.000151356633977476 0.00391388659041833 0.89776180676289 0.514999999999986 0.565000000000055 22.915 23.489

 8768 68 2000 5 0.9 2.427 0.956 800.921 1.85800000000006 0.999976970550537 0.00620462293372547 0.00231158216698526 0.00147132065051394 -0.000229839618612916 0.901455550485363 0.999992457350436 -0.00282173256890841 0.00248542227727888 0.000695764603937157 -0.000679452180496429 0.90193714985524 0.99997697018982 0.00620536702217309 0.00231181702759803 0.00146799115081082 -0.000230247952043268 0.901385602516678 0.999992457957865 -0.00282169561754181 0.00248518694462027 0.000696373138192922 -0.000678948843300993 0.901862081326938 0.546000000000049 0.51400000000001 25.259 24.4929999999999

 8779 79 2000 5 0.9 2.845 0.460000000000001 804.878 1.48899999999992 0.9999829979262 0.00294291246176718 0.00139665217458154 0.000883706399079884 -0.00475516040475332 0.897097817508617 0.999987730807402 -0.00346856408141243 0.00199764822617353 -0.00231561058823389 -0.00177613260884843 0.897070935016065 0.999982993667612 0.00294327000078951 0.00139649929489965 0.000883778394680949 -0.0047558661388651 0.897061812866328 0.999987727064419 -0.00346914869301353 0.00199792884709118 -0.00231613427233476 -0.00177609972626405 0.897034701386046 0.692000000000007 0.684000000000083 24.169 23.747

 8766 66 2000 5 0.9 2.667 0.622000000000001 806.527 1.9799999999999 0.999988213113522 -0.00241589805222935 -0.00260316298754539 0.000224132457906695 -0.00330308609135689 0.898037631124295 0.999994079321023 0.000547422837948188 0.00252756775887404 0.00140068554563551 0.00178637408230557 0.900692638984339 0.999988218565522 -0.00241559953543572 -0.00260221781012084 0.000223233671173788 -0.00330245942209439 0.89799505667588 0.999994076163798 0.000547243820557886 0.00252795243037687 0.00140198140686939 0.00178663542922025 0.900630547337716 0.682000000000016 0.638000000000034 24.972 24.135

 8780 80 2000 5 0.9 2.891 0.416 812.933 2.30600000000004 0.999991480534387 -0.00212881609258275 0.000826433965889454 -0.00342927269187855 0.000253172654276677 0.90160120957708 0.999990196173224 -0.00148885106995264 0.000946926227459112 0.00372692383993768 0.00161376867577285 0.900954936277408 0.999991482173025 -0.00212820283619 0.000826526527032107 -0.00342917108630755 0.000252930120364291 0.901528964259903 0.999990196085121 -0.0014891680013846 0.000946536673222233 0.00372692158644525 0.00161376458029676 0.900889716898224 0.718999999999937 0.668000000000006 24.4350000000001 23.228

 8773 73 2000 5 0.9 2.84 0.827 823.241 2.13200000000006 0.999990376572668 -0.00237318531200983 0.00308269886757456 -0.00202770948270105 1.07458991299126e-05 0.901306509963747 0.999996450024637 0.000369807058037957 -0.000946942397060091 -0.000747028228102161 -0.0023470044284931 0.902930225806874 0.999990377087231 -0.00237267794940177 0.00308316348546331 -0.00202734219995158 1.09001203978727e-05 0.901237832526655 0.99999644870694 0.000370125942618811 -0.000948771334405955 -0.000746799344336067 -0.00234684980121371 0.902845888742328 0.682999999999993 0.646999999999935 24.235 20.681

 8765 65 2000 5 0.9 2.744 0.489000000000001 828.78 1.52499999999998 0.999979187301603 -0.00344257358895461 0.00368762471926379 -0.00354947374098985 0.00189111364094768 0.901964896670826 0.999980285241563 -0.00461036322158472 -1.77900830795475e-05 0.00318185391889465 0.00283710562349152 0.898974662217761 0.999979187062211 -0.00344107125317851 0.00368862563229217 -0.00355008940295949 0.00189086678687345 0.901890432016065 0.99998028288665 -0.00461017985913811 -1.797332741585e-05 0.00318298000148853 0.00283696931102383 0.898925554946327 0.656999999999925 0.625 24.846 20.15

 8788 88 2000 5 0.9 2.641 0.4 829.864 1.71500000000003 0.99999062198392 -0.000692468281978254 -0.000129016164290067 0.00282440074498613 -0.00320664110118868 0.899778857431206 0.999992361863154 -0.00323060619492606 -0.000391020848735063 -0.00215782458276898 -0.000174053811385171 0.901232398676799 0.999990626402342 -0.000692759824016107 -0.00012863350713748 0.00282384969140555 -0.00320570080003891 0.899724554691196 0.999992362449448 -0.00323057878775664 -0.000390078744757143 -0.00215783647180406 -0.000173158316906345 0.901164523163479 0.786000000000058 0.664999999999964 24.178 21.08

 8775 75 2000 5 0.9 2.118 0.35 835.483 2.04099999999994 0.999986664570457 -0.000654180766603162 0.00319263934490378 0.00377098297187713 0.00135257909786551 0.89659387042662 0.999985339421979 0.00389473136742039 -0.0011500799146962 -0.00339572556390519 0.00113946161427151 0.90058721446438 0.999986664952041 -0.000654141345305657 0.00319281306159491 0.00377082636554275 0.00135234258607656 0.896560184765548 0.999985341280375 0.00389384543228917 -0.00115051744051027 -0.0033959017780211 0.00113989159744742 0.90052654154541 0.621999999999957 0.638000000000034 22.9949999999999 20.331

 8763 63 2000 5 0.9 2.743 0.374000000000001 840.69 2.21600000000001 0.999990366205096 0.000461301684360799 0.000724129838923398 0.000502483803432628 0.00427525949588797 0.901322487515657 0.99998546522781 0.000890700516999554 -8.29575766465122e-05 -0.00207193570836829 -0.00489654839358787 0.902495602676402 0.999990367202197 0.000460319803706757 0.000724651084089379 0.00050104849780508 0.00427521224070157 0.901254283418296 0.9999854569871 0.000892040191016642 -8.37768207743811e-05 -0.00207185830350207 -0.00489800604463084 0.9024149541007 0.63900000000001 0.90300000000002 22.077 21.884

 8770 70 2000 5 0.9 2.69 0.44 862.33 1.25199999999995 0.999984121715368 -1.5876734433592e-06 0.00468650066309708 0.00311455674677012 -0.00030424074249584 0.901594944242701 0.999983118395968 -0.00175333019345471 0.00115263294180122 -0.00171834551673693 -0.00513882109974349 0.898380054689279 0.999984121124598 -2.10824562423843e-06 0.00468650462659785 0.0031147321184334 -0.000304322913654508 0.901523861749476 0.999983115864878 -0.00175352339421161 0.00115274672418682 -0.0017179464722076 -0.00513935558073146 0.898336390213209 0.672000000000025 0.488000000000056 21.6660000000001 17.753

 8783 83 2000 5 0.9 2.432 0.372999999999999 871.782 1.51800000000003 0.999995291300722 0.00302271236009308 -3.33866332790058e-05 -0.000528196216581352 2.1919418413594e-05 0.898882402381178 0.999979474100347 -0.000711938626978139 0.00588832574189799 -0.00203831080206287 -0.00131050769391766 0.903382306304334 0.999995293033605 0.00302221320534942 -3.38542124576933e-05 -0.000527739947143053 2.19639638548799e-05 0.898834029743562 0.999979469424697 -0.000712637317243494 0.00588930190326702 -0.00203736593484428 -0.0013107785070662 0.903292031620228 0.711000000000013 0.599000000000046 21.048 17.247

 8764 64 2000 5 0.9 2.997 1.153 872.775 1.58100000000002 0.999980339866081 0.00227391408303408 -0.00354492526737232 -0.00462808470682228 0.000404391958100883 0.895622043518508 0.999985751622477 -0.000999744630324449 -0.00140720015358502 0.00266424104525192 -0.00429169780912083 0.899809431392612 0.999980340976035 0.00227392651516651 -0.00354491003468567 -0.00462788496089136 0.000403996648371349 0.895593336863691 0.999985750275102 -0.000999566861510804 -0.00140631462297505 0.00266451356332023 -0.00429217421391674 0.899753260663021 0.629999999999995 0.475999999999999 20.4390000000001 17.1869999999999

 8781 81 2000 5 0.9 2.812 0.388 873.07 1.92899999999997 0.999990783306375 0.00240207170013524 -0.000563281391824149 -0.00302609787462004 -0.00178572102429849 0.901299620771168 0.999974934459314 -0.00103777443156745 0.00541636622310854 0.00408735868183067 -0.00173492168778481 0.897695922555146 0.999990782853641 0.00240168700950527 -0.000563543025938171 -0.00302571130499655 -0.00178706396827013 0.901230852864509 0.999974930947465 -0.00103821214195379 0.00541687048183187 0.00408774488571865 -0.00173419955417745 0.897655743766937 0.638000000000034 0.639999999999986 21.021 16.207

 8777 77 2000 5 0.9 2.668 0.362 872.708 1.1690000000001 0.999982833780418 0.000481795246799988 -0.00529218212051708 -0.00147550340818958 0.00197881679841194 0.899277480072022 0.999988777276312 0.00365611426381891 -0.00278888196319709 0.000255308732369721 -0.00111135267235778 0.904605719025408 0.999982832133589 0.000481800484522648 -0.00529257642374189 -0.00147501956154698 0.0019789538832965 0.899225851044451 0.999988775784498 0.0036570978237875 -0.0027880626555568 0.000254000757038995 -0.0011118141803209 0.904499807654979 0.769999999999982 0.658000000000015 21.049 17.674

 8771 71 2000 5 0.9 2.674 1.393 878.548 1.49400000000003 0.999995322011309 -0.00284309984722221 0.000339571798335477 -6.87819878731404e-05 -0.00107363810913011 0.897912046238496 0.999985838494557 -0.00526369700911094 -0.000770955856147748 0.000136505568115601 -5.74232709756308e-05 0.902391300261478 0.999995320068824 -0.00284356313154722 0.000340034558893128 -6.88724979251881e-05 -0.00107406808244618 0.89787027972304 0.999985841783103 -0.00526305559652028 -0.000771157621763171 0.000135901524699878 -5.7669971158256e-05 0.902312202210893 0.698000000000093 0.619000000000028 19.1079999999999 15.253

 8787 87 2000 5 0.9 2.963 0.383999999999999 912.51 1.03599999999994 0.999976766715945 0.00325816492123111 0.00055012949103712 -0.000188653485121386 -0.0059592077557119 0.900344716150651 0.999992756133684 -0.00214491655252195 -0.00296649797466916 0.000404144374408199 0.000961025614133035 0.9006743228054 0.999976763730618 0.00325823661014903 0.000551221179720748 -0.000188341714002406 -0.00595957847857169 0.900284345689827 0.999992753240283 -0.00214631256837341 -0.00296630878015815 0.000404603960488546 0.000961310112414962 0.900612480281366 0.468999999999937 0.423999999999978 8.56200000000001 8.322

 8774 74 2000 5 0.9 2.749 1.225 925.419 0.751999999999953 0.999974141441425 0.00418524845930051 0.00209340408379475 0.004464959164317 -0.00314355576089518 0.901420199418475 0.999996763645934 -0.000910306460611499 -0.00164753911863991 -0.00130480819126469 -0.00110775910867096 0.899809977725318 0.99997414219512 0.0041849215695283 0.00209415904144487 0.00446464425195667 -0.00314369562815882 0.901349635782609 0.99999676373179 -0.000910095028759435 -0.00164744836761306 -0.0013047046499801 -0.00110811219505606 0.899755231336767 0.34699999999998 0.33299999999997 8.20300000000009 5.95799999999997

 8767 67 2000 5 0.9 2.843 1.345 945.287 0.325999999999908 0.999992428656642 -0.00272102660943387 0.00144540036738002 0.000439599539458907 0.00233585393491889 0.897924990030554 0.999980817763807 -0.00201713380203729 -0.00337179030292664 0.0015909726166415 -0.00451609476635425 0.901228207329408 0.999992427527063 -0.00272094444377761 0.00144512970093422 0.000439768132741922 0.0023365688524084 0.897882972403983 0.99998082214403 -0.00201673265077122 -0.00337064607439227 0.00159084733648439 -0.00451620231584897 0.901160384596179 0.202999999999975 0.176999999999907 5.73199999999997 5.79499999999996

 8795 95 2000 5 0.9 0.923 2.196 859.291 0.31899999999996 0.999974086154803 -0.000500803126742797 0.00398498914939752 0.00524690669612922 0.00285762955886277 0.898972991793214 0.999971875737328 -0.00458886557989763 -0.00460420492933382 0.00072023256457048 -0.00367050528966472 0.900252327641506 0.999974087294254 -0.000500856513603942 0.003984978741199 0.00524724844955514 0.00285660828924466 0.898923814168223 0.99997187142328 -0.00458857934885929 -0.00460470266842111 0.00072080085008872 -0.00367130239171078 0.900193661613022 0.254000000000019 0.19500000000005 6.60000000000002 8.28999999999996

 8799 99 2000 5 0.9 1.273 2.605 828.904 0.437999999999988 0.999993648106064 -0.00165588231984522 -0.000922445858776588 -0.00296634966289419 0.000558269274938069 0.896780188792731 0.999992283919583 -0.00287021766531573 0.00119845710014299 -0.00134763877273239 0.00198532671527136 0.901467498690825 0.999993647636031 -0.00165625369128455 -0.00092292081997658 -0.0029661826911949 0.000558111724588888 0.89674572838317 0.999992286262881 -0.00287013099362114 0.00119855941971504 -0.00134780824002252 0.00198409452437743 0.901398405201766 0.347999999999956 0.30499999999995 7.78699999999992 7.73099999999999

 8794 94 2000 5 0.9 0.746 1.227 897.942 0.47300000000007 0.99999041592221 0.00327980094309581 -0.00277369345458759 -0.000805722130950244 -0.000261545345546531 0.90144713802637 0.999991191174383 0.0013447158980851 0.00152421062261995 0.00354717360610491 -0.000950607267688864 0.900345195839789 0.999990422835091 0.00327855202187068 -0.00277240593352192 -0.000806398236866427 -0.000262339396723025 0.901376508401438 0.999991191093279 0.0013451893334912 0.00152457443248077 0.00354713421684364 -0.000949585777506545 0.900286047368799 0.341999999999985 0.326000000000022 8.26599999999996 9.72699999999998

 8793 93 2000 5 0.9 0.701 1.152 921.519 0.466000000000008 0.999995122038845 0.00202649847679955 0.00176046653886277 -0.0015941382326856 -9.31842281801368e-05 0.897481173945451 0.999989006454705 -0.0027134772636166 0.00301662724789545 -0.000283922734810923 0.00233310068372029 0.898218431250919 0.999995122268543 0.00202668372006045 0.00175976899059549 -0.00159451729505083 -9.33804964403544e-05 0.897441910320659 0.999989004289919 -0.00271328359102394 0.00301729554210854 -0.00028421672522867 0.00233335378282389 0.898175750475924 0.394999999999982 0.288999999999987 9.02800000000002 8.62899999999991

 8797 97 2000 5 0.9 1.078 1.563 886.849 0.660999999999945 0.999957043020723 0.00251898123713728 -0.00138057537784458 -0.00809839259639351 0.00347518283832005 0.899168641681239 0.999988121927562 -0.000647037984230197 0.00405526407505193 0.00236943776493369 -0.00113046167278681 0.898729902272131 0.999957039435933 0.00251976082572095 -0.00138035327304021 -0.00809855460672635 0.00347535984161771 0.899118717305075 0.999988122549257 -0.000646514639953059 0.00405540431466831 0.00236929857133845 -0.00112999971568884 0.89868345114314 0.437999999999988 0.341999999999985 9.09699999999998 6.42700000000002

 8796 96 2000 5 0.9 0.986999999999998 1.631 908.657 0.32000000000005 0.999994646761121 0.00136855709540885 -0.0011625938667075 0.000778716179645784 0.00262211311554864 0.897977712370547 0.999974047776108 -0.000206834467358464 0.00161198856525301 -0.00178176796500045 0.00678879882998294 0.896097082899814 0.999994646818436 0.00136880476590703 -0.00116219937243658 0.000778310943667019 0.0026222571724124 0.897935307145566 0.999974043040782 -0.000206849889169986 0.00161184646766633 -0.00178224488475452 0.00678940438712065 0.8960659541588 0.268000000000029 0.34800000000007 9.81400000000008 10.191

 8798 98 2000 5 0.9 0.933 1.364 895.113 0.316000000000031 0.999990098212364 -0.000970454860506886 -0.000686482860876447 -0.0033392528345733 0.00269069254645762 0.90393804383026 0.999997727963466 -0.00094453588823838 -0.00182744504428067 0.000227699301418948 -0.000510409150024703 0.901168408411999 0.99999008749723 -0.000971837066004322 -0.000685955764661233 -0.00334218005542239 0.00269067596812759 0.903841266821921 0.999997728479891 -0.000943272657979477 -0.00182768558550007 0.000227594011224113 -0.00051091889565104 0.901100743771762 0.245000000000005 0.267000000000053 9.83699999999999 10.665

 8800 100 2000 5 0.9 1.186 1.726 862.117 0.531000000000063 0.999987020110577 -0.00339984743724368 0.00319936382511179 0.000890904544871552 -0.00183603049471716 0.901577177984832 0.9999904699022 0.00247216893295801 0.00287603454727863 -0.00147410604564899 -0.00158237865026845 0.901363600641974 0.999987016134317 -0.00339961313022807 0.00320023396180512 0.000891567826071371 -0.00183679142847768 0.901507127617377 0.999990466731467 0.00247298099280973 0.00287681281415205 -0.00147421011000951 -0.00158160164924009 0.901295005186218 0.399000000000001 0.333000000000084 10.581 7.79699999999991

 8807 7 5000 5 0.9 2.195 2.806 1947.988 0.822999999999865 0.999993613249614 -0.00153232412369581 0.00217781265869429 -0.00233578089018033 0.000476132774130473 0.902277690698029 0.999995231304567 -6.51236686641235e-05 0.00190379986418834 0.000116459235886785 0.00242798483436867 0.899490575051263 0.999993612012191 -0.00153151203520456 0.00217772026302393 -0.00233691536527804 0.000476200304210693 0.90219945921922 0.9999952310024 -6.50549636491911e-05 0.00190409904897055 0.000116465953126898 0.00242787619148952 0.899438204245877 0.253000000000156 0.198000000000093 6.61499999999978 7.202

 8819 19 5000 5 0.9 0.985 1.073 1911.912 1.25199999999995 0.999996781464421 -0.00127332692466035 0.000151897018568723 -0.000912273118199134 -0.00199007145498831 0.899521570465677 0.999996630093256 0.000780198651266696 0.00123130636227907 0.00159478348848375 0.00143932013914494 0.900769194845576 0.999996781087087 -0.00127337022525644 0.00015200919595167 -0.000912200489897606 -0.00199025807496927 0.899468537747166 0.999996627871139 0.000781181743209808 0.00123167963402384 0.00159512554263639 0.00143963232036716 0.900705060724115 0.175999999999931 0.211999999999989 8.08899999999994 10.451

 8801 1 5000 5 0.9 2.774 3.68 1989.704 1.19800000000009 0.99999715361318 -0.000226600109959912 0.00193343501165635 -0.00134265687006944 -0.000317048125872916 0.898163971886107 0.999987773386806 -0.00267137104800561 0.00243596226414855 0.00162597318650985 0.00295620578902824 0.899746362547341 0.999997154079606 -0.000226665200122285 0.00193315892459044 -0.0013426229151988 -0.00031735761449632 0.898121070559619 0.999987773768617 -0.00267183792320734 0.0024353260753863 0.00162577868943788 0.00295628583802637 0.899691086847836 0.301999999999907 0.287000000000035 9.13400000000001 11.2339999999999

 8811 11 5000 5 0.9 1.866 2.765 1952.172 1.56600000000003 0.999992341123618 -0.000301476428577508 0.00176508224958217 0.00303958460010534 -0.00169476139314986 0.900302050210397 0.999997648143888 -0.000688675198848989 -6.2465179923776e-05 -0.00205176039243746 -0.000125740033891188 0.900989949576645 0.999992341139067 -0.000302070084586181 0.00176487443357312 0.00303964311675071 -0.00169475804416792 0.900242616711932 0.999997646158599 -0.000689599573511182 -6.27005772482618e-05 -0.00205241299510321 -0.00012569496828105 0.900924688607576 0.33400000000006 0.256999999999834 11.203 11.5710000000001

 8803 3 5000 5 0.9 2.931 3.765 2002.325 2.02200000000016 0.99999732843837 -0.000471234997914635 -0.00112326536006239 -0.00121260161891373 0.0015456150700869 0.899503872346239 0.999998573266104 0.00134987368781438 0.000186942824156096 0.000286219599072838 -0.000956262257251206 0.899338724560632 0.99999732799829 -0.000471097471462737 -0.0011229392316005 -0.0012125454882604 0.00154622261485156 0.899450829937818 0.999998572814546 0.0013497934535373 0.00018704919321456 0.000287052015542587 -0.000956577358656399 0.899287506410801 0.311000000000149 0.319999999999936 11.2840000000001 11.0050000000001

 8802 2 5000 5 0.9 2.934 3.768 2009.848 1.87900000000013 0.999994775931046 0.000842776347706775 -0.00279291112300471 -0.000998909541000908 -0.000969363622885408 0.899754641768213 0.999997210829445 0.00147897345788554 -0.00151438466985131 -0.000390987282819936 0.00097197677802035 0.900515398612427 0.999994777524197 0.000842593894895864 -0.00279258579565966 -0.00099841419466396 -0.000969326327716998 0.899700324695834 0.999997213758078 0.00147764401765113 -0.0015140799912145 -0.000390616533760785 0.00097160935664964 0.900454607873327 0.311999999999898 0.335000000000036 10.9159999999999 13.8040000000001

 8812 12 5000 5 0.9 1.798 2.266 1975.56 1.55999999999995 0.999995219130629 0.0014784128242872 0.00153139687775137 -0.00104470344787796 -0.00198479966648065 0.898033985771035 0.999996799614332 -0.00178923014674636 -0.00087977063835113 0.000796687247042432 0.00133817399125196 0.898139501822118 0.999995219486459 0.00147863841354549 0.00153112337273379 -0.00104510241585002 -0.00198445328221444 0.897991888123689 0.999996799341413 -0.00178918769015139 -0.000879727614743426 0.000796949686884032 0.00133830671350085 0.89809649912531 0.340000000000146 0.296999999999798 13.489 17.095

 8817 17 5000 5 0.9 1.091 0.913 1953.398 1.41799999999989 0.999995921438559 -0.00081168661021862 0.00168826995947818 0.00196484011810263 -0.000887366298558392 0.899233714451711 0.999996160606348 -0.000837715047892348 -0.00191139025801372 0.00174091200020629 -0.000541127295611399 0.898488139174709 0.999995921056454 -0.000811411055109205 0.00168872126490286 0.00196484012164116 -0.000887190136765932 0.899182543818246 0.999996159423192 -0.000838461888887166 -0.00191164786145231 0.00174105414731598 -0.000540789641354859 0.898442882535568 0.366999999999962 0.400000000000091 13.8800000000001 17.9360000000001

 8804 4 5000 5 0.9 2.56 3.822 2021.262 1.76499999999987 0.999994483402073 0.00130323660080913 2.31148075128535e-05 0.00253135807607453 0.00171068167110379 0.900067019341281 0.99999591949164 0.00203144658750831 -0.000112020778919069 -0.00078219383080439 -0.0018465776418187 0.90038218378231 0.99999448250512 0.00130321827793193 2.24612061427646e-05 0.00253169000648135 0.00171073745605229 0.900010600811372 0.99999592016623 0.00203113687143786 -0.000112252910782572 -0.000782353047449131 -0.00184647147231855 0.900321699795782 0.313999999999851 0.369999999999891 13.3809999999999 17.9049999999997

 8805 5 5000 5 0.9 2.53 2.5 2028.882 2.37599999999975 0.999999017194547 -0.000415046686578721 0.0010335351109251 0.00084866512574549 7.01346355956739e-05 0.899557631929822 0.999996388017187 -0.000928172375186718 -9.7837943924429e-05 -0.00240306415860076 0.000760367679463055 0.90000388685752 0.999999017425101 -0.000414631760278094 0.00103317447841915 0.000849036037779611 7.01258819710093e-05 0.899504070672173 0.999996388987307 -0.000927518168446994 -9.78299579868133e-05 -0.0024029375450901 0.000760291291300946 0.899946465451548 0.302000000000135 0.403999999999996 18.268 15.4049999999997

 8808 8 5000 5 0.9 2.337 3.36 2011.857 2.202 0.999988550417932 -0.00150842458491468 0.00435307750695791 -0.00109954723746904 -0.000682202613214048 0.899597641868601 0.99999804041398 -2.93043091261134e-05 0.000370541285861839 -0.00184483864927125 0.000614474549256474 0.899983815688747 0.999988550774563 -0.0015087696258987 0.00435293793950761 -0.00109901418691847 -0.000682666182199645 0.899544593811131 0.999998039956484 -2.90181800121668e-05 0.000370724637831974 -0.00184503090694317 0.000614544815553257 0.899928051666403 0.348999999999933 0.36200000000008 17.6220000000001 15.002

 8815 15 5000 5 0.9 1.732 1.991 1982.462 2.08799999999997 0.999997273310079 0.000656104909144473 0.000519823665965132 -0.00199953663162499 0.000868639954791315 0.898681226648417 0.999989815027508 -0.00342728496724299 -0.00173158000818254 0.00110212738690638 0.00210012021115955 0.900996498541053 0.999997273721994 0.000656787286205891 0.000520209596055526 -0.0019990364889471 0.000868570165090072 0.89863461632195 0.999989817001974 -0.00342698183656552 -0.00173175610188043 0.00110128997405725 0.00209996882064558 0.900930829456289 0.423999999999978 0.31899999999996 17.539 15.9179999999999

 8810 10 5000 5 0.9 2.336 2.279 2019.295 3.25099999999998 0.999989296874343 0.00241673666258563 0.000356425461963879 -0.00391608222540155 -0.000320595625751692 0.900523946302472 0.999994193726677 -0.00142153161654142 0.00294812543243564 0.000638206918281074 0.0007021461101859 0.901555382020662 0.999989296281494 0.0024161909783119 0.00035676950485192 -0.00391650874751064 -0.000320964717443235 0.900462905613909 0.99999419461671 -0.00142150013919964 0.00294799461107492 0.000637712605159217 0.000701940623250172 0.901484534781396 0.447000000000116 0.333000000000084 15.9719999999998 14.3710000000001

 8816 16 5000 5 0.9 0.997999999999999 0.772 2002.082 2.86000000000013 0.999996481276575 -0.0015029961484585 0.00155717253794408 -0.000129825327078437 0.0015286582735718 0.901317980677965 0.999995367305918 8.79866242989189e-05 -4.46010069796908e-05 -4.40207912751993e-05 0.00304198914783123 0.900302926323837 0.999996482427753 -0.00150258030228035 0.00155717343345196 -0.000130125686813602 0.00152828752550269 0.901250521940522 0.999995365731002 8.80390136161463e-05 -4.4771112737352e-05 -4.37432191238265e-05 0.00304250681686178 0.900244077073974 0.41800000000012 0.490000000000009 14.992 14.5520000000001

 8813 13 5000 5 0.9 1.767 2.539 2020.155 2.58300000000008 0.999998050014806 -2.46859150498795e-05 -0.000421927932528369 7.85358736709162e-05 0.0019274766218304 0.89985218000108 0.999999004231693 -0.000294976361535493 1.25387195830459e-05 -0.00135636890987978 0.000254225745935238 0.899006557039685 0.999998049159564 -2.38951273724426e-05 -0.000422420542612414 7.8590744248667e-05 0.0019278201337376 0.899796571006006 0.999999004272671 -0.000295155636866233 1.21917748189912e-05 -0.00135628412888084 0.000254325655099486 0.898957094613386 0.451000000000022 0.473999999999933 14.9839999999999 15.739

 8818 18 5000 5 0.9 1.025 0.91 1998.919 3.48599999999988 0.99998936213083 0.00164214933304436 0.00121581447507937 -0.00101393358303444 0.00400907777373331 0.899444500861393 0.999993816040655 0.00031092399980246 0.000793728823327846 -0.00339825349096385 -0.000305081104754334 0.901720996163876 0.999989364083034 0.00164207337230304 0.00121582103060848 -0.00101375283112566 0.00400866564687917 0.899392312890424 0.999993816589039 0.000311117863113336 0.000794395256815182 -0.00339794484741802 -0.000304789028925486 0.90164812088331 0.498999999999796 0.567999999999984 14.5220000000002 14.9540000000002

 8806 6 5000 5 0.9 2.002 2.137 2074.574 2.08699999999999 0.999998034826445 -0.000848146573286133 -0.000272551372887143 -0.00175304014260707 -0.000252104432912468 0.89976258099247 0.999993511441491 -0.00219226609963733 0.00222797412676678 -0.000445888838375655 -0.00173446207805861 0.900908694937025 0.999998033846905 -0.00084837253138967 -0.00027249863808687 -0.00175353809591482 -0.000251823373481024 0.899707780944905 0.999993508675042 -0.00219240719415701 0.00222873401040886 -0.000445837880728322 -0.0017349154931362 0.900844411164038 0.423000000000229 0.383000000000266 14.4580000000001 9.77300000000014

 8824 24 5000 5 0.9 0.419 0.557 1987.537 2.55700000000002 0.999995415590492 -1.23352994288134e-05 -0.00195319396145555 -0.000317305829390454 -0.00229194157865317 0.898088318002596 0.999999280850773 -0.000162953005441417 -0.000478688387521248 -0.00044423248668125 0.000992602226651048 0.89863763180459 0.99999541593751 -1.23011493915462e-05 -0.00195279403536427 -0.000316848396644258 -0.00229219440674392 0.898046246017539 0.99999928047618 -0.000162965572371607 -0.000478661055466847 -0.000443866712425223 0.000993154207994447 0.898591026871931 0.36200000000008 0.429000000000087 11.3019999999999 9.15699999999993

 8814 14 5000 5 0.9 2.001 2.411 2064.261 1.39499999999998 0.999977280988207 -0.00307427258696555 0.00523484361162848 -0.0015395777265665 -0.00249248235282853 0.899439268133603 0.999998041925064 0.000968086684536892 0.000823899239984895 -0.000415246267154405 -0.00145866884177416 0.90060173454735 0.999977281492136 -0.00307395170386419 0.00523511979499033 -0.00153899327492155 -0.00249245681046271 0.899387371892848 0.999998040931295 0.000967975610008438 0.000824828634248584 -0.000415249657176321 -0.00145889761036068 0.900539766949176 0.286999999999807 0.31899999999996 6.90700000000015 7.65200000000004

 8822 22 5000 5 0.9 0.821 0.904999999999999 2043.189 1.13400000000001 0.999998664061543 -0.00113299904586244 -0.000851147077608218 -0.000144540400817362 -0.00080177616294286 0.900355247636507 0.999992808421267 0.00250250346589438 -0.0017926454499808 0.00185725106265605 0.00120732055873484 0.899095114961489 0.999998664551995 -0.00113277768278389 -0.000851107539002981 -0.000144518677589347 -0.000801523086042468 0.900295236091353 0.999992808803711 0.00250213028631874 -0.00179292240530183 0.00185718911467826 0.00120746127698444 0.899045459643444 0.268000000000029 0.317999999999756 9.93499999999995 13.6889999999999

 8823 23 5000 5 0.9 0.44 0.678 2039.053 1.12999999999988 0.999997948729354 0.00145458986986205 0.00087796653133602 0.000799371962132694 0.000759529216247528 0.899052636449449 0.999996468197359 -0.000265299291010199 -0.000535536047291151 0.00256089939072836 -0.000384973436352177 0.900980770978166 0.999997949562231 0.00145470623167416 0.000877770102797136 0.00079839472708879 0.000759464692571833 0.899003609298227 0.99999646976918 -0.000265046689557109 -0.000534787696517197 0.00256045400997486 -0.000385067282564181 0.900915244321872 0.269999999999982 0.327999999999975 9.7529999999997 13.4050000000002

 8821 21 5000 5 0.9 1.099 1.033 2063.603 1.5329999999999 0.999996363151573 -0.0012773081834563 0.00097338090804779 0.000782182580717339 -0.00202061561174951 0.901497972886744 0.999992230665806 0.000529018866689174 -0.00321921165311177 -0.00219366589117048 0.000288536572715606 0.899245732232622 0.999996362246833 -0.00127765328503965 0.000973165897274887 0.000782084989419421 -0.00202098648946952 0.901427610384361 0.999992231516326 0.000529273099495712 -0.00321917770863194 -0.00219323886264218 0.000288747564754338 0.899195039620982 0.278999999999996 0.25 13.7269999999999 9.98900000000003

 8809 9 5000 5 0.9 2.415 3.18 2106.122 1.61500000000024 0.999995824046823 0.00106156955750604 -0.00218801224594731 -0.00149212853194335 0.000459471268633856 0.897219362708998 0.999996623233537 9.39445980859457e-05 0.00217437484670103 -0.00128965481239515 0.000594626291566498 0.901658699709942 0.999995824498287 0.00106128736732865 -0.00218781665681484 -0.00149228359298178 0.000459568350734134 0.89718235295142 0.99999662387433 9.36514464704602e-05 0.0021739037142285 -0.00129027897835285 0.000593963085340368 0.901588118728255 0.347000000000207 0.295000000000073 13.3879999999999 9.04799999999977

 8820 20 5000 5 0.9 1.24 1.289 2118.907 0.804000000000087 0.99999735080672 0.00126758756217648 -0.00100886511880664 -0.00160389489108566 -0.000318298075239679 0.898710648953589 0.999995630093759 -0.000342642804614732 -0.00016056926330973 0.00233468292339137 -0.00177365793006563 0.899570688103597 0.99999735036371 0.0012679491854615 -0.00100929906247807 -0.00160371199180654 -0.000317795016690053 0.898663996864449 0.999995628645322 -0.000342651737015303 -0.000160539113712215 0.00233483641432838 -0.0017742734137295 0.89951729758957 0.279999999999745 0.216000000000349 6.08099999999968 6.38799999999992

 8760 60 2000 5 0.9 0.643000000000001 0.458 1177.849 0.480999999999995 0.999981515736154 0.00237518498760084 0.0011152440550929 -0.0051172585682463 -0.00197397511156416 0.901786143698023 0.999995198768313 0.000489000208272457 -0.00285253659030723 -0.000132043833661068 0.00109950832004197 0.90235052268564 0.999981519965717 0.00237450240419521 0.00111742379579724 -0.00511659675453418 -0.00197313636099401 0.901710931796586 0.999995199970874 0.00048917438155889 -0.00285191960512123 -0.000132018757209985 0.00109994056627545 0.902273159590276 0.159000000000106 0.163999999999987 6.92200000000003 5.48199999999997

 8828 28 5000 5 0.9 0.429 0.556999999999999 2010.46 0.813000000000102 0.999995963156794 -0.000525974216669224 -0.000444147975915832 -0.0013992383206931 -0.00237526544541017 0.901300289657626 0.999996671967242 0.000545834450411279 0.000918798828307443 -0.00173638400903955 -0.00158079046029846 0.901211254514965 0.999995961713814 -0.000526574718644371 -0.000444263609792711 -0.00139962687764892 -0.00237548933449769 0.901232596226427 0.999996671215535 0.000546230864861274 0.000919190784294567 -0.00173597877171515 -0.0015813461659432 0.901144344212338 0.141999999999825 0.139999999999873 6.36899999999991 6.41799999999989

 8829 29 5000 5 0.9 0.983 1.038 2020.98 0.826000000000022 0.999997109679326 -7.09664308183744e-05 -0.00239424276736611 8.42716163393975e-05 0.000189991116863342 0.899624056643239 0.999994565433036 0.000157751097033838 0.00314728630682607 -0.000784559784090695 -0.000568571748580719 0.899123853261969 0.999997109199611 -7.14241799837181e-05 -0.00239446965119684 8.40375913070807e-05 0.000189588452295489 0.899569812243763 0.999994565971666 0.000158360393305222 0.00314725051174983 -0.000784512323597128 -0.000567718024958085 0.899073784535184 0.202999999999975 0.170999999999822 6.99199999999996 8.76200000000017

 8827 27 5000 5 0.9 0.737 0.736000000000001 2037.005 1.02999999999997 0.999998441880773 0.00107571070552403 -0.000242762304931707 -0.00137490500415747 -9.89201571489762e-05 0.900955914539969 0.999998190683644 -0.000419202474568943 0.000103042342256057 0.00163330217875327 -0.000874416944064205 0.898130992012106 0.999998441469727 0.00107572656907059 -0.000243076142847749 -0.00137512027776229 -9.91396796661373e-05 0.90089106227975 0.999998191661984 -0.000419373091672045 0.000103036905758745 0.00163303026183009 -0.000873724517674231 0.898087791483171 0.274999999999864 0.274000000000115 8.55099999999993 8.28400000000011

 8831 31 5000 5 0.9 0.4 0.555 2014.614 1.14400000000001 0.999998617563621 0.000926336000685728 0.000525472941119773 -0.000682098195111223 -0.00107953355742726 0.898855425575668 0.999997612179144 -0.00101617354093516 -0.00107894184788472 -0.00159800229032536 -0.000159061353670739 0.899318677324575 0.999998618245014 0.000926132414434683 0.000525278233115692 -0.000682048219107168 -0.00107920332550904 0.898807504876997 0.999997612800115 -0.00101616590106779 -0.00107863435692336 -0.00159785725710361 -0.000158748360407325 0.899267806984616 0.20900000000006 0.210000000000036 7.9079999999999 6.33199999999988

 8832 32 5000 5 0.9 0.403 0.567 2034.857 0.850999999999885 0.999996875634296 0.00019533154997465 0.00069673107706994 0.00239138048364187 8.02023723969567e-05 0.900440108987352 0.999998665873903 0.00131108618394567 -0.000239412737872288 -0.000171035218028562 -0.000928833637899934 0.899814529844648 0.999996874676632 0.000194301904616757 0.000697067355687106 0.00239176284945591 8.03200581923114e-05 0.900380020761505 0.99999866670616 0.00131044997886375 -0.000239448827975321 -0.000170592625950061 -0.000928907513674317 0.899759881439224 0.110000000000127 0.117999999999938 6.43700000000013 6.24699999999984

 8826 26 5000 5 0.9 1.029 1.097 2105.142 0.946999999999662 0.999990671985725 0.000210996928419527 0.00183166534395701 -0.003889977393377 -0.000352845265022583 0.899065652485789 0.999992622815087 0.000244768849174753 -0.00328108422606033 -0.00190225279146739 0.000557067529983948 0.897778283399856 0.999990669055541 0.000211445831116628 0.00183170753189708 -0.00389067350057225 -0.000352986885300235 0.899016542993139 0.999992624657422 0.000244739336539876 -0.0032805373265146 -0.00190220158262446 0.000557169100035788 0.897737999299635 0.180000000000291 0.188000000000102 8.40299999999979 8.45200000000023

 8825 25 5000 5 0.9 1.077 1.137 2109.742 0.809000000000196 0.9999980857483 0.00142823227130881 0.000782189229028887 0.000899258364988526 -0.000606767433102459 0.901933464806949 0.999994299308522 0.00280704169524637 0.00108310565764611 -0.000762591661787556 0.00132936205378678 0.90026625702513 0.999998085706256 0.00142821625767144 0.000781934641245858 0.000899719466245928 -0.000606518955666162 0.901858663450037 0.999994299521744 0.00280725630429873 0.00108278258601359 -0.000762013050401098 0.00132934346274334 0.900207603677952 0.264999999999873 0.248000000000047 8.83500000000004 8.78999999999996

 8830 30 5000 5 0.9 0.503 0.663 2074.435 1.63100000000031 0.999986241296491 0.00207099796959292 0.00116453056315026 -0.00331036550862787 -0.00330356381701781 0.897773154197463 0.999991463485178 0.00285860181512958 -0.00263618957989531 0.000743679087723996 -0.00118270805719061 0.897022526529176 0.999986239191628 0.00207133977764766 0.00116409394064573 -0.00331060079353788 -0.00330390474952919 0.897732227263788 0.99999146230032 0.00285868003409015 -0.00263631076694443 0.000743589490334938 -0.00118330686651139 0.896986490817601 0.311999999999898 0.321999999999662 6.78499999999985 6.14400000000023

 8844 44 5000 5 0.9 1.445 1.439 1952.75 0.811999999999898 0.999997452746805 0.000303802322826899 0.00040820467293202 0.00215966331219387 0.000414037888104052 0.899747561387997 0.999997166297648 -0.000132728060937326 0.00126973301196145 -0.00199526489955372 -0.000237646787231972 0.899713721904479 0.99999745294556 0.000304497034996626 0.000408544368409211 0.00215945710598205 0.00041378793427688 0.89969354307859 0.999997165845192 -0.000132463256656922 0.00126980601517996 -0.00199552588713434 -0.000237116398275697 0.899659434533838 0.25200000000018 0.230999999999995 6.17499999999995 6.43599999999992

 8839 39 5000 5 0.9 1.459 2.025 1984.228 1.11000000000013 0.99999781692597 -0.00141682863457302 0.000973845371603158 0.000860376074697878 0.000818607424790278 0.900531273988671 0.99999458863479 -0.00105297144852571 -0.00231080295314007 0.00138616819626537 -0.00156610335201534 0.898251352163622 0.99999781609157 -0.00141747085892475 0.000973728552054428 0.00086035535326524 0.000818675654550358 0.90046966531853 0.999994587985661 -0.00105303163180304 -0.00231100782160354 0.00138627893000251 -0.00156607705661943 0.898207585204804 0.259999999999991 0.270999999999958 8.63499999999999 8.80099999999993

 8837 37 5000 5 0.9 1.044 1.632 2016.465 1.02400000000011 0.999998170370425 -0.00166969579062197 -0.000217193298105647 -0.000399319435512593 -0.000815317624378152 0.901985357401668 0.999994169413014 0.00101500696508767 0.000575957119600609 -0.000142509740391334 -0.00320606693729484 0.899713599582164 0.999998169939375 -0.0016700128693021 -0.000217249171154279 -0.000399325288105025 -0.000815179139580855 0.901909537565338 0.999994168641512 0.00101464711429373 0.000575586358297419 -0.000142270926564268 -0.0032064986406938 0.899659557111996 0.261999999999944 0.313000000000102 9.19399999999996 9.15899999999988

 8841 41 5000 5 0.9 1.61 2.273 1997.104 1.51300000000015 0.999997808745141 0.000177592527569289 0.000604202143767858 -0.00135349031277883 -0.00146764081190911 0.899541473384117 0.999985879846297 0.00276574524615978 -0.000113845833908128 0.00331551411330346 -0.00309599201408422 0.899414216663184 0.999997809399933 0.000177622861326855 0.000604585707177221 -0.00135334890376948 -0.0014671633590084 0.899488654744323 0.999985877908837 0.00276612826498406 -0.000113740742965752 0.00331565313116502 -0.00309613059668789 0.899362314088086 0.288999999999987 0.259999999999991 10.627 11.0830000000001

 8834 34 5000 5 0.9 1.225 1.455 2060.211 1.43299999999999 0.999991730703136 0.00349234677619504 -0.000635167473347506 0.0018834086443613 -0.000625598514143641 0.897684441638017 0.999992763787819 0.000713259866978565 0.00277875594745666 0.00245557781570784 -0.000460744329737914 0.900516448550584 0.999991731108848 0.00349233282505475 -0.000634623940321855 0.00188344375266721 -0.000625473782738043 0.897644308755662 0.999992764193435 0.000713340952119106 0.00277876873974527 0.00245533570505914 -0.00046095154280691 0.900455349413334 0.303999999999633 0.2800000000002 11.067 10.6559999999999

 8840 40 5000 5 0.9 1.401 2.155 2004.308 1.70899999999983 0.999985697277732 -0.0026125937914233 -0.001368331723158 -0.00427872118649353 0.00126483475305751 0.899654893799608 0.999996137084566 0.00218963111891627 0.00053145299868868 -0.00160156411221441 0.000289623227873263 0.897529148777798 0.999985695365692 -0.00261260331804192 -0.00136801101217855 -0.00427929432996293 0.00126473467695363 0.899600039181009 0.999996136641045 0.00218963243283304 0.000531735664896724 -0.00160170984885177 0.000289819832780736 0.897489946707812 0.301000000000158 0.356999999999971 11.848 8.63200000000006

 8845 45 5000 5 0.9 1.536 1.247 1998.395 0.936000000000149 0.999995271099656 0.00263705464451313 0.00108362665620893 -0.000745877593050939 -0.000879284375318639 0.899983674009461 0.999995615117093 0.000364669019222973 0.00280757203949818 -0.000799189468613738 0.000339997838280037 0.899490308584695 0.999995271912759 0.00263637173144739 0.00108398147076779 -0.000746635320450958 -0.000879327066252088 0.899927211358636 0.999995614637157 0.000364788329786293 0.00280773161363433 -0.000799105722631688 0.00034016049013751 0.899437646852984 0.204999999999927 0.166999999999916 9.4380000000001 16.386

 8849 49 5000 5 0.9 0.748 0.858 1982.448 1.42999999999984 0.999997878971094 0.00124600671769295 0.000772905413799121 -0.000413015173777584 0.00138620209895362 0.898616746614659 0.999995529491808 -0.00276930594180494 -0.000596928404021585 0.000899557030024479 -0.000326212553464576 0.899389412208999 0.99999788038824 0.00124577093403372 0.000772600757252964 -0.0004127084730603 0.00138565276812233 0.898570882895215 0.999995528514878 -0.00276979286049436 -0.000596843265963945 0.000899319716608855 -0.000325883294793881 0.899338304706722 0.255999999999858 0.238999999999805 12.1049999999998 17.8019999999999

 8846 46 5000 5 0.9 1.013 1.77 1994.453 1.28700000000003 0.999996411360131 -0.000173695700320918 -0.00125792514774902 -0.00119926373305174 -0.00203137576142155 0.899551985039632 0.999997604952647 0.000889615394395052 -0.000639489634235351 -0.000586141891627794 -0.00180171143934171 0.897890651569811 0.999996410343452 -0.00017379369765031 -0.00125767625305094 -0.00119948065343105 -0.0020318938370209 0.899498851511837 0.999997604358858 0.000889926267828102 -0.000639497764784452 -0.000586158880093356 -0.00180187906352399 0.897848920868056 0.257000000000062 0.260999999999967 13.6199999999999 18.2369999999999

 8833 33 5000 5 0.9 1.001 1.143 2114.656 1.98500000000013 0.999995020366352 0.0026743908842908 -0.000637770473530116 0.00149576514072467 -0.000403498903295685 0.901306853397552 0.999979458711605 -0.0018397986437753 -0.000783969115763895 0.00365389075268272 0.0048715265151762 0.900258576668241 0.99999502105507 0.00267431710413737 -0.000636422960335022 0.00149586628260849 -0.000404033385948684 0.901238419645844 0.999979460177066 -0.00183979804054449 -0.000783996619570417 0.00365405833565853 0.00487109578367063 0.900199737841147 0.393000000000029 0.353999999999814 16.442 17.2290000000003

 8835 35 5000 5 0.9 1.216 1.057 2094.554 2.32099999999991 0.999998657143283 0.00111667122208699 2.97590289727639e-05 -0.00033347883496511 0.00115180869943584 0.899805501107899 0.999996098845483 -0.00133500454954909 0.000759233101078337 0.000127038290534917 -0.00232969591135118 0.900420829346771 0.999998657519183 0.00111654392213217 2.94403067556624e-05 -0.000333312345167192 0.00115166212481322 0.899750597871192 0.99999609921323 -0.00133522897436586 0.000758831042000251 0.000127199361369188 -0.00232953164447024 0.90036025106612 0.438999999999851 0.315000000000055 18.529 17.5149999999999

 8848 48 5000 5 0.9 1.118 1.113 2003.806 2.49399999999991 0.999997872648809 -0.000414505938155146 0.00184598401413446 0.000700430671099908 -0.000429677296711699 0.899834741505824 0.999996561281312 0.000708880825656748 -0.00200239730636054 0.000883709016658838 0.00125872035328614 0.899976047496507 0.999997873294201 -0.00041436368038467 0.00184560387806631 0.00070066072990827 -0.000429570345612056 0.899779823475842 0.999996562065327 0.000708524231560627 -0.00200230211137877 0.000884725530562912 0.0012577352382238 0.89991859683635 0.393000000000029 0.48700000000008 17.471 17.6700000000001

 8838 38 5000 5 0.9 1.937 2.056 2070.03 3.03999999999996 0.9999917281684 -0.00182579331043635 0.00264856235698627 0.0016805478599418 -0.00183601467762879 0.899891717241679 0.999997381607136 0.00172708673411679 0.00133582889447631 -7.17389494770911e-05 -0.000681443300772241 0.900312244280294 0.99999172711458 -0.00182568771334463 0.00264917087695518 0.00168058677765531 -0.00183578008480258 0.899835879672758 0.999997380834369 0.00172747315452179 0.00133555980815078 -7.16007568282021e-05 -0.00068213945207943 0.900253137140009 0.5 0.525000000000091 17.1289999999999 16.808

 8842 42 5000 5 0.9 1.733 1.467 2049.72 2.81800000000021 0.999994243763286 -0.00140463519243626 0.0018375324430012 0.00230235303149334 0.000928485491721636 0.899317627591892 0.999996724146531 0.00207190289308083 0.000930314061479627 -0.000640883043655607 -0.000991311898761479 0.898253117745541 0.999994244151961 -0.00140416767021578 0.0018381262714144 0.00230214774570804 0.000928107574584965 0.899266158013154 0.999996724425441 0.00207182287459935 0.000930362637196478 -0.000640630831962481 -0.000991315220034988 0.898209184580355 0.414999999999964 0.403999999999996 17.1229999999996 13.3779999999997

 8855 55 5000 5 0.9 0.425 0.544 1974.091 2.74199999999996 0.999995704933569 0.000329233919152479 0.000340364382792908 -0.00230203911573561 -0.00175113889705349 0.899814152166637 0.99999973010687 0.000399075496859669 0.000399319980176586 0.000151740024120396 0.000445020734343232 0.899552670982332 0.999995705041544 0.000329092363423793 0.000340506368575831 -0.00230181498050798 -0.00175137086030533 0.899758713398056 0.999999729812001 0.000399117381548995 0.000399479048310812 0.000151150870687159 0.000445702977908523 0.899499771856387 0.477999999999838 0.509999999999991 16.568 14.819

 8851 51 5000 5 0.9 1.121 1.783 2006.346 3.22299999999996 0.999997826270708 -0.000620487445405489 0.000948416393288207 -0.000627792806625358 -0.00163365593881095 0.898632462696502 0.999989080408333 -0.00180931535953013 -0.0038228505861611 -0.000635787148173433 0.0018833560803116 0.899574330817483 0.999997825126154 -0.000620712010142239 0.000949039117052956 -0.000628224498953506 -0.00163374364459647 0.898586356170744 0.999989076059906 -0.0018103328524958 -0.00382335074121353 -0.0006354369560084 0.00188379001054312 0.899521334576746 0.454000000000178 0.565000000000055 13.4740000000002 15.9270000000001

 8843 43 5000 5 0.9 1.781 1.383 2077.625 2.30000000000018 0.999996788289101 -0.00137118184600622 -0.000714421611492403 0.00195463879700876 0.000460717659384109 0.90080265564392 0.99999871837646 -0.00131190855691301 -0.000257469860881414 0.000257359324494849 0.000842387573491297 0.899157228118422 0.999996788599186 -0.00137097560817444 -0.000714573446760645 0.00195473934477596 0.00045999573892126 0.900739124970264 0.999998718841393 -0.00131158882177706 -0.000257223708466318 0.000257679974646392 0.000842310708891233 0.899106689804426 0.461999999999989 0.351000000000113 15.9969999999998 18.8019999999997

 8850 50 5000 5 0.9 0.529999999999999 0.826 2045.147 2.51699999999983 0.999987327422468 -0.00392905184567902 0.00150183156833349 0.00267444940253939 0.000706660030027451 0.900568821936798 0.999996422970906 0.000843643471468486 0.00106387442170574 -0.000175990656460658 -0.00229771834433532 0.900389501579309 0.999987329742061 -0.00392876961091714 0.00150129466213507 0.00267436577146956 0.000706404095143671 0.900507639681135 0.999996423660092 0.00084403441744901 0.00106337691712691 -0.000176266508887748 -0.00229748396664737 0.900330062736746 0.501999999999953 0.488000000000284 16.5430000000001 17.931

 8836 36 5000 5 0.9 1.447 1.497 2138.594 2.34099999999989 0.999985735953719 0.000802284394762574 0.00436097877458126 -0.00101652994942667 -0.00279870681533126 0.901247136526396 0.999998631393217 0.000297162515425582 -0.00111099357232599 0.0010184153547842 0.000614352975745462 0.899531439312848 0.999985731198983 0.000803103183548109 0.00436133134484134 -0.00101743860631433 -0.00279929121309305 0.901179150168613 0.999998631346307 0.000296740275519535 -0.00111081046994972 0.0010189023237039 0.00061415704479551 0.899478800696008 0.453999999999724 0.463000000000193 16.3860000000004 18.8159999999998

 8847 47 5000 5 0.9 1.14 0.942 2060.269 3.26200000000017 0.999994292953442 -0.00101159949200957 0.0009354304102473 0.000690104332442617 -0.00300656830483289 0.899418862631797 0.999998274631601 0.000681120743033945 -0.000672800079373927 0.00114043592764262 0.00111065489766542 0.899921230346525 0.999994293260135 -0.00101193476796599 0.000935550668567762 0.00068992851996543 -0.003006356394856 0.899367196358557 0.999998275373408 0.000680545436837999 -0.00067305969676202 0.00114039533427483 0.00111022396086412 0.899865460365971 0.51299999999992 0.443000000000211 16.596 17.2379999999998

 8854 54 5000 5 0.9 0.42 0.735 2015.007 3.03300000000013 0.99999889528624 -0.00132589977153354 0.000133550753567298 -0.000102371810177975 -0.000650461608745014 0.899874998553314 0.999995143024158 -0.00173933888349951 0.000992377216478336 -0.0023867975700448 8.37446229224963e-05 0.900098952025415 0.999998896173037 -0.00132571520803108 0.000134186203908548 -0.000101710155249608 -0.000649446689605857 0.899819031152883 0.999995142006699 -0.00173983224927648 0.000991976927653969 -0.00238703218815994 8.37009792550286e-05 0.900041888021902 0.404999999999973 0.415000000000191 18.498 13.0570000000002

 8852 52 5000 5 0.9 1.023 0.898999999999999 2024.972 3.41300000000001 0.999981235325547 -0.00304668240400566 0.00230929182922529 -0.00446892984521012 -0.0017153892875236 0.900471947853646 0.999994763094923 0.00231658568784572 0.00156938795724588 -0.000462465865707539 -0.00155896127020268 0.900551727865963 0.999981237728535 -0.00304703323110721 0.0023093152559488 -0.00446803500262053 -0.0017156647863137 0.900410853636629 0.99999476389094 0.00231664219665158 0.0015698947337628 -0.000462017072268782 -0.00155798921212957 0.900490663569119 0.436999999999898 0.470000000000027 18.4950000000001 10.1610000000001

 8853 53 5000 5 0.9 1.064 0.665 2034.492 3.20100000000002 0.999992702202476 0.00127765853148874 0.00343751420593566 -0.000436896263588122 -0.000977623755053449 0.897291452118606 0.999993200642422 0.00329968890576664 -0.000430762401972398 0.000973147327881365 0.00125624443546892 0.901034610895033 0.999992703577783 0.00127724183618273 0.00343719043171897 -0.000436932653655075 -0.000977883571593759 0.897254128330122 0.999993201123577 0.00329940849730836 -0.000430405651054321 0.000973245555299805 0.00125664404395167 0.900968257081113 0.507000000000062 0.511000000000422 13.6600000000003 8.39600000000019

 8856 56 5000 5 0.9 0.407 0.556999999999999 2029.052 0.755999999999858 0.999995736757989 1.87123929737774e-05 6.88888550083833e-05 -0.00216567534192882 -0.00195735033474835 0.900498603741881 0.99999798579371 0.000111505080587709 -0.000646752409170339 -0.00186228755981193 0.000359960422525236 0.898859558059661 0.999995737200337 1.85157097500653e-05 6.94915843549993e-05 -0.00216589931128871 -0.00195685702469679 0.900437292013035 0.999997985218587 0.000111885161415291 -0.000646509458208233 -0.00186261440894151 0.000360185452862576 0.898811725764651 0.118999999999915 0.201000000000022 7.99800000000005 7.52700000000004

 8858 58 5000 5 0.9 1.057 0.848999999999999 1917.4 0.726000000000113 0.999997758254393 0.000951174128063607 0.00075192924474325 -0.001040242024608 -0.00138969525713982 0.898499061466861 0.999999338224461 -0.000932063924961856 -0.00034584482635375 0.000329700477804306 0.000475916411071652 0.90032760428121 0.999997758806459 0.00095135150862741 0.000752205936225007 -0.00104012360634343 -0.00138911535883602 0.89845331991933 0.999999337775543 -0.000932379190979788 -0.00034635294692648 0.000329459929755654 0.000476039190568734 0.90026772011395 0.154999999999973 0.240000000000009 7.92700000000013 8.36600000000021

 8857 57 5000 5 0.9 0.883 0.837 1953.819 0.798999999999978 0.999990803436965 0.00147331904844188 0.00224144270841757 -0.00276180464512673 -0.00188964074960262 0.899977337812608 0.999997687650556 0.000293888976250258 0.00196537716155046 0.000681528632027253 -0.000459493359649941 0.900391496785637 0.999990804945989 0.00147291028992871 0.0022410712056248 -0.00276158085628292 -0.00188992851070244 0.899920069580545 0.999997686926102 0.000293836488892287 0.00196573830577455 0.000681418013934706 -0.000459722706021117 0.900331764427491 0.278999999999996 0.19399999999996 7.50800000000004 7.60300000000007

 8860 60 5000 5 0.9 0.41 0.556 1949.371 0.746000000000095 0.999996753191257 -0.00103809713680886 0.00192144627528013 -0.00125160870309723 0.00039683893951744 0.901511073150434 0.999998088848939 0.000284312024649548 -0.000451551225873552 -0.000907704675038902 -0.00164731261593146 0.900590134032375 0.999996753141201 -0.00103752691062287 0.00192155568187757 -0.00125202755121047 0.000396605266475945 0.901441154796331 0.999998090540308 0.000284082872012924 -0.000451402903121637 -0.000907250131203686 -0.00164661631187767 0.900528734655065 0.105999999999995 0.182000000000016 6.798 7.15299999999979

 8859 59 5000 5 0.9 0.702 0.832999999999999 1977.074 0.73700000000008 0.99999635172583 0.000325735588237434 0.00176843261369913 -0.00183898185918541 0.000825362446500511 0.898369710655705 0.99999849116706 -0.00033891255442135 -0.000359725880389188 0.00149308189993495 -0.000737635150205318 0.900971696978999 0.999996350874395 0.000325814297916269 0.00176876906346572 -0.00183902913893409 0.000825536652293883 0.898325569422713 0.999998490018182 -0.000338526930780324 -0.00035997196400191 0.0014936553606987 -0.000738088559079252 0.90090714276513 0.150000000000091 0.163000000000011 5.59000000000015 5.80599999999981

 8862 62 5000 5 0.9 1.062 0.795999999999999 1947.487 0.717000000000098 0.999996225992493 -0.000871597419147202 0.000572636444842179 -0.00141899147677482 0.00210876015735519 0.900212948205943 0.999997495008606 0.000950719884813422 0.000988828510580646 -0.00148876771521779 0.000954933024479783 0.902026363364167 0.999996225460625 -0.000871858242574566 0.000573381287648996 -0.00141923901228109 0.0021085355656607 0.900154257536414 0.999997495709014 0.00095095481616666 0.000988451076358558 -0.00148822863544079 0.000955196647824747 0.901951150439292 0.163999999999987 0.220000000000027 6.96599999999989 9.66399999999999

 8864 64 5000 5 0.9 0.456 0.558 1939.901 0.740000000000009 0.999996303295266 0.00263827723628246 0.000278979433735336 -0.000133579806891162 -0.000580702968471086 0.900787941812118 0.999997523761635 -0.0012207170311323 -0.000281604479097764 -0.000313882489505144 -0.00181231819173933 0.899480544647156 0.999996304040469 0.00263806517093846 0.000278795728868018 -0.000133842707596148 -0.000580410739892285 0.900724400647503 0.9999975231579 -0.00122025985903948 -0.000281423551800061 -0.000314299309588796 -0.00181291496481158 0.899427927520356 0.148999999999887 0.173999999999978 8.89099999999985 9.51000000000022

 8861 61 5000 5 0.9 0.432 0.555 1981.325 1.16000000000008 0.999992657654191 -0.000682815592349781 0.000324737094363347 -0.00181994215572938 0.00328645050833113 0.902850423438579 0.999997340809706 0.00205432726034194 -0.000511563160291532 0.000455453480497358 -0.00079308151137488 0.900981388770804 0.9999926567923 -0.000683042535235795 0.000323796705213132 -0.00182020453223787 0.00328661307840359 0.902766433485022 0.999997341515573 0.00205392797496398 -0.000511881784441903 0.000456549638968944 -0.000792389503848495 0.900915795636556 0.285000000000082 0.2349999999999 9.77600000000007 8.57199999999989

 8863 63 5000 5 0.9 1.084 0.861 1964.156 1.62299999999982 0.999993688690131 0.00172781749463416 -0.00243557484765096 -0.000625444463950084 0.00182044527369054 0.900152884912945 0.999988976982939 0.0022554172018346 -0.00258553930761549 -0.000748431497407173 -0.0031167038107002 0.90017919579991 0.999993689001608 0.00172751026513496 -0.00243573313757347 -0.000625112536527194 0.00182046797212611 0.900094575246737 0.999988974010197 0.00225615102532188 -0.00258563616816672 -0.000748740555036409 -0.00311697189127101 0.900121100147244 0.220000000000027 0.29300000000012 8.07300000000009 4.35500000000002

 8866 66 5000 5 0.9 1.181 1.352 1751.359 0.730000000000018 0.999998692021086 -0.000196947344757853 -9.61215583323584e-05 -0.00159493365517248 -0.000155290511512029 0.89808936593213 0.999997005968196 0.000951906963244892 -0.00225088330891214 -7.06641785940681e-05 -0.000102267686269861 0.89929102022082 0.99999869260524 -0.000196871580756365 -9.58710597458368e-05 -0.00159454436595649 -0.000155776754080814 0.898046336896058 0.999997007020825 0.000951669481303891 -0.00225051964477374 -7.02856039443556e-05 -0.000102449267222129 0.89923998942979 0.146000000000186 0.103000000000065 3.67899999999986 3.76999999999998

 8869 69 5000 5 0.9 0.583 0.6 1770.755 0.756000000000085 0.999996762907839 0.000415540256576003 0.00103492932675482 -0.00144241770195469 -0.00177478240901525 0.900807835993915 0.999993678613123 -0.00131151973640103 0.000349818734262055 0.00149385453064246 0.00292722996512933 0.898930839977433 0.999996762642757 0.00041524427197322 0.0010347204904128 -0.00144234565345392 -0.00177518132081998 0.900744177659758 0.999993676364162 -0.00131197759655267 0.000349510196649265 0.00149386250861214 0.00292782579765299 0.898882894170413 0.128999999999905 0.105000000000018 6.15300000000002 6.77599999999984

 8865 65 5000 5 0.9 0.974 1.178 1811.734 0.720000000000027 0.999996464020807 -0.000734275905058023 -0.000868457245850756 0.00201655248360213 -0.00130846584634396 0.900980496533969 0.999994674119333 -0.00281253332678954 -5.98941957547705e-05 0.00156313438870057 0.000542598215765916 0.899949596458363 0.999996466402949 -0.000733177711349758 -0.000868270098750602 0.00201631321558145 -0.00130775384216999 0.900915307906187 0.999994674423439 -0.00281195086964357 -6.00135552278164e-05 0.00156401377817163 0.000542509301520839 0.899893240102502 0.218000000000075 0.201999999999998 6.83600000000001 5.76700000000005

 8878 78 5000 5 0.9 1.463 1.893 1714.838 0.712999999999965 0.999996363710678 -0.00231741946475732 -0.00102649234656983 0.000683444331991456 0.000617535223401378 0.898133423973259 0.999990573892389 -0.00401367579116531 0.000763983363068014 0.000587621248143044 -0.00134668619313804 0.90012956248671 0.999996363021705 -0.00231765426916134 -0.00102637817474403 0.000683775316133032 0.000617593079229469 0.898090669074835 0.999990575006552 -0.00401349407434011 0.000763354605051225 0.000587919582009169 -0.00134662678269456 0.900071167430798 0.164999999999964 0.09699999999998 4.37799999999993 6.71599999999989

 8867 67 5000 5 0.9 1.246 1.116 1819.719 0.740999999999985 0.99999718308565 0.00201183477556313 -0.000548184207672394 -0.000548805974912734 -0.000992294148942229 0.899876588345492 0.999997692055046 0.000727288384017865 0.000118606916030037 0.000681273455011572 -0.00189966709369454 0.898748968742875 0.999997182570265 0.00201183815854713 -0.000548168118378805 -0.000548665804591125 -0.000992892896944757 0.899820595510392 0.999997691777369 0.0007274638848439 0.000118702262350186 0.000681428382665238 -0.00189968454311379 0.898701825610851 0.182999999999993 0.171000000000049 6.57899999999995 6.79500000000007

 8868 68 5000 5 0.9 0.445 0.553999999999999 1814.488 0.753999999999905 0.999993813251723 -0.000169930561477117 -0.00313020218864697 0.000179101485665567 -0.00158566667303309 0.899099595631233 0.99999504957369 -0.000888773148383019 0.00109571253904978 0.00226383576630157 -0.00166894339615296 0.900723822000394 0.999993815555519 -0.000169998768172053 -0.00312965798000401 0.000179113969166492 -0.00158527923339338 0.899050057943944 0.999995047478119 -0.000889239803519776 0.00109602234396765 0.00226403765617009 -0.00166947306670513 0.900660681063372 0.142000000000053 0.179000000000087 8.15300000000002 10.943

 8870 70 5000 5 0.9 0.837 0.659 1811.827 0.856999999999971 0.999999465135418 0.000620057819949727 -0.000491365404769895 1.22393862002352e-05 0.000666083639421475 0.900975621671894 0.999990904318825 -0.0017056324704895 0.00352331080600922 -0.00061304387115176 -0.00157878297134572 0.899958557028853 0.9999994656496 0.0006194875147281 -0.000491276796227488 1.26075399087312e-05 0.000665900813278401 0.900910763638314 0.999990903169815 -0.00170569989126586 0.00352345803948465 -0.000612776502555982 -0.00157921306352521 0.899902522257958 0.198000000000093 0.226000000000113 8.91399999999999 10.3999999999999

 8874 74 5000 5 0.9 1.305 1.404 1757.886 1.40200000000004 0.999983942242658 -0.00565961274405804 -8.64715752868427e-05 0.000253871239053905 -0.000110056717550091 0.899984399828301 0.999997328525705 -0.000101550462116713 -0.00127174925120649 0.00180540103545546 -0.000675136948647904 0.901670576577143 0.999983943138724 -0.00565944867170585 -8.65357731690025e-05 0.000253926226579118 -0.000110174829810402 0.899927774209202 0.999997329325949 -0.000101740011900237 -0.00127143428566907 0.00180517562061598 -0.000675119082635199 0.90159899020521 0.180999999999813 0.196999999999889 10.222 7.90900000000011

 8873 73 5000 5 0.9 1.79 2.133 1765.452 1.36299999999983 0.999996495926069 0.00170399290000566 -0.00150054422580402 -0.000417702190702029 -0.00129554455247484 0.899541313994593 0.999997897797675 -0.000417637796958905 -0.000992573985359706 0.00174204473780658 -0.00010027919670904 0.900527740004521 0.999996496135282 0.00170377422925972 -0.00150104870339051 -0.000417036556351601 -0.00129530067384183 0.899488040591594 0.999997896647348 -0.000417371565035875 -0.000993114426747493 0.00174245773600422 -0.000100332598058841 0.900467152276637 0.284999999999854 0.208000000000084 10.9360000000001 5.54099999999994

 8871 71 5000 5 0.9 1.596 2.109 1794.694 0.729000000000042 0.999991630230514 -0.000360641727913987 -0.000215530474770804 -0.00314936732349379 0.00257768084501021 0.898544046160429 0.999995318084979 -0.00262281439066519 0.000642214157891243 0.000519303211414216 0.00134258628889923 0.902575788167196 0.999991631789321 -0.000360847764479149 -0.00021489005198823 -0.00314924982503955 0.00257724427011139 0.89849841276002 0.999995319106163 -0.00262269674992241 0.000642473018580278 0.000517805572921652 0.00134251008545325 0.902495269086548 0.106999999999971 0.0820000000001073 7.2940000000001 7.74199999999996

 8879 79 5000 5 0.9 1.524 2.255 1747.477 0.930000000000064 0.999997568447286 0.000200904548391036 -0.00149563790316932 -0.00112530970861083 0.0011486871638628 0.899866327254385 0.999997350212665 -0.000217511725303293 0.00114615327849311 -0.00139914011259475 -0.00140747856326168 0.896804893245726 0.999997568118118 0.000200634701099098 -0.00149565172483227 -0.00112576986250098 0.00114855200214827 0.899810717034211 0.99999734918048 -0.000217914834345312 0.00114638871061055 -0.00139961753405244 -0.001407483151383 0.896769893512704 0.0930000000000746 0.173000000000002 7.6389999999999 7.45699999999988

 8875 75 5000 5 0.9 1.316 1.16 1773.148 0.739000000000033 0.999998265234863 -0.00166355450744594 0.00070000156727364 0.000249810273404943 -0.000386918982674289 0.899291750216381 0.999996325808583 0.00130264469701221 -0.00174011521226837 -0.00159239414044935 0.00029625339923904 0.902778750499002 0.999998264152353 -0.00166403951065675 0.000700225455356991 0.000249607628773221 -0.000387356593590567 0.899240853958991 0.999996326891862 0.00130203766786935 -0.0017403255258291 -0.00159187301576289 0.000296830021840055 0.902696445602779 0.208999999999833 0.172000000000025 7.62199999999984 7.32399999999984

 8872 72 5000 5 0.9 1.708 2.302 1813.845 0.731999999999971 0.999987412338055 -0.00106761045132804 0.00259720954266527 -0.00107866752907363 -0.00401576298079493 0.901338116967027 0.999998284587517 -0.000147150003210871 0.00114064310227408 0.00140902222903536 -0.000350369191546985 0.90028410988702 0.999987410828398 -0.00106807877138235 0.00259747084401127 -0.00107938708764288 -0.00401565202481379 0.901269586866514 0.999998284312302 -0.000146540304174047 0.00114131593187429 0.0014085976182383 -0.000350926039200072 0.900224894126841 0.106999999999971 0.0760000000000218 3.8309999999999 6.26700000000005

 8877 77 5000 5 0.9 1.469 2.145 1792.075 0.730000000000018 0.999995891660736 -0.00282248913843781 -0.000177066869162229 0.000383893069784126 -0.000267376417021993 0.898081858360221 0.999994575727728 0.0019258240212109 -0.00238143131310309 -0.00090793278115964 -0.000802595742367936 0.901707374735708 0.99999589317698 -0.00282187096965649 -0.000177195040796229 0.000384141892555394 -0.000267787841579548 0.898039426176766 0.999994576872226 0.00192551674931664 -0.00238108274427893 -0.000908231049336551 -0.000802603707259544 0.901635205253711 0.136999999999944 0.0980000000001837 4.97700000000009 5.50400000000013

 8876 76 5000 5 0.9 1.507 1.608 1803.476 0.730999999999995 0.999995566286754 -0.000846120732597847 -0.000842902225973418 0.000298521074938808 -0.00271143643558284 0.898003001123888 0.999996749778831 -0.00106068675692565 -0.00107063659890304 -0.000197423786711234 0.00204698229078973 0.901637087487441 0.999995566696033 -0.000846071366548355 -0.000842819301855833 0.000298113004927471 -0.00271137156865257 0.897961161027827 0.999996750937252 -0.00106142219170599 -0.0010706265079397 -0.000197856816341664 0.00204599839475253 0.901566264554129 0.173000000000002 0.195000000000164 5.81899999999996 2.83500000000004
