
 8656 56 1000 5 0.9 0.211 0.807 506.922 0.224999999999909 0.999995831240349 -0.0016721329834262 0.000558011387677803 0.000314025943730597 0.00226527795380554 0.902871340753122 0.999985592866983 -0.00468610611120246 0.00145523405130086 -0.000941068537422192 0.00196243518293998 0.900181617272573 0.999995836117228 -0.00167116692700432 0.000555462889372594 0.000311677773038391 0.00226478856696181 0.902786927945001 0.999985589644384 -0.00468577825456085 0.00145730582427414 -0.000939437809342454 0.0019641033728107 0.900123327268886 0.00299999999992906 0.00199999999995271 0.0750000000000455 0.0739999999999554

 8642 42 1000 5 0.9 0.0880000000000001 0.54 515.657 0.224000000000046 0.999996619177441 0.00124749668997604 0.00165513568744506 0.00113237644446273 0.00108794997190679 0.902556008758021 0.999977151340779 0.0028244360920367 0.00591136653310472 -0.00152248612392708 -0.000676120445599914 0.895370381697051 0.999996612649994 0.00124694919037668 0.0016573492819419 0.00113359845271598 0.00108993309930664 0.902475629425746 0.999977151044726 0.00282402207983322 0.00591171531331793 -0.00152233011328935 -0.000675589259050274 0.895342708431357 0.00299999999992906 0.000999999999976353 0.0739999999999554 0.0699999999999363

 8670 70 1000 5 0.9 0.157 0.502 538.19 0.216000000000008 0.999992778714886 0.000121913777806804 -0.00235393997720131 0.000338805828676233 0.00296172792555061 0.896318511686861 0.999977363108518 -0.00567076947345751 0.00134689368928196 0.000908620787263906 -0.00323665410085662 0.898385142464081 0.999992779654931 0.000121931969150807 -0.00235411930264827 0.00033828183632329 0.00296132711927557 0.896286857493275 0.999977356941428 -0.00567089540293526 0.00134697219393435 0.000909273686177253 -0.00323812245557712 0.898341696334966 0.00300000000004275 0.00200000000006639 0.0720000000000027 0.0710000000000264

 8660 60 1000 5 0.9 0.103 0.892 548.673 0.220000000000027 0.999974687117808 0.00488072724747548 -0.0022323299188435 -0.00238198246073697 -0.00401826926263902 0.899074029406339 0.999974038848227 0.00527128916493391 0.00144461368615934 0.00208904370436721 0.00420525002854336 0.901624993875846 0.999974685234376 0.00488151972940115 -0.00223165014262685 -0.00238198410818737 -0.00401815192484818 0.899024655336565 0.999974039061785 0.00527085964992763 0.00144489811463938 0.00208895053056171 0.00420568616635432 0.90155478823117 0.00299999999992906 0.000999999999976353 0.0750000000000455 0.0739999999999554

 8644 44 1000 5 0.9 0.201 0.56 550.143 0.229999999999905 0.999928777033408 0.00381122171084699 0.00891873149422444 -0.00428226203718741 0.00548032023907247 0.900994501305586 0.999966199341256 -0.00312469041512988 0.00670954964958534 -0.00355599539527211 0.000416323266673709 0.899377709796308 0.999928776656621 0.00381088632030334 0.00891892238019555 -0.00428148869974823 0.00548091575714517 0.900929748329225 0.999966205334418 -0.00312341815215168 0.00670867283518096 -0.00355693444914311 0.000417581423632191 0.899326222378794 0.00299999999992906 0.00200000000006639 0.0739999999999554 0.0729999999999791

 8648 48 1000 5 0.9 0.151999999999999 0.594 550.181 0.219000000000051 0.999975763591981 -0.0022665695494374 0.00203643976605539 -0.00367208893095958 0.00506986854613304 0.900609550093028 0.999982568988801 -0.00158918931885747 -0.00197872442329327 0.00142676060603869 0.00513665257699164 0.89924349347575 0.999975769883987 -0.00226652492556454 0.00203748607063663 -0.00367128903489498 0.00506880627204089 0.900548480034667 0.999982578287907 -0.00158966920847121 -0.00197822804895714 0.00142865486687467 0.00513435794775896 0.899191512334346 0.0040000000000191 0.000999999999976353 0.0749999999999318 0.0760000000000218

 8671 71 1000 5 0.9 0.188999999999999 0.546 553.637 0.214000000000055 0.99999743264353 0.00109711071654597 0.00144097493706486 -0.00036369759024997 0.00131239084040782 0.902458003522782 0.999970300963164 -0.00634266966815024 -0.00373566048275944 -0.00161022246628035 -0.0016185664915567 0.904770158554261 0.99999743137312 0.00109860692619858 0.00144213401404116 -0.000364287159269624 0.00131066942213914 0.902379721425364 0.999970289370832 -0.00634282605921611 -0.00373718475437716 -0.00161269860263424 -0.00161913141075415 0.904662720277568 0.00300000000004275 0.00199999999995271 0.0740000000000691 0.0749999999999318

 8661 61 1000 5 0.9 0.175 0.456 557.823 0.239000000000033 0.999978480800793 0.00317486969088975 0.00474491935618745 0.00269602353582978 0.00178194701998143 0.8969396385195 0.999995050606104 0.000591193509535044 -0.00208655656926343 -0.00162997664405962 0.00159333340935304 0.902104396720707 0.999978473372577 0.00317505018690664 0.00474574767570121 0.00269707773006692 0.0017819928386212 0.896904559717244 0.999995057877822 0.000592606409517483 -0.00208461838407292 -0.00162715815807379 0.00159366247899118 0.902028040988034 0.0040000000000191 0.00199999999995271 0.0769999999999982 0.0789999999999509

 8649 49 1000 5 0.9 0.227 0.514 559.334 0.22300000000007 0.999983722796246 -0.00491294784417066 -0.000700977040562712 -0.00217908593774475 -0.00178249872515045 0.901524364609207 0.999987772008119 -0.00139849773931811 -0.000940635689959278 0.00223856835153598 0.00407480730161685 0.903433297137148 0.99998372190905 -0.00491352458164382 -0.000700797338565454 -0.0021799896619008 -0.00178037110560117 0.901454936052195 0.999987772655154 -0.00140036844471127 -0.00093996986400155 0.00223635855814749 0.00407537304504689 0.903344657045264 0.0040000000000191 0.000999999999976353 0.0739999999999554 0.0740000000000691

 8658 58 1000 5 0.9 0.143 0.721 559.955 0.230000000000018 0.999961996036942 -0.00424165514185211 0.0056906920336135 0.00268555171666499 0.00429169892083655 0.900678093185512 0.999982512728906 -0.00293893507589656 0.00199712991995693 -0.00470540670780709 0.000455540117956827 0.903824132656443 0.999962004059857 -0.00424085758332692 0.00568951237425881 0.00268439061489594 0.00429290804955727 0.900614446293306 0.999982508087392 -0.0029391897308722 0.0019972141908998 -0.00470595264599681 0.000458070021245918 0.903725963723984 0.00300000000004275 0.000999999999976353 0.0760000000000218 0.0750000000000455

 8672 72 1000 5 0.9 0.117 0.473 559.698 0.218999999999937 0.999993488471104 0.00142460460290401 0.00044015381548881 0.00320373714832784 -0.000732017772987868 0.898026945385606 0.999981163818287 -0.000625469191440208 -0.003813931199453 0.00445649985496669 0.00169538631662592 0.901431414063846 0.999993485620397 0.00142508603661218 0.000439919460112934 0.00320456144971914 -0.00073150758056586 0.897983892979957 0.999981158627106 -0.000625103460832457 -0.00381472991688876 0.00445678476373015 0.00169603705321029 0.901361059179175 0.0040000000000191 0.00200000000006639 0.0769999999999982 0.0759999999999081

 8665 65 1000 5 0.9 0.121 0.492 562.635 0.232999999999947 0.999979199563059 -0.00257244328893002 0.00242742206768176 -0.000406021893900288 -0.00537826599153458 0.89624805706982 0.999974659451915 -0.00471383126474637 0.00245024778451326 -0.000217755920302525 0.00473382688610907 0.898236070713989 0.999979198645899 -0.00257278880191404 0.0024268628756513 -0.000405662484481115 -0.00537855071726749 0.896215959429904 0.999974668627915 -0.00471285192787934 0.00244936615487366 -0.000216917332401558 0.00473335837521743 0.898192064547819 0.0040000000000191 0.00199999999995271 0.0769999999999982 0.0760000000000218

 8651 51 1000 5 0.9 0.0999999999999996 0.958 565.658 0.218999999999937 0.999948061667562 -0.00727437589829848 -0.00527620961251938 -0.000456239412230033 -0.00478653113423309 0.901892592334338 0.999983707122331 -1.30518300030068e-05 0.0052166570985185 -0.000549227199099122 0.00225170107480272 0.903296076865345 0.999948064348811 -0.00727423002070165 -0.00527620041443428 -0.000453688414265345 -0.00478644530738835 0.901817695937868 0.999983702955261 -1.59087820266472e-05 0.00521662477893668 -0.000550557864423891 0.00225328266059077 0.903206246829376 0.0040000000000191 0.0080000000000382 0.0769999999999982 0.0749999999999318

 8657 57 1000 5 0.9 0.104 0.495 568.925 0.226999999999975 0.99994779879989 -0.00584245847806229 0.00426027207687845 0.00326903709715996 0.00643652332207719 0.900600902158187 0.999994138607263 0.00185544202325949 -0.000689322580020835 -0.000667344340595668 0.002712853097545 0.899445520368733 0.999947790103394 -0.00584299483961225 0.00425990076297673 0.00326927091965061 0.00643751441060516 0.900539682418775 0.999994136906011 0.00185533553751001 -0.000688765220731667 -0.000667480218096225 0.00271366104619453 0.8993935109194 0.00300000000004275 0.00100000000009004 0.0739999999999554 0.0720000000000027

 8669 69 1000 5 0.9 0.289000000000001 0.798 572.417 0.230999999999995 0.999969863809202 0.00724070272784628 -0.00260330956429138 0.00059564576360876 0.000843612973936619 0.901437794621388 0.999975672576638 0.0019533403766656 -0.00383328365958305 -0.0017906497215217 0.00519020483536591 0.897788038560459 0.999969873461798 0.00723950617362121 -0.00260340818279264 0.000595160793689544 0.000842477667668528 0.901369212098957 0.999975673836206 0.00195200649370081 -0.00383288486870361 -0.00179072857555758 0.0051907312804838 0.897748259466807 0.0040000000000191 0.00199999999995271 0.0800000000000409 0.0779999999999745

 8659 59 1000 5 0.9 0.152 0.468 573.471 0.236999999999966 0.999968570869014 -0.00198808348430148 0.000646069000058197 -0.00538169183517209 0.00543367151010608 0.90207524771662 0.999981589319358 -0.00103584870583542 -0.00509868550967634 -0.00296346591796574 -0.000984538275789396 0.901212398335517 0.999968578562128 -0.00198727744257496 0.00064824953469977 -0.00538159821672335 0.00543238345282624 0.90199957537154 0.999981586588263 -0.00103579406318057 -0.00509914148118035 -0.00296305014898062 -0.00098625810402877 0.901145832443014 0.00299999999992906 0.00200000000006639 0.0789999999999509 0.0779999999999745

 8663 63 1000 5 0.9 0.217000000000001 0.558 573.253 0.239000000000033 0.99999369446533 -5.64330512802144e-05 -0.00200795566889977 0.000155193048257893 0.00292435873992496 0.896449410333614 0.999978033466466 0.000796320547834705 -0.00228251791804302 -0.00251910171783133 -0.00563406572671776 0.901290553658636 0.99999369193396 -5.58703375855357e-05 -0.00200778746323385 0.000154445257214586 0.00292539005244293 0.896416979182471 0.999978030013625 0.000797093299110304 -0.00228293249369759 -0.00251802564881785 -0.0056348822882955 0.901221913228465 0.00399999999990541 0.00300000000004275 0.0810000000000173 0.0779999999999745

 8668 68 1000 5 0.9 0.192 0.519 574.821 0.23700000000008 0.999981922168017 0.000863400896268242 0.00483458526524188 -0.00292708013830625 0.00186248845006755 0.901046500241306 0.999988852680073 -0.00210563132924368 0.00385302559815407 -0.000199606012758574 0.0017248720171249 0.901935792023447 0.999981923123591 0.000863971002348418 0.00483505343588421 -0.00292578456346523 0.00186253137237059 0.900982224925152 0.999988854622821 -0.0021046161162585 0.00385268466131512 -0.000200875089334492 0.00172559880638621 0.901860003071265 0.00300000000004275 0.00199999999995271 0.0790000000000646 0.0789999999999509

 8666 66 1000 5 0.9 0.154 0.76 575.59 0.238000000000056 0.999975865148309 -0.00655896067258071 4.91069011705298e-05 0.000944142294406485 0.00208694504647658 0.901160847049705 0.999995190967093 0.00167775382992499 -0.000241861579492209 0.00225515873890792 0.00128800109183258 0.901626759801965 0.999975866448042 -0.00655877463536697 5.05128149769019e-05 0.000944073052074537 0.00208690471693942 0.901094850453609 0.999995188360198 0.00167734169808461 -0.00024216426666328 0.0022569890737311 0.00128729874849625 0.901556155239925 0.00399999999990541 0.00199999999995271 0.0800000000000409 0.0779999999999745

 8662 62 1000 5 0.9 0.134 0.464 575.792 0.236999999999966 0.999972184550461 0.000137253633894425 -0.00239836489908903 -0.00451207672836108 -0.00543141751549748 0.903172592975595 0.999989457972064 0.00285122791201516 0.0018775676545471 -0.00153835276431763 0.00265756554148865 0.904062549478628 0.999972171798134 0.00014094574724775 -0.00239948644270194 -0.00451323698227105 -0.00543221137038204 0.903085015499447 0.999989451724805 0.00285104807658129 0.00187895321716107 -0.00153783098723256 0.00265943126443735 0.903964133174316 0.00299999999992906 0.00300000000004275 0.0800000000000409 0.0790000000000646

 8645 45 1000 5 0.9 0.244000000000001 0.532 579.143 0.218000000000075 0.999993427068399 0.00179996272652133 -0.00165682082502501 -0.00123363299778517 -0.0023746680952243 0.904914707090567 0.999955467346683 0.00258634106505347 0.00760613366131055 0.00104398819613303 0.00484055603677035 0.898391639352549 0.999993426671076 0.00180191947595712 -0.00165763116100741 -0.00123173727535096 -0.0023737697990903 0.904807391465526 0.99995547440092 0.00258601069352463 0.00760619909078968 0.00104394968093077 0.00483918058971019 0.898346851171689 0.00399999999990541 0.000999999999976353 0.0760000000000218 0.0740000000000691

 8641 41 1000 5 0.9 0.249000000000001 0.784 580.772 0.242000000000075 0.999980907127138 -0.00312655269198629 0.00104873361426153 -0.00386016492352993 0.00352268846491302 0.897730450061433 0.999954690182615 0.00180631328078826 -0.0011162849613996 0.00733239687332206 -0.00568723817845788 0.897701025790313 0.999980903818615 -0.00312692317086781 0.00104874607756637 -0.00386081770905678 0.00352257971830606 0.897690274095321 0.999954692074465 0.00180589578988636 -0.00111649516912715 0.00733174188257599 -0.00568784125680243 0.897660705997819 0.00300000000004275 0.00200000000006639 0.0769999999999982 0.0769999999999982

 8655 55 1000 5 0.9 0.175999999999999 0.47 580.923 0.288000000000011 0.999984625820195 0.00046402514445593 0.00115373380515956 -0.00524124311714551 0.00131570239975539 0.89844338593665 0.999991890256764 0.00119372640426579 0.00287963884872169 0.00206098200604173 -0.00150148967600786 0.898354847435667 0.999984625659511 0.000464697466775109 0.0011544965732952 -0.00524130069444883 0.00131468839113525 0.898398095105556 0.999991892350516 0.00119375282420408 0.00287925294715832 0.00206043718782751 -0.00150156201635141 0.89831084164375 0.00300000000004275 0.000999999999976353 0.0739999999999554 0.0710000000000264

 8664 64 1000 5 0.9 0.0650000000000004 0.457999999999999 580.697 0.227999999999952 0.999996812569605 0.00153281582688018 0.00138868432017398 0.00142712103947296 -0.000245372508987371 0.903730264689874 0.999964733770768 -0.00356542701742811 -0.00682534924654863 -0.00110188894637609 -0.00316534253332656 0.898396241216115 0.999996818281679 0.00153224526358985 0.00138800906180367 0.00142434769537822 -0.000245592054852866 0.90363416397944 0.999964735193794 -0.00356499238134275 -0.00682489554078014 -0.00110203602199935 -0.00316630945904539 0.89835092559336 0.0040000000000191 0.00200000000006639 0.0819999999999936 0.108000000000061

 8654 54 1000 5 0.9 0.243 0.83 583.954 0.237999999999943 0.999987335474827 0.001329007195831 -0.00216348066616703 -0.00155905553833208 -0.00405602355321417 0.897819158338747 0.999991398031396 -0.00137360353617258 -0.00305852817095084 0.000862474665556049 0.0022844297795348 0.90128654672329 0.999987334485734 0.00132937864894045 -0.00216355455362604 -0.00155885402225354 -0.00405618371810849 0.897779087574034 0.999991400521546 -0.00137481890914649 -0.00305841917980087 0.000862588309392378 0.00228271098784351 0.901217226027387 0.0040000000000191 0.00199999999995271 0.0889999999999418 0.0789999999999509

 8650 50 1000 5 0.9 0.207999999999999 0.501 586.06 0.227000000000089 0.999963883137416 -0.00689629750045588 -0.00188561557767729 0.00150207773596068 0.00434300793150677 0.901961733700712 0.999987843255246 0.00159040389109582 -0.00251639433529767 -0.00250782905280995 0.00302696385434982 0.902872592382705 0.999963896516891 -0.00689513889216562 -0.00188398993934111 0.00150300362387939 0.00434215205035206 0.901887598481272 0.999987839985804 0.00158895887873675 -0.00251741754817349 -0.00250897010874698 0.00302700645687214 0.902789211997392 0.00300000000004275 0.00200000000006639 0.0750000000000455 0.0729999999999791

 8653 53 1000 5 0.9 0.13 0.544 590.808 0.218000000000075 0.999954859038293 -0.00164358256075534 0.00726588073583096 0.00409915692163216 -0.00424056738403606 0.894759013031359 0.999914625953863 0.00596449502191644 -0.00410976191112986 0.0108407303238283 -0.000868346566286695 0.89907294112192 0.999954854770164 -0.00164401487080467 0.00726623824995883 0.0040998020844011 -0.00424016995506466 0.894734564989918 0.999914641673373 0.00596342419062749 -0.00410948315042621 0.0108399738823153 -0.000868362596955369 0.899023138770604 0.00300000000004275 0.000999999999976353 0.0710000000000264 0.0739999999999554

 8643 43 1000 5 0.9 0.116000000000001 0.528 592.527 0.230999999999995 0.999952427624863 -0.00518537891077382 0.00780150356268472 -0.00090894592044193 -0.002562165523679 0.903139579902028 0.99998499313596 0.000442525090005205 -0.00198473421048678 -0.00423358170150807 -0.00282051245524654 0.899971626366891 0.999952425111509 -0.00518576058515735 0.00780192008357312 -0.000910839819636216 -0.00256043250204911 0.903054064585302 0.999985000330143 0.000444505174004396 -0.00198445791659912 -0.00423259492860222 -0.00281932559693789 0.899915657112348 0.0040000000000191 0.000999999999976353 0.0789999999999509 0.0779999999999745

 8647 47 1000 5 0.9 0.258 0.465999999999999 593.312 0.227999999999952 0.999981332712463 -0.000799089847474749 -0.00214574639989661 0.00519302873172606 -0.00226360486834464 0.900379834014303 0.999979930554252 0.00312175495188867 -0.00196990778151624 0.00261421953986088 0.00443604038105041 0.899061907715494 0.999981326048899 -0.000799091838563478 -0.00214632217808846 0.00519387177560678 -0.0022640677565163 0.900320088501758 0.999979935993672 0.00312141510372116 -0.00197084650287951 0.00261342387166107 0.00443510513635487 0.899011371780308 0.0040000000000191 0.00199999999995271 0.0789999999999509 0.0800000000000409

 8646 46 1000 5 0.9 0.117 0.502000000000001 602.754 0.220000000000027 0.999983670572622 0.000596322425842239 0.00544277711198052 0.000831920097569603 0.00140963609855448 0.898196401877786 0.999971080792499 0.00652960180506735 -0.000427180710146172 0.00387543053287605 -2.08272789907703e-05 0.899381738235696 0.999983671310383 0.000595883734570747 0.0054428295228007 0.00083251334756023 0.00140874536164434 0.898153991759483 0.999971076357217 0.00652993716803362 -0.000428437525636615 0.00387586672717123 -2.16326045627161e-05 0.899329703812619 0.0040000000000191 0.00200000000006639 0.0720000000000027 0.0729999999999791

 8652 52 1000 5 0.9 0.195 0.516 606.864 0.235000000000014 0.999982873372785 -0.000122725338727933 0.000556271187455242 -0.000641384032753517 -0.00578939448383174 0.903049653417962 0.999993453079045 0.00259923189198653 -0.00171507022172259 -0.00120775698748427 -0.00139199490448498 0.89963670973256 0.999982882312414 -0.000123733948122745 0.000558806580225995 -0.000642502883256971 -0.00578746035135167 0.902962961868036 0.999993453403808 0.00259989921874934 -0.00171464879771579 -0.00120734985275242 -0.00139138758546419 0.89958322828064 0.00300000000004275 0.00199999999995271 0.0819999999999936 0.0769999999999982

 8667 67 1000 5 0.9 0.0960000000000001 0.452 606.759 0.241999999999962 0.999959691680813 -0.00428368263973316 0.00751282227022426 -0.00184796133956502 0.0015516497925349 0.904191264580388 0.999956311883827 -0.0019804830077434 -0.00387908039479301 0.00485543880253326 -0.00669548057093829 0.900570886557756 0.999959697895388 -0.00428264583093258 0.0075125959400784 -0.00184705330474809 0.00155268347746563 0.904091365256488 0.999956318524965 -0.00198036768473275 -0.00387848273365336 0.00485473648613833 -0.00669537834375691 0.9005087212384 0.00299999999992906 0.00199999999995271 0.0810000000000173 0.0760000000000218

 8679 79 1000 5 0.9 0.0859999999999994 0.406 526.404 0.222999999999956 0.9999648913963 -0.00671880512410187 0.00319021263242259 -0.00228996820900602 0.00310680244801707 0.903152779787994 0.99995787966756 -0.00318755859575239 0.00849907916919091 -1.47168898857004e-05 -0.00135786510598154 0.896825760639909 0.999964881672069 -0.00672009947931088 0.00318945767998361 -0.00229159959536267 0.0031067050961564 0.903064967681349 0.999957879508062 -0.00318746718635004 0.00849908867109981 -1.47585183818617e-05 -0.00135813718856144 0.896790972831085 0.00299999999992906 0.00199999999995271 0.0780000000000882 0.0709999999999127

 8673 73 1000 5 0.9 0.105 0.436000000000001 579.315 0.23599999999999 0.9999645195113 -0.00529429023587342 0.005110237567993 0.000980548454551455 -0.00398173406450483 0.892117321902602 0.999977823189178 0.00403047273805836 0.00148467566472952 0.00125383450487186 -0.00493275344461663 0.903964855672285 0.999964574768858 -0.0052874265659272 0.00510827745402747 0.000982477004722437 -0.00397901596311427 0.89231487992662 0.999977841564312 0.0040278706113904 0.00148426601125577 0.00125238482120724 -0.00493164530205577 0.903868819984007 0.00300000000004275 0.00299999999992906 0.0780000000000882 0.0769999999999982

 8678 78 1000 5 0.9 0.0460000000000003 0.442 539.45 0.229000000000042 0.999975988336735 0.000558169963353983 0.00454330538751316 0.00131176540274193 -0.00503476354421013 0.901093254868655 0.999938734977394 -0.00870828787790502 -0.00152479618290743 0.00665512434747996 0.000276279865286985 0.897845713759998 0.999975982658852 0.000558419553841185 0.00454411710519061 0.00131024768479755 -0.00503552616959068 0.901027449563403 0.999938724516817 -0.008708683278711 -0.00152545719702344 0.00665601831999002 0.000276491764021072 0.89780336571387 0.0040000000000191 0.00199999999995271 0.0799999999999272 0.102999999999952

 8675 75 1000 5 0.9 0.0880000000000001 0.435 560.602 0.228999999999928 0.999989947806901 -0.00150430316903826 0.00132094224779243 -0.00397008521819621 -0.000578698595857568 0.903405603024057 0.999993308345834 0.00296947544888763 -0.000293137929170544 -0.00117684829439731 -0.00175914108570811 0.895683182301768 0.999989952381993 -0.00150377997214137 0.00132145577506925 -0.00396932342342951 -0.000576200528632 0.903316437154188 0.999993310409898 0.00296898999776373 -0.000293521360036586 -0.00117665478169856 -0.00175885263246637 0.895654599712969 0.00399999999990541 0.000999999999976353 0.0810000000000173 0.0760000000000218

 8685 85 1000 5 0.9 0.0760000000000005 0.442 536.34 0.239000000000033 0.999955688321393 -0.00375716970707868 0.0078555462825405 0.00352078245711073 0.000632102028856823 0.901163531723176 0.999957048542016 0.00234100646778574 0.00801433562782754 0.00393514962313327 0.000840108175426801 0.901677021464544 0.99995568253484 -0.00375678929356576 0.00785659565184146 0.00352042611170211 0.000632459676506681 0.901098092928801 0.999957049494657 0.00234066846850852 0.00801521851936642 0.00393332729253986 0.000840027117173027 0.901604471725914 0.00300000000004275 0.00299999999992906 0.0779999999999745 0.0779999999999745

 8690 90 1000 5 0.9 0.0990000000000002 0.458 536.203 0.235000000000014 0.999986269976277 -0.00134313030162383 -0.00169529412170785 0.00464633673027402 -0.00109242517102602 0.89777871787856 0.999937164238853 -0.00574476624932948 0.00192669344761283 -0.00758385472203668 0.00560698088236289 0.896852967392 0.99998627313625 -0.00134380949717665 -0.00169507470519037 0.00464535254167479 -0.0010932230407395 0.897739201610059 0.999937169145907 -0.0057450004854684 0.0019263929929579 -0.00758346191743845 0.00560650026986004 0.896817956493552 0.00299999999992906 0.00199999999995271 0.0760000000000218 0.0750000000000455

 8674 74 1000 5 0.9 0.11 0.436999999999999 598.098 0.238000000000056 0.999994990224236 0.00219718150987304 -0.000654425041273372 0.000677895842089731 0.00207463368707684 0.896860545052361 0.999990452971436 -0.0010406683582205 -0.00397740064203608 -0.000630077491660916 0.00133950059238255 0.900605670923853 0.999994990153862 0.00219719633710431 -0.000654355771811118 0.000677943169462992 0.00207465828925582 0.896825673230236 0.999990456538529 -0.00103971827556664 -0.00397672760808217 -0.000629264922858758 0.00133995558143045 0.90054529353151 0.0040000000000191 0.00199999999995271 0.0760000000000218 0.0760000000000218

 8684 84 1000 5 0.9 0.0640000000000001 0.429 550.116 0.228999999999928 0.999995842050386 0.00143102636539058 0.000288176332477444 -0.000355496577915691 -0.00246142683530467 0.894242503691835 0.99996763615483 0.00624711230971125 -0.00279286280903678 -0.00112012417140404 -0.00407988601332098 0.902095016038025 0.999995842068996 0.00143123273056514 0.000288315128579474 -0.000355155789471054 -0.00246133222908968 0.894264331865259 0.999967647144973 0.00624579150081641 -0.00279149805308303 -0.00111987778793795 -0.00408021619948565 0.902017828103671 0.0040000000000191 0.00200000000006639 0.0760000000000218 0.0810000000000173

 8680 80 1000 5 0.9 0.0469999999999997 0.431999999999999 557.365 0.231999999999971 0.999976190872712 0.00244590067786316 0.00409319381531385 0.00484490851917873 0.00118654262764538 0.895565181966714 0.999945544850755 0.00390073612798987 0.000110071369513911 0.00933323016716179 -0.0025632576394346 0.903397909129549 0.999976188724715 0.00244555044927349 0.00409359080862415 0.00484530263042911 0.00118609582447236 0.895536358048374 0.999945543762122 0.00390012800816916 0.000109116562008339 0.00933371688679454 -0.0025628762058748 0.903307627540977 0.00300000000004275 0.00199999999995271 0.0750000000000455 0.0729999999999791

 8695 95 1000 5 0.9 0.0939999999999994 0.49 535.271 0.225999999999999 0.999981253151914 0.00239093789326723 -0.00389441836498767 -0.00036050736359853 -0.00405959366912443 0.902134747514038 0.999983136576088 -0.00200523330699011 -0.00293105848542246 0.00298543006539614 -0.00349309408883152 0.898442540720836 0.999981260465092 0.00239068199730012 -0.00389264566904625 -0.000361569327519329 -0.00405954868793325 0.902058091949922 0.999983130577392 -0.00200597057066836 -0.0029319047959982 0.00298559013047603 -0.0034935409756724 0.898398113445907 0.00199999999995271 0.00199999999995271 0.0739999999999554 0.0699999999999363

 8683 83 1000 5 0.9 0.0710000000000006 0.447 562.011 0.228999999999928 0.999990628692346 -0.000391349687457521 0.00168259241094985 -0.00395485725928889 0.000342578087307707 0.901828865370058 0.999957820432484 0.004451152666684 0.00569403732920127 -0.00415394532224707 -0.00385581029201149 0.901775153860707 0.99999062419333 -0.000391895321007028 0.00168354433563904 -0.00395542418676491 0.000343862565720747 0.9017574508954 0.999957828486663 0.00444991825809222 0.00569350227209745 -0.00415373007589476 -0.00385616831416301 0.901702747136022 0.0040000000000191 0.00100000000009004 0.0789999999999509 0.0779999999999745

 8676 76 1000 5 0.9 0.0609999999999999 0.456 578.291 0.233000000000061 0.999994965727412 -0.00123108442100168 0.00269817923717788 0.0009094523260432 0.000667589882081329 0.898299077937187 0.999989033109359 -0.0013911078885153 -0.00113878236830315 -0.00123072800668603 0.00414571623989949 0.896390551526383 0.999994964354419 -0.0012314266699363 0.0026988366953863 0.000909027718786105 0.000666935722541305 0.898256353845086 0.999989037855055 -0.0013913048035263 -0.00113813635018673 -0.00123153107385512 0.00414444417596135 0.896358018236483 0.0040000000000191 0.00199999999995271 0.0779999999999745 0.0760000000000218

 8694 94 1000 5 0.9 0.0459999999999994 0.52 549.914 0.216999999999985 0.999959498773624 -0.00379869252492482 0.00234791014309665 -0.00518258682944596 0.00584797907143624 0.899153518711907 0.999986461528711 0.00402658950377066 -0.00225831449006016 0.00198074737898334 0.00135646295225823 0.898905559097025 0.999959501581308 -0.0037983432225303 0.00234814555748743 -0.00518256848920981 0.0058476475886566 0.899104499141678 0.999986457821202 0.00402746888387067 -0.00225826107308018 0.00198088512946564 0.0013564732303196 0.89885771624523 0.00300000000004275 0.00200000000006639 0.0729999999999791 0.0730000000000928

 8697 97 1000 5 0.9 0.0650000000000004 0.439 551.372 0.236999999999966 0.999962331382133 0.00248205442802444 0.0036585929178687 0.00746381698240189 -0.000285230677586911 0.897444314028031 0.999977360672868 -0.00301068147417227 0.00530281092021591 0.00283410189801917 0.000249001128143465 0.896619432919021 0.9999623233599 0.00248221284295791 0.00365981140469918 0.00746423695414111 -0.000285354601419839 0.897406260829799 0.999977360488197 -0.00301029930401642 0.00530289462841885 0.00283444638004456 0.000248659280105381 0.896585676816928 0.0040000000000191 0.00200000000006639 0.132000000000062 0.0710000000000264

 8692 92 1000 5 0.9 0.0739999999999998 0.436 562.437 0.227000000000089 0.999950968626087 0.00652337775748293 -0.00719517599449905 -0.00033754487286333 -0.00190299559903201 0.90082395464742 0.999979260727657 0.00120589313426621 -0.00344877227266292 -0.00161251093939493 0.00505269379624305 0.901444157264445 0.999950985185681 0.00652216891550045 -0.00719407891018453 -0.000336555021047803 -0.00190276067192098 0.90076032063423 0.999979257162941 0.00120602464525799 -0.0034486522012023 -0.00161218369937251 0.00505355420701939 0.901376811499769 0.00300000000004275 0.00200000000006639 0.0760000000000218 0.0699999999999363

 8689 89 1000 5 0.9 0.0839999999999996 0.44 567.067 0.236999999999966 0.999950478035356 -0.000722452157602538 0.00387501395922331 -0.00344760743004237 0.00846273062123303 0.898864866441565 0.999976485438627 0.00455731540720781 0.00300258201323066 0.00390082790470494 0.00142389922499403 0.893991132823572 0.999950483763196 -0.000721671129719261 0.00387514981625542 -0.00344789232271185 0.0084619421507794 0.898816783468962 0.999976484000076 0.00455688583725501 0.00300385623113939 0.00390043826700427 0.00142466395304757 0.89403591400305 0.0040000000000191 0.0040000000000191 0.0749999999999318 0.0710000000000264

 8682 82 1000 5 0.9 0.0490000000000004 0.469 581.476 0.23599999999999 0.999905369929973 0.0049090465434995 0.00627060322177329 -0.00880625044361268 -0.00694852038900112 0.901130510217241 0.999957073100603 0.00122915816100819 -0.00321655383364195 -0.00582775465994451 0.00632709912591318 0.90569345723681 0.999905394221323 0.00490983443104158 0.00626912483969758 -0.0088056446014585 -0.0069465696467462 0.901065601895208 0.999957023667028 0.0012309574893936 -0.0032191419192766 -0.00583045864088495 0.00633075350799845 0.905573452403122 0.00300000000004275 0.00499999999999545 0.0779999999999745 0.0790000000000646

 8698 98 1000 5 0.9 0.048 0.447 558.864 0.282999999999902 0.999985065736439 0.00370738703056113 0.00365051441516934 0.00167057445786063 -8.0690653508924e-05 0.901799991901786 0.999986802095386 -0.00148067503819585 -0.00447117099198327 0.00156791144494435 0.00132420547351903 0.899836931494469 0.999985061194738 0.00370749264609973 0.00365087172372478 0.00167225636262181 -8.11168899758226e-05 0.901726479965783 0.999986803698328 -0.00147962194901451 -0.00447123214378967 0.0015685969859542 0.00132315331715463 0.899780953980028 0.00399999999990541 0.00199999999995271 0.0799999999999272 0.0779999999999745

 8677 77 1000 5 0.9 0.0880000000000001 0.402 600.226 0.240999999999985 0.999976874763592 0.00398230343375128 0.00521551398578997 0.0016347825325544 -0.000719094803121719 0.90168555176541 0.999938898077791 0.00835710099939243 -0.00655511644145815 -0.00300160787388294 0.000616256821672575 0.903486717304041 0.999976880086791 0.00398034088848376 0.0052160060002988 0.00163486488222099 -0.00071880214264239 0.901613319572226 0.999938881316691 0.00835992295741207 -0.0065532916136148 -0.00300333497552974 0.000616171503780465 0.903395282780108 0.00300000000004275 0.00199999999995271 0.0789999999999509 0.0789999999999509

 8691 91 1000 5 0.9 0.0839999999999996 0.467000000000001 580.28 0.23700000000008 0.999927773063176 0.0108003309477403 0.00196302363931011 -0.00345989682101776 -0.00346080344951506 0.902724631590196 0.999971757546654 -0.00477042150415375 0.00365899443462138 0.000776947870261313 -0.00444244296105341 0.89905833837143 0.999927791052263 0.0107992582288061 0.0019622766758539 -0.0034586330517837 -0.00346064021675554 0.902642309360643 0.999971768284755 -0.00477028235921581 0.00365781349344018 0.000777522231212919 -0.0044410470951434 0.899008972086783 0.00299999999992906 0.00200000000006639 0.0780000000000882 0.0760000000000218

 8699 99 1000 5 0.9 0.0410000000000004 0.434 568.214 0.230000000000018 0.999973327733322 -0.00228992251088469 -0.00173685105850177 0.00233215536260138 0.00629638599555588 0.903688610734915 0.999944474550983 -0.0096184724058129 -0.00163048160273707 -0.00224637677492677 0.00329061159435388 0.904317127255639 0.999973336922747 -0.00229038497228349 -0.00173528359390316 0.00233193115935057 0.00629527347952261 0.903594287866582 0.999944473385358 -0.00961940847962746 -0.00162978925005211 -0.00224565138650567 0.00328906725850496 0.904216283337114 0.00300000000004275 0.00199999999995271 0.0760000000000218 0.0739999999999554

 8686 86 1000 5 0.9 0.0810000000000004 0.457000000000001 589.814 0.236999999999966 0.999986125405605 0.00138428404209471 0.00431065969189361 -0.00188524107661031 -0.00192271502834634 0.898403065363459 0.999994279013521 -0.000501531157686633 0.00128896553104342 -0.00305892802450931 0.000414649161809469 0.909272015232338 0.999986122520343 0.00138439304072708 0.0043112041901547 -0.00188443996518712 -0.00192370140248723 0.898358933506801 0.999994278573845 -0.000499985496187099 0.00129115225451776 -0.00305791281634278 0.000418245311937196 0.909092377318894 0.00299999999992906 0.00199999999995271 0.0769999999999982 0.0790000000000646

 8688 88 1000 5 0.9 0.107 0.441 588.966 0.384999999999991 0.999969032125443 -0.0058813470321974 -0.00473468736557862 -0.00111477499153757 0.00191952063279792 0.89586386648849 0.999986190410904 -0.00230387808075642 0.0012676553671436 -0.00253443121006656 -0.00377900007786265 0.901893065890145 0.999969036609843 -0.00588090892226044 -0.00473428608667479 -0.00111449835968378 0.0019196771827679 0.895835187611208 0.999986200949842 -0.00230241143613172 0.00126878716046128 -0.00253344098802594 -0.00377738896364127 0.901818550818691 0.00300000000004275 0.00199999999995271 0.0729999999999791 0.0739999999999554

 8693 93 1000 5 0.9 0.0640000000000001 0.459000000000001 594.798 0.247000000000071 0.999977423628911 0.000269836310795096 0.00127549963077834 -0.00245335499199007 -0.00611829803347195 0.898902020874762 0.999993461648966 -0.000745821064381268 0.00294759180401166 -0.00119945365964128 0.00154706940159498 0.900586204660286 0.999977422683663 0.000270145758220335 0.00127546981204624 -0.00245408830709725 -0.00611815099097018 0.898855239238411 0.999993458776559 -0.000744741722421511 0.00294893037816935 -0.00119986301359714 0.00154657758732654 0.900524943783158 0.00299999999992906 0.0040000000000191 0.0790000000000646 0.0769999999999982

 8700 100 1000 5 0.9 0.0660000000000007 0.434 583.52 0.235000000000014 0.999967532628028 0.00277480180380138 0.00353361822494454 -0.00661418491563738 -0.00100013244366233 0.897916970569967 0.999955043495105 0.00552791478726153 0.00546929508804551 -0.00410047628636286 -0.00355331567295793 0.899285991926586 0.999967540185593 0.00277479996468483 0.00353334091918842 -0.00661325210415726 -0.000999729406904939 0.897875923535535 0.999955032398953 0.00552938257462088 0.00547071685361308 -0.00409982458136029 -0.00355271781338662 0.899234134279592 0.00300000000004275 0.00199999999995271 0.0740000000000691 0.0730000000000928

 8681 81 1000 5 0.9 0.0709999999999997 0.468 621.163 0.24899999999991 0.999990149927684 4.23330664736935e-05 0.00164808767884451 0.00152223897795205 -0.00382947137552558 0.900101029662241 0.999930559397295 -0.00136940808095206 0.00154575979187259 0.00981903748910537 -0.00618047201865821 0.899142507707196 0.999990148061203 4.32840795093175e-05 0.00164782588622827 0.00152313008807884 -0.00382970646455712 0.900041700523306 0.999930548134416 -0.00137076119625832 0.0015463873155222 0.00981996753084008 -0.00618035964269681 0.899092175124325 0.0040000000000191 0.00200000000006639 0.0819999999999936 0.0760000000000218

 8687 87 1000 5 0.9 0.0390000000000006 0.44 613.463 0.231999999999971 0.999970731384509 0.00252772929531849 0.00404646697058109 -0.00450246613213993 -0.00393711350151622 0.895913995424721 0.999982520569042 -0.000357985592830645 -0.00566293732162381 0.00102740384567286 0.00130613358065847 0.90221888652111 0.999970730052811 0.00252820693839644 0.00404634010970866 -0.00450274721451252 -0.00393695397027635 0.895884639184796 0.999982519051851 -0.000359253926786155 -0.0056628842580576 0.00102704753773099 0.00130745652536953 0.902142711488886 0.0040000000000191 0.0040000000000191 0.0729999999999791 0.0740000000000691

 8696 96 1000 5 0.9 0.0670000000000002 0.443 605.725 0.225999999999999 0.999984123006895 0.00187753058042696 0.00504861994981309 -0.00147809582588123 0.000745172719479801 0.898397465173031 0.999942172843413 -0.00319019885361466 0.00466758782305207 -0.00132096775834981 0.00905219689160628 0.897599867020523 0.999984123888675 0.00187707329705029 0.00504882189178962 -0.00147738285802752 0.000745187112533388 0.898352935085548 0.999942166734357 -0.00318993749209072 0.00466768561935731 -0.00132188289153061 0.00905277979276071 0.897560357540858 0.0040000000000191 0.00199999999995271 0.0769999999999982 0.0800000000000409

 8640 40 1000 5 0.9 0.0880000000000001 0.39 526.866 0.220000000000027 0.999969176454557 0.00275322726496028 0.00456053353969514 -0.00503786138497225 0.00280844564148353 0.898244808047492 0.999975740051014 0.00428104649601004 0.00443562378880173 -0.00114646637792661 0.00303361282533671 0.898780436752053 0.99996916713092 0.00275280727356124 0.00456110497442266 -0.00503913480928129 0.00280896447029444 0.898201998169861 0.999975735464866 0.00428156086388285 0.004435979421833 -0.00114593508864449 0.0030340793349413 0.898733303556112 0.00199999999995271 0.000999999999976353 0.0710000000000264 0.0710000000000264

 8701 1 2000 5 0.9 0.526 0.5 1131.325 0.486000000000104 0.999988900779407 -0.00293205074436498 0.000701607030007026 0.00303917606887873 0.0019678802866041 0.898073722455574 0.999980163319839 -0.00366070863886854 0.0019856796959635 0.00171338329648464 0.00440381345118057 0.90043329225678 0.999988896724277 -0.00293240067234746 0.000702175274634455 0.0030398398163268 0.00196819161560356 0.898031543110133 0.999980164358199 -0.00366097583663906 0.00198542636798249 0.00171324036597889 0.00440352536704187 0.900372662110587 0.29300000000012 0.233999999999924 8.12699999999995 8.5150000000001

 8704 4 2000 5 0.9 0.45 0.5 1162.467 0.490999999999985 0.999942185999823 0.00720602308969094 0.00378113898572215 0.00512518753421639 0.00480971203255378 0.901379619979669 0.999991473760543 0.00291614272767748 -0.000383228927556504 0.0023160149689804 -0.00174290793266304 0.901122160080067 0.999942181941782 0.00720645752354609 0.00378032738282321 0.00512641041247242 0.00480923950646108 0.901309459374008 0.999991473993103 0.00291634296687015 -0.000383403254593538 0.00231599915564916 -0.0017424220661914 0.901055126434225 0.218000000000075 0.382000000000062 9.05799999999999 10.5890000000002

 8702 2 2000 5 0.9 0.508 0.497 1181.477 0.594000000000051 0.99998113810889 0.00250348553340494 0.000872105222692627 0.00481379143606987 0.00274277799386835 0.901135725855451 0.999996761605643 -0.000833316876825801 -0.0023351791047061 -0.000298455389856696 -0.000490126656098746 0.903101493550142 0.999981137285911 0.00250278605422061 0.00087297390107349 0.00481455066583161 0.00274210736426573 0.901069606015073 0.999996757693349 -0.000836536254452725 -0.00233556655152349 -0.000298575811686595 -0.00049070485315444 0.903014835904825 0.292000000000144 0.384000000000015 10.4929999999999 13.056

 8703 3 2000 5 0.9 0.687 0.498 1187.237 0.846000000000004 0.999974508641613 0.00372995675601076 -0.00382951220870359 -0.00325070164000443 0.00344053261207826 0.902846433538735 0.99997584816062 0.0050677737987853 0.00153159503197133 0.000607707947974353 -0.00446157728624713 0.900132078611327 0.999974492854667 0.00373113985821629 -0.00383087980925433 -0.003252069370502 0.00344102311925973 0.902762477444106 0.999975846099405 0.00506806197762494 0.00153101079026797 0.00060871892226193 -0.00446177462492461 0.900074243404323 0.432000000000016 0.2650000000001 12.2940000000001 9.40800000000013

 8706 6 2000 5 0.9 0.511 0.509 1118.766 0.538000000000011 0.999992344568241 0.00133812775773178 -0.002301570097386 0.00256047234124387 0.00129111405105747 0.902764553549463 0.999993747323754 -0.000818174780809652 0.00201261958887106 0.000557829189942631 -0.00273387863846763 0.900569998566062 0.999992344469733 0.00133714346036881 -0.00230199220995008 0.00256079431571571 0.00129081897647773 0.902680920289623 0.999993746456371 -0.000817745587500394 0.00201238215121073 0.000557807114020325 -0.00273450353936605 0.90050853600975 0.202999999999975 0.244999999999891 9.62900000000013 8.71000000000004

 8708 8 2000 5 0.9 0.523000000000001 0.483 1143.627 0.473999999999933 0.999937410640718 0.0050841303336204 0.00599711047623224 -0.00723545684282367 -0.00331801900225298 0.898905122205097 0.999992155381456 -0.000897180438571004 -0.00259037467619004 -0.00285766161997739 8.92855759725697e-05 0.900911267132907 0.999937406900114 0.00508465299033865 0.00599745255838566 -0.00723517244413095 -0.00331834723280356 0.898856711212421 0.999992156388833 -0.000897137779628017 -0.00258935450280322 -0.00285823049362811 8.98126907834077e-05 0.900848699619907 0.250999999999976 0.281000000000176 8.74900000000002 10.1809999999998

 8705 5 2000 5 0.9 0.456 0.502999999999999 1178.134 0.716000000000122 0.999978860745017 -0.00341129532262069 0.00520379338083291 -0.00173363930847183 0.000745759020740253 0.899355227509654 0.999986058318865 -0.00220004680225672 -4.08346976551188e-05 -0.00472392589432118 0.000851949904886116 0.899370298802543 0.999978855695435 -0.00341195941331421 0.0052043876705743 -0.00173348999533668 0.000745691907571463 0.89930302876309 0.999986055984131 -0.00219973546282096 -4.15751724456208e-05 -0.00472458724894675 0.000851791070849824 0.899318345029467 0.422000000000025 0.396999999999935 10.672 8.78600000000006

 8717 17 2000 5 0.9 0.486 0.502 1153.078 0.480999999999995 0.999995964162928 -0.00190299536552192 -0.000579874142080422 0.00202829895909871 3.97565146023009e-06 0.897895791749463 0.99999131422836 -0.0036748038858763 0.00131752690905903 0.00144258356511742 0.000224409757166199 0.896795100708084 0.999995963855941 -0.00190335899666261 -0.000579987505480873 0.00202807539488484 4.58729789938339e-06 0.89785432442247 0.999991312565484 -0.00367509704659141 0.00131748578794655 0.00144294936851498 0.00022490792861874 0.89676018129277 0.307000000000016 0.216999999999871 8.33100000000013 9.10799999999995

 8711 11 2000 5 0.9 0.577 0.524 1185.239 0.608999999999924 0.999990890936706 -0.00137485244120552 -0.00075921954802803 0.00124417720534274 -0.00376874423879135 0.901875309609787 0.99999845818297 3.6583966719782e-05 -0.000985467100430739 -0.00143286353103072 -0.000240935657366751 0.899827342672759 0.999990893934427 -0.00137302307248964 -0.000760177916677046 0.00124262962410925 -0.00376893314082746 0.901802210929962 0.999998457043001 3.61898150062784e-05 -0.000986025473065916 -0.00143333275371377 -0.00024065098983588 0.899771813526319 0.302999999999884 0.2650000000001 11.8989999999999 14.729

 8712 12 2000 5 0.9 0.684 0.500999999999999 1190.518 1.02400000000011 0.999980971925637 0.00329853322602505 0.00487912095960966 -0.000969246884733853 -0.00155891127209427 0.898779367132915 0.999995138508475 -0.000507563956504104 0.00277657664295779 -0.00019720876581861 0.00131036983143335 0.89903303190995 0.999980967604546 0.0032987991848489 0.00487942132929025 -0.000970421773698255 -0.00155944916121928 0.898731141181148 0.999995138368625 -0.000507935783370968 0.00277642645846258 -0.000196979379242972 0.00131068516423357 0.89898426622459 0.317999999999984 0.295000000000073 12.624 19.623

 8707 7 2000 5 0.9 0.53 0.463 1233.201 0.844000000000051 0.999981971352218 0.00577080048640282 -0.0015840464642287 0.00038297469315923 -0.000314578227130486 0.901276878833792 0.999984247910884 0.000991993045115213 0.00397869835900638 -0.00383224672793621 -6.10269265351679e-05 0.898706770228596 0.999981976742753 0.0057698043366395 -0.00158446936682532 0.000382583226193767 -0.00031406125673136 0.90120859118342 0.999984246813733 0.000991928294425355 0.00397866526764696 -0.00383258769530035 -6.08019452266211e-05 0.89866027530738 0.308999999999969 0.31899999999996 14.7540000000001 17.6020000000001

 8716 16 2000 5 0.9 0.632 0.503 1196.99 1.35599999999999 0.999994037501845 0.000749515532127723 -0.00275850589069154 -0.00182917757590479 0.000638703274922223 0.898119586568834 0.999988009660838 -3.57855438918906e-05 -0.00130715941686183 -0.000504451972972085 0.00469213346116747 0.898773372224769 0.999994040548166 0.000748023169775841 -0.00275775383578249 -0.00182905811330158 0.0006392727813583 0.898076664497613 0.999988006703623 -3.60408559569888e-05 -0.00130837427632708 -0.000504388623373734 0.00469242995065772 0.898725880369286 0.597999999999956 0.335000000000036 24.827 14.1860000000001

 8728 28 2000 5 0.9 0.342000000000001 0.491000000000001 1159.894 1.202 0.999992417354607 -0.00173151912840434 -0.000780203250740421 -0.00147500824989455 -0.00306312068770174 0.901145723194715 0.999973828044261 0.000615577414756086 0.00267121376123018 -0.0052839015527377 -0.00411209099810855 0.900731644295538 0.999992417158464 -0.00173148223092567 -0.000779143110033761 -0.00147670278894374 -0.00306265893350394 0.901079010401305 0.999973826567597 0.000615573162858105 0.00267200194911245 -0.00528273817020366 -0.00411343317054122 0.900668101121824 0.467000000000098 0.546000000000049 32.8520000000001 11.1310000000001

 8719 19 2000 5 0.9 0.32 0.526 1207.569 1.93299999999999 0.999988057461531 0.00410375093921177 0.00172560753124788 -0.00163593419384438 -0.00117905067932582 0.89923500361448 0.999987949851602 -0.000304042123521137 0.00216753878058457 0.00344136870632343 -0.00273248367599963 0.900628540521912 0.999988055492126 0.00410386957243534 0.00172642023906882 -0.00163588524145096 -0.00117918626389485 0.899184379878547 0.999987947209089 -0.000303436540132861 0.00216834104809273 0.00344192872144126 -0.00273217616470898 0.900564905462536 0.422000000000025 0.454999999999927 17.6110000000001 17.6770000000001

 8710 10 2000 5 0.9 0.473 0.504 1231.436 1.9369999999999 0.999982942043296 0.00347095148641715 -0.000225511398797334 -0.00445799798763996 0.00146407539557517 0.901579109409076 0.999983129554968 0.000201832577290811 0.00503687743455857 0.00277228019995218 -0.000802619003932403 0.898425543968799 0.99998293826917 0.00347099120083257 -0.000225956946564886 -0.00445882070918992 0.0014639849666299 0.901509164617564 0.999983129878878 0.000202039625370711 0.00503679044975452 0.00277230941926822 -0.000802608299717577 0.898380474624206 0.639000000000124 0.385999999999967 40.471 10.837

 8709 9 2000 5 0.9 0.478999999999999 0.503 1224.73 1.62999999999988 0.999987315309221 -0.00211518702565588 0.00302460750372626 0.00301958403817946 0.00162143954187214 0.897542627866028 0.999988798160094 0.00258647033281036 0.00355950979512853 -0.00174123929668723 -0.000108172446116465 0.900380767326837 0.999987315849808 -0.00211526054611528 0.00302446666509135 0.00301945456902516 0.00162151405039989 0.897503391461407 0.999988798896832 0.00258649798213153 0.00355889583969659 -0.0017419630025705 -0.000109244497707711 0.900321741965897 0.638999999999896 0.482999999999947 33.826 34.818

 8715 15 2000 5 0.9 0.553 0.491000000000001 1224.427 1.53099999999995 0.99999290931376 -0.00106202095727668 -0.00102487480668396 -0.00346394868111744 -6.42250177979842e-05 0.899851434839605 0.999987193755175 -0.00164411456883248 -0.000362845332296111 0.00429616369239626 0.00207858935994713 0.899982934411174 0.999992913722844 -0.00106230709301617 -0.00102422329925749 -0.00346277126435327 -6.47266674110093e-05 0.899795879739898 0.999987193128305 -0.00164440582450425 -0.000362556861754978 0.00429595012959711 0.00207915219862604 0.899925412864185 0.461999999999989 0.6400000000001 41.4749999999999 15.027

 8713 13 2000 5 0.9 0.507 0.502999999999999 1228.537 2.33500000000004 0.999996278933561 0.00249226120596383 0.000521776706875234 -0.000135812682661025 -0.000969565416317743 0.899422325369882 0.999999577590291 0.000444670671960912 -0.000509030715059979 0.00060342837191887 0.000154431747907822 0.899341102832725 0.999996279034545 0.00249179295758768 0.000521422074448625 -0.000135124118987511 -0.000970950778378749 0.899369067575015 0.999999577075255 0.000444456039346843 -0.000509653063590451 0.000603875381907475 0.000154584662781577 0.899289725243452 0.759999999999991 0.606999999999971 41.8430000000001 19.309

 8722 22 2000 5 0.9 0.597 0.461 1225.79 2.346 0.99999412073547 0.000151514986013756 0.00194759682278058 9.18207048502018e-05 -0.00281673095565662 0.900376285410833 0.999992883470181 0.000376836828692742 -0.000908390002636305 0.00328490033526585 -0.00157329602705039 0.896817367661037 0.999994121948043 0.000151105998356193 0.00194799163513944 9.14131036295502e-05 -0.0028160626010393 0.900315471974005 0.999992883349262 0.000376691025069647 -0.000908583753359338 0.00328494190406751 -0.00157320912471403 0.896782197343191 0.884000000000015 0.837999999999965 36.4589999999998 13.5699999999999

 8714 14 2000 5 0.9 0.470000000000001 0.525 1266.428 2.05499999999984 0.999992757190312 -0.00119172891929302 -0.00264785487155831 -0.00110289659479638 0.00219950739516662 0.899936422750857 0.999998204745024 -0.000594800311332994 -0.00102805949824611 0.000335535926277724 -0.0014377860161946 0.899442466133638 0.999992758399969 -0.00119219597226836 -0.00264781902886273 -0.00110222840008917 0.00219908238346304 0.899880103647086 0.9999982063388 -0.000595231963474717 -0.00102665753703108 0.000335471484963077 -0.00143751566157526 0.899390172841504 0.561999999999898 0.365000000000009 28.6659999999999 13.2459999999999

 8718 18 2000 5 0.9 0.568 0.505 1253.648 2.88599999999997 0.999988533447298 -0.00373003980903466 0.00226927654397333 -0.00169706423411895 -0.000995054720739631 0.897877258832884 0.999994334454666 0.00205582032061546 0.00225630684472273 -0.00115030668413193 0.0008309845576023 0.899914930308371 0.999988534098705 -0.00373006551907689 0.00226901253655577 -0.00169707674888719 -0.000994884396771728 0.897835882095184 0.999994332801301 0.00205663168752886 0.00225668428749737 -0.00114930664428355 0.000831325234603271 0.899858573147869 0.689000000000078 0.454999999999927 28.9959999999999 14.587

 8729 29 2000 5 0.9 0.494 0.566000000000001 1243.781 2.60400000000004 0.999991591446922 0.00189395486993733 0.00170620528576748 -0.00240293209672289 0.00213184222295027 0.898005264001229 0.999980768639481 0.00226727838428316 -0.000356854990787818 -0.00338551503648062 -0.00466183894765273 0.897720217940922 0.999991591475917 0.00189335056898632 0.00170648014145454 -0.00240361529179877 0.00213137517636905 0.897962983240517 0.99998077068639 0.00226779694471048 -0.000356401463288735 -0.00338573703185475 -0.00466102104898513 0.897679647475925 0.661999999999807 0.403999999999996 20.4489999999998 12.903

 8720 20 2000 5 0.9 0.482 0.625 1268.231 1.69299999999998 0.999985800973919 -0.000836269786697275 -3.01154996400687e-05 -0.00407069285029921 0.00333572423439053 0.900155863101201 0.999997628959767 7.51930117661911e-05 0.000920377642501293 0.00172225637936643 0.000960811539058161 0.901286080476127 0.99998580315818 -0.000836046003269377 -3.08997526017876e-05 -0.00406998680206298 0.00333597988691771 0.9000974558505 0.999997630224054 7.55407722066602e-05 0.000919978976034673 0.00172167366852989 0.000960894547079644 0.901218775723964 0.382999999999811 0.434999999999945 22.9830000000002 22.23

 8732 32 2000 5 0.9 0.325 0.534000000000001 1251.1 1.27400000000011 0.999987942987874 0.00232466324420395 0.0039928903786208 -0.00161884195543399 -0.000382095314054057 0.90275429427833 0.999973659341166 0.00531393749021365 -0.00369838070060664 -0.00100947001711167 -0.00312180118939479 0.901701040255235 0.99998794259187 0.00232553672339725 0.003992228644918 -0.00161931626964287 -0.000382720646961382 0.902669816178996 0.999973664711317 0.00531281030018758 -0.0036986202718707 -0.00100956486451743 -0.00312168502591523 0.901629399806689 0.329999999999927 0.363000000000056 21.7080000000001 9.28099999999995

 8731 31 2000 5 0.9 0.413 0.689 1260.784 1.24900000000002 0.999995280697446 7.24957982054526e-05 0.000366407118564238 -0.00285591150656566 0.00106903811218073 0.903462652561778 0.999998093320698 0.00141103713193784 -0.000908231379442343 -0.000945381729620999 -0.000322022247594375 0.899453551431251 0.999995277246266 7.19109529508737e-05 0.000367626181034326 -0.00285731961049537 0.00106812434304657 0.903372294562152 0.999998094468873 0.00141029928052159 -0.000908146431597136 -0.000945263121690614 -0.000322276669925116 0.899401256173919 0.4849999999999 0.477000000000089 24.8620000000001 7.95299999999997

 8721 21 2000 5 0.9 0.493 0.489 1311.259 2.29299999999989 0.999988188819765 -0.0032272801185701 0.00352242976461971 0.000639983589609348 -0.000624334494383713 0.90312881040183 0.999983470687467 -0.000270772603214534 -0.0042226114120454 -0.00068287833195456 0.0038325271154943 0.898792710356808 0.999988185621334 -0.00322810906741927 0.00352260692850866 0.000639952104985363 -0.000624204558402507 0.903039283568334 0.999983469204826 -0.000270621080690381 -0.00422222182228356 -0.000683356272634707 0.0038332686313516 0.898745169564658 0.805000000000064 0.632000000000062 30.1399999999999 15.3309999999999

 8723 23 2000 5 0.9 0.556 0.493 1308.742 1.73299999999995 0.999990043412064 -0.00192070954999401 -0.000954765369174062 -0.000355790483030918 0.00389689463358684 0.901146559724173 0.999990751264515 -0.00157630321741644 -0.00396125193292709 -0.000540223618975223 -0.000171158300186703 0.900269566502061 0.999990042876322 -0.00192140675208039 -0.000955329486365334 -0.000356726584988335 0.00389646455404974 0.901079590745351 0.999990750570002 -0.00157615336234478 -0.00396151500745118 -0.000539828514645625 -0.000171752856566165 0.900210559229297 0.66800000000012 0.394999999999982 24.865 22.1190000000001

 8727 27 2000 5 0.9 0.559 0.728000000000001 1297.429 2.18599999999992 0.999992776919506 -0.00126138471942833 -0.0024903193503939 -0.00253439770068656 0.000479744965870977 0.90014822528475 0.999987177328487 0.00187748077808807 -0.000773581497742957 0.00384633063195334 -0.00259375343274393 0.898085964109482 0.999992778430297 -0.0012619896804657 -0.00249001817339325 -0.00253390298086823 0.000479181051610974 0.900090328615808 0.999987179581021 0.00187711000342555 -0.000773406427083443 0.00384605492100184 -0.00259361440312534 0.898043418487799 0.66800000000012 0.888999999999896 27.8159999999998 16.6310000000001

 8725 25 2000 5 0.9 0.327 0.514 1322.283 2.52500000000009 0.999988891335402 0.000124708534084347 0.00283773531713975 -0.00160088050767 0.00340383510837739 0.897655378828826 0.999981144573335 0.00281607014544276 0.00502134135077821 0.000170499366066815 0.00213009571259156 0.900176130748947 0.99998889112567 0.000124608425453617 0.00283766599210868 -0.0016007795946985 0.00340400564043957 0.897615025419634 0.999981148985562 0.00281645464324018 0.00502033329703576 0.000171115120400278 0.00212984270788137 0.900117894794476 0.480000000000018 0.294000000000096 12.7860000000001 16.7159999999999

 8726 26 2000 5 0.9 0.382000000000001 0.498 1369.674 0.478000000000065 0.99997868838222 0.00161224335653962 0.00290288329018513 -0.00276516447885639 -0.00489393366759511 0.897008610832757 0.99998745737042 -0.000772604481854038 -0.00346178545638585 0.00115922082546959 0.00334072337820514 0.89652785245528 0.999978690147701 0.00161188719712443 0.00290281297840238 -0.00276526673573953 -0.00489367416610904 0.896972218797304 0.999987457636037 -0.000772701149343762 -0.00346140650388421 0.00115949412580432 0.00334091932502176 0.896494802776836 0.223999999999933 0.249000000000024 9.53599999999983 10.9959999999999

 8730 30 2000 5 0.9 0.356 0.566 1364.033 0.634000000000015 0.999998041297994 -0.000127358818724945 0.000954441270476641 4.73853046516797e-05 -0.00172857640891864 0.902886614283209 0.999990029260257 -0.00114206235815874 -0.00425212567147171 -0.000592888299410532 0.000452752005241094 0.894280396141688 0.999998041146796 -0.000126694681976501 0.000953158333347765 4.70959647804045e-05 -0.00172942828398565 0.902801236192367 0.999990028405519 -0.00114207556213937 -0.00425232005139088 -0.000592993849644071 0.000452642700370667 0.894299214918138 0.358999999999924 0.306999999999789 10.068 7.702

 8724 24 2000 5 0.9 0.44 0.552 1563.378 0.516999999999825 0.999965113120447 0.00458152523200961 -0.00446996586288927 0.00278225852024696 0.0045891841617048 0.902536125679179 0.999995212254486 -0.000162650729666642 -0.00162005156105591 0.00134926169857546 0.00225918982253072 0.896952272418339 0.999965119263872 0.00458050980058136 -0.00447039051208796 0.00278224719221475 0.00458845233024438 0.902454733125868 0.999995210944994 -0.000162771506243165 -0.00162003837535938 0.00134937813243301 0.0022597006065527 0.896916751931187 0.27800000000002 0.345000000000027 8.80199999999991 7.99399999999991

 8733 33 2000 5 0.9 0.613 0.524999999999999 1218.388 0.439000000000078 0.999994458275065 -0.00289998950165555 0.00113157529591322 -0.00117515856351921 -0.000109634623061601 0.898925997952424 0.999984865637879 -0.00231673096861527 -0.000133722575546673 0.00324360603401114 0.00378977452897015 0.898836932677794 0.999994458445676 -0.00289923375716784 0.00113246757598501 -0.00117592181185013 -0.000110664544165401 0.898877714187355 0.999984864191255 -0.00231665406725671 -0.000133647117682796 0.00324382896139995 0.00379001509850025 0.898789252596593 0.29099999999994 0.279999999999973 7.47000000000003 7.24800000000005

 8734 34 2000 5 0.9 0.6 0.872000000000002 1308.2 0.467000000000098 0.999997485416082 0.00132869829652191 -0.000481224624878321 -0.000837838953831997 0.00152648979604158 0.896319799731112 0.99997984127567 0.00157280675255573 0.00538991462336646 0.00242283208648966 0.00170939352970973 0.901626533516216 0.999997484573401 0.00132929620290255 -0.000480183529181842 -0.000837950571220222 0.00152678783521864 0.896288058835199 0.99997984370992 0.00157233374538706 0.00538987706513744 0.00242220469483203 0.00170941221385986 0.901555185335407 0.219000000000051 0.302999999999884 8.21499999999992 10.8240000000001

 8735 35 2000 5 0.9 0.474 0.874000000000001 1297.059 0.574999999999818 0.999974277192768 -0.00455849446449506 0.0012857394669385 0.00123700620057247 -0.00524230585733578 0.898368008392267 0.999991943624013 -0.000481137413776511 0.00270496305784273 0.00144179503011521 -0.00254668329491511 0.89902642497445 0.999974274386132 -0.00455892111797661 0.00128629758099842 0.00123672969320645 -0.00524239853202017 0.898323413845015 0.999991941730837 -0.000481400072121622 0.00270523181194385 0.00144247694529442 -0.00254670541422569 0.898977443422688 0.309999999999945 0.409000000000106 10.7839999999999 7.50999999999999

 8736 36 2000 5 0.9 0.425 0.629 1334.849 0.480999999999995 0.999976360239074 -0.00222066066086775 0.0030155751178555 -0.00420185176398057 0.00394947815601306 0.899973605587009 0.999993011394145 -0.00206396563448451 -0.000926091516530121 0.00263341838415042 0.00138732506866358 0.900630342470363 0.99997636086471 -0.00222109931786868 0.00301657139723883 -0.00420191407262641 0.00394824577798084 0.899916383192007 0.999993010575936 -0.00206414071409625 -0.000926493032701248 0.00263331753525125 0.00138757767601729 0.900569064723618 0.202999999999975 0.273999999999887 7.57799999999997 7.19900000000007

 8737 37 2000 5 0.9 0.513 0.508999999999999 1266.439 0.461999999999989 0.999987694117307 0.0033215327204881 0.00173167609531935 -0.00320224134763256 -0.000570948850967406 0.900389270380837 0.999967604962039 -0.00212471180591408 0.00496945881255971 -0.00482867318708736 -0.00350185958988495 0.900119982890063 0.999987691356474 0.00332251154287648 0.00173181244564525 -0.00320204649463008 -0.000570768338206744 0.90032848303512 0.999967609989524 -0.00212486761996253 0.00496860291921285 -0.00482800508749046 -0.00350246503810414 0.900062551252599 0.190000000000055 0.222999999999956 7.57999999999993 7.52800000000002

 8739 39 2000 5 0.9 0.601 0.717000000000001 1235.739 0.442000000000007 0.999989444643704 0.000535174869688989 -0.00259131904865033 -0.000889567405056325 0.00364937315936205 0.899344958107625 0.999975430683167 -0.00256865728779925 -0.00214790469387653 0.00348279212335897 -0.00507904461535495 0.89590433792137 0.999989446339217 0.000535562678432278 -0.00259111815073048 -0.000890198114660371 0.00364884048018351 0.899293252890224 0.999975429042224 -0.00256894857066969 -0.00214771665069602 0.00348311385014522 -0.005079079262642 0.895873782688873 0.183999999999969 0.213999999999942 7.74700000000007 11.2829999999999

 8740 40 2000 5 0.9 0.990999999999999 1.282 1215.4 0.45900000000006 0.999975329022096 -0.00226248290719083 0.00610044101755735 -0.00264040605728307 -0.000188131576883374 0.897811996405189 0.999987447738057 0.00436407233524617 -0.000593598581694154 -0.00237149551893035 -0.000287903987896537 0.897063923094473 0.99997532885885 -0.00226316400806544 0.00610043785976466 -0.00263988812257663 -0.000188177914324512 0.897770282557193 0.999987448795158 0.00436400353920102 -0.000593665970715007 -0.00237115460909487 -0.000287944084697199 0.897027579130439 0.294000000000096 0.370000000000118 11.0929999999998 10.0609999999999

 8738 38 2000 5 0.9 0.493 0.772 1271.826 0.524000000000115 0.999996913496276 -0.000628696649171702 0.000167507751261167 -0.00116465869870334 -0.00209600804239655 0.899891467033303 0.99998256624377 0.00149507511989493 0.00548413041380959 -0.00157874729990722 -0.000252644961942833 0.89979247242062 0.999996913643523 -0.000628439064634837 0.000167217415437451 -0.00116474289705864 -0.00209599143358985 0.899835118275208 0.999982565732256 0.00149615723211474 0.00548395054089073 -0.00157859992030175 -0.000253088576720493 0.899737933382519 0.34699999999998 0.337999999999965 9.91799999999989 6.97799999999984

 8741 41 2000 5 0.9 1.671 1.433 1239.401 0.43100000000004 0.999998201976325 0.00158308348537124 0.00102762683920971 0.000131635905609739 0.000128630726368296 0.901245790587123 0.99996580481472 0.00386758819394087 -0.00274163389613499 0.00595705295847783 -0.00322923000730722 0.898628661663101 0.999998201096871 0.00158356555794039 0.0010278796939904 0.000130549893914307 0.000128620395843294 0.901177124282176 0.99996580168244 0.00386755869367772 -0.00274158682458746 0.00595700346047589 -0.00323036635727483 0.898582114624772 0.180000000000064 0.16599999999994 7.07999999999993 10.384

 8742 42 2000 5 0.9 2.649 3.647 1222.436 0.458999999999833 0.999982352629274 -0.00284896779944667 0.00460043279752436 0.00238691010220553 -0.00056257509678518 0.90176883079648 0.999996177664988 0.00145706545354312 0.00230153858327065 0.000322187180803732 -0.000347464023684017 0.896580566546337 0.999982348827658 -0.00284803217488903 0.00460134374775686 0.00238780972362994 -0.000562802176105019 0.901695696814942 0.999996177254999 0.00145691223588837 0.00230181347921002 0.000322434222725457 -0.000347236238707926 0.89654661542652 0.319000000000187 0.261999999999944 7.96100000000001 8.79100000000017

 8743 43 2000 5 0.9 2.452 2.569 1209.919 0.615000000000009 0.999985707840159 0.00220384403232989 0.00207434385839677 0.000260988095054001 0.00439956471364174 0.900702545240083 0.999994082353108 -0.000435452049345172 -0.00282880041974905 0.000151766499679427 -0.00190275994093381 0.897748447493256 0.999985714851305 0.00220347175381422 0.002075039115827 0.000260032277563505 0.00439788601906477 0.90063878359299 0.999994082823734 -0.000434639573057858 -0.00282865260786547 0.000151985465605464 -0.00190290062886455 0.897707770090981 0.456000000000131 0.281999999999925 8.92200000000003 5.11200000000008

 8748 48 2000 5 0.9 1.444 1.358 1194.514 0.43300000000022 0.999996514541615 -0.00124071427654376 0.000868885274677636 0.000816986359333042 0.00200227479971521 0.898490386984547 0.999993803190521 -0.00100361603465845 -0.0028457824772935 0.000960934267074121 0.00153768099375163 0.897909823413709 0.999996513805454 -0.00124115938280227 0.000868256691224291 0.00081712505865826 0.00200258265263611 0.898444490467214 0.999993803229169 -0.00100393930517341 -0.00284585056603748 0.000961994243964791 0.00153665570745386 0.897867882906172 0.133000000000038 0.107999999999947 6.99399999999991 8.03300000000013

 8749 49 2000 5 0.9 1.423 3.224 1190.769 0.44399999999996 0.999989865352425 -0.001573552778515 -0.000415665047870512 -0.00417162714307069 -0.000466769364745371 0.900566958784787 0.999990666852947 -0.00339008469836645 -0.00253616210799638 -0.000205174562390699 -0.000836252292542163 0.901299478064853 0.999989864886228 -0.00157390795590311 -0.00041560437731766 -0.00417159052717895 -0.000466951865071769 0.900504392909008 0.999990665394171 -0.00339081212688662 -0.00253610243632157 -0.000206216584411627 -0.000834971135313461 0.901232130172694 0.211000000000013 0.211000000000013 7.41300000000001 6.3610000000001

 8744 44 2000 5 0.9 1.598 2.463 1242.064 0.482000000000198 0.99998659393971 0.00424559652592409 0.00203625581456587 0.00144058784757799 -0.00160163039011431 0.899964266626215 0.999977823377189 -0.00142921879395076 0.00455413953320617 -0.00425114384534577 0.00187020762935288 0.898754810875998 0.99998658778976 0.00424668136396446 0.00203634404181585 0.00144123283981305 -0.00160190162969864 0.899907342096004 0.999977823341108 -0.00142863473969894 0.00455365221659389 -0.00425145427683019 0.00187115386419485 0.898707547329302 0.269999999999982 0.385999999999967 9.39999999999986 9.08899999999994

 8747 47 2000 5 0.9 1.427 1.687 1217.159 0.446999999999889 0.999994063744025 0.00272118957529133 0.00186726601408352 -0.000243373184214763 -0.000960047463274157 0.90535019181176 0.999984654429735 0.00279588679073093 -0.00104234836677867 0.00261370832920792 0.00386729372403517 0.900665022668812 0.999994058923682 0.00272042042073039 0.00187012373080509 -0.000240805330742222 -0.00096233055562039 0.905234876384435 0.999984660296497 0.00279496193848451 -0.00104302277867765 0.00261338445486307 0.00386648220422873 0.900602681432635 0.133000000000038 0.205999999999904 11.3129999999999 13.2180000000001

 8745 45 2000 5 0.9 2.391 2.415 1228.228 0.442000000000007 0.999995423823555 -0.00178687161763437 -0.000257584204592598 -0.0008706963224971 -0.00226604502648352 0.902624028424097 0.99999583803605 -0.000747404120780714 0.0026874750367906 0.000280407757228485 0.00068128340310996 0.899426037627615 0.999995425804053 -0.00178668318155838 -0.000255893515884286 -0.000871259019861678 -0.00226529477272317 0.902541678553266 0.999995839135791 -0.000747247904642522 0.00268753026789436 0.000279916984996436 0.000679822929050784 0.899373766463564 0.205000000000155 0.130000000000109 11.0720000000001 13.2790000000002

 8756 56 2000 5 0.9 1.22 2.243 1154.27 1.24600000000009 0.99998795957318 0.00203881823117377 -0.00133260742275829 -0.000481468651687084 0.00423276201585781 0.902198481665877 0.999979911841107 -0.00423590101894161 -8.29653043142082e-05 0.00057110844100975 0.00467974451396292 0.897305322981859 0.999987959181505 0.00203728351158308 -0.00133326713756038 -0.000481749714024377 0.00423335373618057 0.90212165806044 0.999979909882561 -0.00423545371693412 -8.21008090483908e-05 0.000571468939318924 0.00468053904850529 0.897267355134407 0.42899999999986 0.468000000000075 10.259 6.13499999999999

 8757 57 2000 5 0.9 1.569 2.656 1163.527 0.448000000000093 0.99999365593065 0.00270969201435095 -0.00122154419871222 0.00187529565256262 -0.000580313385495778 0.898114965079662 0.999997873742695 0.00144721100582066 0.00129962364975945 0.000659127624912269 -0.000186063262627388 0.899508651437662 0.999993653220528 0.00270964597958319 -0.00122241600479898 0.00187619120626117 -0.000580467911221734 0.898072278475676 0.999997873660566 0.00144741827732342 0.00129968247928597 0.000658687879702957 -0.000186038723076624 0.899456314602664 0.251999999999953 0.174999999999955 7.96000000000004 13.181

 8755 55 2000 5 0.9 1.584 2.649 1183.223 0.442999999999984 0.999967611838704 0.00268941564639373 0.000696378979791647 -0.00719605464875291 0.00229655631088819 0.899913281250026 0.999998062982875 -0.000799548249562635 -0.00150817111927381 -1.02572341079349e-05 0.000979830474612757 0.898110581231781 0.999967616672377 0.00268874030671219 0.000696984699376267 -0.00719574904552383 0.00229601614355397 0.899856670794078 0.999998062552975 -0.000799965307321042 -0.0015081128896261 -1.06458520220712e-05 0.000980014276470101 0.898068323594613 0.232999999999947 0.145999999999958 8.19699999999989 13.7079999999999

 8751 51 2000 5 0.9 1.267 1.607 1226.6 0.490999999999985 0.99998713631802 0.000407986928202656 0.000291464823609175 -0.00453543989712677 -0.00221485402400551 0.900702138388764 0.99998703597465 -0.00439823706733081 -0.000456043872483161 0.000426882618950923 0.00248861177160797 0.900632092498408 0.999987134208461 0.000408934632435365 0.000290276120220528 -0.00453608806535866 -0.00221446039794037 0.900639001113051 0.99998702691865 -0.00440008485383813 -0.000456298643956287 0.000426464191786906 0.00248900934492787 0.900570400159326 0.29099999999994 0.215000000000146 11.4159999999999 10.3140000000001

 8758 58 2000 5 0.9 0.786 0.509 1156.943 0.610999999999876 0.999984171833604 0.00360446569596648 -0.000339176315015952 -0.00055099263819851 0.00427144891659379 0.89758026477907 0.999999502667313 5.06249816404704e-05 -7.73532731621072e-05 -0.000956518935635472 -0.000266814983918495 0.900377429430699 0.999984168588089 0.00360488615350001 -0.000338764231181307 -0.000550343084966239 0.00427197030568297 0.89754056416587 0.999999503250088 4.98354873144114e-05 -7.78613546766258e-05 -0.000956222922436543 -0.00026569029534955 0.900317039635852 0.394999999999982 0.491999999999962 12.607 7.74700000000007

 8753 53 2000 5 0.9 1.705 2.075 1226.884 0.69399999999996 0.999995449260932 0.00256798749200779 0.000738825646404749 4.75079347300367e-05 0.00139956326323515 0.897961149017121 0.999976359130064 0.00549208730995193 -0.00126370238493535 0.00393528256547108 -0.000186454749659516 0.900968393841993 0.999995449889478 0.00256791260982316 0.00073903018187857 4.82034571032086e-05 0.00139911971802353 0.89791908859181 0.999976366645145 0.00549143177577403 -0.00126357341907392 0.00393437766350355 -0.000185426110216336 0.900903126440983 0.392000000000053 0.5 10.23 5.65099999999984

 8746 46 2000 5 0.9 1.877 1.728 1284.22 0.44399999999996 0.999957850792323 -0.000520935982443251 -0.00419078824755308 -0.0064742295707227 0.00495448381077611 0.89810582571095 0.999992486082764 0.00255910438294207 -0.00236954578069706 0.00161924921485378 -0.000491983275539954 0.899122773274414 0.999957854894679 -0.000520932702959432 -0.00419015382190538 -0.00647411639594506 0.00495434066168873 0.898062918953101 0.99999248214659 0.00255980343701411 -0.00237011116720875 0.0016196350161247 -0.000492353669958965 0.89907265744618 0.192999999999984 0.123000000000047 6.62699999999995 5.56100000000015

 8759 59 2000 5 0.9 0.546 0.808999999999999 1194.373 0.4699999999998 0.999986017905669 0.00203221980704773 -0.00167043552007091 -0.00415480232383297 -0.00194456644070588 0.903322007175045 0.999997062115797 0.000744500018109989 8.32078363105376e-05 -0.00230418473345429 7.27232326254539e-05 0.902358977736933 0.999986015079249 0.00203273723257089 -0.0016693162601806 -0.00415573363008162 -0.00194445017615422 0.903231363253185 0.999997061936623 0.000744311974563127 8.3530911621312e-05 -0.00230434442813119 7.16739111175827e-05 0.902280696197325 0.105999999999995 0.0779999999999745 5.94499999999994 7.09899999999993

 8750 50 2000 5 0.9 1.959 2.046 1281.812 0.456000000000131 0.99997904790109 0.00415668039346179 -0.00102504016753343 -0.00364088929289499 -0.00321231765977958 0.899812539384333 0.999996731187803 0.00123217510374652 -0.0011792633799898 -0.00153714480649048 -0.00112511419259844 0.901575989645176 0.999979046784791 0.00415643787378442 -0.00102473196750565 -0.00364139126966353 -0.00321250830328686 0.899757446041375 0.999996730055118 0.00123238765029841 -0.00117980753067749 -0.00153738217135008 -0.0011249933334539 0.901506182002346 0.09699999999998 0.125999999999976 7.31700000000001 7.13400000000001

 8752 52 2000 5 0.9 1.341 1.197 1269.971 0.471000000000004 0.999984962964669 0.000855752752375417 -0.00168709438966985 0.00162305914539846 -0.00488476440649228 0.898028661020855 0.999988367168215 0.00211568834290315 0.00220570353225489 0.000377382681168885 -0.00371239078269798 0.899852365067947 0.999984963471947 0.000855401289916044 -0.00168684949439594 0.00162385237599673 -0.00488454305803115 0.8979871778611 0.999988368646332 0.00211643600340738 0.00220564121004567 0.000378516812021639 -0.0037114879181065 0.89979682855392 0.214999999999918 0.222999999999956 6.80700000000002 5.63100000000009

 8754 54 2000 5 0.9 1.839 3.368 1270.809 0.466000000000122 0.999984581775097 -0.00186620082385872 -0.00158658150034744 0.00473079802768106 -0.00156710425105138 0.899921759234158 0.99998788634275 -0.00261515393735195 7.26044221988456e-05 -0.00397601776817715 0.00125465092676299 0.898770830009195 0.999984581241487 -0.00186602759248533 -0.0015867979646838 0.00473101289942193 -0.00156678316224302 0.89986563766186 0.999987884406503 -0.00261564180369783 7.28834729295328e-05 -0.00397630537544287 0.00125424946559289 0.898723422323138 0.0930000000000746 0.0760000000000218 4.34899999999993 3.39400000000001
