
 743 43 500 3 0.6 0.00300000000000011 0.377 0.365 0.0960000000000001 0.99844418460729 0.0409609633511311 -0.0378339755409109 0.612827937914175 0.99999701033373 -0.00244428884894995 -6.91059015547239e-05 0.582121193318402 0.998444121176758 0.04095506266787 -0.0378420365393014 0.612629135013821 0.999997010602805 -0.00244418516451798 -6.88791351987794e-05 0.58206089417543 0.00600000000000023 0.00100000000000033 0.0589999999999993 0.048

 734 34 500 3 0.6 0.00199999999999978 0.349 0.354 0.0979999999999999 0.999758413857255 0.012234150930671 -0.0182603250965481 0.605137153681293 0.998452965175122 -0.0256450343072496 -0.0493356721691917 0.606369938333503 0.999758226853575 0.0122423835013197 -0.0182650454366482 0.604984759102416 0.998452787091162 -0.0256483576890827 -0.0493375485583131 0.606205548327675 0.00699999999999967 0.00100000000000033 0.0510000000000002 0.0520000000000005

 739 39 500 3 0.6 0.00199999999999978 0.346 0.345 0.0960000000000001 0.999506704228013 -0.0242736417929588 0.0199283345355837 0.606734158089076 0.999766379029594 0.00260773501124866 -0.0214566325448502 0.602293692948442 0.999506767949854 -0.0242745251084627 0.0199240621660316 0.606571972358366 0.999766337908569 0.00260325327706083 -0.0214590926477629 0.602155930448667 0.00699999999999967 0.00100000000000033 0.0529999999999999 0.048

 752 52 500 3 0.6 0.00199999999999978 0.362 0.352 0.0969999999999995 0.998730533638904 -0.0462522569137611 -0.0199511881283874 0.616197010086705 0.998076240147418 0.0542500610143973 -0.0300124929509028 0.618534983842464 0.998730576756002 -0.0462479634169405 -0.019958981246784 0.615964671010869 0.998076158949579 0.0542562120029092 -0.0300040729826817 0.618279351733313 0.00700000000000056 0.000999999999999446 0.0580000000000007 0.0510000000000002

 731 31 500 3 0.6 0.00199999999999978 0.372 0.346 0.0990000000000002 0.997449397518431 0.0134167858003967 -0.0701048446892609 0.60169668525502 0.999943651728972 0.00398548055960543 -0.00983917230445099 0.598326051788343 0.997449889637688 0.0134232696631318 -0.0700966011537952 0.601561128742794 0.999943653238576 0.00398328642487941 -0.00983990737497267 0.598206283655973 0.00600000000000023 0.00100000000000033 0.069 0.048

 741 41 500 3 0.6 0.00200000000000067 0.403 0.337 0.0969999999999995 0.999370871101228 -0.0270569532489774 -0.0229299645715904 0.580913648064205 0.999360264241326 0.013173445265006 -0.0332493999247771 0.580979394981273 0.999370864551082 -0.0270549923620409 -0.0229325636314849 0.580859343664957 0.999360161100836 0.0131759771629653 -0.0332514966627281 0.580918277341459 0.00600000000000023 0.00100000000000033 0.0499999999999998 0.0490000000000004

 737 37 500 3 0.6 0.00199999999999978 0.364 0.357 0.101 0.999252231261435 -0.00905155376664901 -0.0375905266450551 0.591488131492224 0.999154958625762 0.0124907847753977 0.0391579998116248 0.619558834865834 0.999252073419109 -0.00905323580361257 -0.0375943172447009 0.591400493957797 0.999154592037967 0.0124949033358747 0.039166038861113 0.619295976741968 0.00300000000000011 0.00100000000000033 0.0520000000000005 0.056

 722 22 500 3 0.6 0.00299999999999967 0.36 0.350000000000001 0.0990000000000002 0.999122844633117 -0.0417607132707495 0.00309582934725449 0.572994488437292 0.999923762780399 0.00379565288860888 0.0117499636696054 0.606512228089913 0.999122915957573 -0.041759017632651 0.00309568325134336 0.572955698863075 0.999923757771482 0.00379254834062045 0.0117513923107783 0.606354533448009 0.00300000000000011 0.00100000000000033 0.0499999999999998 0.0500000000000007

 733 33 500 3 0.6 0.00200000000000022 0.359999999999999 0.340000000000001 0.100000000000001 0.998866000124528 -0.0364291722178992 -0.0306533718658229 0.590753965474318 0.999173732559555 0.0190929473550092 0.0358791237951215 0.586704443999891 0.99886601549603 -0.0364309569806892 -0.030650749755216 0.590671245312884 0.999173734313676 0.0190932452832783 0.0358789164024838 0.586631214078327 0.00300000000000011 0.00100000000000033 0.0499999999999998 0.0500000000000007

 728 28 500 3 0.6 0.00199999999999978 0.365 0.358 0.0989999999999993 0.998523666461378 -0.0344027189313666 -0.0420349907417171 0.604417455638784 0.998716468185953 -0.0505805632116835 -0.00265005648346582 0.605655964451532 0.998523541060637 -0.0344020708743653 -0.0420384998219756 0.604271675404715 0.998716853445938 -0.0505736195792174 -0.00263735581609569 0.60549112404458 0.00300000000000011 0.00100000000000033 0.0519999999999996 0.0549999999999997

 725 25 500 3 0.6 0.00199999999999978 0.365 0.354 0.0990000000000002 0.999657721844485 -0.0195013898689194 -0.0174394652978487 0.595292506242973 0.998086607856409 -0.0605830001918108 -0.0123621723595151 0.636930289670156 0.999657780946511 -0.0194976087095599 -0.0174403052641245 0.595189778663872 0.998086762676745 -0.0605741234975598 -0.0123931324513512 0.63647081596627 0.00300000000000011 0.000999999999999446 0.0529999999999999 0.0569999999999995

 744 44 500 3 0.6 0.00199999999999978 0.359 0.34 0.100000000000001 0.999101136290437 0.0226796488897067 0.0358127489785054 0.597587756027923 0.99966222342216 0.0221952507114817 -0.0135207214495804 0.639634126524523 0.99910112994522 0.0226817351362018 0.0358116047308058 0.597473989140831 0.99966255180871 0.0221701833114904 -0.0135375582448686 0.639144700194849 0.00300000000000011 0.00100000000000033 0.0529999999999999 0.0549999999999997

 747 47 500 3 0.6 0.00299999999999967 0.357 0.362 0.101 0.999849692350149 -0.00399659235893373 -0.0168706833539255 0.594840430085852 0.999703301186296 0.0063572161459716 0.0235137279072444 0.573189757081375 0.999849701921026 -0.00399390964803806 -0.0168707514402615 0.594737995714703 0.999703315367421 0.00635454618748029 0.0235138466895046 0.57314906933149 0.00299999999999923 0.000999999999999446 0.0539999999999994 0.0490000000000004

 746 46 500 3 0.6 0.00299999999999967 0.362 0.345000000000001 0.101 0.999747911510966 0.00409689055169149 -0.0220755275649028 0.596031611508681 0.999695938915026 -0.0138751937193087 0.0203840309079655 0.582791573246609 0.999748015899317 0.00409670315957485 -0.0220708343431047 0.59592332184247 0.999695902558337 -0.0138756865892844 0.020385478403713 0.582728660844498 0.00299999999999923 0.000999999999999446 0.0540000000000003 0.0489999999999995

 723 23 500 3 0.6 0.00200000000000067 0.359999999999999 0.346 0.0999999999999996 0.999300312472163 -0.00431177838789127 0.0371523089480536 0.599378356266727 0.999827795037478 -0.01086464855001 0.015044589804294 0.596867633728337 0.999300480960291 -0.00431571143186979 0.0371473200563331 0.599254376070368 0.999827832795145 -0.0108613572276273 0.0150444570303126 0.596755303896155 0.00300000000000011 0.000999999999999446 0.0540000000000003 0.0519999999999996

 735 35 500 3 0.6 0.00300000000000011 0.366000000000001 0.394 0.100000000000001 0.998608914460435 0.0309085403263078 -0.0427188260027012 0.605973828136959 0.998678383669174 0.00478029218143436 -0.0511725981223021 0.60154845834949 0.998609191465779 0.030906439609871 -0.0427138702379488 0.60581487678165 0.998678217752815 0.00478149750638604 -0.0511757234209585 0.601414839767795 0.00300000000000011 0.00100000000000033 0.0529999999999999 0.0470000000000006

 738 38 500 3 0.6 0.00200000000000022 0.361 0.337 0.0999999999999996 0.999922138204138 0.00943631521849644 0.00816538329543759 0.600550171420873 0.999971629328464 -0.00498221471431057 -0.00564960836845479 0.597190503547052 0.999922119867788 0.00943560278632895 0.00816845145473509 0.600425111566238 0.999971662318207 -0.00498714487221517 -0.00563941012742355 0.597078996800707 0.00300000000000011 0.000999999999999446 0.0529999999999999 0.0509999999999993

 721 21 500 3 0.6 0.00199999999999978 0.363 0.365 0.0999999999999996 0.999581746971438 -0.0273666278262516 0.00934873269210726 0.580725747683104 0.999933085471964 -0.0074801185596961 0.00882453425685297 0.599776477592751 0.999581647828473 -0.0273695441459757 0.00935079556810898 0.580669721862945 0.999932993624721 -0.00748950378376116 0.00882698101140944 0.599656122126634 0.00200000000000067 0.000999999999999446 0.0509999999999993 0.0500000000000007

 750 50 500 3 0.6 0.004 0.36 0.327 0.103 0.997500605798926 -0.069412754894431 -0.0132064714720054 0.6141665545842 0.999637420672894 -0.0265320175803126 0.0045912126460707 0.585015872657377 0.997501405734051 -0.069397622206388 -0.0132255657985446 0.613953873969078 0.99963734100976 -0.0265350670567774 0.00459093402583399 0.584947276420569 0.00300000000000011 0.00100000000000033 0.0550000000000006 0.0499999999999998

 730 30 500 3 0.6 0.00299999999999923 0.365 0.328 0.105 0.999549023754354 -0.00971786312723119 0.0284132407155305 0.599142642478539 0.999707848718771 -0.0184515205663054 0.0156127703780789 0.576378782555558 0.999549087679658 -0.00971618377784185 0.0284115661581406 0.599020315054539 0.999707767921892 -0.0184549218813065 0.0156139237536212 0.576331247407949 0.00600000000000023 0.00100000000000033 0.0550000000000006 0.048

 740 40 500 3 0.6 0.00300000000000011 0.364000000000001 0.362 0.103000000000001 0.999832782794824 -0.0160172264752259 -0.00882354264454916 0.612796381425241 0.999690727410657 -0.0233405928905962 0.00858290467537573 0.633330102642672 0.999832791480391 -0.0160150293855577 -0.00882654600110515 0.612590807550889 0.999690831039324 -0.0233306966428881 0.00859772819197557 0.632909332480866 0.00300000000000011 0.000999999999999446 0.0590000000000002 0.0640000000000001

 732 32 500 3 0.6 0.00199999999999978 0.362 0.37 0.104 0.999578134803702 -0.0142967383961422 0.0252815287034846 0.605117387905135 0.998745618590601 0.0133456692030231 0.048260568372141 0.598838948166718 0.999578174858168 -0.0142938984931043 0.0252815508440878 0.604962863406489 0.998745911667459 0.0133457546704695 0.0482544791683915 0.598714696264639 0.00400000000000045 0.00100000000000033 0.0570000000000004 0.0499999999999998

 751 51 500 3 0.6 0.00300000000000011 0.365 0.342000000000001 0.103 0.999800116679439 0.00990607382776268 -0.0173665307156963 0.591827788110692 0.999218688375206 0.010814977423111 0.0380138009816159 0.604110277208839 0.999800206008942 0.00990612585282149 -0.0173613575236805 0.591739858465666 0.999218936259139 0.0108156871049364 0.0380070826768174 0.603962239143829 0.00299999999999923 0.000999999999999446 0.0529999999999999 0.0489999999999995

 736 36 500 3 0.6 0.00299999999999923 0.363 0.367 0.101999999999999 0.999904358934914 0.0138243993827852 0.000398703729610826 0.569402227322921 0.998260691136556 0.0510975732349617 -0.029404600678535 0.601328697091146 0.999904362183892 0.0138241576285234 0.00039893794679139 0.569371034665292 0.998260875716275 0.0510954639510519 -0.0294019995544849 0.601198833163307 0.00300000000000011 0.00100000000000033 0.0640000000000001 0.0499999999999998

 748 48 500 3 0.6 0.00199999999999978 0.37 0.347 0.103 0.999814918252038 -0.0190541845921099 -0.00265843754869413 0.594339410121301 0.999853850965371 0.0162888262044087 -0.0051914208653016 0.57250748807501 0.999814897930733 -0.0190551158423364 -0.00265940519520191 0.59423884769515 0.999853836770508 0.0162901577875402 -0.0051899763535677 0.572469578366801 0.00199999999999978 0.00100000000000033 0.0510000000000002 0.0460000000000003

 729 29 500 3 0.6 0.00199999999999978 0.395 0.488 0.0989999999999993 0.998439165918218 0.0258866959197637 0.0494884929543377 0.599215649891334 0.999363950823321 0.0226827144110732 0.0275170540165241 0.577833685973162 0.998439426075286 0.0258848238744377 0.0494842232579585 0.59909111183892 0.999363969592247 0.022679337590357 0.0275191556427313 0.577785401823343 0.00200000000000067 0.00100000000000033 0.0540000000000003 0.0440000000000005

 745 45 500 3 0.6 0.00199999999999978 0.371 0.381 0.108 0.999511758708642 0.0311814711274024 -0.00198999032361197 0.620677232772386 0.998367880746922 0.00658738496074533 0.0567290142015463 0.633429766841827 0.99951175709105 0.0311817281573159 -0.00198677273113752 0.620417432815058 0.998368623083817 0.00660962938862331 0.0567133603401255 0.633022370271118 0.00599999999999934 0.000999999999999446 0.0570000000000004 0.056

 727 27 500 3 0.6 0.00199999999999978 0.369 0.375 0.108 0.999784871871971 -0.00560339083145872 -0.0199702775928614 0.605245758892332 0.999834714542561 0.00211036564868468 -0.0180579609154594 0.593057275939502 0.999784946298727 -0.00560841656165988 -0.0199651400727076 0.605096972548562 0.999834674058034 0.00210941081646235 -0.0180603138752736 0.592962097080051 0.00300000000000011 0.000999999999999446 0.0499999999999998 0.0489999999999995

 749 49 500 3 0.6 0.00300000000000011 0.361 0.349 0.0969999999999995 0.999575741699582 -8.09325878470963e-05 -0.0291261060845145 0.588886549461977 0.998946076233032 0.0176940250780854 -0.0423516027461311 0.587310140808558 0.999575696302738 -8.12932647476948e-05 -0.0291276630078862 0.588805803639084 0.99894599760193 0.0176947746539654 -0.0423531442165848 0.587232676734675 0.00600000000000023 0.000999999999999446 0.0529999999999999 0.0510000000000002

 724 24 500 3 0.6 0.00200000000000067 0.375 0.404 0.108000000000001 0.99982735884664 0.00818038691353013 0.0166833381461015 0.608032082533163 0.99955318210914 0.0232827412194015 -0.018744335058982 0.597250067171959 0.999827396141889 0.00817592092722496 0.0166832922746723 0.60786170671853 0.999553010810026 0.0232842817674037 -0.0187515546872188 0.597134550558234 0.00399999999999956 0.000999999999999446 0.0549999999999997 0.0490000000000004

 726 26 500 3 0.6 0.00199999999999978 0.358 0.376 0.107 0.998060324355258 -0.0388751478633668 -0.048624189725672 0.60442026116262 0.996799639450075 0.0768975939753324 -0.0218457966896289 0.584315211227378 0.998060147764385 -0.0388752060028215 -0.0486277678160513 0.604274387359142 0.996799762744532 0.0768964780616635 -0.0218440988405696 0.584247961388498 0.00399999999999956 0.00100000000000033 0.0529999999999999 0.0469999999999997

 742 42 500 3 0.6 0.00300000000000011 0.403 0.526 0.104 0.999262872111483 0.0365767928481562 0.0116554984643448 0.589708001863547 0.999022944543762 -0.0090344626503805 -0.0432612385367012 0.622388046612703 0.999263167299887 0.0365699118433842 0.0116517820768429 0.58962885698555 0.999022536410298 -0.00905280319978299 -0.0432668290791148 0.622107686980931 0.00300000000000011 0.00100000000000033 0.0599999999999996 0.0510000000000002

 753 53 500 3 0.6 0.00199999999999978 0.35 0.391999999999999 0.0979999999999999 0.99946915015943 0.0325383989041356 -0.00163415921556664 0.607332093817037 0.999676360592598 0.00118716187361723 0.0254119011296765 0.610958885706751 0.9994692113682 0.032536410208644 -0.00163631835645205 0.607167411186584 0.999676505316872 0.00117495512514376 0.0254067746457517 0.610765972189335 0.00300000000000011 0.000999999999999446 0.0490000000000004 0.0499999999999998

 764 64 500 3 0.6 0.00199999999999978 0.346 0.337 0.0970000000000004 0.999768847479692 0.0208053675222595 -0.00542109688082289 0.607161519285379 0.999286180065606 0.0377206288040647 0.00206990157139379 0.607733765561643 0.999768651526676 0.0208131300340093 -0.00542743426662689 0.607000822832926 0.999286034496272 0.0377246005962533 0.00206779364735986 0.607562160998585 0.00299999999999923 0.00100000000000033 0.0590000000000002 0.0500000000000007

 755 55 500 3 0.6 0.00199999999999978 0.349 0.34 0.0949999999999998 0.999642436321601 0.00785494538461824 -0.0255597210082219 0.597988998101151 0.99993220177586 -0.00853905897231312 0.0079168379765849 0.643380136075332 0.999642293854063 0.00785183387710206 -0.0255662481203756 0.597867695731218 0.999931945099797 -0.00855626808442814 0.00793066487776267 0.643817567910955 0.00199999999999978 0.00100000000000033 0.0510000000000002 0.0530000000000008

 781 81 500 3 0.6 0.00199999999999978 0.351 0.354 0.0979999999999999 0.999046976874832 0.043390880576637 -0.00472963846851884 0.598031316561422 0.999992625669265 0.00305102733627402 0.00233234630433349 0.620615498072952 0.999046403854088 0.0434036450024751 -0.00473355539881079 0.597911931480155 0.999992642403139 0.00304771577615524 0.00232949954640911 0.620348754090678 0.00199999999999978 0.00100000000000033 0.0499999999999998 0.0499999999999998

 754 54 500 3 0.6 0.00300000000000011 0.396 0.363 0.0990000000000002 0.999930556189286 0.00722442895389205 -0.00931076931705093 0.596518251086041 0.998284939589407 -0.0584491612759294 -0.00329771665157979 0.624849697218804 0.999930525160821 0.00722620418254435 -0.00931272380764006 0.596409211073539 0.998285964347302 -0.0584320603836571 -0.00329054805433644 0.624550185262296 0.00300000000000011 0.000999999999999446 0.0540000000000003 0.0529999999999999

 772 72 500 3 0.6 0.00199999999999978 0.347 0.33 0.0960000000000001 0.999609253423094 -0.0165307788448661 0.0225404929339716 0.588506123493612 0.999027105937463 -0.0436544765332998 -0.00625526025198047 0.598552324998309 0.999609328425193 -0.0165309966945893 0.0225370067581599 0.588428683693757 0.999026928950646 -0.0436591384819543 -0.00625098859814788 0.598424573250275 0.00299999999999923 0.00100000000000033 0.048 0.0510000000000002

 783 83 500 3 0.6 0.00200000000000022 0.355 0.339 0.100000000000001 0.999533332769468 -0.0305465926563356 0.000149532097475861 0.601219506161741 0.99932309845093 -0.00281981441514489 -0.036679606719488 0.609598725814285 0.99953332583849 -0.0305468222539247 0.00014895782733451 0.601089625578665 0.999323306391523 -0.00281081882308913 -0.0366746315626713 0.60940909191503 0.00300000000000011 0.000999999999999446 0.048 0.0499999999999998

 784 84 500 3 0.6 0.00199999999999978 0.345 0.345 0.0990000000000002 0.999740812541553 -0.0211578079476751 0.00840564700688234 0.611235418100867 0.999722273509442 0.0155749355990103 -0.0176860744711559 0.593971092588795 0.999740852957272 -0.0211517272520232 0.00841613703086254 0.611050549210862 0.999722215688781 0.0155793958896843 -0.0176854143866582 0.593873107980661 0.00199999999999978 0.000999999999999446 0.0489999999999995 0.0460000000000003

 773 73 500 3 0.6 0.00200000000000022 0.351 0.323 0.0999999999999996 0.999704128907863 -0.0120208349419425 0.0211460202371207 0.59943757372863 0.999984604872499 -7.54697675364141e-05 0.00554836212830894 0.615781319701922 0.999704127775327 -0.0120253711239837 0.0211434944676366 0.599316833954234 0.999984518830949 -6.90785942077027e-05 0.00556393085725562 0.615541608946322 0.00299999999999923 0.00100000000000033 0.0489999999999995 0.0520000000000005

 760 60 500 3 0.6 0.00200000000000022 0.367 0.355 0.0999999999999996 0.999467651344582 0.00217494251504135 -0.0325527808458903 0.608160864032967 0.999223050036416 -0.0241035494676852 0.0311819688118261 0.611935244577257 0.999467542655686 0.00217741892721151 -0.0325559522149216 0.607990697234504 0.999223413074839 -0.0240979949623938 0.0311746275336536 0.611726522653331 0.00300000000000011 0.00100000000000033 0.0569999999999995 0.0549999999999997

 759 59 500 3 0.6 0.00199999999999978 0.373 0.367 0.0999999999999996 0.999577169745035 0.0204989280568352 -0.0206222130971901 0.620812676383397 0.999993373567327 0.0027338797294767 0.00240389747309229 0.597890425837642 0.999576411657389 0.0205234509182779 -0.0206345637352023 0.620534142272749 0.999993362350348 0.00273200249896963 0.00241068819864313 0.597774046543571 0.00300000000000011 0.000999999999999446 0.0609999999999999 0.0509999999999993

 763 63 500 3 0.6 0.00200000000000022 0.368 0.347 0.101 0.999816981909283 0.0175604291848616 -0.00759170683417423 0.583025239568481 0.998449151944179 -0.0535127492251633 0.0153517638176936 0.588629637928458 0.999816944442989 0.0175635175510768 -0.00758949642055582 0.58296583541801 0.998449341113718 -0.0535105693634842 0.0153470582190116 0.588547229310816 0.00300000000000011 0.00100000000000033 0.0510000000000002 0.0529999999999999

 758 58 500 3 0.6 0.00199999999999978 0.376 0.368 0.100000000000001 0.997899820281328 -0.0644418893734899 -0.00657202985909423 0.600786235959293 0.997790866035425 -0.0367667006599052 -0.0553317031986391 0.577437524196993 0.997899821694223 -0.0644417860855641 -0.00657282806265649 0.600656284385757 0.997790781660497 -0.0367684445413238 -0.0553320659233458 0.577386457657766 0.00300000000000011 0.000999999999999446 0.0539999999999994 0.0509999999999993

 757 57 500 3 0.6 0.00300000000000011 0.372 0.348 0.100000000000001 0.9997522448018 -0.0160586686617882 0.015413246723892 0.593995140091685 0.999111356009326 0.0232220507149331 -0.0351743465298007 0.597024990875431 0.999752185303373 -0.0160587433135271 0.015417027739467 0.59389299502225 0.999111200946997 0.0232225917200846 -0.035178393596813 0.596912621836413 0.00299999999999923 0.00100000000000033 0.0539999999999994 0.0499999999999998

 777 77 500 3 0.6 0.00200000000000022 0.353000000000001 0.332 0.0979999999999999 0.998586678453661 0.0389304101227127 -0.0361810555755716 0.603323191536292 0.999361922664646 -0.0273506803463813 -0.0229714564756309 0.608314044065778 0.998586556186539 0.0389301691076955 -0.0361846892587857 0.603181874320422 0.999362079958092 -0.02734879387161 -0.0229668590713597 0.608137511694308 0.00299999999999923 0.00199999999999978 0.0499999999999998 0.0489999999999995

 756 56 500 3 0.6 0.00199999999999978 0.371 0.371 0.0989999999999993 0.999920582276882 -0.0124870444529856 -0.00170377812265911 0.604574554607833 0.99995757450224 -0.00879662337312553 0.00273287629230154 0.598425211240086 0.999920689877121 -0.0124782805399013 -0.00170483736180279 0.604426724347678 0.999957636903518 -0.00878895756160615 0.00273470717123228 0.598304393337698 0.00300000000000011 0.00100000000000033 0.0570000000000004 0.0590000000000002

 762 62 500 3 0.6 0.00200000000000022 0.374 0.344 0.0999999999999996 0.998726635079726 -0.0110935517147048 0.0492142407508365 0.604555623294403 0.999177361641337 0.0360432534332045 0.0185871962761334 0.5940714567547 0.998727294327244 -0.0110913253019793 0.0492013624692261 0.604407842040527 0.999177339716612 0.0360437761349716 0.0185873612642061 0.593969426060497 0.00300000000000011 0.00100000000000033 0.0540000000000003 0.0510000000000002

 765 65 500 3 0.6 0.00300000000000011 0.366 0.34 0.102 0.999904776313458 -0.0131957745050989 0.00403854438436388 0.614456414543574 0.99941799773359 -0.0049330850156734 -0.0337539698170585 0.604417465684218 0.99990471708655 -0.0132015555194016 0.00403431282063635 0.614244216603216 0.999417930561754 -0.00493610500550273 -0.0337555171644034 0.604269637356191 0.00199999999999978 0.00100000000000033 0.0550000000000006 0.0489999999999995

 768 68 500 3 0.6 0.00199999999999978 0.363 0.363 0.0990000000000002 0.999051114562441 -0.0428464907474822 -0.00781336817064752 0.608626562358665 0.999794528175146 0.0202680850854418 -0.000325818979216242 0.611910501321035 0.999051021433286 -0.042849494491859 -0.00780880239855669 0.608454430223247 0.999794616111069 0.0202638765482379 -0.000317651628931365 0.611710422615934 0.00199999999999978 0.00100000000000033 0.0540000000000003 0.0510000000000002

 766 66 500 3 0.6 0.00199999999999978 0.362 0.353000000000001 0.101 0.999561102924771 0.000155978627410931 -0.0296239293558888 0.57895082401561 0.99894139732541 -0.0388551530107335 0.0246244145934412 0.578205738756206 0.999561163764791 0.000154835486558608 -0.0296218824376202 0.578899513114602 0.998941293472992 -0.0388576084689229 0.0246247529648727 0.57815120257306 0.00299999999999923 0.00100000000000033 0.0490000000000004 0.0499999999999998

 761 61 500 3 0.6 0.00200000000000022 0.366000000000001 0.365 0.0999999999999996 0.999979496006287 0.000375412855854098 -0.00639270147906315 0.601806540412729 0.999759951418894 0.00364425430140923 -0.0216046048211377 0.601736235166517 0.999979457531302 0.000374885127463798 -0.00639874804509029 0.601671521871282 0.99975996772613 0.00363977538517925 -0.0216046052357401 0.601600353253166 0.00300000000000011 0.000999999999999446 0.0579999999999998 0.0509999999999993

 770 70 500 3 0.6 0.00200000000000022 0.364 0.334 0.102 0.99972029112562 0.0209881598975888 -0.0109012226753968 0.588449378530837 0.998844072057535 0.0128189555292659 -0.0463270341664695 0.599829512326197 0.99972030975293 0.0209898358033814 -0.0108962865442149 0.588372259080747 0.998843916495023 0.0128192207720567 -0.0463303146943852 0.59970157250657 0.00300000000000011 0.000999999999999446 0.0519999999999996 0.0510000000000002

 767 67 500 3 0.6 0.00199999999999978 0.366 0.332 0.0999999999999996 0.999744242363037 -0.0136278478589023 -0.0180480365882543 0.593532831006279 0.999954046834708 -0.00918001810816728 0.00276251451133812 0.568269340911229 0.999744290274872 -0.0136239220856503 -0.0180483464560254 0.593437634984803 0.999954035311251 -0.00918155975950958 0.00276156208111533 0.568239428869141 0.00299999999999923 0.000999999999999446 0.0520000000000005 0.0449999999999999

 774 74 500 3 0.6 0.00199999999999978 0.36 0.316 0.102 0.999582119913213 0.0287223675022617 -0.00325747676467755 0.63230760235093 0.995648021336777 -0.0716551037093856 -0.0595866068891187 0.603352863368433 0.999582359318296 0.0287133850518462 -0.00326319759342938 0.631906713383929 0.99564809636264 -0.0716584706631946 -0.0595813040446734 0.603206679473893 0.00300000000000011 0.000999999999999446 0.0590000000000002 0.0510000000000002

 771 71 500 3 0.6 0.00199999999999978 0.367 0.345 0.0999999999999996 0.999314133415939 -0.035280891165722 -0.0112481764612679 0.600869460482964 0.9956410866924 -0.0901458500608053 0.0239280631642488 0.599741886619697 0.999314390207541 -0.0352749704313556 -0.0112439310384535 0.600742266516766 0.995640818648423 -0.090148844270732 0.0239279359274979 0.59961467501206 0.00199999999999978 0.00100000000000033 0.0529999999999999 0.0500000000000007

 776 76 500 3 0.6 0.00299999999999967 0.361 0.352 0.100000000000001 0.999517413891188 0.00404622505385034 0.0307988212612825 0.606377337433817 0.997924153897017 -0.0275608502484758 0.0582046613468614 0.607184221113798 0.999517710868953 0.00404912520230675 0.0307888006324264 0.606206813494947 0.997923083372951 -0.0275595837207162 0.0582236121909529 0.607016751631708 0.00300000000000011 0.00100000000000033 0.0580000000000007 0.0499999999999998

 775 75 500 3 0.6 0.00300000000000011 0.361 0.345 0.103 0.999768922468971 0.0166904632886263 -0.0135473281662383 0.622733435575293 0.999217253743724 0.0388714469990168 0.00734101008396287 0.588835298447929 0.999768953660129 0.0166881519160024 -0.0135478737430826 0.622458917172696 0.999217194728895 0.0388717989296746 0.00734717674264482 0.588755497223017 0.00200000000000067 0.00100000000000033 0.0549999999999997 0.048

 769 69 500 3 0.6 0.00199999999999978 0.364999999999999 0.349 0.105 0.99971762224335 -0.0119537806860236 0.020537353856164 0.615251262846733 0.999829718944898 0.0168054086103889 -0.00762308047992037 0.571509112223985 0.999717907221117 -0.011948305910787 0.0205266647873397 0.615029983059683 0.999829695140938 0.0168057611218885 -0.00762542506962439 0.571472691899981 0.00300000000000011 0.000999999999999446 0.0539999999999994 0.0459999999999994

 779 79 500 3 0.6 0.00199999999999978 0.369 0.343 0.107 0.997846613206329 -0.0649360045913261 0.00924401538153696 0.617550752127871 0.998451947883122 0.0253003147046273 -0.0495338454417384 0.575480162122383 0.997847521160125 -0.0649191843385556 0.00926412539908457 0.617313223459372 0.998451993065005 0.0253027821495802 -0.0495316743105798 0.575435301365871 0.00300000000000011 0.000999999999999446 0.0540000000000003 0.0469999999999997

 778 78 500 3 0.6 0.00200000000000022 0.363 0.342 0.107 0.999410843159398 -0.00538429840997983 -0.0338965471110829 0.592229299972101 0.999395576714368 0.0202938541296394 0.0282248246818557 0.604941221086813 0.999410768459616 -0.00538359886055507 -0.0338988606042846 0.592136284101666 0.999395627473053 0.0202985918416299 0.0282196200716655 0.604781343357815 0.00300000000000011 0.00100000000000033 0.0509999999999993 0.0510000000000002

 780 80 500 3 0.6 0.00200000000000022 0.367 0.371 0.108 0.999433396728262 0.000453527487560869 -0.0336553088980857 0.593596930397739 0.999168502142863 -0.00245823192404895 -0.0406971918121533 0.622815780818463 0.999433540796024 0.000455672126801231 -0.033651001394251 0.593501887196063 0.999169187303365 -0.00246346387756354 -0.0406800502612466 0.622526037677306 0.00300000000000011 0.00100000000000033 0.0510000000000002 0.0520000000000005

 782 82 500 3 0.6 0.00199999999999978 0.364 0.353 0.108 0.999851196376136 -0.00868035414108651 -0.0149076006518576 0.597241380006086 0.999011947656421 0.00758115691768925 -0.0437910321814189 0.587141373264861 0.999851222573437 -0.00867427992085716 -0.0149093791372661 0.597130796201763 0.999011851219428 0.00758016591254451 -0.0437934037027182 0.587067859684794 0.00199999999999978 0.000999999999999446 0.0490000000000004 0.0460000000000003

 785 85 500 3 0.6 0.00200000000000022 0.393 0.358 0.109 0.99957460165906 0.00197848341689795 -0.0290981326119247 0.600880988112817 0.999219777678851 -0.0298248911790353 0.025890379711142 0.589198575472027 0.99957445169035 0.00196683990089261 -0.0291040730610007 0.600751836820925 0.999219701493905 -0.0298281925597053 0.0258895167018092 0.589113491465517 0.00199999999999978 0 0.105 0.048

 787 87 500 3 0.6 0.004 0.387 0.418 0.103000000000001 0.998830157648796 0.020148664122983 0.0439584747840521 0.60536190471991 0.998766281463907 -0.0460104416857709 -0.0186803176268312 0.642949423917679 0.998830218165826 0.0201502902541453 0.0439563542787928 0.605209435715441 0.998766793114415 -0.0460030414312207 -0.0186711850460692 0.643409544993068 0.00300000000000011 0.000999999999999446 0.0519999999999996 0.0979999999999999

 786 86 500 3 0.6 0.00200000000000022 0.39 0.396999999999999 0.0990000000000002 0.999024518239228 -0.0416661265540805 -0.0146268880783714 0.589192374114291 0.999127176546057 -0.0203049922875901 0.0365046897713765 0.598421159405897 0.999024412255358 -0.0416676087772005 -0.0146299041906558 0.589113167879082 0.999127483883596 -0.0203062288513045 0.0364955890248859 0.598301024031256 0.00300000000000011 0.00100000000000033 0.0499999999999998 0.0520000000000005

 799 99 500 3 0.6 0.00199999999999978 0.349 0.353 0.0960000000000001 0.998870270377911 0.0144026440148435 -0.0452851719720894 0.6268190498896 0.997825447443554 -0.0105915972725946 0.0650553187778415 0.607469624366524 0.998870325048516 0.0144169804623145 -0.0452794038368513 0.626488712062367 0.997825303497246 -0.0106007012283442 0.0650560437937657 0.607301401003571 0.00699999999999967 0.000999999999999446 0.0520000000000005 0.0490000000000004

 790 90 500 3 0.6 0.00199999999999978 0.357 0.327999999999999 0.0979999999999999 0.999358847773164 -0.0229758101189603 -0.0274591610736887 0.60123255809014 0.998297933432936 0.016422468035636 -0.0559601523152732 0.577772966333409 0.999358878592445 -0.0229729720363031 -0.0274604139493724 0.601102615203883 0.998297930893973 0.0164225974416251 -0.0559601596323919 0.577724563879227 0.00199999999999978 0.00100000000000033 0.0490000000000004 0.0449999999999999

 788 88 500 3 0.6 0.00199999999999978 0.374 0.376 0.0990000000000002 0.999819918016335 0.0129072803528407 -0.0139116372760937 0.600154425121304 0.999272405442524 0.0149595706150132 0.0350837707227432 0.609397606317268 0.999819840053516 0.0129108922875537 -0.0139138885902212 0.600026543049499 0.999272394571315 0.0149545125811877 0.0350862366344559 0.609207230956867 0.00300000000000011 0.000999999999999446 0.0529999999999999 0.0540000000000003

 792 92 500 3 0.6 0.00199999999999978 0.365 0.352 0.0990000000000002 0.999837293201095 0.0119534845337056 -0.0135093053785389 0.593171153848499 0.998428821288015 -0.00707697032384777 -0.0555860172386918 0.595960449220254 0.999837279124426 0.0119616336121068 -0.013503132762216 0.593074835486403 0.998428990698052 -0.00707743209653196 -0.0555829154380065 0.595853807451836 0.00300000000000011 0.000999999999999446 0.0510000000000002 0.0499999999999998

 793 93 500 3 0.6 0.00200000000000022 0.382 0.368 0.101 0.998808148213756 0.000862381930541107 -0.0488010180141045 0.609791743495102 0.999659039470615 -0.02607703044102 -0.00133913706044136 0.60940907539274 0.998807662313457 0.000857251470034316 -0.0488110522714256 0.609612018707812 0.999659250669154 -0.0260689311097845 -0.00133917227363613 0.609223056980977 0.00300000000000011 0.000999999999999446 0.0520000000000005 0.0540000000000003

 789 89 500 3 0.6 0.00199999999999978 0.376 0.358000000000001 0.101 0.999384159607966 0.0343630091556014 0.00710528862555608 0.60892183800838 0.998101226092107 -0.0454642900993738 0.0415564772230764 0.606256640277339 0.999383877930277 0.0343699572574694 0.00711129883788695 0.60874609436665 0.998101176299191 -0.0454696557663876 0.0415518023033596 0.606086682861188 0.00300000000000011 0.00100000000000033 0.0660000000000007 0.0529999999999999

 797 97 500 3 0.6 0.00199999999999978 0.371 0.384 0.0979999999999999 0.999018180717175 -0.00617369701628395 -0.0438698080882195 0.59653740178863 0.998718126404555 -0.0313888370015156 0.0397095064520751 0.578751242638303 0.999018302426463 -0.006165713619409 -0.0438681592104393 0.596427114590874 0.99871824570328 -0.0313850924034895 0.0397094658008189 0.57869791898693 0.00300000000000011 0.00100000000000033 0.0529999999999999 0.0499999999999998

 794 94 500 3 0.6 0.00300000000000011 0.372 0.364999999999999 0.0990000000000002 0.999480290427645 -0.0281771960277892 0.015658693134575 0.616900887829451 0.999599582613193 0.00418501454843189 -0.0279849976373098 0.610545379976163 0.999480387759423 -0.0281685875961499 0.0156679659532071 0.616673143089153 0.999599459177374 0.00418593337536076 -0.0279892689093172 0.610348420290029 0.00300000000000011 0.000999999999999446 0.0539999999999994 0.0539999999999994

 791 91 500 3 0.6 0.00300000000000011 0.368 0.369 0.0990000000000002 0.999321529243547 0.0208234380033411 -0.0303787033966091 0.611969382935885 0.999780096476102 -0.0106255207873909 -0.0180791868797335 0.602254611032386 0.999321234822 0.0208367382026166 -0.0303792688343324 0.611781864643264 0.999779929151994 -0.0106238242532101 -0.0180894340174601 0.602113315650884 0.00300000000000011 0.00100000000000033 0.0549999999999997 0.0520000000000005

 795 95 500 3 0.6 0.00199999999999978 0.366000000000001 0.342000000000001 0.0970000000000004 0.999713362190984 0.0238278921259392 -0.00232916586647061 0.615757937052984 0.999991656057116 -0.00401907561467258 0.000731332585063382 0.591478171394114 0.999713512544871 0.0238207180129375 -0.00233799669488841 0.615535004106263 0.999991632536151 -0.0040256193978101 0.000727493056883431 0.591383842470583 0.00200000000000067 0.00100000000000033 0.0540000000000003 0.0519999999999996

 796 96 500 3 0.6 0.00300000000000011 0.369000000000001 0.363 0.0990000000000002 0.999180824261986 -0.0359696425001769 -0.0185436038985776 0.617849059197336 0.999044541868952 -0.0429316033844187 -0.00817806778514561 0.60481709513606 0.999181241054858 -0.0359595049987278 -0.0185408070029494 0.617613372744712 0.999044629199515 -0.042927587120398 -0.00818847553725112 0.604661359279165 0.00300000000000011 0.00100000000000033 0.0539999999999994 0.0519999999999996

 798 98 500 3 0.6 0.00300000000000011 0.372 0.348000000000001 0.100000000000001 0.999788639426764 0.017073397068716 -0.0114531910712245 0.586940596962059 0.997478345165405 -0.0709711906135009 -0.000202556132069974 0.608343781604911 0.999788553388664 0.0170817505895661 -0.0114482448348072 0.586868300968199 0.997479014063283 -0.0709617740270979 -0.000207678282704057 0.608156200742153 0.00300000000000011 0.000999999999999446 0.0520000000000005 0.0540000000000003

 800 100 500 3 0.6 0.00299999999999967 0.372000000000001 0.372 0.0989999999999993 0.999029965030074 -0.039178688831273 0.0201037139223345 0.583848138232209 0.99973173276783 0.0226996260307431 -0.00460320269991221 0.611873992097223 0.999029928020562 -0.0391795242086464 0.0201039250400083 0.583784644210385 0.999731704990279 0.0226996478074207 -0.00460912428226149 0.611673396508455 0.00300000000000011 0.00100000000000033 0.0499999999999998 0.0530000000000008

 801 1 1000 3 0.6 0.00200000000000022 0.398 0.733000000000001 0.193000000000001 0.999619293023164 -0.0143876022704212 -0.0235428527748275 0.60411715474171 0.999787626931379 -0.0180149670628198 0.0100080965546897 0.596036164161119 0.999619400372291 -0.0143873150661927 -0.0235384698849898 0.603971589012291 0.999787671500004 -0.0180119467532226 0.0100090804152415 0.595925581388303 0.00300000000000011 0.00100000000000033 0.0759999999999996 0.0810000000000004

 806 6 1000 3 0.6 0.00200000000000022 0.397 0.696 0.207000000000001 0.99988696424315 0.0123707027115202 -0.00854543451441591 0.600219096179463 0.999598855647317 -0.00697751620589126 -0.0274488989974362 0.589506376932814 0.99988690123595 0.0123726916099149 -0.00854992626261701 0.600091648165442 0.999598912176121 -0.00697534366105192 -0.0274473925378275 0.589424263616917 0.00300000000000011 0.00100000000000033 0.0760000000000005 0.0709999999999997

 808 8 1000 3 0.6 0.00199999999999978 0.396 0.685 0.204 0.998458033642285 0.0203421463682922 -0.0516502868947773 0.627767523434956 0.999094624219889 0.0321577770875863 -0.0278533521807201 0.623846763597665 0.998458473298385 0.0203472459788019 -0.0516397780759762 0.627435880975255 0.99909457223819 0.0321569396741077 -0.0278561834245729 0.623549278097473 0.00300000000000011 0.00199999999999978 0.0780000000000003 0.0809999999999995

 805 5 1000 3 0.6 0.00300000000000011 0.411 0.694 0.206 0.999659341779677 0.0150592096387725 0.0213171432813734 0.599901693770194 0.999939566502399 0.00114757822585091 -0.0109337279648599 0.612313460768593 0.999659417595716 0.0150560141530784 0.0213158450458048 0.599778689078082 0.999939479775785 0.00115080930385505 -0.0109413172735107 0.612098847590636 0.00300000000000011 0.00199999999999978 0.0759999999999996 0.0890000000000004

 810 10 1000 3 0.6 0.00299999999999967 0.409 0.674 0.198 0.999655480464674 -0.016063831761054 0.0207574971057389 0.603779741646254 0.999918655412818 0.000480591456744762 0.0127456498176106 0.602026715442766 0.999655363619251 -0.0160674987292056 0.0207602859288981 0.603632479948722 0.999918613617767 0.000484707398154073 0.0127487724687965 0.601887776511912 0.00399999999999956 0.00100000000000033 0.0869999999999997 0.0750000000000002

 803 3 1000 3 0.6 0.00300000000000011 0.413 0.755000000000001 0.215000000000001 0.999864344566073 -0.000735826815951924 -0.016454513798745 0.600146780436568 0.999018922256274 -0.016554143784063 0.0410749716675385 0.586049232724582 0.999864299865371 -0.00073599338602623 -0.0164572223800932 0.600020501857862 0.999019035292165 -0.0165541780980978 0.0410722085041504 0.585975442981836 0.00299999999999923 0.00100000000000033 0.0810000000000004 0.077

 814 14 1000 3 0.6 0.00200000000000022 0.409 0.716 0.211 0.999899484874638 -0.0141523183374064 -0.00085558933467484 0.599486422110973 0.99998462128464 -0.00553311375573831 -0.000376624987209205 0.614739926494008 0.999899527213928 -0.0141491361461796 -0.000858733765247535 0.599361289580223 0.999984628522975 -0.00553212619912082 -0.000371883699134849 0.614517113707463 0.00300000000000011 0.00100000000000033 0.0770000000000008 0.0869999999999997

 804 4 1000 3 0.6 0.00300000000000011 0.412999999999999 0.701 0.203 0.999632855512089 0.0201176762282789 -0.0181502970752914 0.616610545941661 0.999767114576144 0.0080951783773618 -0.02000461694535 0.608755572229816 0.999632558819235 0.0201244946308969 -0.0181590766383904 0.616374797849724 0.999766882367557 0.00809746566768457 -0.0200152934232126 0.608577591287584 0.00299999999999923 0.00100000000000033 0.0880000000000001 0.0869999999999997

 812 12 1000 3 0.6 0.00199999999999978 0.416 0.676 0.215 0.999640058127613 -0.0231756127707907 0.0135146276057198 0.609846122232399 0.99992553623661 0.00767030850674264 0.00949148825730458 0.614452337734737 0.999640135746234 -0.0231726492335665 0.0135139680607981 0.60966116599099 0.999925463980459 0.00767167574908012 0.00949799319147282 0.61423401442474 0.00400000000000045 0.00100000000000033 0.0810000000000004 0.0900000000000007

 809 9 1000 3 0.6 0.00300000000000011 0.414 0.659 0.205 0.999975089289477 -0.00434563478297793 -0.00556203729176634 0.628073575808552 0.99979302328619 -0.0126566177998534 0.0159286099245424 0.578380491204279 0.999975136311208 -0.00434311472307102 -0.00555554802721233 0.627736031881811 0.999792996671082 -0.0126573807757166 0.015929674176064 0.578329352966073 0.00299999999999923 0.00199999999999978 0.0899999999999999 0.0940000000000003

 807 7 1000 3 0.6 0.00300000000000011 0.411 0.75 0.202 0.999092757559503 0.041554234388768 -0.00932241366337595 0.597925606388782 0.99980684368865 -0.00741264529456918 -0.018202417506392 0.601134891410448 0.999093079894398 0.041545770359552 -0.00932559233279446 0.597806624311771 0.999806879435151 -0.00741040276505361 -0.0182013671191383 0.6010051682915 0.00300000000000011 0.00100000000000033 0.0800000000000001 0.0889999999999995

 802 2 1000 3 0.6 0.00200000000000022 0.428 0.903 0.215999999999999 0.999911943316902 0.00495692050559915 -0.0123099370964188 0.604162167452522 0.99974641771835 -0.00663560515396766 0.0215190381654532 0.581980984609396 0.999911953914509 0.00496120444752972 -0.0123073502143395 0.604012271889298 0.999746392950153 -0.00663829770172549 0.0215193584193494 0.581920128643663 0.00399999999999956 0.00100000000000033 0.0869999999999997 0.0720000000000001

 815 15 1000 3 0.6 0.00300000000000011 0.42 0.739999999999999 0.202 0.999937672328789 0.0107834316044321 0.00289293285697757 0.592877492932924 0.999788771850297 -0.0139813506601488 0.0150643126558496 0.60459882332093 0.999937694450296 0.0107826745389673 0.00288810443244195 0.592781968057021 0.999788703548563 -0.013986199511609 0.0150643446556978 0.604447033800573 0.00199999999999978 0.00100000000000033 0.0759999999999996 0.0810000000000004

 816 16 1000 3 0.6 0.00300000000000011 0.456 0.767 0.203 0.99974621268279 -0.0174669012358741 -0.0142273535006811 0.602899029112549 0.999717985028273 0.00919047794447049 -0.0218971579471539 0.614878534628336 0.999746149994659 -0.0174664975861206 -0.0142322532626088 0.602755323436957 0.999717922245351 0.00918910647408933 -0.021900599618411 0.614656576182859 0.00300000000000011 0.00100000000000033 0.0800000000000001 0.0819999999999999

 811 11 1000 3 0.6 0.00200000000000022 0.428 0.868 0.204000000000001 0.999989105210264 0.00241424040898471 -0.00399511001392427 0.598017082207721 0.999677090202514 -0.0163204601145307 0.0194771123600191 0.590219594979255 0.999989103175238 0.00241807191913914 -0.00399330176389548 0.597903089189445 0.999677097866676 -0.0163218679732898 0.019475539189508 0.590132544887023 0.00300000000000011 0.00100000000000033 0.0789999999999997 0.0719999999999992

 813 13 1000 3 0.6 0.00300000000000011 0.419 0.868 0.214 0.999108566542445 0.019899707598695 -0.0372300134164214 0.597564643876768 0.999628390687603 -0.00336589547999871 -0.027050901628776 0.592475108588008 0.999108579448757 0.0198997033531798 -0.0372296693289571 0.597449951667402 0.999628501654755 -0.00336393167841543 -0.0270470449981526 0.59238109125258 0.00400000000000045 0.00100000000000033 0.085 0.0749999999999993

 720 20 500 3 0.6 0.00199999999999978 0.289 0.253 0.069 0.999722013393698 0.00965692401822327 0.0215090621496231 0.607245388240694 0.999700561638651 -0.0102597377798863 -0.0222154189709306 0.600763996588497 0.999722326475301 0.00964941676798133 0.0214978767056106 0.607082194101366 0.999700631106439 -0.0102498853752975 -0.0222168408010753 0.600628735612462 0.00300000000000011 0.000999999999999446 0.0369999999999999 0.0380000000000003

 817 17 1000 3 0.6 0.00200000000000022 0.395 0.743 0.199 0.999861159301707 -0.01180125910002 -0.0117640300705674 0.616417700933107 0.999903351156886 -0.0023718193280843 -0.0136990079314019 0.612572572732239 0.999861140396751 -0.0117919852308015 -0.0117749313724228 0.616184673038406 0.999903351459599 -0.00237150867455413 -0.0136990396184611 0.612371936318836 0.00300000000000011 0.000999999999999446 0.0859999999999994 0.0820000000000007

 822 22 1000 3 0.6 0.00300000000000011 0.393 0.671 0.197 0.999697766057463 -0.0143264645159565 -0.0199782119868629 0.612120514076452 0.999927282676031 0.0118603312850623 0.00218217825495902 0.608368406530033 0.99969771012434 -0.0143279554281603 -0.0199799415764732 0.61192322105616 0.999927316871737 0.0118573548887658 0.00218268383688591 0.608196547029226 0.00300000000000011 0.00100000000000033 0.0780000000000003 0.0739999999999998

 819 19 1000 3 0.6 0.00200000000000022 0.414 0.676 0.195 0.999922336776779 -0.002681099359241 -0.0121709539926446 0.588405316175192 0.998200658610783 -0.0243630534021842 0.0547894768903753 0.603057286808248 0.999922391898963 -0.00268191651558549 -0.0121662444024459 0.588325361793387 0.998200425340983 -0.0243651061415327 0.0547928138699955 0.602911185072338 0.00300000000000011 0.00100000000000033 0.0750000000000002 0.0779999999999994

 818 18 1000 3 0.6 0.00200000000000022 0.4 0.779999999999999 0.224 0.999675038920104 -0.0136597815725469 -0.0215227072525237 0.618148527995619 0.99984366010306 -0.0098527712424944 0.0146825832386465 0.590239856212038 0.99967507700778 -0.013657933855576 -0.0215221107767472 0.617901844538587 0.999843666404677 -0.00985147414137227 0.0146830244736992 0.590152251025573 0.00300000000000011 0.00100000000000033 0.0860000000000003 0.0750000000000002

 820 20 1000 3 0.6 0.00300000000000011 0.391 0.703 0.192 0.999926153479794 -0.0115130740054964 0.00389059302004332 0.611955205621247 0.999955425762996 -0.00749648118174712 -0.00574014433941843 0.600254659526439 0.999926265116464 -0.0115053179247877 0.00388484101194895 0.611752709324881 0.99995545516605 -0.00749369566328942 -0.00573865916076157 0.600122213721795 0.00299999999999923 0.00100000000000033 0.0860000000000003 0.0739999999999998

 821 21 1000 3 0.6 0.00199999999999978 0.386 0.704000000000001 0.197 0.999879698586157 -0.00890612322780623 0.0126991859702662 0.6118677444916 0.999753137477163 -0.0176048406424516 0.0135548401142463 0.592128169954184 0.999879691258414 -0.00891363436035642 0.01269449217053 0.611670889671383 0.999753021815653 -0.0176095394474392 0.0135572670889176 0.592037662187273 0.00300000000000011 0.000999999999999446 0.0759999999999996 0.0709999999999997

 831 31 1000 3 0.6 0.004 0.389 0.681999999999999 0.191 0.99956108999728 0.0206390452547548 0.0212522275167006 0.602603969698411 0.999913979582409 0.00749308807385764 0.0107650855448225 0.59951268918363 0.999561189542962 0.0206377692729504 0.0212487844098375 0.602465605612964 0.999913942315685 0.00749555634009457 0.0107668285886615 0.599387880557427 0.00300000000000011 0.00100000000000033 0.0779999999999994 0.0720000000000001

 824 24 1000 3 0.6 0.00300000000000011 0.399 0.68 0.194 0.99923961674715 -0.0386369599074457 0.00523198357405895 0.608696600004241 0.999849450392954 0.00407783538560872 -0.0168655805555453 0.583235655389851 0.999239526441762 -0.038639226658483 0.00523249077193561 0.608525786825411 0.999849419768483 0.00407751270375605 -0.0168674739892568 0.583172282454026 0.00299999999999923 0.00100000000000033 0.0780000000000003 0.0739999999999998

 825 25 1000 3 0.6 0.00300000000000011 0.397 0.701 0.194999999999999 0.999898945706034 -0.0116508855866789 -0.00814587263641722 0.593640734014222 0.999918003289525 -0.00255364438749965 0.0125485297079406 0.629350028095451 0.999898914359487 -0.0116549718283133 -0.00814387465522875 0.593544396963465 0.99991814642035 -0.00256034523131219 0.0125357525337609 0.628985591690804 0.00300000000000011 0.00100000000000033 0.077 0.0860000000000003

 823 23 1000 3 0.6 0.004 0.402 0.679 0.193000000000001 0.999488587628812 0.0251876919137798 -0.0197013546696618 0.588113879597646 0.999646130287795 0.0209612264638615 -0.0163780702699357 0.59834373245172 0.999488592331819 0.0251865158162542 -0.0197026196125344 0.58803746264372 0.999646054264013 0.0209627868177626 -0.0163807131475665 0.598227649672968 0.00300000000000011 0.00100000000000033 0.077 0.0730000000000004

 826 26 1000 3 0.6 0.00300000000000011 0.404 0.686 0.194 0.999855027779375 0.0118248091816195 0.0122514208205878 0.582242411734056 0.998955850246059 0.0438869664460216 -0.0126942284263091 0.586294399589179 0.9998550475328 0.0118222727178234 0.0122522565663747 0.582183779422762 0.998955911275988 0.0438859095345131 -0.0126930796534885 0.586222126879789 0.00300000000000011 0.00100000000000033 0.0750000000000002 0.0729999999999995

 827 27 1000 3 0.6 0.00300000000000011 0.403 0.705 0.194 0.999948864726718 -0.00416896134059073 0.00921345174671517 0.598706835290039 0.999981043802483 0.0061564814600336 9.88520552608147e-05 0.593269809992324 0.999948857196701 -0.00417037930400304 0.00921362727013034 0.598590975201423 0.999981012777075 0.00616158345913931 9.47344288047688e-05 0.593172536609847 0.00299999999999923 0.000999999999999446 0.0759999999999996 0.0739999999999998

 835 35 1000 3 0.6 0.00300000000000011 0.396 0.708 0.196 0.999951344524177 -0.00249884893637652 -0.0095427636606819 0.613726289917367 0.999273568766926 0.0135490587282916 -0.0356196262106814 0.590562309694898 0.999951390727764 -0.00249957007732707 -0.00953773196518471 0.613515014538991 0.999273537470577 0.0135485976387158 -0.0356206795705014 0.59047594692662 0.00300000000000011 0.00100000000000033 0.0829999999999993 0.0709999999999997

 829 29 1000 3 0.6 0.00300000000000011 0.409 0.677 0.193000000000001 0.999794778817343 -0.0060609743736715 -0.0193304122879246 0.593992581889231 0.99957534641041 0.0140707099747088 0.025517483600774 0.599985353285799 0.999794817996663 -0.00606050797031169 -0.0193285320229427 0.593891997102917 0.999575393917655 0.0140671251708178 0.0255175990992927 0.599857198789969 0.00300000000000011 0.00100000000000033 0.077 0.0740000000000007

 830 30 1000 3 0.6 0.00199999999999978 0.402 0.659000000000001 0.194999999999999 0.999398481526642 0.0300507119158093 -0.0173098190514771 0.616205606420977 0.999175908607169 -0.0318933351468507 -0.0251061512830873 0.582171962956686 0.99939848278343 0.0300404337928515 -0.0173275776644056 0.615978331530091 0.99917583138386 -0.0318964559303616 -0.0251052599559264 0.582109465417351 0.00299999999999923 0.00100000000000033 0.0859999999999994 0.0760000000000005

 833 33 1000 3 0.6 0.00300000000000011 0.402 0.67 0.196 0.999745978762913 0.0111657686271207 -0.0195781398082304 0.600303338074383 0.999145755727699 -0.00839189489175611 0.0404639952482566 0.597175615564974 0.999746094531632 0.0111617593025084 -0.0195745139919736 0.60017865062147 0.9991457409116 -0.00838860686056406 0.040465042853667 0.597060792942202 0.00399999999999956 0.000999999999999446 0.0750000000000002 0.0739999999999998

 834 34 1000 3 0.6 0.00299999999999967 0.389 0.692 0.194999999999999 0.999867513378748 -0.0140096302798579 -0.00828769866858963 0.608047981533136 0.999308210186827 -0.00563121548320089 -0.0367612631091846 0.601891215344487 0.999867450556577 -0.0140070477608074 -0.00829963436049233 0.60787345712133 0.999308046955353 -0.00563344008739943 -0.0367653592809842 0.601753525405648 0.00300000000000011 0.00100000000000033 0.0810000000000004 0.0730000000000004

 828 28 1000 3 0.6 0.00200000000000022 0.406000000000001 0.762 0.202999999999999 0.999889731554122 0.0144451599110969 -0.00344413817504906 0.595016761481046 0.999901189381672 -0.0131749708543219 0.0049022052287944 0.598195324765648 0.999889768946449 0.0144412755373216 -0.00344956766463037 0.59491243497295 0.999901247846084 -0.0131690181749616 0.0049062731428276 0.598072991416838 0.00399999999999956 0.00199999999999978 0.0780000000000003 0.0830000000000002

 832 32 1000 3 0.6 0.004 0.42 0.841 0.202000000000001 0.99992220066168 0.00793513538386491 -0.00962425323552761 0.612081333181738 0.999031822425775 0.0281656424479576 0.0337951825875797 0.600588619362146 0.999922120059359 0.00793610256554644 -0.00963182703676857 0.611879092084612 0.999031850402162 0.0281653865951646 0.0337945687940616 0.600454937174234 0.00300000000000011 0.00100000000000033 0.0820000000000007 0.0819999999999999

 836 36 1000 3 0.6 0.00299999999999967 0.402 0.692 0.199 0.999921907111876 -0.0123495755796402 -0.00191511376959603 0.589541101029033 0.999139640796815 0.0411390577800094 -0.00524939171568078 0.602072787957895 0.999921909332995 -0.0123491142087143 -0.00191692830260612 0.58945839572555 0.999139739122588 0.041136609131145 -0.0052498662114318 0.601933568625151 0.00400000000000045 0.00100000000000033 0.0760000000000005 0.0770000000000008

 837 37 1000 3 0.6 0.00300000000000011 0.4 0.693 0.211 0.999460392487735 0.0214927046864555 -0.0248392329495616 0.603915096768913 0.999897784925441 -0.0139898776699421 0.00295008880816172 0.604617258740233 0.999460587064063 0.0214886349136839 -0.0248349245036969 0.603772856756362 0.999897764286276 -0.0139906191096362 0.0029535660202396 0.604464280532261 0.00300000000000011 0.00100000000000033 0.0750000000000002 0.0750000000000002

 839 39 1000 3 0.6 0.00299999999999967 0.399 0.739000000000001 0.202 0.999781211217024 -0.0208586715839731 0.00156381494156945 0.600801661152161 0.999730057157988 0.0201467922535733 -0.0115723626272882 0.59053462890756 0.999781058013714 -0.0208661283137832 0.0015622823594666 0.600671886173423 0.999730028486822 0.0201488354311029 -0.0115712822326816 0.590447645546216 0.00300000000000011 0.00100000000000033 0.0750000000000002 0.0729999999999995

 838 38 1000 3 0.6 0.00199999999999978 0.402 0.722 0.212000000000001 0.999543225011952 0.0207798558468603 -0.0219439951624588 0.596254748569233 0.999905313854243 -0.0137430786180104 0.00070079679407799 0.606101440712863 0.999543099892211 0.0207805873422046 -0.0219490010611599 0.596145759857477 0.99990529589671 -0.0137439606232576 0.000709072703545219 0.605940306532644 0.00300000000000011 0.00100000000000033 0.0759999999999996 0.0739999999999998
