
 9977 77 2000 2 0.95 0.0470000000000006 0.545 10.02 0.837 0.999999998798508 -4.90202308160381e-05 0.951888944307443 0.999999999952854 -9.71041793618923e-06 0.950778938341903 0.999999998638711 -5.21783234002003e-05 0.951734317448421 0.999999999955745 -9.40793346580122e-06 0.950661156629602 0.00400000000000134 0.00199999999999889 0.350000000000001 0.354999999999997

 9986 86 2000 2 0.95 0.0469999999999997 0.537 10.073 0.813000000000002 0.999999963744216 0.000269279718669202 0.948000478332543 0.999998707386524 -0.00160786357692547 0.949636051698924 0.999999962627016 0.000273397087413545 0.948433038252159 0.999998707391858 -0.00160786025933268 0.949636311423425 0.00499999999999901 0.00199999999999889 0.341999999999999 0.286999999999999

 9970 70 2000 2 0.95 0.0469999999999997 0.542999999999999 10.13 0.829999999999998 0.999999921341167 -0.000396632902263925 0.948350786188426 0.99999873700474 -0.00158933600141502 0.951370734136089 0.999999922647459 -0.000393325661148666 0.948688886692896 0.999998733393729 -0.00159160640134493 0.951234288634831 0.00399999999999778 0.00200000000000244 0.326999999999998 0.355999999999998

 9974 74 2000 2 0.95 0.0469999999999997 0.549 10.376 0.879999999999999 0.999998328246256 0.0018285252782297 0.949314824185082 0.999999711934986 0.000759032242038878 0.952960174887148 0.99999832595874 0.00182977586550806 0.949401541606681 0.99999971301582 0.000757606941488061 0.952758699273091 0.00400000000000134 0.00199999999999889 0.349999999999998 0.350999999999999

 9978 78 2000 2 0.95 0.0490000000000004 0.547 10.3 0.873000000000001 0.999998970142013 0.00143517069143002 0.949865360172433 0.999997190399415 0.00237048376408808 0.94934759307344 0.999998969238494 0.00143580010798604 0.949802565051602 0.999997192273935 0.00236969285908194 0.949427897792537 0.00399999999999778 0.00199999999999889 0.318999999999999 0.298000000000002

 9968 68 2000 2 0.95 0.0449999999999999 0.547 10.306 0.869 0.999995381034986 0.00303939281656999 0.949906692335341 0.999996109785535 0.00278933931185096 0.949669143071244 0.999995381978369 0.00303908241682107 0.949832492064305 0.999996109209423 0.00278954584410174 0.949660774662615 0.00400000000000134 0.00200000000000244 0.304000000000002 0.285

 9964 64 2000 2 0.95 0.0519999999999996 0.547000000000001 10.078 0.872 0.999999611465077 -0.000881515566630975 0.949230577441648 0.999999830306161 0.000582569866851996 0.950487097718427 0.999999610959235 -0.000882089212869905 0.949341837575461 0.999999830195247 0.000582760223685464 0.950380467276434 0.00400000000000134 0.00100000000000122 0.353000000000002 0.327999999999999

 9987 87 2000 2 0.95 0.0439999999999996 0.531000000000001 10.114 0.867999999999999 0.999997927537254 0.00203590795384978 0.952012774933955 0.999994972239995 -0.00317104000794937 0.95012306079151 0.999997927237516 0.00203605517424224 0.951850433607317 0.999994976292177 -0.00316976188506878 0.950024265654652 0.00399999999999778 0.00100000000000122 0.378 0.332000000000001

 9981 81 2000 2 0.95 0.048 0.550999999999999 10.17 0.879999999999999 0.999999190773624 0.00127218398740422 0.950713275511255 0.999998427597191 0.00177335928255199 0.950358075924659 0.999999192139827 0.00127110963112765 0.95059948722225 0.999998427112135 0.00177363278490412 0.950255517985267 0.00399999999999778 0.000999999999997669 0.361000000000001 0.324000000000002

 9971 71 2000 2 0.95 0.0460000000000003 0.545999999999999 10.671 0.812000000000001 0.999999766048627 0.00068403413094641 0.951689560415919 0.999999359210586 -0.00113206820311021 0.950330331226074 0.999999765018538 0.000685538379292616 0.951540839220786 0.999999359303713 -0.00113198593757646 0.950227800435384 0.00399999999999778 0.00199999999999889 0.368000000000002 0.326000000000001

 9965 65 2000 2 0.95 0.0439999999999996 0.573 10.673 0.870000000000001 0.999998006206206 0.00199689349075667 0.952181614489271 0.999998034871545 -0.00198248658216248 0.951290313648615 0.999998013259563 0.00199335820337198 0.95201663130131 0.999998034274062 -0.00198278793935037 0.951154710518496 0.00400000000000134 0.00100000000000122 0.343999999999998 0.353999999999999

 9966 66 2000 2 0.95 0.048 0.550999999999999 10.482 0.818000000000001 0.999998730397026 0.00159348810332118 0.950567908048525 0.999999999666619 -2.58217301383557e-05 0.94990149482992 0.999998733085202 0.00159180023578565 0.950453728472809 0.999999999660504 -2.60574632860793e-05 0.949828580961172 0.00500000000000256 0.00200000000000244 0.353000000000002 0.290999999999997

 9982 82 2000 2 0.95 0.0490000000000004 0.558 10.285 0.829000000000001 0.999999258410117 0.00121785845450944 0.948127207230634 0.999999981771415 0.000190937607213871 0.948356899876081 0.999999244654362 0.0012291015844411 0.948530601029874 0.999999981966712 0.000189912020700431 0.948691223833339 0.00399999999999778 0.00200000000000244 0.366 0.321000000000002

 9980 80 2000 2 0.95 0.0499999999999998 0.558 10.325 0.821999999999999 0.999999733604621 -0.000729925124441366 0.951667559062325 0.999999210168545 -0.00125684616627078 0.95036214400437 0.999999732947647 -0.000730824626679836 0.951519588255122 0.999999212369295 -0.00125509393632321 0.950256886466769 0.00400000000000134 0.00199999999999889 0.370000000000001 0.335999999999999

 9985 85 2000 2 0.95 0.0430000000000001 0.556 10.15 0.876999999999999 0.9999999516348 0.000311015107659273 0.948863868926472 0.99999449927035 0.00331684021958536 0.950485248642477 0.999999952926158 0.000306834944172014 0.9490710056596 0.999994501357582 0.00331621087990216 0.95037948152604 0.00499999999999901 0.00300000000000011 0.334 0.327000000000002

 9991 91 2000 2 0.95 0.048 0.561 10.682 0.815999999999999 0.999998190763385 0.00190222763028756 0.948353649426424 0.99999992850503 0.000378140099718342 0.950040073628567 0.999998186920004 0.00190424701784832 0.948688474488899 0.99999992803801 0.000379373135113224 0.949944751641471 0.0109999999999992 0.00199999999999889 0.343999999999998 0.323999999999998

 9990 90 2000 2 0.95 0.0499999999999998 0.556 10.339 0.818000000000001 0.999999191610419 -0.00127152605506787 0.948729054332585 0.999998608063685 -0.00166849354012621 0.946035784797378 0.99999918914719 -0.00127346180235662 0.948971747154956 0.999998616668817 -0.00166332812559545 0.945276732041749 0.00400000000000134 0.00199999999999889 0.338000000000001 0.327999999999999

 9963 63 2000 2 0.95 0.0500000000000007 0.549 10.832 0.891000000000002 0.999996516546915 -0.00263948745716015 0.951805229991628 0.999997941236932 0.00202916778448319 0.94915048655064 0.999996520963202 -0.00263781377116183 0.951657384692313 0.999997938129088 0.00203069878940819 0.949285021609927 0.00400000000000134 0.00199999999999889 0.405000000000001 0.314999999999998

 9983 83 2000 2 0.95 0.0499999999999998 0.542 10.664 0.879000000000001 0.999999461751527 0.00103754356886144 0.950654472454304 0.999999992847116 0.000119606719238636 0.952524873552428 0.999999459761079 0.00103946022086811 0.950540742125097 0.999999992914897 0.000119038675818261 0.952344255510709 0.00400000000000134 0.00199999999999889 0.390000000000001 0.342000000000002

 9961 61 2000 2 0.95 0.0449999999999999 0.559 10.628 0.829000000000001 0.999999700064463 0.000774513385080666 0.952138235002858 0.999992258130929 0.00393493052112892 0.94827291325815 0.999999706599461 0.000766029368153058 0.951975522786075 0.99999221619836 0.00394557254308814 0.948632335009594 0.00499999999999901 0.00199999999999889 0.358000000000001 0.323

 9989 89 2000 2 0.95 0.048 0.555 10.288 0.880000000000003 0.999997843880091 0.00207659220117214 0.951199587454818 0.999999998894954 -4.70116241627471e-05 0.951621877497065 0.999997845571073 0.00207577773700176 0.951067138903109 0.999999998865379 -4.76365551567254e-05 0.951472950412802 0.00500000000000256 0.00199999999999889 0.411000000000001 0.352999999999998

 9962 62 2000 2 0.95 0.0460000000000003 0.546 10.618 0.832000000000001 0.999999822421612 -0.000595950287334025 0.952477016995442 0.999999833152032 -0.00057766418293464 0.952435506328151 0.999999824756594 -0.000592019240271257 0.952298681817739 0.999999833078728 -0.000577791066972383 0.952259673629699 0.00399999999999778 0.00199999999999889 0.355 0.338999999999999

 9973 73 2000 2 0.95 0.048 0.563 10.727 0.817 0.999999311307831 0.00117361998232599 0.952243798215333 0.999999124338886 0.00132337502667983 0.949705513874602 0.999999310073245 0.00117467145749003 0.952070195913508 0.999999124146885 0.00132352010302981 0.949687263292097 0.00400000000000134 0.00300000000000011 0.381 0.274000000000001

 9984 84 2000 2 0.95 0.048 0.548999999999999 11.02 0.822999999999997 0.999999822812006 -0.000595294848609327 0.949618955615541 0.999995819361668 -0.00289158420015547 0.949689720612614 0.999999822829494 -0.0005952654709007 0.949624503612841 0.999995818871602 -0.00289175367455887 0.949675746890561 0.00400000000000134 0.00300000000000011 0.299000000000003 0.27

 9979 79 2000 2 0.95 0.0469999999999997 0.561 10.741 0.829000000000001 0.99999482285693 0.003217803495803 0.949623017317509 0.999997180622965 0.00237460441346468 0.947543048267758 0.999994823045829 0.00321774479124664 0.94962734370055 0.999997180707454 0.00237456883327006 0.948077339129533 0.00499999999999901 0.00199999999999889 0.273000000000003 0.332000000000001

 9988 88 2000 2 0.95 0.0469999999999997 0.56 10.926 0.82 0.999999916972033 0.000407499604516669 0.951836261014753 0.999999911592929 0.000420492728768973 0.949358315179121 0.999999916917125 0.000407634324805614 0.951680395426395 0.999999911023812 0.000421844010374641 0.94943637179725 0.00399999999999778 0.000999999999997669 0.363 0.300000000000001

 9975 75 2000 2 0.95 0.0469999999999997 0.575 10.711 0.834999999999997 0.999999997111373 7.60082445088326e-05 0.949961013029868 0.999999179870134 -0.00128072598902561 0.950784319875477 0.999999997023455 7.71562734432601e-05 0.949868562983146 0.999999180055028 -0.00128058161486703 0.950666364497756 0.00399999999999778 0.00199999999999889 0.312999999999999 0.332999999999998

 9992 92 2000 2 0.95 0.048 0.562 10.611 0.829000000000001 0.999999690635715 -0.000786592953234398 0.94990771011675 0.999999910714585 0.000422576409360197 0.949159797849803 0.999999690374304 -0.000786925216677249 0.949833051277553 0.999999910916384 0.000422098596158666 0.94929063319261 0.00400000000000134 0.00200000000000244 0.306000000000001 0.306000000000001

 9967 67 2000 2 0.95 0.048 0.557 10.829 0.850000000000001 0.999999941724097 -0.000341396840902318 0.949713515846007 0.999999709656192 0.000762028563250868 0.95049544983883 0.999999941738885 -0.000341353520914609 0.949693099719488 0.99999970854305 0.00076348792663984 0.950386212973762 0.00400000000000134 0.00200000000000244 0.283999999999999 0.331

 9976 76 2000 2 0.95 0.0499999999999998 0.556 10.724 0.890000000000001 0.99999944946912 0.00104931475619009 0.951273179497732 0.999999868630685 0.000512580347208525 0.948998772982348 0.999999446024222 0.00105259263194239 0.951137635789789 0.999999869965378 0.000509969830323466 0.949172389623078 0.00499999999999901 0.00199999999999889 0.367999999999999 0.306999999999999

 9969 69 2000 2 0.95 0.0470000000000006 0.57 10.942 0.830000000000002 0.99999738191379 0.00228826693483524 0.948870209541897 0.999996178780137 -0.00276449364703394 0.952029414579762 0.999997384681258 0.00228705720181976 0.949078880262748 0.999996183430157 -0.00276281109031261 0.951865607341289 0.00400000000000134 0.000999999999997669 0.337 0.346

 9972 72 2000 2 0.95 0.0439999999999996 0.566999999999999 11.133 0.885999999999999 0.99999986654851 0.000516626520321949 0.95137730789371 0.999998839888701 -0.00152322724884912 0.950165834662592 0.999999867220724 0.000515323717400238 0.951244963240177 0.999998836691873 -0.00152532452334283 0.950069303819944 0.00399999999999778 0.00300000000000011 0.344000000000001 0.321999999999999

 9993 93 2000 2 0.95 0.0549999999999997 0.984 15.344 0.816000000000003 0.999999999103834 -4.23359549488394e-05 0.948769912166722 0.999999244740198 0.00122903174611948 0.949559196256138 0.9999999989343 -4.61670782339558e-05 0.949005113856747 0.999999245054187 0.00122877624327732 0.949581285263059 0.00999999999999801 0.000999999999997669 0.327999999999999 0.271999999999998

 10000 100 2000 2 0.95 0.0470000000000006 4.098 12.139 0.809000000000001 0.99999793642467 -0.00203153794002667 0.948164996193242 0.999995917761251 0.00285735206681672 0.949692891108155 0.99999794685202 -0.00202639871297298 0.948552650831451 0.999995917571275 0.00285741855253507 0.949677869383579 0.00300000000000011 0.00199999999999889 0.361999999999998 0.276000000000003

 9994 94 2000 2 0.95 0.0449999999999999 1.021 14.647 0.820999999999998 0.999999871644177 -0.000506667178329932 0.951935864945144 0.99999680852589 0.00252644771047303 0.951212307026148 0.999999873514655 -0.000502961901815832 0.951779058073719 0.999996807763156 0.00252674959125123 0.951082092957932 0.00400000000000134 0.00200000000000244 0.357000000000003 0.341000000000001

 9999 99 2000 2 0.95 0.0490000000000004 4.252 11.943 0.866 0.99999623340171 0.00274466434989657 0.951163262146027 0.999996272130692 -0.00273051729879281 0.948490285598768 0.99999623221832 0.00274509547451911 0.95103344291601 0.999996270069051 -0.00273127222850092 0.94879384107553 0.00399999999999778 0.00200000000000244 0.349 0.311999999999998

 9995 95 2000 2 0.95 0.0470000000000006 6.025 11.068 0.809000000000001 0.999995624130583 -0.00295833055729344 0.949672559361636 0.999999988117472 0.000154159187549641 0.950874134027757 0.999995623676929 -0.00295848390066986 0.949663239536436 0.999999988092984 0.000154317954971232 0.950754378590777 0.00400000000000134 0.00199999999999889 0.271999999999998 0.377000000000002

 9997 97 2000 2 0.95 0.0499999999999998 6.141 10.118 0.861000000000001 0.999998755974439 0.00157735524676529 0.950215071559184 0.999999816697886 0.000605478483361515 0.950168338062453 0.999998757541855 0.00157636123624214 0.950115702233263 0.99999981580709 0.000606947926311576 0.95007038111513 0.00399999999999778 0.00100000000000122 0.329000000000001 0.323999999999998

 9998 98 2000 2 0.95 0.0490000000000004 3.127 11.842 0.868000000000002 0.999999352815778 -0.00113770295987596 0.950921686568191 0.999998389942929 -0.00179446692650034 0.947610273291034 0.999999352274148 -0.00113817893314703 0.950801047371562 0.999998407432966 -0.00178469367996371 0.948135752875816 0.00499999999999901 0.00199999999999889 0.34 0.332000000000001

 9996 96 2000 2 0.95 0.0460000000000003 7.317 10.722 0.874000000000002 0.999999371548644 -0.00112111654935525 0.948736479647579 0.999999997874693 -6.51967384475678e-05 0.951042894610932 0.999999369781921 -0.00112269130270615 0.948979448800421 0.999999997786701 -6.65326835557e-05 0.950915684054602 0.00500000000000256 0.00200000000000244 0.323 0.363000000000003

 9960 60 2000 2 0.95 0.032 0.453 7.562 0.669 0.999998720813551 -0.00159949093846201 0.94975828227352 0.999999728996054 -0.000736211802260085 0.943281893235189 0.999998721362456 -0.00159914772705449 0.949724876282453 0.999999732008275 -0.000732108857080869 0.942932022778111 0.00399999999999956 0.000999999999999446 0.225999999999999 0.248000000000001

 10009 9 5000 2 0.95 4.755 1.434 26.937 2.042 0.999999997222817 -7.45276237792343e-05 0.950807718549273 0.999999675897576 0.000805111633367712 0.949624398957944 0.999999997215634 -7.4623930985831e-05 0.950688035025881 0.999999675918797 0.000805085275606266 0.949628346709391 0.274999999999999 0.266999999999996 81.373 81.662

 10020 20 5000 2 0.95 5.515 1.502 27.408 3.734 0.999999976798573 -0.000215413216597089 0.949358304794302 0.999998146317964 -0.00192545076186449 0.949782895133669 0.999999976764271 -0.000215572397082688 0.949434838721609 0.999998147287997 -0.00192494690168472 0.949742936624566 0.587000000000003 0.436999999999998 79.711 89.518

 10002 2 5000 2 0.95 1.789 1.779 26.703 2.096 0.999999848682933 0.000550121905846337 0.950893497498306 0.99999974231424 0.000717893762648056 0.9521578421682 0.999999848976131 0.000549588678717097 0.950771473635315 0.999999743940379 0.000715625024266621 0.951991743185588 0.25 0.213000000000001 67.855 113.703

 10004 4 5000 2 0.95 4.358 1.583 28.166 3.189 0.999999766088565 0.000683975742170835 0.950902513443919 0.999999836573507 0.000571710555618726 0.949688228956798 0.999999766489324 0.000683389565670216 0.950780005588323 0.999999836522098 0.000571800469261474 0.949674717874413 0.418999999999997 0.558 96.231 84.286

 10008 8 5000 2 0.95 4.253 1.277 27.025 3.911 0.999998048663734 0.00197551733074441 0.949685728423034 0.999998615542427 0.00166400517686938 0.950411173386466 0.999998048572153 0.00197556368827515 0.949672816447917 0.999998613808873 0.00166504664598758 0.950306314795521 0.555 0.509 72.817 110.511

 10010 10 5000 2 0.95 3.839 1.084 28.139 4.326 0.999999677142014 0.000803564476996739 0.951503189680845 0.99999992715797 -0.00038168580690676 0.949725121276588 0.999999677973848 0.000802528629247857 0.951361774362288 0.999999927270346 -0.00038139127310696 0.94970120531832 0.543999999999997 0.608000000000004 101.726 89.309

 10012 12 5000 2 0.95 3.167 0.860999999999999 27.962 6.12 0.999999932742729 0.000366762234768534 0.949887415502013 0.999999866763649 0.000516209922063959 0.949471082685994 0.999999932722936 0.000366816197916471 0.949817615431253 0.999999866965331 0.000515819077215037 0.949516844698741 0.706000000000003 0.827000000000005 94.041 89.53

 10016 16 5000 2 0.95 1.478 2.025 28.512 6.353 0.999999913941598 -0.000414869612944254 0.948866970012482 0.999997017729697 -0.00244223907776169 0.949260747343652 0.99999991405097 -0.000414605901315749 0.9490755408152 0.999997015979236 -0.00244295571482043 0.949364029928275 0.902999999999999 0.936 98.606 92.23

 10003 3 5000 2 0.95 4.246 1.811 27.864 5.09 0.999998831064385 -0.00152900943875189 0.949934815743823 0.999999946901262 -0.00032587953749433 0.951884150986989 0.999998828846087 -0.00153045955677698 0.949852280491211 0.999999945931163 -0.000328842928428049 0.951728234121741 0.698 0.728999999999999 88.765 108.707

 10023 23 5000 2 0.95 3.801 1.621 28.02 9.826 0.999999822808539 -0.000595300671584794 0.948883216531019 0.999999262491182 -0.00121450281678766 0.949854219699691 0.999999821994126 -0.000596667173712977 0.949087186838508 0.999999263187623 -0.00121392924499465 0.949794450277633 1.087 1.291 100.945 87.541

 10019 19 5000 2 0.95 3.627 3.394 27.411 6.208 0.999999985309099 0.000171411203663191 0.95151327996202 0.999999951798191 0.000310489315732887 0.949845438493882 0.999999985447754 0.000170600389114081 0.951370986215393 0.999999951726873 0.000310718926476078 0.949787617990923 0.863 0.943999999999996 110.899 87.017

 10011 11 5000 2 0.95 4.15 0.884 28.852 8.69 0.999999900150427 0.000446877093236505 0.950755041057813 0.999999518851835 -0.000980966920499196 0.949401305929028 0.999999900788552 0.000445446839097647 0.950640804516072 0.999999518530676 -0.000981294255883485 0.949466386373248 1.008 1.407 110.473 85.956

 10018 18 5000 2 0.95 3.587 2.963 26.913 6.005 0.99999988505546 -0.000479467483402854 0.950514329478428 0.999999585182106 -0.000910843354665117 0.950425939891356 0.999999885053551 -0.000479471463072866 0.95040404538672 0.999999585318699 -0.000910693379183902 0.95031846704002 0.808 0.933 106.67 99.791

 10007 7 5000 2 0.95 4.673 1.507 28.721 9.422 0.999999991401925 0.000131134093074094 0.950860044194774 0.999999115650564 0.00132992409167834 0.949897261310802 0.999999991741053 0.000128521959587963 0.950741159845601 0.999999118005702 0.00132815203089422 0.949825866959833 0.878999999999998 0.994 113.538 83.137

 10013 13 5000 2 0.95 5.223 2.181 29.618 16.208 0.999999734305556 0.000728964209316571 0.950033852791835 0.999999143071872 0.00130914304875147 0.949158625382483 0.999999735043459 0.000727951242288305 0.949938572643866 0.99999914093368 0.00131077530569797 0.949288153452934 1.5 1.614 109.499 79.574

 10001 1 5000 2 0.95 3.315 1.577 28.771 8.488 0.999999999350937 3.60295195151841e-05 0.951578334808991 0.99999999252063 -0.000122305926238025 0.950533597850621 0.9999999993417 3.62849908864284e-05 0.951434639918429 0.999999992397782 -0.000123306272752954 0.950424259289898 1.109 1.298 114.81 91.351

 10005 5 5000 2 0.95 4.047 2.842 29.459 8.733 0.999998765404488 -0.00157136548907805 0.950730318932553 0.999999752221728 0.000703957727730631 0.952665737001875 0.999998763313954 -0.00157269531761419 0.950615076379735 0.99999975112229 0.000705517794154559 0.952475729279035 1.023 1.38 113.067 94.362

 10006 6 5000 2 0.95 3.619 3.759 30.616 11.976 0.999998944438148 0.00145297026450767 0.950537334007283 0.999999409502753 -0.0010867355453544 0.948900419216087 0.999998945850884 0.001451997631434 0.950428575044693 0.999999409028493 -0.00108717186541434 0.949099895044305 1.37 1.43900000000001 113.865 82.154

 10015 15 5000 2 0.95 2.019 0.751999999999999 30.246 16.102 0.999999762334632 -0.000689442296404275 0.950545874663646 0.999999748574844 -0.000709119346981445 0.949295127112424 0.999999761434106 -0.000690747227009623 0.950435808097598 0.999999749984318 -0.000707128914992592 0.949389313100952 1.76100000000001 1.81699999999999 112.232 75.83

 10024 24 5000 2 0.95 2.241 0.744999999999999 29.456 13.566 0.9999998408209 0.000564232375911969 0.950202616027755 0.999999991502165 -0.000130367443837507 0.948533411406454 0.999999841346598 0.000563299901800689 0.950102703503239 0.999999991852851 -0.00012764912110147 0.948828470558755 1.548 1.937 109.897 83.831

 10014 14 5000 2 0.95 4.021 0.792999999999999 28.63 10.749 0.999999481830892 0.0010180068508437 0.95042095578133 0.999999035456599 0.00138891535772104 0.950791656359536 0.999999482559715 0.00101729066730833 0.950315137350746 0.999999034684328 0.00138947127082938 0.950674183757078 1.328 1.428 112.572 90.046

 10022 22 5000 2 0.95 2.258 0.747 31.197 18.562 0.999999979042299 -0.000204732509579584 0.948966796537675 0.999998946218775 0.00145174424062487 0.950734770115032 0.999999978267951 -0.000208480447845982 0.949148648968838 0.999998943130442 0.00145387000784565 0.950619647952352 1.94799999999999 1.90599999999999 102.625 86.359

 10017 17 5000 2 0.95 3.288 0.841000000000001 28.404 11.476 0.999999928390922 0.000378441740887726 0.95108303932083 0.999999999779201 2.1014212041704e-05 0.950288042397374 0.999999927777524 0.000380059134555307 0.950956264288648 0.999999999776602 2.11375375659734e-05 0.950185526785703 1.407 1.45400000000001 114.273 88.708

 10021 21 5000 2 0.95 4.172 0.763 29.165 15.111 0.999999578028806 0.000918663273365721 0.950189162698645 0.999999830729368 -0.000581842963720543 0.950652936076695 0.999999577977963 0.000918718615745192 0.950089244750501 0.999999830547632 -0.000582155226017232 0.950540509306565 1.491 1.893 110.489 85.125

 10027 27 5000 2 0.95 0.933 1.174 248.264 2.98699999999997 0.999999989933958 0.000141887573178668 0.949993216761867 0.999998933360521 0.00146057448271839 0.948944219017497 0.999999989824784 0.00014265494042686 0.949898361663999 0.999998930855454 0.00146228859966654 0.949127595896827 0.569999999999993 0.651999999999987 26.719 33.82

 10025 25 5000 2 0.95 0.902 1.372 250.446 6.447 0.999999216862726 0.00125150866344239 0.950598962360977 0.999999652820067 -0.000833282512000006 0.949521170844811 0.999999212849632 0.00125471116832457 0.950488091691443 0.999999652630819 -0.000833509593286097 0.949553790618573 0.230000000000018 0.331000000000017 30.963 31.863

 10028 28 5000 2 0.95 1.41 1.393 253.559 2.40100000000001 0.999999964403725 0.000266819317918938 0.949065869642519 0.999999945445928 -0.000330315215686349 0.949885407728783 0.999999963361066 0.000270698849261686 0.949220847463775 0.999999945372739 -0.000330536713898341 0.949816197533427 0.40300000000002 0.442999999999984 29.039 33.459

 10029 29 5000 2 0.95 0.879 0.858000000000001 246.331 6.27100000000002 0.999998036606783 -0.00198161110675424 0.950642715551154 0.999999956319884 -0.000295567639488104 0.948837726731209 0.999998040929718 -0.00197942838362961 0.95053008613235 0.999999957289238 -0.000292269606490313 0.949050366177857 0.420000000000016 0.54000000000002 31.366 33.647

 10030 30 5000 2 0.95 0.909999999999999 0.782 247.878 6.06600000000003 0.999999999740906 -2.27637496807505e-05 0.950165140185099 0.99999972104498 -0.000746933706992558 0.950423826355503 0.999999999766364 -2.16164570284517e-05 0.95006564032094 0.999999721836505 -0.00074587325526168 0.950316029282459 0.500999999999976 0.48399999999998 30.698 36.322

 10026 26 5000 2 0.95 1.359 1.019 256.731 4.60599999999999 0.999999036906955 -0.00138787072953549 0.951307615110868 0.999998854870385 -0.00151335981117024 0.950876310045924 0.999999034977477 -0.00138926027638501 0.951174857630332 0.999998854999385 -0.00151327456837489 0.950755268564107 0.605000000000018 0.593999999999994 36.003 30.832

 10032 32 5000 2 0.95 1.167 0.772 259.375 14.838 0.999999884938098 0.000479712195371662 0.95064338901562 0.999999192918931 -0.00127049655088122 0.95007590169242 0.999999884643331 0.000480326268161623 0.950529267297372 0.999999191743907 -0.00127142106845205 0.949980785636707 0.597999999999956 0.615000000000009 38.647 19.084

 10031 31 5000 2 0.95 1.316 0.751999999999999 268.209 14.294 0.999999400590665 -0.00109490561763887 0.950027727268218 0.999999169288688 -0.00128896157213292 0.950206483693918 0.999999401601971 -0.00109398158079828 0.949931915453503 0.99999916931707 -0.00128893955224314 0.950105667037078 0.618999999999971 0.608000000000004 36.009 15.867

 10034 34 5000 2 0.95 1.685 0.991 104.685 2.089 0.999999839341909 0.000566847559522952 0.949905954769965 0.999999995731679 9.23939454542011e-05 0.950085529619484 0.999999838997902 0.000567454113574957 0.94983083611294 0.999999995749601 9.21997715135657e-05 0.949987500565403 0.22199999999998 0.236000000000018 27.813 106.846

 10035 35 5000 2 0.95 1.371 0.984000000000002 104.816 2.16499999999999 0.999998894743226 0.00148677917853775 0.95018370210004 0.999999501473505 0.000998525282797361 0.947433353222066 0.999998895155992 0.001486501528876 0.950085495109345 0.999999504918243 0.000995069479358863 0.947995599961397 0.300999999999988 0.403999999999996 43.489 111.671

 10033 33 5000 2 0.95 2.44 2.19 106.461 2.29599999999999 0.999997020799756 0.00244098169042348 0.949380434887457 0.999999940843803 -0.000343965682916796 0.950498784294061 0.999997025428332 0.00243908476453989 0.949451185737595 0.999999941233813 -0.000342829943104423 0.95039033675047 0.41500000000002 0.421000000000021 45.934 109.885

 10037 37 5000 2 0.95 1.842 1.148 103.386 2.244 0.999999320118306 0.0011660887297917 0.950564279760397 0.999999916648933 0.000408291718354507 0.947846507235785 0.999999320419115 0.00116583073697164 0.950451675710001 0.999999919578625 0.000401052046104579 0.94831603526863 0.356999999999999 0.284999999999997 54.79 110.37

 10040 40 5000 2 0.95 1.895 0.888999999999999 103.265 5.08099999999999 0.999999958443712 -0.000288292515660749 0.950042595478562 0.999998256765658 -0.00186720798110736 0.949452874285905 0.999999958096502 -0.0002894943752016 0.949947979843863 0.999998257357193 -0.0018668911531256 0.949503483690789 0.526999999999987 0.468999999999994 74.867 90.954

 10039 39 5000 2 0.95 1.376 1.824 103.465 10.395 0.999999862711908 -0.000524000158668473 0.949940548316699 0.999999655457951 -0.000830110823387032 0.949163904401129 0.999999862194564 -0.000524986527066704 0.949855628240232 0.999999653059045 -0.00083299567250352 0.949292022411829 0.650000000000006 0.652999999999992 80.36 92.543

 10044 44 5000 2 0.95 1.784 2.101 100.81 11.094 0.999999967474242 0.000255051985560963 0.950034282784979 0.999998618103141 0.00166246558097698 0.949551633099308 0.999999967617838 0.000254488353259838 0.949938449217667 0.999998618384925 0.00166229607514631 0.949575636775081 0.777000000000015 1.029 100.498 81.68

 10036 36 5000 2 0.95 2.11 2.096 107.01 10.893 0.999999876160785 0.000497672999551014 0.950014404174006 0.999999540724548 -0.000958410503187853 0.949875762940204 0.999999876442147 0.000497107323455592 0.949918133658023 0.999999540511188 -0.00095863309587601 0.949809703230928 0.914000000000016 1.07900000000001 100.853 85.355

 10043 43 5000 2 0.95 1.691 3.086 100.702 7.68199999999999 0.999999800439486 0.000631760229645787 0.950733375701107 0.99999999802148 -6.29050011571044e-05 0.95052012768083 0.999999800712822 0.000631327423980716 0.950619609304859 0.999999997952755 -6.39881996922719e-05 0.950411922462828 0.587999999999994 0.716000000000008 90.973 101.586

 10049 49 5000 2 0.95 1.259 0.922000000000001 100.179 10.98 0.999999920884581 0.000397782393264787 0.951054333627388 0.999999887892458 -0.00047351353816476 0.949738710984056 0.999999920654955 0.000398359238819838 0.950929456987896 0.999999887727165 -0.000473862488608889 0.949711209460053 1.18199999999999 1.04300000000001 104.621 78.309

 10038 38 5000 2 0.95 1.922 2.639 104.438 8.607 0.999997547720875 -0.00221462236881403 0.95063076187064 0.999997967426866 -0.00201621976390922 0.950464457370237 0.999997549389503 -0.00221386878280352 0.950516970090668 0.999997967838696 -0.00201601549550453 0.950355625522197 0.629000000000019 0.643000000000001 94.479 100.778

 10056 56 5000 2 0.95 1.714 2.632 104.557 18.107 0.999999246160598 -0.00122787549647152 0.949685685994299 0.999999981862696 -0.000190458937648042 0.949357235567728 0.999999246189798 -0.00122785171545248 0.949672792025284 0.999999981742219 -0.000191090451614771 0.949434355111217 1.65700000000001 1.79600000000002 85.115 84.257

 10045 45 5000 2 0.95 2.706 1.582 102.394 13.551 0.999999762642019 -0.000688996303458331 0.949871805977896 0.999999662177126 -0.00082197666314653 0.950160647600114 0.999999762517488 -0.000689177021778351 0.949807668216875 0.99999966181433 -0.000822417914083464 0.950062004175891 1.05599999999998 1.19299999999998 89.486 95.116

 10055 55 5000 2 0.95 1.963 2.294 99.848 14.041 0.999999523976972 -0.000975728358309927 0.949989510391641 0.999999811053141 0.000614730577836337 0.949987645703279 0.999999523772317 -0.000975938081565626 0.949895424646918 0.999999811394194 0.000614175525400543 0.949894527291173 1.05599999999998 1.053 101.973 88.7

 10052 52 5000 2 0.95 2.097 2.285 102.731 15.982 0.999999680520169 0.00079934946013845 0.950568086563372 0.999999999096477 4.25093656883122e-05 0.949406590504264 0.999999680407536 0.000799490353847864 0.950457323077561 0.999999999092267 4.26082840828055e-05 0.949470497902471 1.24799999999999 1.483 109.747 76.935

 10042 42 5000 2 0.95 2.261 3.381 102.537 12.653 0.9999994478691 0.00105083847274741 0.950394367563922 0.999999997312359 7.33163214682371e-05 0.950830110049849 0.99999944588271 0.00105272706520051 0.950287906190075 0.99999999740648 7.20211014569726e-05 0.950711851925313 1.14400000000001 1.03299999999999 104.251 92.693

 10048 48 5000 2 0.95 2.214 2.084 105.025 19.031 0.999999858149959 -0.00053263501740216 0.951007515009826 0.999999972783383 0.000233309305891419 0.9491231300711 0.999999858478592 -0.000532017664786532 0.95088406073825 0.999999972462132 0.000234682199977259 0.949261406294956 1.49699999999999 1.62700000000001 112.558 72.875

 10046 46 5000 2 0.95 1.234 3.199 104.898 13.921 0.999998637287873 0.00165088533731397 0.950066619148065 0.999999842021486 0.000562100526905534 0.950954436657741 0.999998634814938 0.001652382601208 0.949969164999919 0.999999842676343 0.000560934301008784 0.950832340238489 1.09700000000001 1.065 109.162 87.464

 10041 41 5000 2 0.95 2.329 4.106 105.195 16.255 0.999999780392352 0.000662733165026341 0.95072115670792 0.999999534872142 0.000964497537181229 0.950540580108537 0.999999779475591 0.00066411502775861 0.95060577132291 0.99999953576892 0.000963567301923181 0.950431731169244 1.16200000000001 1.50700000000001 112.437 79.539

 10050 50 5000 2 0.95 1.907 2.43 103.3 18.825 0.999999814088986 0.000609772082891989 0.950386092109385 0.999999496477719 0.0010035159732748 0.948886274237599 0.999999814271338 0.000609472960661669 0.950280611505111 0.999999499650926 0.00100034888805015 0.949088809200537 1.554 1.66200000000001 110.894 74.265

 10051 51 5000 2 0.95 2.146 1.626 108.069 25.173 0.999999310872198 -0.0011739911111088 0.951761023099178 0.999999978833522 -0.00020574974091909 0.949149450604096 0.99999931351496 -0.00117173785830137 0.951608495395854 0.999999978842694 -0.000205705157175638 0.949281774246774 1.679 1.655 114.289 62.271

 10053 53 5000 2 0.95 1.555 2.769 106.998 19.673 0.999999998870935 -4.75197846413914e-05 0.950947208207879 0.999998822957835 0.00153430210356579 0.950541984823168 0.999999998761207 -4.97753563418138e-05 0.950824475823162 0.999998823885413 0.00153369742501587 0.950435990223852 1.76599999999999 1.74300000000002 113.458 70.091

 10047 47 5000 2 0.95 2.579 1.821 114.543 31.454 0.999999554388328 0.000944046155963581 0.950749149646554 0.999999907641735 -0.000429786598789626 0.949741841292691 0.999999552242046 0.000946316917448504 0.950634618584729 0.999999907606628 -0.000429868276313993 0.949713213604776 1.77500000000001 1.87299999999999 108.785 53.327

 10054 54 5000 2 0.95 1.397 2.316 114.312 31.421 0.999999856693048 -0.000535363319671023 0.94979320848245 0.99999929579508 -0.00118676423235859 0.950903467559221 0.999999856526754 -0.000535673848755265 0.949750668320008 0.999999295964546 -0.00118662142774879 0.950781451918544 1.87100000000001 1.905 91.479 71.815

 10058 58 5000 2 0.95 1.574 2.208 248.85 3.84699999999998 0.999999999790326 -2.04779879087039e-05 0.950430509327352 0.999999376043587 -0.00111710001199898 0.950024276655494 0.999999999785477 -2.07134365848632e-05 0.95032441736664 0.99999937592242 -0.00111720847213209 0.94992893852846 0.249000000000024 0.370000000000005 21.114 30.853

 10060 60 5000 2 0.95 1.491 2.38 248.353 4.27299999999997 0.999999201526815 0.00126370318255328 0.950009929078415 0.999999992818911 0.000119842300921592 0.946432610224209 0.999999200223456 0.00126473414132285 0.949914867519659 0.999999993046644 0.000117926721068542 0.945605630998915 0.254999999999995 0.394000000000005 21.495 33.797

 10057 57 5000 2 0.95 1.505 2.431 252.8 4.24000000000001 0.999999965882623 -0.000261217827704098 0.950422093170097 0.999999933696733 0.000364151795079811 0.949989885132265 0.9999999654884 -0.000262722665588456 0.950315132580466 0.999999933822732 0.000363805624471423 0.949895648976028 0.406000000000006 0.302000000000021 22.757 33.946

 10061 61 5000 2 0.95 1.616 1.496 249.888 6.12 0.999999934577869 -0.000361724009003816 0.950770252823764 0.999999118428938 0.00132783332819044 0.948518855066413 0.999999934941162 -0.000360718273016278 0.950653168920523 0.999999112582654 0.00133222892324625 0.948815146009081 0.492999999999995 0.387999999999977 28.03 30.403

 10059 59 5000 2 0.95 1.465 1.573 252.778 7.363 0.999999885610365 0.000478308746264932 0.951012209302237 0.999999995351327 -9.64227464864384e-05 0.948721387629865 0.999999885364219 0.000478823086537708 0.950888295611286 0.999999995547094 -9.4370614043001e-05 0.948966048003864 0.471000000000004 0.503000000000043 28.035 27.935

 10062 62 5000 2 0.95 1.033 0.756 255.587 11.276 0.999999822744966 0.000595407453663106 0.950494143341369 0.999999999633581 -2.70709934970238e-05 0.95051104577018 0.999999823246764 0.000594564076581817 0.950384918874561 0.999999999621991 -2.74957866962103e-05 0.950403041281067 0.604999999999961 0.547000000000025 35.108 18.917

 10064 64 5000 2 0.95 0.872 0.803000000000001 266.558 9.61200000000002 0.999999953010038 0.00030656144912401 0.949172640160732 0.999999524389302 0.000975305680095539 0.951914374534651 0.999999953425612 0.000305202841123716 0.94930039161572 0.999999522727249 0.000977008328216619 0.951757783608819 0.580000000000041 0.680999999999983 29.823 14.596

 10063 63 5000 2 0.95 1.08 0.84 265.333 12.852 0.999996928975329 -0.0024783139249595 0.950334734460067 0.999999953778653 0.00030404389692896 0.949970337650671 0.999996931811462 -0.00247716928420037 0.950229607052501 0.999999953664391 0.00030441947452072 0.949876928305132 0.711000000000013 0.774999999999977 31.045 11.943

 10068 68 5000 2 0.95 2.398 1.197 92.772 2.053 0.999999949311107 -0.000318398782140138 0.94960645586154 0.99999887090301 0.00150272842050011 0.950366634212985 0.999999949327975 -0.000318345798884453 0.949615451291524 0.999998869914188 0.00150338629338883 0.95026294395385 0.282999999999987 0.288000000000011 21.8 67.197

 10067 67 5000 2 0.95 4.289 3.715 93.407 2.042 0.999999691790653 -0.000785123301330778 0.950743072915219 0.999999620850675 0.000870803368692839 0.950000646678023 0.99999969259063 -0.000784103721228781 0.950627957231298 0.999999620024316 0.000871751812921079 0.949905481308985 0.245000000000005 0.296999999999997 35.835 68.999

 10072 72 5000 2 0.95 1.278 1.154 89.648 2.34299999999999 0.999999151059602 -0.00130302727318369 0.950305387678656 0.999999614829354 0.000877690801872033 0.950460559661651 0.9999991505052 -0.00130345267598358 0.950202694460215 0.999999616600343 0.000875670695772701 0.950354503026947 0.224999999999994 0.364999999999995 35.198 70.389

 10065 65 5000 2 0.95 7.04799999999999 9.871 109.985 2.03200000000001 0.999999934936989 0.000360729840124756 0.950668920754289 0.999999008930376 -0.00140788432237637 0.950925311596714 0.999999935041539 0.000360439895241405 0.9505563353301 0.999999007207447 -0.00140910756193098 0.950803732458065 0.551999999999992 0.413999999999987 40.345 72.088

 10073 73 5000 2 0.95 1.215 1.477 92.652 6.621 0.999999905739339 -0.000434190410035211 0.950318336754036 0.999999994539752 -0.000104501174411496 0.949097279805437 0.999999905666407 -0.000434358351705418 0.950214809121062 0.999999994392478 -0.000105901101576511 0.949242192240696 0.656000000000006 0.652999999999992 58.339 55.085

 10070 70 5000 2 0.95 2.221 1.26 94.629 6.76399999999998 0.999999606885026 -0.000886695997769734 0.951492846502235 0.999999933069319 -0.000365870683364303 0.949955887034565 0.999999607667028 -0.000885813631885223 0.951349771562153 0.999999932939391 -0.000366225632725356 0.949867668737481 0.609999999999985 0.676999999999992 62.326 53.399

 10066 66 5000 2 0.95 4.804 7.75699999999999 101.771 6.61499999999998 0.999999827637715 -0.000587132472163124 0.950156719355075 0.999999742805555 -0.000717209051713907 0.950330363999472 0.999999826862366 -0.000588451560079432 0.950058693682602 0.999999743234113 -0.000716611266619087 0.950225383102072 0.591000000000008 0.536000000000001 58.507 62.618

 10069 69 5000 2 0.95 3.189 2.531 97.267 9.96000000000001 0.999999999706463 -2.42296311354227e-05 0.949334786104632 0.999999039197112 -0.00138621962679779 0.950861981054461 0.999999999739239 -2.28368543615428e-05 0.949418288220645 0.999999038899451 -0.00138643433850385 0.950741950901805 0.688999999999993 0.819999999999993 54.855 62.481

 10071 71 5000 2 0.95 1.493 2.2 97.533 14.551 0.999999987026207 0.000161082544045175 0.949957339543098 0.999999316559735 -0.00116913646075469 0.949348504256958 0.99999998687338 0.000162028512570589 0.949868322687729 0.999999315354662 -0.00117016674343782 0.949428218318912 0.800000000000011 0.994 60.309 47.66

 10079 79 5000 2 0.95 1.239 2.842 89.302 10.547 0.999997088249452 0.00241319137614053 0.950633341104422 0.999998987632112 0.00142293174512371 0.948512958444036 0.999997089391792 0.00241271795781634 0.950519395082172 0.999998986786613 0.00142352581535926 0.948811935228286 0.792000000000002 0.787000000000006 67.444 47.562

 10077 77 5000 2 0.95 1.22 1.303 97.688 16.42 0.999999553534618 0.000944950032470818 0.950502529358891 0.999999998720409 -5.05883558610885e-05 0.94946338774646 0.999999552525001 0.000946017863205872 0.950392569951987 0.999999998717308 -5.06496177487991e-05 0.949511948397774 0.975999999999999 0.987000000000023 72.622 34.517

 10075 75 5000 2 0.95 1.699 0.757000000000001 100.308 13.665 0.999999987502827 -0.000158096000570847 0.950242621231122 0.999999762759414 -0.000688825895976166 0.950593270618696 0.99999998753884 -0.000157868045337836 0.950141806891263 0.999999762715871 -0.000688889106469436 0.950482142097296 1.06199999999998 1.02800000000002 71.014 40.38

 10074 74 5000 2 0.95 1.771 0.913999999999998 104.328 20.815 0.999999727793778 -0.000737843051918541 0.949125800527314 0.999999806783158 0.000621637874536139 0.951025146719736 0.999999727884035 -0.000737720717396543 0.949264758858622 0.999999807593566 0.000620332838266697 0.950900632730168 1.047 1.00399999999999 64.1 37.723

 10078 78 5000 2 0.95 1.143 1.735 103.757 22.851 0.999999732886178 -0.000730908730208484 0.949776979838586 0.999999983944138 -0.000179197441702202 0.950695459770278 0.999999732400007 -0.000731573587556204 0.949738709162818 0.999999983959992 -0.000179108952090334 0.950579991563891 1.36500000000001 1.28700000000001 59.37 33.584

 10076 76 5000 2 0.95 1.757 1.277 106.383 24.053 0.999999993522654 0.00011381868128958 0.951664175950728 0.999999992248209 0.000124513378784227 0.949125478585521 0.9999999936367 0.0001128122353834 0.95151660540417 0.999999992378593 0.000123461794337551 0.949264743293456 1.29900000000001 1.31900000000002 70.976 21.498
