
 52 52 5000 10 0.8 2.134 1.473 0 1.357 0.999943835876957 -0.000790309039584058 0.00725893350033209 -0.00277694534957529 0.0059244004207127 -0.000513905392412613 -0.000734726942599206 -0.00339013561059665 0.00194007974125361 0.000370932101081537 0.803356325935834 0.999965815680292 0.0023328653927258 -0.00182511958093745 0.00181974635816717 0.00117104979187589 -0.00198683951378877 -0.00506864852797113 0.00362753929096789 -0.00170725671166208 -0.0030329553341918 0.800890121569371 0.999943834732189 -0.000790340498278226 0.00725913109611175 -0.00277705909426834 0.00592439190614486 -0.000513991843824968 -0.000734790751567206 -0.00339001336968165 0.00193995255222287 0.000370904871977694 0.80333108321072 0.999965815842193 0.00233289603991327 -0.00182502537355775 0.00181992148730828 0.00117103493782025 -0.00198678969726816 -0.00506860760502871 0.00362745845382356 -0.00170717857940729 -0.00303307740977973 0.800868974006621 0.917 0.437999999999999 12.624 8.936

 65 65 5000 10 0.8 1.248 2.375 0 1.428 0.999968843297685 0.00375754449776806 -0.00186206033293751 0.000337424724437458 -0.00114197982594653 -0.0010132032038986 0.000924095609444938 0.00254892717216736 -0.00393330671265825 -0.00441130211311557 0.800888398501163 0.999949371553921 -0.00835837164224022 -0.00354480586842627 -0.000103647780964731 0.00234090900976035 0.00128325328744792 -0.000356126659144028 0.00253165309012922 -0.00226496548551215 -0.000151012228518728 0.798851402060724 0.999968842306088 0.00375747481302545 -0.00186187286884972 0.000337368784780771 -0.00114198714568593 -0.00101321172891255 0.000924141839253275 0.00254897733891232 -0.00393351947752286 -0.00441143741128945 0.800867326314133 0.999949371571501 -0.00835841409850164 -0.00354479270054269 -0.000103738064607793 0.00234088906894378 0.00128331240507018 -0.000356105789734434 0.00253160734051433 -0.00226485075732409 -0.000151136585238376 0.798833338355544 0.638 0.574 42.78 39.157

 33 33 5000 10 0.8 0.0279999999999996 0.548 0 0.629 0.999983650437195 0.00134841368739954 0.00321385559435488 -0.000486467235411411 0.00163525764248224 0.00177543875308201 -0.00324558463424338 0.000345434746625537 -0.0018736658290916 -0.000570177106850136 0.801278525315759 0.999982043418986 -0.00328533952239562 -0.00143424464779446 0.00171520405247146 0.00133490845614924 -0.0014505727855741 -0.00142288780819187 0.00137527737092208 0.00349585581030555 0.000311855350365967 0.800679966072372 0.99998365017319 0.00134835287160384 0.00321389769782223 -0.000486507143452894 0.00163516226548078 0.00177540410705383 -0.00324565141694544 0.000345364235319415 -0.00187378073984872 -0.000570178928861636 0.801256839144982 0.999982043758895 -0.00328524398021709 -0.00143421966124307 0.00171527166928705 0.00133474454773038 -0.00145069184107443 -0.00142286396540129 0.00137535132833649 0.00349582018603354 0.000311844670327389 0.800659317897429 0.0119999999999996 0.0110000000000001 0.248 0.247

 38 38 5000 10 0.8 3.162 1.014 0 6.779 0.999965233786543 9.25741828729287e-05 0.000178580567597489 0.00604355009442809 0.00341649984528705 0.00107053379242935 -0.00431849357075485 0.000475900735183751 8.28361802488919e-05 -0.00112472913428194 0.800975083275915 0.99993284612585 -0.0010248971680132 0.00890618045018683 -0.000475796277313953 0.00205084112076805 -5.48892234494933e-05 -0.000318752962216191 0.00541074063994699 0.00183686305610233 0.00409214447483036 0.800257790962274 0.999965233396863 9.26480537310201e-05 0.000178603030827858 0.00604361641949359 0.00341641141150463 0.00107059313477903 -0.00431853333654383 0.000475966882524329 8.2810640463421e-05 -0.00112474289491877 0.800953966296697 0.999932846200247 -0.00102487111499653 0.00890615089423561 -0.000475621420511978 0.00205085760072855 -5.48015250802949e-05 -0.000318723035549535 0.00541077994553566 0.00183678948560041 0.00409219377243715 0.800237658887833 2.623 3.993 46.47 27.482

 49 49 5000 10 0.8 1.606 1.529 0 1.576 0.999958003823223 0.00373818041637033 0.00163407620606469 0.00302693788442131 -0.00204103007982562 -0.00181363989159906 -0.00633566057699101 -0.00225451970064255 -0.000308730194508148 -0.00232597877108325 0.801895264514094 0.999989527839452 -0.00194905023129908 -0.0012807233436899 -0.000126315103432467 -0.000354689990255706 -0.00060431700137627 0.00158066470306269 -0.0023296134442122 0.00152194510893273 -0.00218089114642263 0.800797316508601 0.999958004627599 0.00373805830826011 0.0016339626676837 0.0030268714040902 -0.00204094750789474 -0.00181360288304268 -0.00633574531306605 -0.00225445295647623 -0.000308711395975651 -0.00232593316770629 0.801872487267188 0.999989528037648 -0.00194902701174492 -0.00128075731143542 -0.000126375462703879 -0.000354669017697104 -0.00060445067636989 0.00158059447826744 -0.00232955698921596 0.00152195876425764 -0.00218086561229548 0.800776463047214 0.883999999999999 0.619999999999999 50.405 43.658

 59 59 5000 10 0.8 1.257 1.897 0 2.789 0.999967559369589 0.00154716041352875 0.00463628826811349 -0.000994138317020442 0.00304371258901337 0.00113810938685652 0.00403079210164662 0.000927995908743141 0.00195753494420159 -0.0029160143094095 0.802644807287784 0.999963265024335 0.00167611281628247 -0.00670067322029313 0.00104768527145596 0.00194400700709823 0.000824161318848697 -0.00220884142332382 -0.00185069897638999 0.00268560411480438 -0.00216509582852912 0.802452103011134 0.999967560376333 0.00154722112145826 0.00463610457500314 -0.000994196703164345 0.00304377020311245 0.00113799394504055 0.00403060143163201 0.000927987641782083 0.00195760965963013 -0.00291610995667395 0.802620819326421 0.999963265461109 0.00167603895432678 -0.00670064440442004 0.00104775164284011 0.00194405140929228 0.000823970782019224 -0.00220896569639869 -0.0018506394344027 0.00268564434230029 -0.00216491519733103 0.802428517159046 1.666 2.741 43.812 46.86

 47 47 5000 10 0.8 2.153 2.344 0 2.609 0.999974219711038 -0.00152039877189599 0.00143665273144852 0.00161238109909896 0.00120129879971839 0.00393620379862647 -0.00173108642096939 -0.00149530039015629 -0.00360534765127072 -0.00306865161032339 0.80440107339056 0.999972837204523 0.00161402224673953 0.000728485848186978 -0.00126824687120908 -0.000418671642490979 -0.00234158973318431 0.00514752002788973 -0.00290499111652219 -0.00295273633666892 -0.000517423854409564 0.801697143784039 0.99997422062096 -0.00152039073907975 0.00143660431343414 0.00161234945948095 0.00120119312748612 0.00393614726458666 -0.00173115221480114 -0.00149520093701418 -0.00360528720500456 -0.00306859461160356 0.804373705315671 0.99997283707043 0.00161404132924425 0.000728468877853359 -0.00126833911271777 -0.000418845783039598 -0.00234158071249267 0.00514744914159537 -0.00290498369285165 -0.00295285315020711 -0.000517401411506354 0.801674685170363 1.575 1.57 47.947 50.38

 48 48 5000 10 0.8 2.093 2.385 0 1.439 0.999980549792808 -3.68590108373382e-05 -0.000210612747758567 0.00237494323214166 -0.000871860986249114 -0.00426074686351698 -0.00219576842543482 0.0014502336421805 0.00110372252479514 0.00248134620339091 0.805049206536824 0.999963946772921 0.00182037647276316 0.000143772238879501 -0.00265642387632617 0.00128032010305948 0.00392831907344683 -0.00352812157862769 0.000879370393463058 0.00202912000047725 -0.005225414156306 0.800873189289968 0.99998055090341 -3.68346013938481e-05 -0.000210599388938576 0.00237495495935335 -0.000872072033322186 -0.0042605856824487 -0.00219575580575672 0.00145028336634626 0.00110353358910237 0.00248115763124951 0.805020708324049 0.999963945717889 0.00182042079702337 0.000143726615773332 -0.00265640878422086 0.00128024913478699 0.00392838480597049 -0.00352821273243796 0.000879277005828661 0.00202911548281677 -0.00522553343234682 0.800852024536619 0.41 0.504 53.41 56.395

 63 63 5000 10 0.8 2.336 1.007 0 9.968 0.999978900887714 -0.00169419323195536 -0.00115500898596391 0.00412171752653009 -0.000637438825759596 -0.00427865303894547 0.00101137610469693 -0.000543098331293806 -0.000546407323831391 0.000821759755801471 0.800398506437014 0.99993757482156 -0.000282900632940691 0.000554729967643175 0.00309221012799182 0.003680934288266 0.000337676918617965 0.0010886731314355 -0.00569318787950648 -0.00697295866439894 -0.00436049142949796 0.79974684511086 0.99997890058246 -0.00169426702456642 -0.00115519808876172 0.00412179418210514 -0.000637453612404452 -0.00427859420168275 0.0010113613563117 -0.000543138729651846 -0.0005464468114813 0.00082158882630466 0.800378239028497 0.99993757573743 -0.00028294725157029 0.000554636926291762 0.00309218928689307 0.00368081796411499 0.000337707200267279 0.00108867318446433 -0.00569320971071526 -0.00697292116421451 -0.00436043229332115 0.79972750887723 3.229 3.596 68.764 10.848

 35 35 5000 10 0.8 2.196 1.561 0 1.335 0.999982591623975 -3.59944070594817e-05 -0.000961075459114065 0.00212911100540393 -0.00037404402880539 -0.00299577163438589 -0.00133537416179174 -0.00109710104049262 -0.00227527594214137 -0.00347564117980679 0.802232152319523 0.999955110406315 -0.00373491662961842 0.00144066400534771 -0.000232875742823161 0.00356128161080554 -0.00148968313674812 -0.00251123522559429 0.000248859004645637 0.00045200711583235 0.00722657595421138 0.803099453508072 0.999982590446783 -3.59893940690857e-05 -0.000960918870418844 0.00212914069570952 -0.000374109472145729 -0.00299585948662724 -0.00133563223067485 -0.00109733043550205 -0.00227533331913273 -0.00347571312300129 0.802208817098543 0.999955110376606 -0.00373480710581926 0.00144076340551278 -0.000232770024008912 0.00356135230401608 -0.00148973355537515 -0.00251131192491141 0.000248663038385394 0.000452041308786438 0.0072265529806949 0.803074600781738 0.505999999999998 1.162 59.369 53.172

 60 60 5000 10 0.8 2.089 1.521 0 1.445 0.999982852891904 0.00168703424088237 0.00394040447228576 -0.00168635027837619 0.00246471277275179 -9.45686766687363e-05 -0.000927551121455306 -0.000172275586653049 -0.00225388696087348 0.00101167400489983 0.80422767654323 0.999962591988694 -0.00187390279417242 -0.00499652072778569 -0.000982872150059921 0.000304397068593418 -0.00322124010407144 0.00130392052010144 -0.00128432872358482 0.000269693578276282 0.00561073662917466 0.800705468917979 0.999982852619701 0.00168697119265385 0.00394047158924983 -0.00168634319852743 0.00246472151459242 -9.46291858067354e-05 -0.0009275168149795 -0.000172262162951672 -0.002253845229029 0.00101189831189274 0.804200750787534 0.999962591627037 -0.00187383479331972 -0.00499664967315951 -0.00098287867053183 0.000304443251241107 -0.0032212198388413 0.00130376134926599 -0.00128424977432864 0.00026948625765501 0.00561078197270691 0.800684677206736 0.795 1.377 61.543 51.431

 46 46 5000 10 0.8 2.794 1.69 0 5.577 0.999952701768052 0.00212870484366873 0.00535697649857708 -0.000991254996910806 0.00292275522444024 -0.00187523472576874 -0.00315673796460435 -0.00394321455125069 0.00452666685937505 0.00152295993939583 0.799530783669814 0.999980164170695 0.00279641091349631 -0.00150529643601986 0.00118532715529969 0.0050298448536977 -0.0010160228641902 -0.000370308170614142 0.000621379950883328 -1.27839058396168e-05 0.001151254534108 0.797364634082418 0.999952699962457 0.00212875432962805 0.00535701361042872 -0.000991164879082802 0.00292285897994631 -0.00187528076835069 -0.00315676344073114 -0.00394332420813919 0.00452679348351447 0.00152303549103187 0.799511749487098 0.999980163651672 0.00279636988264039 -0.00150533756481051 0.0011852822558338 0.00502991449605178 -0.0010161506682179 -0.000370352589705928 0.000621487227771843 -1.27045221883493e-05 0.00115130908430587 0.797348648871527 1.752 4.123 42.79 57.399

 43 43 5000 10 0.8 2.264 1.309 0 1.689 0.999976559999883 -0.000157180747870577 -0.0011915757233478 -0.00174332510992659 -0.000570407402167086 -0.00170423830769304 -0.00105188411087806 3.81924254712246e-05 -0.00276660660310573 0.00551397190017843 0.801096021649993 0.999970842067394 0.0010164503930438 -0.00167876955431343 0.00533632802009643 0.00362707227637516 0.000902423142032259 0.00110288473762146 -0.00176448112340446 -0.00233224375951235 -0.00149934969633847 0.800895689476068 0.99997656033983 -0.000157205760446603 -0.00119151157282042 -0.00174324341103465 -0.000570438030282918 -0.00170435758272278 -0.00105202555323558 3.83490447231651e-05 -0.00276668095670485 0.00551384381409985 0.801074624278647 0.999970841914174 0.00101646926090516 -0.00167863627640141 0.00533632908063622 0.00362712472375014 0.000902378042584482 0.00110290423167932 -0.00176454815376841 -0.00233229743657701 -0.00149930808607822 0.800874441561959 0.878 1.313 70.395 48.601

 40 40 5000 10 0.8 0.697 3.457 0 2.043 0.99998366778471 -0.0018746509119445 -0.000715747500322449 -0.00105447570109182 0.000164826598217419 -0.00109805440159856 -0.00313324498430327 -0.00146816831413301 -0.0024184731750563 0.0029104962125391 0.801365478477623 0.999965600421821 0.00101598890773379 0.00221794749660401 0.000899365229566138 -0.0023983603446109 0.00193487564285584 0.00358660016845678 0.0054118808462862 -0.0029608174121633 -0.00127401716834373 0.797316955577484 0.999983668352774 -0.00187464413860454 -0.000715737980445822 -0.00105449484585091 0.000164845788200662 -0.00109809113887513 -0.00313318061185433 -0.00146816383374225 -0.00241837980098666 0.00291043500395302 0.801343725370412 0.999965600820519 0.00101598504932039 0.00221787783741342 0.000899348633092541 -0.00239837239257097 0.00193491543096027 0.00358660751301199 0.00541181766371782 -0.00296080884215799 -0.00127402481782104 0.797301004783605 1.161 1.796 58.904 53.439

 41 41 5000 10 0.8 2.385 1.805 0 7.308 0.999986735052361 -0.000763582743341283 0.00135958782057752 -0.00194509896208671 0.00210145394165299 0.000152780086163497 -0.00276862928617055 -0.00010581188550893 0.00139722179765077 -0.0024993175558286 0.800141525476252 0.999949613845447 -0.00535513219392474 -0.000869562249187197 -0.00120916674159952 0.000448011712644464 -0.00451980916246772 -0.000723789026876029 0.00168367829404971 -0.00602019566254139 0.00310536929906579 0.800043821068806 0.999986735338675 -0.000763541355456193 0.00135959841509669 -0.00194510155661065 0.00210153547001261 0.000152809304346935 -0.00276854939102224 -0.00010573735389025 0.00139707262467736 -0.00249931257128732 0.800121588318591 0.999949613768943 -0.00535516388436691 -0.000869512940481228 -0.00120928834398395 0.000448062080978818 -0.00451981443152473 -0.000723837878815177 0.00168368269033086 -0.00602022616309001 0.0031052178999238 0.800024046487328 2.618 4.153 61.789 41.208

 45 45 5000 10 0.8 2.447 1.029 0 13.294 0.999964534499239 -0.000697495344242737 0.00606731755909936 -0.00448028918778337 0.000601872327060079 0.00168901486035812 -0.000723095035290614 0.00278310394292923 -0.000760718401529724 -0.00122297278213287 0.801268631476408 0.999973546633377 -0.00085201801497158 0.0036220036678085 -0.00446456837462121 0.0027212624100278 -0.000208558907997003 0.00235857014215141 0.00177256524719719 -0.000577679164956297 -0.00162526847478124 0.801427858631472 0.999964533985137 -0.000697353459128651 0.00606741665227763 -0.00448025258602887 0.000601917776639108 0.00168895868792013 -0.000723179748774795 0.00278318220313243 -0.000760768089625796 -0.00122291263117309 0.801247072006542 0.999973546005154 -0.000852198169618827 0.00362207438095599 -0.00446452019951124 0.00272142641552793 -0.00020863663466261 0.00235869727155299 0.00177246999618489 -0.000577766161265206 -0.0016251391638952 0.801405875816929 3.781 5.707 45.591 42.926

 53 53 5000 10 0.8 2.095 2.037 0 2.683 0.999982850868219 0.00168592140961692 0.00201485081360015 -0.0010672603511227 0.00103529649401824 -0.00133635273552766 -0.00049882190363951 0.0047320151497552 0.000852831546149155 -0.000176579254653188 0.801790869109556 0.999967868174285 0.000730993248270418 -0.00584713092100891 -0.000878703910510193 0.00415156250559134 -0.00202982346853778 0.00161205610878219 -0.00159070714074275 -0.00149916208034212 0.000187060623806451 0.801711747139993 0.999982850635702 0.0016859604817877 0.00201482848335335 -0.00106730336708726 0.00103540647162439 -0.00133651543347665 -0.000498759873026526 0.00473195926949066 0.000852978347301407 -0.000176605179684375 0.801768354312441 0.999967868223817 0.000730967480097113 -0.00584718442198784 -0.000878808821086902 0.00415154966479227 -0.00202972912659132 0.00161193838285484 -0.00159078100119558 -0.00149909430818451 0.000186969552992177 0.801689349891634 1.675 2.618 58.014 57.105

 55 55 5000 10 0.8 1.547 1.506 0 1.373 0.999980333489492 0.00247567221320702 0.00116984481068023 -0.00492802036529344 -0.00202710298970081 0.000864497417411453 -0.00105376236504522 -0.000862629922377715 0.000402547947498722 -0.000822597754493427 0.801723012619771 0.999977530282945 -0.000350422676797986 0.00155946071823257 -0.00206954147698747 -0.00042161277347356 0.00285465229774888 0.000582921192788848 -0.00434374083496752 0.00153371677339927 -0.0028660508964706 0.798490868650304 0.999980334030345 0.00247557133612398 0.00116970949424907 -0.0049279927646752 -0.00202710561926765 0.000864497035362539 -0.00105379020038901 -0.000862643961807496 0.000402507156295757 -0.000822565141590293 0.801700573364721 0.999977529743426 -0.000350410635947432 0.00155957709242661 -0.00206944071265236 -0.000421739913323942 0.0028546718703897 0.000582894903342089 -0.00434375997511215 0.00153379062170227 -0.00286614866133192 0.798473315767301 0.840999999999999 1.371 64.26 56.827

 36 36 5000 10 0.8 2.447 1.429 0 4.439 0.999983144218176 -0.00132781392945243 0.00102365564997663 -0.000666871714587861 0.00347202801222579 -0.000848690474553417 -2.56850310745743e-05 -0.00198199764713611 0.00365558444404888 0.000622956551141423 0.803591666297025 0.999991215960227 -0.00242494229017479 0.000187661814948251 0.00275426744552806 0.000744484085242964 0.000299896743763893 -0.000573801211172678 -0.000165727964808265 -0.00159478311540306 -0.000722640833902136 0.800696692557663 0.999983144762502 -0.0013276280581443 0.00102367268937799 -0.00066681790606298 0.00347201400078973 -0.000848822532851421 -2.57051287622573e-05 -0.00198205309063237 0.00365546558487672 0.000622926944504265 0.803566000749535 0.999991216336892 -0.00242484632496403 0.000187728463004559 0.00275424714404825 0.000744295032426606 0.000299912176594117 -0.000573919870268057 -0.000165660741905077 -0.00159480748877682 -0.000722557418642785 0.80067582725985 1.719 3.044 70.479 35.872

 57 57 5000 10 0.8 2.711 1.749 0 2.098 0.999936961949663 0.00561806645725888 -0.00367914354164783 -0.00582251777139644 -0.0042026389062086 0.00271168313088747 -0.00230801805227499 0.00317736986300737 0.0018800395551746 0.00176041792735813 0.801549645019502 0.999968960419013 -0.00169707385256291 -0.000845271092201815 -0.00310779613004968 0.00255331398252859 0.00370342615370409 -0.00252760512730797 -0.00147327215524119 4.46458648117986e-05 -0.00447539601665303 0.799769607292806 0.999936962752059 0.00561797835894318 -0.00367896214420128 -0.00582246652528645 -0.00420283235825922 0.0027116190959824 -0.00230786992839249 0.00317737497163583 0.00188004915519487 0.00176060340606433 0.801527512688393 0.999968960305144 -0.00169707414383213 -0.000845208462373633 -0.00310791251839117 0.00255328816063149 0.00370340557997623 -0.0025275208511488 -0.00147315318492799 4.48037196157486e-05 -0.00447546929155075 0.799750282823115 1.063 1.676 76.449 41.4

 62 62 5000 10 0.8 1.295 1.697 0 2.678 0.999985619297925 0.00179711714775541 0.00148305210629849 -9.51372411096452e-05 0.00159181354917719 0.000228444792526316 -0.00290089249675115 0.00194147935634729 0.00277679342075843 -0.000917558821026056 0.80315053725617 0.999974834838543 0.00134554641273173 0.00309049436981276 -0.00069286038150834 0.000762572075090586 -0.000122166496146488 -0.00377853871430354 -0.00275800569804353 -0.000474665760757429 -0.00397269239539089 0.798730397999579 0.999985619313576 0.00179720378010334 0.00148289864212812 -9.52407044640024e-05 0.00159199093436111 0.000228324952355007 -0.0029008509346278 0.00194145155092487 0.00277678462364606 -0.000917548313496143 0.803125546654296 0.99997483495769 0.00134556654043569 0.00309041956487826 -0.000692802956954877 0.000762477815102365 -0.000122208997627991 -0.00377858193770153 -0.00275795539072783 -0.000474737938315797 -0.00397272576915911 0.798712474319687 1.436 2.976 71.383 48.056

 44 44 5000 10 0.8 2.818 1.132 0 5.708 0.999974256163357 0.00499294190681961 0.00230292486364849 0.00199941333780841 0.00186808523159932 -0.00280998234247272 -3.01447512999442e-05 0.00103714582012272 0.0014966276207064 -0.00159818880022794 0.803983600929982 0.999986400639674 -0.00239159555571822 -0.000211847593784246 -0.000488474714081027 -0.0020462024884899 0.00246169738985388 0.00224257287964432 0.00187606009027699 -0.00134468468597555 -0.000769096422245273 0.799670991681777 0.99997425693092 0.00499284162441773 0.00230290786448394 0.00199932860305786 0.00186811251320375 -0.00281005471455673 -3.02561096485722e-05 0.00103714045869073 0.00149662352261944 -0.00159799839822589 0.803956990740992 0.999986400987671 -0.0023914271205477 -0.00021185158057383 -0.000488547427143261 -0.00204612779852504 0.00246168090343007 0.00224256500125371 0.00187606110893365 -0.00134481548810184 -0.000769163680017974 0.799651732140475 2.626 1.377 73.623 33.681

 54 54 5000 10 0.8 0.674999999999999 1.467 0 4.228 0.999980448217476 -0.00166105446466174 0.00161965729555283 0.00375817224193664 0.00179948219671051 0.00114124971599909 0.000755042065795608 0.00183498968498687 -0.00110736764724337 -0.00314528323434319 0.802489864904957 0.999963796382058 -0.000888030955788196 7.19502231136924e-05 0.00296066603328606 -0.00331775235433326 0.00393820516123155 -0.00290304575371766 0.00141652792454393 -0.00221518816533888 0.00458130776241007 0.80133700773062 0.999980449236613 -0.0016609980908524 0.00161960708557011 0.0037581051905892 0.00179939861003699 0.00114132987768049 0.000754926500386508 0.00183493108307585 -0.00110751414302317 -0.00314512403933967 0.802466154319418 0.999963795216315 -0.000887988378025683 7.19636094648429e-05 0.00296054715783975 -0.00331783976587717 0.00393820826105326 -0.00290315814889179 0.001416640836409 -0.00221521680926636 0.00458146111642946 0.801315301253112 2.776 2.693 64.848 45.189

 56 56 5000 10 0.8 2.204 1.152 0 5.425 0.99996184003798 0.00303146015664689 -0.00633299594346621 -0.00169440685373122 -0.000394167671896947 0.00136543665342081 -0.00022400151163294 -0.00126426376937786 -0.00355482713414382 -0.00280102553580012 0.80128861692238 0.999979575595253 -0.00391624733638484 0.0023809145094051 -0.00338719539723902 -0.000385934512773704 -0.000468550398390188 0.00066016579293582 -0.00106093431715643 -0.00163090839025948 0.00194417205416132 0.798809382650375 0.999961841484172 0.0030313354546224 -0.00633289387606253 -0.00169462211810566 -0.000394179322044148 0.00136526979750715 -0.000224104599683921 -0.00126424961414708 -0.00355465200156881 -0.00280104484201227 0.801266953139415 0.999979575453577 -0.00391619604641937 0.00238096031310522 -0.00338723217198612 -0.000385957796090935 -0.000468574342892822 0.000660189039521201 -0.00106095288690999 -0.00163101856355059 0.0019441072307368 0.798791512068521 2.607 3.238 68.301 48.531

 61 61 5000 10 0.8 1.298 1.001 0 13.823 0.999960097938046 0.000663302026006264 0.00019339593445301 -0.00101719689430998 -0.00183237479960423 -0.00316742755420872 0.00171820432907493 0.00596132537837755 -0.00116584216767912 -0.0050051435130675 0.800020435491142 0.99998697030062 0.00126481546172535 0.00173988463694251 0.0028533196477161 -0.00284961490993192 0.00152119945436641 0.000525294026790374 0.00105996317491869 0.00037342166571044 0.00114786186910944 0.798478372842922 0.999960096642856 0.0006633051248372 0.000193504386622178 -0.00101717014274727 -0.00183246205797465 -0.00316746115142569 0.00171829357700511 0.00596139486779734 -0.0011658086988632 -0.00500524429232656 0.800000568529745 0.999986970467881 0.0012647100690462 0.00173983938153042 0.00285324929457406 -0.00284969400967254 0.00152119284617706 0.000525147999365618 0.00105999060231211 0.00037328848135588 0.00114797294728268 0.798460827374733 1.882 1.804 69.435 40.83

 34 34 5000 10 0.8 2.271 1.068 0 3.634 0.999962991206586 -0.00207778209155556 -0.00265161151967174 -0.00194481511479824 -0.00365959483631498 0.00253496432805481 -0.000761364168466017 -0.00235029323222446 -0.00451014990774199 -0.00355274610695263 0.801535452705762 0.999941508714369 0.0035115411500232 0.00710131191949281 -0.000342446595679009 0.004588827355506 -0.00308513073651894 0.00232499177780555 -0.000715404925217855 0.00347603971470639 -0.00235089704198076 0.800518615810098 0.999962991124289 -0.00207776254497872 -0.00265156266492952 -0.0019449402333192 -0.00365966506176748 0.00253483002596948 -0.000761477175848549 -0.00235018595177095 -0.00451019618663449 -0.00355276015666041 0.801513249274133 0.999941508588923 0.00351165910457466 0.00710120449103072 -0.000342308902040353 0.00458894329812158 -0.00308522371552249 0.00232490272333407 -0.000715520634756324 0.00347607949228634 -0.00235076446640312 0.800498035114453 1.689 2.319 70.532 49.381

 42 42 5000 10 0.8 0.821 0.998999999999999 0 4.226 0.999982542471698 -0.00021039277355934 0.00428513740016527 0.000741549668734552 0.00202098211714042 -0.00064848379211962 0.00118620559213817 0.00185078353214688 0.000706660749213319 -0.00247415349539195 0.799104992340101 0.99996458743082 0.00111688730804941 -0.000641005487791872 0.00140157892761721 -0.0058326994640763 0.00172386226026967 -0.00169646588682746 0.00270203736417841 0.00340370471874674 -0.00290600123191106 0.797807631256066 0.999982542402306 -0.000210466108966099 0.00428520169238099 0.00074152523033022 0.00202094543633646 -0.000648536598846859 0.00118613128362029 0.00185071332315413 0.00070684117955742 -0.00247412400018331 0.799086629895677 0.999964587869911 0.00111680135324166 -0.000641030263022807 0.00140158896496272 -0.0058326758966277 0.00172395555978874 -0.00169631545093657 0.00270201329953225 0.00340368479701667 -0.00290599834932549 0.797791081950868 1.999 2.737 74.77 42.146

 37 37 5000 10 0.8 2.65 1.013 0 16.097 0.999974411437648 -0.00287064883428184 0.00240010274650907 -0.00202582720248263 0.00338663970677957 0.00304566992605153 -0.00214184777068259 0.00268146688406348 -0.000295964906020208 -0.000678653519709275 0.797682872628817 0.999942374772323 0.00431348950851219 0.000237179114914307 -0.000593864556398891 -0.0010453163060247 0.00816641521721662 0.00424841510143682 -0.00230872911216176 0.000265940975048126 -0.00223584539581439 0.800321619546078 0.99997441253875 -0.00287062150820126 0.00240009995527045 -0.00202561619019508 0.00338656991825195 0.00304568882356313 -0.00214183016803548 0.0026813717618058 -0.000295829289231765 -0.000678540352908857 0.797666338468619 0.999942374427709 0.00431361370905887 0.00023715401675816 -0.000593800007392303 -0.00104542648677623 0.00816633834899716 0.00424850626117781 -0.00230882177290829 0.000265931133290067 -0.002235741219335 0.800301470161015 1.82 0.542000000000002 66.688 41.299

 51 51 5000 10 0.8 2.028 1.244 0 6.941 0.999976525859673 0.000731605394313336 0.00188039308989633 -0.00373760845375005 0.000336743048707414 0.00118912804226538 0.00102797363817103 0.00281911354492397 -0.00371078669064972 -0.00214601906180534 0.801940640337207 0.999966311306555 0.00566376059542143 -0.000380876078366283 0.000851146723323794 -0.000933725445582564 0.00151059681218053 -0.00162296032711005 0.0029543906108051 -0.00393699822388645 -0.00210057741884703 0.802851624289287 0.999976526161281 0.000731763276444309 0.00188051739027891 -0.00373763524463958 0.00033659167045218 0.00118896763129492 0.00102792277687751 0.00281912039428386 -0.00371069991362543 -0.00214594715321674 0.801917891640301 0.999966310947944 0.00566373719922904 -0.000380841204463575 0.000851182064339202 -0.000933579056149837 0.00151071457795256 -0.00162290351088428 0.00295437570706569 -0.00393714463470001 -0.00210057403561171 0.802827267624074 2.78 3.946 73.306 34.528

 50 50 5000 10 0.8 1.677 1.115 0 13.113 0.999960129840972 -0.00151225933158094 0.00220625150566365 -0.00575052540663935 -0.000392984255752646 -0.000388441534972671 0.00395084889638951 0.00344226956512151 0.00169494236710082 -0.00297978726446484 0.799933065642973 0.999970702972449 -0.000755320388447663 -0.00253615282044701 -0.00248916555440374 0.00240031917107543 -0.00276396897295201 6.14680403824045e-05 -0.00559319276068916 0.00032062227347103 0.000776680619130641 0.799695145528477 0.999960129127074 -0.00151237160365565 0.00220636928965377 -0.00575057975612943 -0.000393169913146929 -0.000388324034366481 0.00395079486021349 0.00344235995865101 0.00169479387553137 -0.00297982026208056 0.7999134660659 0.999970702976864 -0.000755458927778721 -0.00253611146858827 -0.00248927878489354 0.00240032394004268 -0.00276395754247947 6.16108072571896e-05 -0.00559314731432387 0.000320786624269658 0.00077658635771877 0.7996758980083 4.183 5.572 55.784 35.881

 39 39 5000 10 0.8 0.866 0.942 0 11.553 0.999978924248856 0.000646648335423477 -0.00141675881942742 -0.000867216987751821 0.000890728979746515 -0.00111358815466724 -0.0023044803404763 0.00414794634502728 0.00226176731424532 -0.00305097960942937 0.798466939920381 0.999989121706157 -0.000945302054835211 -0.000250613612819707 0.00256082755289881 0.00314137291628931 0.00107079122587411 -0.000900893647076441 0.000511229664982253 0.000404891344956679 -0.00141085387352711 0.800429420139768 0.99997892394989 0.000646639940573012 -0.00141678369047779 -0.000867253025607089 0.000890647947962892 -0.00111358636766627 -0.00230456228074086 0.00414787048829664 0.00226183131291006 -0.00305107568327552 0.798449394463188 0.99998912244792 -0.000945324940310089 -0.000250652196839447 0.0025608697498346 0.00314121523308057 0.00107068757640944 -0.000900851731952681 0.000511232299365437 0.000404911003971076 -0.00141067924861009 0.800409028409869 4.228 5.343 65.543 29.991

 64 64 5000 10 0.8 1.913 1.086 0 9.097 0.999974397811647 -0.00180597130404119 -0.00205652626916626 8.56414614911138e-05 -0.00203381592661572 0.00172148295874947 -0.00508366893905196 -0.000232086482390814 0.00234807217907908 -0.0022791766828812 0.801069910857669 0.99991910165028 -0.00490679397953442 0.00274921238603538 -0.00263723866216175 -0.00270739271263142 -0.00455323104943674 -0.0086376648145894 -0.0025071220967831 -0.00370335857271681 0.000727092544847643 0.799445551523631 0.999974398102581 -0.00180595334200478 -0.00205651045913255 8.56982649718347e-05 -0.00203380642007838 0.00172133080739199 -0.00508370381174398 -0.000232080593475336 0.00234808267240131 -0.00227911080465883 0.801048477741039 0.999919100905933 -0.00490690165840959 0.0027492935989201 -0.00263723990953336 -0.0027074003839084 -0.00455314804307237 -0.00863771227508701 -0.00250722006778977 -0.00370326778357378 0.000727129918619094 0.799426789466908 2.907 3.97 71.254 31.657

 58 58 5000 10 0.8 1.641 1.021 0 12.773 0.999958899104196 -0.0056958662413616 -0.00223132163936776 -0.00468948859131736 0.00112608701485791 -0.00278683663403783 -0.00175197482158015 0.00288669716120772 -0.000934039257305067 -0.00121561284054614 0.802341632921051 0.999983193252751 -0.00342171652908212 0.00106888246885325 0.00130071546983572 -3.09154880471755e-05 -0.000832326904933439 -0.00306923362635141 0.00108357902236626 0.00175877526282171 -0.00216548949223717 0.802087114413299 0.999958901002643 -0.00569580952840076 -0.00223112860148734 -0.00468940673208983 0.00112601717299874 -0.00278674708730877 -0.00175182248770058 0.00288665060399884 -0.000934086522396509 -0.00121555077839442 0.802318205437366 0.999983191409474 -0.00342203107180804 0.00106909926264935 0.00130094996502191 -3.10729533934345e-05 -0.000832265103393766 -0.00306917293311857 0.00108360984879778 0.00175888152317158 -0.00216560155186882 0.802064001500123 4.186 5.175 68.643 22.743
