
 3496 96 5000 3 0.7 0.494 0.781000000000001 6.452 1.068 0.999925865582462 0.011005502852468 -0.00520982208222531 0.693266689565987 0.999942873427346 -0.0105364543033019 -0.00179805800171375 0.694750858822032 0.999925864980514 0.011005542843917 -0.00520985313446715 0.693265832680928 0.999942873104007 -0.0105364827695212 -0.00179807100839419 0.694749956340022 0.684999999999999 1.116 48.717 46.067

 3486 86 5000 3 0.7 0.404999999999999 0.841 6.366 1.375 0.999942200999301 0.00879534307984406 0.00618357508098215 0.695605226401207 0.999989714983087 0.000914463987792772 -0.00444226109769196 0.695792747711244 0.999942201650497 0.00879528613237788 0.00618355077662193 0.695604265777572 0.999989714919309 0.000914443459089036 -0.00444227968050482 0.69579184538666 0.466000000000001 0.927 47.175 48.233

 3498 98 5000 3 0.7 0.367 1.18 6.353 1.091 0.999985303504488 -0.00387317325485595 -0.00379358721737321 0.69822215264847 0.999957248098398 -0.00827403213820464 -0.00412824026117174 0.696078628527422 0.999985303474337 -0.00387317532291052 -0.00379359305369117 0.698221291340442 0.999957248451543 -0.00827400130267646 -0.00412821652328835 0.696077694263621 0.907999999999999 1.266 50.865 47.141

 3481 81 5000 3 0.7 0.476999999999999 0.760000000000001 6.416 1.264 0.999974609362497 0.00588327838914511 0.00402090359472454 0.696649085090658 0.999971163421107 0.00759414942338664 3.49395584889342e-05 0.70004642924464 0.999974608996797 0.0058833181947623 0.00402093629923364 0.696648169742107 0.999971163264253 0.00759417004767301 3.49460063303926e-05 0.700045630110088 0.974 0.737000000000002 52.074 46.878

 3492 92 5000 3 0.7 0.518 0.890000000000001 6.368 1.065 0.999954789936558 0.00946808569240791 0.00087945224721776 0.691385485847953 0.9999791950653 0.00249646125152283 -0.00594786665736868 0.700483174462245 0.9999547899789 0.00946808090441986 0.000879455650274126 0.691384670954319 0.999979195190566 0.00249646676154014 -0.00594784328443958 0.700482360103866 0.559000000000001 1.046 49.83 49.489

 3488 88 5000 3 0.7 0.415999999999999 0.792 6.361 1.12 0.999993313148023 0.0010930848748823 -0.00348981728697263 0.694355599671658 0.999992540187084 0.00378198389132054 0.000784963711390725 0.69570394805381 0.999993313032244 0.00109309053310959 -0.00348984869052124 0.694354678320667 0.999992540198955 0.00378197716823522 0.000784980980592129 0.695703024347578 0.929 1.339 53.386 47.667

 3484 84 5000 3 0.7 0.304 1.285 6.331 1.097 0.999847544881145 0.0157630901213198 -0.00751079123483408 0.691442922874905 0.999992955430514 -0.00353124162161632 0.00127256510874235 0.702507943061237 0.999847544926732 0.0157630759615136 -0.00751081488374128 0.691442103733275 0.999992955551181 -0.00353121128490117 0.00127255446867686 0.702507220272719 0.388 0.874000000000001 51.659 50.296

 3483 83 5000 3 0.7 0.225 1.369 6.334 1.098 0.999952494350214 0.00755861621005371 -0.00615437761058821 0.698567876496341 0.99998243249813 -0.00388250815257261 -0.00447893129754211 0.703313113752245 0.999952494342241 0.00755861517174224 -0.00615438018133979 0.698567006822243 0.999982432650322 -0.00388249623396709 -0.00447890765010253 0.703312401890693 0.770999999999999 0.977999999999998 54.572 47.684

 3487 87 5000 3 0.7 0.372 1.325 6.391 1.097 0.999911469514742 0.010832866160247 0.00772671622508501 0.701181908286762 0.999945446896111 -0.00759280355533819 -0.00717304439593371 0.703093363766062 0.999911469372042 0.0108328815921019 0.00772671305634882 0.70118107598668 0.999945447117645 -0.00759279364503279 -0.00717302400358918 0.703092617264753 0.914000000000001 1.18 53.048 52.998

 3499 99 5000 3 0.7 0.524 1.311 6.565 1.257 0.999947777358827 0.0100308284737951 -0.00195576973858555 0.696976098571658 0.999966914417814 3.43583058247816e-05 0.00813442617660421 0.702864958885489 0.999947777473065 0.0100308089293096 -0.00195581157111705 0.696975156432407 0.999966914510574 3.43401565953493e-05 0.00813441485019152 0.702864252843412 0.899999999999999 1.381 51.037 53.011

 3482 82 5000 3 0.7 0.245 1.599 6.291 1.081 0.999967238389638 0.00681408192451429 0.0043692602264154 0.701410537493617 0.999882401448559 0.0152454330053969 0.0016613385991219 0.697638704001487 0.999967238481215 0.00681406081235668 0.00436927219321924 0.701409762193199 0.999882401374382 0.0152454399388521 0.00166131961698408 0.697637809598802 0.802 1.191 56.582 48.669

 3485 85 5000 3 0.7 0.369000000000001 1.346 6.365 1.091 0.999985448255929 0.0024584388409957 0.00480201570745577 0.69278875530134 0.999946605182674 0.0103276178608169 0.000356501004826644 0.695525730990119 0.999985448239127 0.00245846720714578 0.00480200468382 0.692787899288446 0.999946605099586 0.0103276248326233 0.000356532088478762 0.695524802438147 0.648999999999999 1.107 54.648 51.713

 3489 89 5000 3 0.7 0.421 0.975 6.187 1.096 0.999958906795298 0.00894329809071034 -0.00148396092008528 0.69656019167675 0.999926393292489 -0.00911757190831653 0.00800486599333595 0.700698671892484 0.999958906674003 0.00894330966515546 -0.00148397289906865 0.696559261017551 0.999926393630899 -0.00911757380799626 0.00800482155701762 0.700697887252805 0.543000000000001 1.094 53.4 53.907

 3490 90 5000 3 0.7 0.505 1.097 6.227 1.071 0.999994732446474 0.00292538687174637 0.00140612622298928 0.700989340876583 0.999941902864406 -0.00185171394566446 -0.0106189477527067 0.6968637583938 0.999994732493684 0.00292536681823901 0.00140613436941724 0.700988585806873 0.999941902647859 -0.00185173838854258 -0.0106189638816369 0.696862861537856 0.977 1.434 55.129 50.758

 3500 100 5000 3 0.7 0.525 0.871 6.346 1.11 0.999916075494476 0.0129548303592435 0.000119741755463944 0.693966503774074 0.999988362660592 0.00219113760593892 -0.00429807624168898 0.701573079827317 0.999916075389462 0.0129548381549349 0.000119775265712144 0.693965626951171 0.999988362601231 0.00219111496820907 -0.00429810159311656 0.701572336603271 0.973999999999998 1.222 55.142 50.79

 3493 93 5000 3 0.7 0.513999999999999 0.902 6.309 1.097 0.999975949593884 0.00649352582657728 0.00243605339625369 0.698064596954073 0.999979784146466 -0.00525042586042633 -0.00358668742304074 0.701403984641318 0.999975949704744 0.00649352774596224 0.00243600277236694 0.698063694614988 0.999979784190116 -0.00525041640102672 -0.00358668910069961 0.701403248512378 0.813000000000001 1.219 56.684 51.887

 3497 97 5000 3 0.7 0.367 0.635999999999999 6.221 1.278 0.999969530135954 -0.00780628570632927 -2.65169897883624e-05 0.694204747431006 0.999953934608125 -0.00797738926565849 0.00533759517337266 0.703203931616718 0.999969530362017 -0.00780625684790494 -2.64875698632722e-05 0.69420385032182 0.99995393479263 -0.00797737746255445 0.00533757824826625 0.70320320864831 1.39 1.382 54.684 50.786

 3491 91 5000 3 0.7 0.353 0.644 6.342 1.998 0.999985085654022 0.00375554580242332 0.00396539345384137 0.692982325339462 0.999919852384001 0.00948141700813448 -0.00838996661944435 0.700735628597777 0.999985085824999 0.00375551346415246 0.00396538096405866 0.692981461739442 0.999919852527015 0.00948140985664189 -0.00838995765680097 0.700734798595027 1.156 1.448 58.47 47.851

 3495 95 5000 3 0.7 0.497 1.093 6.571 1.529 0.99991953299793 0.0118337566463439 -0.00457052872617318 0.694750305383665 0.999952598677632 -0.00812746032023559 0.00536141647268584 0.698139364241319 0.999919533079573 0.0118337470912087 -0.00457053560423782 0.694749402763238 0.999952598166807 -0.0081275175703444 0.00536142495948764 0.698138493580785 0.923000000000002 1.309 56.11 49.968

 3494 94 5000 3 0.7 0.53 0.931 6.253 1.122 0.99989750287743 0.0100984612703515 -0.0101491289996111 0.696146057777613 0.999974981203057 0.00310481133610543 0.00635587244307984 0.698896688617553 0.999897502985291 0.0100984278656316 -0.0101491516109593 0.696145140412282 0.999974981184851 0.00310481343171334 0.00635587428378614 0.698895811059336 1.232 1.351 58.419 48.743

 3480 80 5000 3 0.7 0.189 0.848000000000003 9.2 1.574 0.999956253414497 0.00342281927061774 0.00870491616745236 0.700096243970818 0.999954518645271 0.00739894905994203 -0.00601798917514896 0.699021018913542 0.999956253203102 0.00342282431101206 0.00870493846909184 0.700095420234334 0.999954518832347 0.00739893299171188 -0.00601797784593408 0.699020159760064 0.904999999999998 0.854000000000003 23.613 17.437

 3503 3 10000 3 0.7 0.323 1.029 14.233 2.133 0.999995699944944 0.00120622339233167 -0.00267303511920716 0.698175477075119 0.999995757624149 -0.00182693567894418 0.00226870882436177 0.699773044940501 0.999995699949124 0.00120622842644831 -0.00267303128397319 0.698174712863627 0.999995757574861 -0.00182695049178392 0.00226871862086906 0.699772327802276 1.565 0.372 123.419 171.202

 3507 7 10000 3 0.7 0.476 1.098 14.898 2.232 0.999967012121853 0.00799585885945724 0.0014286039319185 0.698417966297113 0.999977604302515 0.00645437370815456 -0.00176973258969025 0.699380149675155 0.99996701194168 0.00799587878046409 0.00142861854837035 0.698417210266481 0.999977604198829 0.00645438448127658 -0.00176975188584136 0.699379395338751 0.829999999999998 0.845000000000002 129.051 164.763

 3508 8 10000 3 0.7 0.614 1.426 14.846 2.162 0.999928242293509 -0.00728859830941948 0.00950718667632683 0.699297045919545 0.999984138610371 0.00185867461469837 0.00531675242521154 0.703009741479404 0.999928242299649 -0.00728858922514735 0.00950719299484584 0.699296306978683 0.999984138549159 0.0018586889087172 0.00531675894093521 0.703009133116997 1.809 1.866 134.313 170.134

 3509 9 10000 3 0.7 0.549 0.972 13.982 2.082 0.999976927925159 -0.00146976893013939 0.00663199793822675 0.698170641515299 0.999988263871706 -0.00176298769903575 0.00451264813882184 0.695539491959563 0.999976928021787 -0.00146974789450309 0.00663198803056801 0.698169869410801 0.999988263889875 -0.00176298965373937 0.00451264334896698 0.695538667146801 1.291 1.785 133.936 172.676

 3505 5 10000 3 0.7 0.4 1.592 14.565 2.127 0.99997549959765 0.00134880634023088 0.00686883730235403 0.702581708778379 0.99999460526868 0.00271232787768672 0.00185275768025069 0.702214184651393 0.999975499692047 0.0013488133834692 0.00686882217686785 0.702581077132677 0.999994605189496 0.00271234918038779 0.00185276923222069 0.702213544828009 1.782 1.981 139.818 174.603

 3506 6 10000 3 0.7 0.756 1.286 14.261 2.095 0.999999240969684 0.00100394395968904 0.000714252463766572 0.701131543449959 0.999987489798109 -0.00466921916989752 -0.00179405674937461 0.698741410639917 0.999999240985946 0.00100393269166517 0.000714245533932981 0.701130874947079 0.999987489835102 -0.00466921128053741 -0.00179405666295768 0.698740649059419 1.459 1.867 133.312 175.773

 3513 13 10000 3 0.7 0.704 0.965999999999999 13.46 2.208 0.999965760412115 0.00512162797952493 0.00649976386180976 0.702309082801575 0.999989360268065 0.00440042530072864 -0.00138405485381925 0.701443261327463 0.999965760300672 0.00512164882173106 0.00649976458387516 0.702308409148722 0.99998936034087 0.00440041123768925 -0.00138404696342965 0.701442607649971 0.93 0.769000000000002 153.685 182.636

 3520 20 10000 3 0.7 0.579 1.04 14.815 2.244 0.999996918947104 -0.00160872836049645 0.00189052621271478 0.698551238056743 0.999956782115001 0.00184861443471744 -0.00911134056463148 0.702011459292202 0.999996918941168 -0.00160873341464153 0.0018905250518684 0.698550497680503 0.999956782152502 0.00184860672640549 -0.00911133801284468 0.702010798397003 1.128 0.925000000000001 161.157 173.075

 3515 15 10000 3 0.7 0.619 1.081 14.171 2.123 0.999971394862849 0.00741157202896397 -0.00150932306284314 0.698313918171768 0.999993772111782 -0.00221610294538708 0.00274674814732506 0.699793716137701 0.999971394904677 0.00741156512058412 -0.00150932927382293 0.698313142262726 0.999993772078489 -0.0022161179868197 0.00274674813248193 0.699792986481425 0.935000000000002 0.814 164.736 180.678

 3517 17 10000 3 0.7 0.813 1.018 14.204 2.644 0.999954475557927 -0.00930751651384038 -0.00210165363846154 0.702018005742756 0.999989601967939 -0.00315632375747031 -0.0032914398583139 0.701183266367496 0.999954475666491 -0.00930750229129105 -0.00210166497116638 0.702017353877775 0.999989601993028 -0.0031563277361966 -0.00329142842053836 0.701182582896765 0.899000000000001 0.906000000000002 162.149 181.107

 3514 14 10000 3 0.7 0.744 1.065 13.918 2.31 0.999992350849476 -0.00388799677778052 0.000426290505592479 0.704419648741037 0.99999869715855 0.00136288673779543 -0.000864997655022061 0.704231973171795 0.999992350835847 -0.00388799764307852 0.000426314583368379 0.704419047792749 0.99999869717467 0.00136287874976887 -0.00086499160497856 0.704231360325779 0.831000000000003 0.898 162.129 183.988

 3519 19 10000 3 0.7 0.689 1.106 14.132 2.202 0.999975339950179 -0.001162799723392 0.00692584928565113 0.703371585051101 0.999998975060952 0.000324902786697346 0.00139438704268792 0.700010347958478 0.9999753400505 -0.00116280933933444 0.00692583318655353 0.703370954094872 0.999998975030957 0.000324922496789826 0.00139440396119154 0.700009631832664 1.012 1.15 168.728 179.319

 3528 28 10000 3 0.7 0.607 1.132 14.623 2.305 0.999986137951291 0.00314271634905103 0.00422459929602416 0.701017728829812 0.99999524281554 -0.00195132310946335 0.00238886676305904 0.698371408667926 0.999986137908484 0.00314272800833313 0.00422460075503294 0.701017058875042 0.999995242779589 -0.0019513288944569 0.00238887708707348 0.698370652643082 0.972999999999999 0.791 164.664 174.019

 3518 18 10000 3 0.7 0.783 0.987000000000001 15.279 2.65 0.999990224883749 0.000732887855776748 0.00436039130587792 0.703093603726668 0.999992853947604 -0.00341508643820959 0.00162149262900868 0.697049725085947 0.999990224863077 0.000732883102953306 0.00436039684557559 0.703092965302728 0.999992853967554 -0.00341507373622456 0.00162150707770268 0.697048933125333 1.276 1.181 168.836 177.979

 3524 24 10000 3 0.7 1.028 1.09 15.248 2.313 0.999982912462481 -8.93464922246805e-05 -0.00584523739969445 0.701923911397852 0.999990198823146 0.00131610189286626 -0.00422730806210418 0.69864138215727 0.999982912423984 -8.93395466000056e-05 -0.00584524409172447 0.701923267590424 0.999990198853938 0.00131609610332172 -0.00422730258058112 0.698640632321941 1.577 1.031 173.404 171.508

 3521 21 10000 3 0.7 0.508 1.05 14.119 2.195 0.999999328299025 0.00106911596099218 -0.00044765227690338 0.698075479452951 0.999999829261452 0.000544357258188055 0.000212490571679402 0.697433291540577 0.999999328300568 0.00106911873314081 -0.000447642208357399 0.698074722173492 0.99999982927692 0.000544331219655196 0.000212484482134996 0.69743248614492 1.257 1.218 169.762 182.475

 3522 22 10000 3 0.7 0.37 3.658 14.344 2.492 0.999999615560838 -0.000822423959058948 0.000304133207646291 0.699557336980764 0.999996985220713 0.00170405527391094 0.00176797768922408 0.700978773133156 0.999999615566005 -0.000822420505550468 0.00030412555658152 0.699556630394887 0.999996985196432 0.00170406724597687 0.00176797988316905 0.700978082929668 1.4 1.615 166.095 183.877

 3516 16 10000 3 0.7 0.398 2.469 14.782 2.418 0.999992291436483 -0.00386266879424164 0.000704881122563551 0.697958683806451 0.999997133365515 0.000964854105157969 -0.00219141901697554 0.698055964508691 0.99999229145371 -0.0038626629597081 0.000704888655712299 0.697957927098623 0.99999713335253 0.000964851021063224 -0.00219142630016792 0.698055200164279 0.48 1.407 169.905 183.666

 3527 27 10000 3 0.7 0.355 0.946000000000001 14.916 2.16 0.99995000342403 0.00992401944864576 0.00122657664509199 0.698786276605115 0.999986727192554 0.00269819501484236 0.00438921204620015 0.696091868387581 0.99995000342978 0.00992402009125033 0.00122656675760903 0.698785527161327 0.999986727224422 0.00269821123012125 0.00438919481768553 0.69609102879384 1.48 1.73 172.15 178.539

 3530 30 10000 3 0.7 0.436 1.099 14.561 2.212 0.999995007870807 0.00296808858917123 0.00108382821143027 0.701191585635563 0.999982131719134 -0.00189587220853737 0.00566938365473804 0.693156068371793 0.999995007833494 0.00296809971169246 0.00108383217830871 0.701190909700022 0.999982131675196 -0.0018958780090148 0.00566938946493718 0.693155303857624 1.758 1.203 172.868 175.343

 3523 23 10000 3 0.7 0.522 1.268 14.988 2.544 0.999997986684415 0.00151483825182893 0.00131601374921673 0.70658857037595 0.999991054094164 0.00122861822694197 -0.00404749662067362 0.698053804281158 0.9999979866831 0.0015148388868861 0.00131601401744901 0.706588048911713 0.999991054062965 0.00122863519217189 -0.00404749917919193 0.698053009751138 1.229 1.026 168.902 187.236

 3525 25 10000 3 0.7 0.71 7.213 14.18 2.506 0.999988616038869 -0.00438863348383648 -0.00187288248737058 0.699383315658733 0.999998731589211 -0.00125239751229878 -0.00098403274382562 0.707434618212282 0.999988615936853 -0.00438864244580137 -0.00187291595629266 0.699382592278056 0.999998731609662 -0.00125238112120204 -0.000984032821490501 0.707434112164985 1.574 1.492 170.801 181.302

 3529 29 10000 3 0.7 0.683 1.249 15.19 2.289 0.999989257726358 0.00157086625362195 0.00436082688258861 0.701639348546816 0.999997022711278 -0.0023750980235776 0.000559891023404121 0.695987056545755 0.999989257768462 0.00157086395748069 0.00436081805486448 0.701638678600101 0.999997022724099 -0.00237508990988856 0.00055990254221915 0.695986241005919 1.191 0.719999999999999 175.233 178.644

 3526 26 10000 3 0.7 0.919 12.583 15.109 2.525 0.999992686780384 0.00353120928298945 0.00146865474087758 0.701486153179698 0.9999414488672 0.00925407208964326 -0.00560900946011526 0.692243837036183 0.999992686788889 0.00353121291185029 0.0014686402248751 0.701485491376135 0.999941448779438 0.00925408059344743 -0.00560901107587177 0.692243095007356 1.35 1.186 175.929 179.054

 3502 2 10000 3 0.7 0.537 0.969 131.578 46.747 0.999994739830204 0.00146883375925883 0.00289185741539527 0.698414473406821 0.99998414971394 -0.00556769626066132 -0.000837304745482225 0.699132372012303 0.999994739844478 0.00146883661544689 0.00289185102857761 0.698413713568701 0.999984149748617 -0.0055676923203617 -0.000837289532182123 0.699131644837161 1.988 1.95599999999999 200.415 175.513

 3511 11 10000 3 0.7 0.351 0.934 137.187 58.44 0.999983966500775 -0.00264132005640707 0.00500900885762838 0.699331930095234 0.999992643546914 -0.00322030244126096 0.00208386761592463 0.703554948564112 0.999983966514406 -0.002641318428516 0.00500900699478128 0.699331208996055 0.999992643527654 -0.00322030285476391 0.00208387621949249 0.703554317569684 2.21899999999999 2.01999999999998 191.573 171.293

 3501 1 10000 3 0.7 0.609 1.181 135.706 58.215 0.999993484839697 0.00323011090641686 0.00161141605142616 0.700036369547564 0.99999137344405 -0.00141592615498268 -0.00390489316184536 0.704127159061909 0.999993484857671 0.00323011006723317 0.00161140657943314 0.700035665762847 0.999991373432434 -0.00141592990126962 -0.00390489477816592 0.704126564374844 2.04599999999999 2.23599999999999 197.553 168.202

 3510 10 10000 3 0.7 0.48 1.301 135.608 61.486 0.999990082883295 -0.00275831774889384 -0.00349654375884096 0.698866141941796 0.999980642345407 -0.00605084245083884 0.00144991037738755 0.70361893837909 0.999990082904353 -0.00275832797811015 -0.00349652966675866 0.698865399232925 0.999980642332244 -0.00605084491722498 0.00144990916300018 0.703618328861308 1.63500000000002 1.83500000000001 195.846 166.801

 3512 12 10000 3 0.7 0.637 1.15 133.731 57.923 0.999971756028699 0.00738551033640684 0.0013933348308333 0.700414815226755 0.999974937755043 0.00427282744970608 0.0056450692983551 0.69663982970502 0.999971756053408 0.00738550664567501 0.00139333666036581 0.700414131135466 0.999974937866407 0.0042728371342415 0.00564504224067126 0.696639006431951 2.24200000000002 2.10399999999998 199.379 168.871

 3504 4 10000 3 0.7 0.463 0.94 150.212 57.572 0.999995461208933 -0.00205301695506369 -0.00220514918219798 0.702428200642153 0.999998798289105 -0.000393025298719757 0.00149965044576302 0.701177007497448 0.999995461161421 -0.00205302946548995 -0.00220515908053885 0.702427566788334 0.999998798292111 -0.000393049077939964 0.00149964220949764 0.701176325619276 2.35000000000002 2.279 193.943 166.124

 3533 33 10000 3 0.7 0.803 1.213 13.496 2.245 0.999984333545004 0.000349359606180253 0.00558664590059574 0.703477720762363 0.999977442001611 0.00182661625355024 -0.00646366467084617 0.70704749391355 0.999984333622512 0.000349374062559883 0.00558663112299171 0.703477106190577 0.999977442109619 0.00182662941616592 -0.00646364424147823 0.707046979715023 0.972000000000001 1.151 169.985 137.932

 3534 34 10000 3 0.7 0.878 10.812 12.954 2.176 0.999999681314282 -0.000390004859968109 0.000696611472639179 0.699558365953199 0.999989831997267 0.00391411956057577 0.00223954686107337 0.699206532103004 0.99999968133995 -0.000389997992716099 0.000696578470059183 0.699557635124674 0.999989831998272 0.00391412103047359 0.00223954384330951 0.699205817480124 1.675 0.313000000000002 166.589 137.557

 3535 35 10000 3 0.7 0.702 1.046 13.534 2.249 0.999999916598313 -0.000399218240448942 8.61867903530584e-05 0.702534983986217 0.999984362512598 -0.00101302526355933 0.00549986455176286 0.696974158124894 0.99999991660139 -0.000399212130955722 8.61793866085393e-05 0.702534343440669 0.999984362582109 -0.00101301679132158 0.0054998534738629 0.696973350889614 1.778 1.393 170.1 143.726

 3537 37 10000 3 0.7 0.462 0.976 13.075 2.122 0.999979817881723 -0.00247807873839942 -0.00585003888905521 0.706583781244849 0.999996803590899 0.0011152679177271 -0.0022691376020929 0.703141944136024 0.999979817834369 -0.00247808905415915 -0.00585004261359952 0.706583256275682 0.99999680356665 0.00111527384579849 -0.00226914537490201 0.703141319695756 0.823 1.548 169.372 140.347

 3536 36 10000 3 0.7 1.24 1.058 12.452 2.047 0.999979914168669 -0.00281517094798929 -0.00567856247258563 0.699627029445639 0.999997519797087 0.000532473062010563 -0.00216260771145407 0.700799462726181 0.999979914188878 -0.00281517845898922 -0.00567855519019495 0.699626329129362 0.999997519827413 0.000532471244989701 -0.00216259413571068 0.700798749762826 1.238 0.651000000000003 161.807 138.2

 3539 39 10000 3 0.7 0.27 1.019 13.109 2.151 0.99999331866305 -0.001522472298133 -0.00332335784430433 0.702254873629755 0.999998061679047 -0.00161964423530662 -0.00111954932884145 0.7010496704997 0.999993318629452 -0.00152246754176021 -0.00332337013296625 0.70225424481018 0.999998061675951 -0.00161964362580132 -0.0011195529760838 0.701048975119761 0.320999999999998 1.39 138.203 138.219

 3541 41 10000 3 0.7 0.198 0.939 13.136 2.369 0.999984350378745 0.00231182753676386 0.00509455111272923 0.701104262504799 0.999998240925355 -0.00179237463273246 0.000552756158768191 0.702052662151758 0.999984350460221 0.00231182763702792 0.00509453507460818 0.701103561526671 0.999998240913021 -0.00179237807994088 0.000552767295002442 0.702052005355597 0.951999999999998 1.07 137.402 144.01

 3542 42 10000 3 0.7 0.486 0.94 12.826 2.256 0.999987363326755 -0.00210324635347202 0.00456612982524448 0.700232254600293 0.999961341379743 0.00869843335428096 -0.00128569172270409 0.70244276322522 0.999987363427225 -0.0021032450418019 0.00456610842625691 0.700231541217772 0.999961341357122 0.00869843822582676 -0.00128567635730282 0.702442133037042 1.161 1.105 139.286 136.985

 3543 43 10000 3 0.7 0.527 0.956 13.537 2.227 0.999997831568395 0.000524423460620689 0.00201540034267135 0.701158569444258 0.999980056633319 -0.00360329968923506 0.00518676845191808 0.70160306957134 0.999997831567409 0.000524422780374202 0.00201540100914333 0.7011579031868 0.999980056579666 -0.00360330234652403 0.00518677694981683 0.701602380358745 1.067 0.678000000000001 139.086 142.087

 3540 40 10000 3 0.7 0.845 0.998 13.303 2.186 0.999994355776949 -0.00327413684750596 0.000753951025623497 0.699131891727919 0.999908982029749 -0.012207569954637 -0.00574481436028023 0.698048027943882 0.999994355813645 -0.00327412474456655 0.000753954912854431 0.699131159060554 0.999908982058708 -0.0122075650833933 -0.00574481967102677 0.698047253619225 1.687 1.97 141.675 141.764

 3544 44 10000 3 0.7 1.564 1.613 13.403 2.339 0.999993365320459 0.000556351408822705 0.00359997057942071 0.697999360629386 0.999997687970628 -0.0020734347410429 -0.000570019099275314 0.700953350512137 0.999993365288913 0.000556340848408329 0.0035999809742851 0.697998575148086 0.999997687997749 -0.0020734254940242 -0.000570005154977137 0.700952667581866 1.307 0.422000000000001 138.695 135.829

 3546 46 10000 3 0.7 0.546 7.997 13.948 2.27 0.999958432135519 -0.005479702525509 0.00728744545827488 0.703496654536078 0.99998114887489 0.000261831307197114 -0.00613460179819678 0.704415357633324 0.999958432145916 -0.00547970344224618 0.00728744334229722 0.703496049058722 0.999981148863506 0.000261818530139452 -0.00613460419914828 0.704414774867878 1.598 1.103 140.446 132.287

 3547 47 10000 3 0.7 1.654 1.119 13.343 2.29 0.999990199821342 0.00228186597478252 0.00379385673775089 0.702492799843434 0.999998650822408 -0.00158347899691535 0.000436975547905408 0.702152304917997 0.999990199813296 0.00228187842816972 0.00379385136805694 0.702492132768023 0.99999865081749 -0.00158347987198018 0.000436983632744158 0.702151639283871 1.254 0.468 142.049 135.55

 3552 52 10000 3 0.7 0.31 0.993 13.345 2.223 0.999945171680208 -0.00591894029661796 -0.008638274087156 0.700131548389404 0.999984834618471 0.00457602905524162 -0.00306439082935424 0.701845352905765 0.99994517162625 -0.00591894431833455 -0.00863827757747374 0.700130824810673 0.999984834662881 0.00457602545977605 -0.00306438170638713 0.701844696964207 0.809000000000001 0.628 141.556 135.841

 3545 45 10000 3 0.7 1.016 1.094 13.606 2.348 0.999927810801008 -0.00561319870086453 0.0106238028524404 0.697983302191355 0.999994704089565 0.00148731464201447 0.00289476907176647 0.698803178381478 0.999927810986508 -0.00561316865082277 0.0106238012701397 0.697982523168694 0.999994704053177 0.00148733045479364 0.00289477351756613 0.698802415053754 1.413 0.946000000000002 145.082 138.448

 3554 54 10000 3 0.7 0.389 1.057 14.329 2.323 0.999983397239572 0.00236531313757432 -0.00525457314785082 0.702289715190475 0.999990105463784 -0.00443080092407251 -0.000396204114707719 0.702582646441033 0.999983397176499 0.00236531746336696 -0.00525458320372068 0.702289080087275 0.999990105423912 -0.00443081111434649 -0.000396190790354063 0.702581999216039 1.448 0.846 135.981 135.151

 3550 50 10000 3 0.7 1.401 13.476 14.319 2.129 0.999971466566613 0.00313599815528556 0.0068725226946003 0.700594306458694 0.999989465150872 -0.00433109720944503 -0.00152025795058443 0.696345161164303 0.999971466508939 0.00313599471626766 0.0068725326555471 0.700593609502143 0.999989465235698 -0.00433108358922761 -0.00152024095641772 0.696344328216795 1.46 0.485000000000007 132.539 139.376

 3560 60 10000 3 0.7 0.577 0.972 12.944 2.24 0.999982617165555 -0.00420782404339321 -0.00413032487191722 0.700125011762504 0.999950153063597 -0.00869906701243319 0.00490077761194514 0.699942775318231 0.999982617073467 -0.00420783820916779 -0.00413033273544949 0.700124311090297 0.999950153219406 -0.00869905828114983 0.00490076131917689 0.699942058019137 1.559 1.202 137.253 121.451

 3558 58 10000 3 0.7 0.448 0.952 12.918 2.093 0.999991541254138 0.00411204703672519 -9.2137621614375e-05 0.705637666981509 0.999963365796724 -0.00732817917471256 0.00442321766028137 0.703466552090182 0.999991541238394 0.00411205069232758 -9.21453478265464e-05 0.705637094765561 0.999963365820349 -0.00732818090510229 0.00442320945259862 0.703465949733826 1.141 1.39 139.935 124.377

 3561 61 10000 3 0.7 0.779 0.935 13.018 2.185 0.999979782568438 0.00413866553402395 -0.00482761866527758 0.700025348892004 0.999989353633432 -0.00453850002837395 0.000833449029146813 0.70002045005767 0.999979782534758 0.00413867013340695 -0.00482762169866671 0.700024634296184 0.999989353647594 -0.00453849571492524 0.00083345552528932 0.700019745551955 1.547 1.136 137.198 122.543

 3559 59 10000 3 0.7 0.581 1.005 12.679 2.195 0.999982359722712 0.00427179893127675 -0.00412698161944941 0.702487644446819 0.999977703241415 -0.00630139540423254 -0.002210302238363 0.701750768803102 0.999982359797849 0.00427179647382435 -0.00412696595711354 0.702486994854251 0.999977703308687 -0.0063013859806982 -0.00221029866912616 0.701750107367585 1.309 1.403 137.024 130.061

 3562 62 10000 3 0.7 0.362 0.917 13.855 2.211 0.999995964318878 0.00221751066379311 0.00177594831360007 0.7037471912398 0.999980920791779 0.0033772967114957 -0.00517222576353389 0.696002438556189 0.999995964301059 0.00221753334057265 0.00177593003226479 0.703746579023532 0.999980920717902 0.00337729728397739 -0.00517223967268847 0.696001585633413 1.289 0.484999999999999 137.024 123.974

 3565 65 10000 3 0.7 0.593 0.981 13.188 2.083 0.999984474739274 -0.00273203248051876 0.00485657069783131 0.704779039926266 0.999985598999969 -0.000823181984370353 -0.0053032220483694 0.701539912453354 0.999984474756106 -0.00273202104025909 0.00485657366785085 0.704778455013111 0.999985599078479 -0.00082318817069775 -0.00530320628404703 0.701539240656694 0.743000000000002 0.990000000000002 131.52 134.489

 3564 64 10000 3 0.7 0.388 1.029 12.93 2.19 0.999998409768865 -0.00119165871660311 -0.0013268041472044 0.700798825506423 0.999967367017778 -0.00441885117442463 0.00676303584429734 0.701355841772732 0.999998409766897 -0.00119165974635171 -0.0013268047052383 0.700798157825455 0.999967367024869 -0.00441884045765711 0.00676304179789149 0.70135517779302 1.101 0.378 129.228 136.18

 3566 66 10000 3 0.7 1.096 0.962 12.674 2.252 0.999983671037616 -0.00302545196784906 0.00484812319592598 0.697033941446558 0.999992637769409 -0.00358816889923987 0.00135994519351906 0.700110613070033 0.999983670897759 -0.00302545334031812 0.00484815118655634 0.697033146215146 0.999992637757152 -0.0035881671436573 0.00135995883845658 0.700109901794907 1.474 1.457 131.348 133.305

 3532 32 10000 3 0.7 1.36 30.157 412.51 55.802 0.999986372673877 0.00356617506080415 0.00381272369545638 0.703117216998896 0.999967467187736 -0.0078849685642971 -0.00170054017445512 0.695735631586631 0.999986372712368 0.00356616926423685 0.0038127190219434 0.703116551724056 0.99996746707143 -0.00788498291614789 -0.00170054201986178 0.695734819012953 1.87400000000002 1.64800000000002 143.495 151.626

 3531 31 10000 3 0.7 1.994 31.267 390.393 54.591 0.999992770260097 0.00233492796968889 0.00300125622244392 0.704817312828227 0.999994804941609 0.00279301254860535 -0.00160909002116078 0.698013311153325 0.999992770306271 0.00233492063966037 0.00300124654053902 0.70481674038775 0.999994804957609 0.00279301107495104 -0.0016090826360265 0.698012537523219 1.69299999999998 1.77800000000002 146.091 152.114

 3570 70 10000 3 0.7 0.336 0.988 12.795 2.147 0.999989699265926 0.00179710858971298 0.00416794466845917 0.701450615496197 0.999980742831916 0.00598828226076671 0.00162924549888871 0.705513020311523 0.99998969934812 0.00179711313831572 0.00416792298679179 0.701449935766936 0.99998074277232 0.00598829011189825 0.00162925322010706 0.705512464813923 0.462 1.062 126.146 161.159

 3573 73 10000 3 0.7 0.341 0.963 13.443 2.16 0.999968430714064 -0.00604846221235886 0.00515302630666193 0.700219938572612 0.99997991290738 -0.00269920246450846 -0.00573481366780821 0.708806096663152 0.999968430764418 -0.00604845196079873 0.00515302856823706 0.700219237267835 0.999979912892535 -0.00269919561458863 -0.00573481948042348 0.70880558537766 1.014 0.312000000000001 127.911 171.717

 3568 68 10000 3 0.7 0.65 0.974 12.83 2.14 0.999984720174306 -0.000401642392600624 0.00551344731581494 0.700976768362112 0.999972494464372 0.00520797701786633 -0.0052808417968871 0.698865311302496 0.999984720118571 -0.000401639157593313 0.00551345766015915 0.700976095405184 0.999972494547226 0.00520796961481145 -0.0052808334085252 0.698864564679194 1.37 1.146 132.044 176.099

 3571 71 10000 3 0.7 0.822 1.053 12.563 2.189 0.999981868182883 -0.00462541720658444 0.0038560110395 0.701321869008708 0.99999393150636 -0.00289328894403039 0.00194057453856706 0.703154302733322 0.999981868249506 -0.00462540489028268 0.0038560085357283 0.701321207903936 0.999993931530294 -0.00289328611747031 0.00194056641923839 0.703153658805857 1.314 1.106 132.434 181.67

 3572 72 10000 3 0.7 0.754 1.022 12.616 2.197 0.999960298935369 0.00532864437376202 0.00714185565697109 0.707594615557401 0.999997319970727 0.00085270167783359 -0.00215242914222087 0.695953872496571 0.999960298881789 0.00532864506115815 0.00714186264608363 0.707594078922842 0.999997319949611 0.000852709723270938 -0.00215243576509093 0.695953041738483 0.91 1.41 130.979 183.943

 3569 69 10000 3 0.7 0.847 1.064 12.625 2.347 0.999999872071735 0.000393228918168581 0.000318162744943864 0.697746129936396 0.999996843080088 -0.00237320467902234 -0.000825669067488096 0.697772726285483 0.999999872071681 0.000393224131892741 0.000318168829616636 0.697745343989951 0.99999684306117 -0.00237321758001275 -0.000825654899131172 0.697771958841196 1.232 1.145 139 179.877

 3575 75 10000 3 0.7 0.511 1.034 13.058 2.243 0.999994603223061 -0.00142570193112341 0.00295988154430113 0.701119947937688 0.99999711819643 0.00156548087174379 -0.00182012869746511 0.697109107367664 0.999994603263353 -0.00142569735271865 0.00295987013694384 0.701119263824263 0.999997118239604 0.00156548248133271 -0.00182010359284933 0.697108323691421 1.508 1.145 137.834 173.999

 3574 74 10000 3 0.7 0.911 1.214 12.859 2.139 0.99999960987214 1.96735917175048e-05 0.000883101646437874 0.70316717368157 0.999958550676532 -0.00537688021884455 -0.00734752257572577 0.698665879188128 0.999999609853935 1.96740469479124e-05 0.00088312225086412 0.703166560514851 0.99995855075583 -0.00537687741597058 -0.00734751383496297 0.698665136223193 1.076 1.349 137.674 173.868

 3576 76 10000 3 0.7 1.083 1.07 13.07 2.117 0.999969502667167 0.00646893658885337 0.00437568223112625 0.705631033994689 0.999985778176479 0.00351611686723359 0.00401003328632146 0.699842671090292 0.999969502788357 0.00646892435725146 0.00437567261883026 0.705630474751847 0.999985778136054 0.00351612238605667 0.00401003852814726 0.69984195665682 1.172 0.625 136.967 178.812

 3577 77 10000 3 0.7 0.978000000000001 1.081 12.643 2.123 0.999995735715677 -0.00134268508630507 0.00259340456179089 0.703181707674874 0.999883502372547 -0.000110501445164775 -0.0152633375327795 0.700192145558951 0.999995735722535 -0.00134265757771484 0.00259341615937143 0.703181089422156 0.999883502291385 -0.000110495215996355 -0.0152633428947085 0.700191448748647 1.153 1.168 138.696 179.158

 3579 79 10000 3 0.7 1.084 1.215 12.722 2.084 0.999967187366599 0.00699871428350346 0.00407948385346434 0.704950005062597 0.999997956961741 -0.000284339170834731 0.0020013054690798 0.705043263208611 0.9999671874398 0.00699870980273935 0.00407947359762682 0.704949408440106 0.999997956999399 -0.000284328038510909 0.00200128823377476 0.705042648836336 1.24 1.115 139.877 177.122

 3538 38 10000 3 0.7 2.56400000000001 33.519 324.193 57.403 0.999958063829 0.00905585025226809 0.00136460967548346 0.703216671969466 0.999991581094698 -0.0027611119121661 0.00303545725288072 0.704217980875632 0.999958063723966 0.00905586372921573 0.00136459720586008 0.703216052079458 0.999991581089978 -0.00276110361988335 0.00303546635068662 0.704217391588236 1.85000000000002 1.654 166.347 162.533

 3581 81 10000 3 0.7 1.142 1.029 12.567 2.1 0.999983388828999 -0.0020198717445722 0.00539835013748342 0.695692973417716 0.999973539053341 0.00646589475553359 0.00333367637088358 0.699896204526348 0.999983388938572 -0.00201984543308642 0.00539833968498883 0.695692166906589 0.999973538989625 0.0064659019533579 0.00333368152272744 0.699895478335126 0.812999999999999 1.283 154.778 171.203

 3583 83 10000 3 0.7 0.37 0.944999999999999 12.653 2.229 0.999947510142204 0.00245757365143876 0.00994672268411532 0.700270641076941 0.99997121121124 -0.00758307223976781 -0.000271595531272569 0.701248556611845 0.999947510153083 0.00245757283979606 0.00994672179101138 0.700269929807144 0.999971211328759 -0.00758305709608745 -0.0002715856612446 0.701247871349453 1.242 1.158 157.57 165.334

 3580 80 10000 3 0.7 0.575 1.025 13.295 2.175 0.999992083148764 0.00397863579262402 -6.40080141057586e-05 0.697011429316767 0.999991151771668 0.004058702469257 0.00110603464632408 0.697254803997607 0.9999920831096 0.00397864549852411 -6.40165560560289e-05 0.697010625505985 0.999991151765564 0.00405870253508176 0.00110603992375415 0.697254017157759 0.779 0.815000000000001 159.704 171.234

 3582 82 10000 3 0.7 0.851 1.149 13.17 2.123 0.999987198260825 -0.00217782205402873 -0.00456731929766875 0.698044472871786 0.999983933557935 0.00381495055322246 -0.00419270536473358 0.700164996329903 0.999987198288954 -0.00217781919257992 -0.00456731450330483 0.698043690372599 0.999983933529683 0.00381495436703799 -0.00419270863287651 0.700164288304518 1.239 1.093 154.057 169.274

 3584 84 10000 3 0.7 1.044 2.885 13.215 2.161 0.999990990401975 0.000674705295122308 0.004190929209935 0.702480006465346 0.999993544655307 0.00146247672710905 0.00328204350020323 0.702500790039566 0.999990990404186 0.000674706135022244 0.0041909285469187 0.702479377466983 0.999993544651848 0.00146248250294028 0.0032820419804375 0.702500135252704 1.363 1.026 168.98 165.167

 3551 51 10000 3 0.7 2.13 28.982 294.304 56.192 0.999997182884493 -0.00125827877924951 -0.00201269908109284 0.702288061066025 0.999975233362766 0.000251708968760047 -0.00703344180868854 0.69930279699009 0.999997182874656 -0.00125825426360801 -0.00201271929474221 0.702287406240003 0.999975233415365 0.000251714410648831 -0.00703343413581 0.699302065387384 1.786 2.15600000000001 171.954 149.128

 3548 48 10000 3 0.7 2.029 27.785 313.263 53.505 0.999987823903494 -0.00310122090487415 -0.00383855098353461 0.701602808560388 0.999993048184532 0.000477683578687019 -0.00369802663695003 0.696224462034572 0.999987823897478 -0.00310122370761055 -0.00383855028643652 0.701602143952801 0.999993048133985 0.000477691937156725 -0.00369803922575806 0.696223639001164 2.202 1.88 177.322 141.705

 3553 53 10000 3 0.7 2.231 32.479 298.981 49.206 0.999994263560824 -0.00123662015042354 0.00315334997264738 0.697658968752155 0.999999624401683 -4.76759476641664e-05 -0.0008654036610819 0.699059279742643 0.99999426354505 -0.00123663537621713 0.00315334900368743 0.697658173449498 0.999999624393636 -4.76750542832994e-05 -0.000865413008964161 0.699058538873994 1.98000000000002 1.87799999999999 174.024 151.026

 3555 55 10000 3 0.7 1.247 26.851 301.485 53.389 0.999969296268893 0.00335140472981259 0.00708340354857495 0.703540732056824 0.99999788915334 0.00202904596204648 -0.000323514062248567 0.697381288184274 0.999969296327431 0.00335139873469218 0.00708339812116815 0.703540096516153 0.999997889171513 0.00202903882409488 -0.00032350265768236 0.697380500336679 1.94799999999998 1.70699999999999 170.09 157.344

 3549 49 10000 3 0.7 1.623 32.12 336.663 61.682 0.999999188987984 -0.00126148585761191 0.000175147949772312 0.699522705247467 0.999944301038292 0.00721161810901057 -0.00770632112561802 0.705370344268441 0.99999918897919 -0.00126149187529167 0.000175154819290716 0.699521977148494 0.99994430088448 0.00721162704455078 -0.00770633272184354 0.705369787225544 1.94100000000003 1.86799999999999 169.181 147.917

 3556 56 10000 3 0.7 1.092 34.179 305.818 65.542 0.999991342758517 0.00241515194395174 0.00338842870761274 0.701639744983235 0.999984514259203 -0.00390881745403728 -0.00396136187390776 0.693567410133264 0.99999134273783 0.00241515578801876 0.00338843207262441 0.701639045448457 0.999984514282868 -0.00390880310376044 -0.00396137006013006 0.693566653205933 1.67500000000001 1.70299999999997 173.074 156.829

 3587 87 10000 3 0.7 1.3 1.317 15.809 2.415 0.999985769855018 0.00524716010168169 -0.000963015230721481 0.702594968602481 0.999983812093273 -0.00134876706457762 -0.0055277824496746 0.699780113199182 0.999985769825029 0.00524716414547167 -0.000963024337567925 0.702594338310975 0.999983812134634 -0.00134876582103034 -0.00552777527088341 0.699779393870996 0.628999999999998 1.371 166.373 146.256

 3586 86 10000 3 0.7 0.508999999999999 0.953 14.779 2.227 0.999995711079277 -0.00229474465418153 -0.00181988187091138 0.702756617705475 0.999993249698901 0.00297473231577551 0.00215673927060276 0.695075271295439 0.99999571106526 -0.0022947435213126 -0.00181989100153988 0.702756001924391 0.99999324969211 0.0029747372129377 0.0021567356648299 0.695074469517719 1.364 1.578 173.288 157.038

 3585 85 10000 3 0.7 1.305 0.967 13.587 2.195 0.99992912214819 -0.00375626237420607 -0.0112978393034634 0.69804121169083 0.999988330158432 0.00466975627278249 -0.00123811279882224 0.698038038704968 0.999929122137125 -0.00375625830678378 -0.0112978416350548 0.698040439393945 0.999988330132706 0.00466976496555435 -0.00123810079080693 0.698037262702097 1.564 1.636 175.074 158.618

 3588 88 10000 3 0.7 0.407 1.068 15.213 2.294 0.999962721312059 0.00851114191832293 -0.00145480219561371 0.697234535414849 0.999907881388866 0.0130686541083569 0.00366592638029771 0.699460838901659 0.999962721130463 0.00851116189229726 -0.00145481016062948 0.697233733222592 0.99990788149224 0.0130686402132512 0.00366594771876242 0.699460102586592 0.523 1.641 168.866 156.377

 3563 63 10000 3 0.7 1.834 23.648 316.611 52.871 0.999987880919232 0.00382902200488017 -0.00309460904651678 0.701964699966286 0.999994563804784 -0.00245261339565561 -0.0022038712326729 0.696214425457258 0.99998788087918 0.00382902879081997 -0.00309461359221836 0.701964036042673 0.999994563774163 -0.00245262461832126 -0.00220387263747672 0.696213592227449 1.291 0.749000000000024 97.009 141.504

 3557 57 10000 3 0.7 1.072 26.831 352.979 69.468 0.999954723410868 -0.00259454337742365 0.00915529753512541 0.704550745127708 0.999978688328553 0.00559919173884011 -0.00335737108148022 0.6948556017174 0.999954723424357 -0.00259453462333513 0.00915529854268352 0.704550142303596 0.999978688322486 0.00559920624088716 -0.00335734870274194 0.694854786741383 1.87800000000004 1.815 149.05 93.199

 3578 78 10000 3 0.7 2.08500000000001 24.318 207.359 4.90199999999999 0.999977482804558 -0.00660459302804599 -0.00118879552255874 0.701131341217516 0.999996162294391 -0.00228399096119497 0.00156805031148231 0.697210385761288 0.999977482801431 -0.00660459179806151 -0.00118880498570748 0.701130669423246 0.999996162282974 -0.00228399949314257 0.00156804516464956 0.697209573599937 0.709000000000003 1.053 63.843 139.186

 3598 98 10000 3 0.7 0.809000000000001 3.297 38.087 8.364 0.999956251996572 0.00915790189833537 -0.00190444894605978 0.698299771223302 0.999997157729147 -0.000703014682534792 0.00227822386589644 0.696683033521259 0.999956252121711 0.00915788675374093 -0.00190445606586534 0.698298992083897 0.999997157747807 -0.000702980250934113 0.00227822630031792 0.696682185165174 1.15000000000001 0.989999999999995 108.561 33.525

 3589 89 10000 3 0.7 0.435 0.923 15.671 2.383 0.999990765689223 0.000972696008446182 0.00418597644015806 0.704850470591324 0.999942484815184 -0.00288163446161409 0.0103306942876645 0.701695386413427 0.999990765685117 0.00097270204672097 0.00418597601790967 0.70484987292058 0.999942485074699 -0.00288165149168296 0.0103306644179038 0.701694713748099 1.783 0.995000000000001 159.323 145.048

 3595 95 10000 3 0.7 2.278 3.202 37.278 7.557 0.999992632286355 0.00355802846041211 0.00144076593608734 0.695310196506433 0.999986833856944 -0.00429999478638227 -0.00280038525962339 0.698363154449549 0.999992632310389 0.003558028107564 0.00144075012554018 0.695309403412489 0.999986833757174 -0.00430002127328921 -0.00280038021537745 0.698362397007166 1.75 1.682 114.02 36.809

 3567 67 10000 3 0.7 0.544999999999995 17.332 324.415 15.006 0.999995544332126 -0.000105912369592831 -0.00298330328069136 0.703082848584575 0.999926990520836 -0.011618070830109 0.00332175527852517 0.693553176865542 0.999995544361313 -0.000105906652691877 -0.00298329370029672 0.703082240168836 0.999926990549761 -0.0116180701247198 0.00332174903854392 0.693552413171954 1.05500000000001 0.862000000000023 149.96 104.279

 3599 99 10000 3 0.7 0.887 3.802 50.942 3.73699999999999 0.99999331443134 -0.0034065364025624 -0.0013291359455153 0.695726969316255 0.999983418234931 -0.00348696683892077 0.00458304674283517 0.704607519350697 0.999993314470755 -0.00340651729146075 -0.00132915527200611 0.695726151090275 0.999983418228356 -0.00348697112467292 0.0045830449167385 0.704606937656926 0.512 0.945999999999998 65.667 65.439

 3590 90 10000 3 0.7 1.089 6.682 40.932 7.384 0.999988290549921 0.00372141958521602 0.00309350922361215 0.699910326021399 0.999945361067581 0.00433970138000171 -0.00951009313084442 0.699967495141371 0.99998829051307 0.00372144229463282 0.0030934938169181 0.699909623979697 0.999945361151421 0.00433966923429255 -0.00951009898427522 0.699966787633866 0.885999999999996 0.643000000000001 114.078 86.088

 3597 97 10000 3 0.7 0.721 3.051 49.243 6.08499999999999 0.999957900232002 -0.0077714316154757 0.00487879229434616 0.699681422889626 0.999997874914006 -0.00206155247114301 -1.29953829264235e-05 0.701639720776618 0.999957900503736 -0.00777140744257615 0.00487877510471229 0.699680711761443 0.999997874911194 -0.00206155381988219 -1.299781999473e-05 0.701639028743903 0.975000000000009 1.96599999999999 102.128 56.744

 3591 91 10000 3 0.7 0.640000000000001 4.188 37.216 7.581 0.999975486434192 0.00692111353792359 0.00106052727277062 0.705438910200521 0.99997019968367 -0.000170875942012088 -0.00771819577451306 0.70194125190973 0.999975486523217 0.00692110227149613 0.00106051685631 0.705438344308537 0.999970199593344 -0.000170871607550456 -0.00771820757308717 0.701940590761183 0.643000000000001 0.838999999999999 119.396 74.092

 3594 94 10000 3 0.7 0.657999999999998 2.17 40.424 6.997 0.999999378631958 0.00110250664395198 0.000164969080625025 0.69502001315801 0.99999999768484 8.0933897296589e-07 6.80416464481443e-05 0.699243255792184 0.999999378629701 0.00110251351466561 0.000164936845090717 0.695019206624018 0.99999999768573 8.16196576032049e-07 6.80284740406921e-05 0.699242479038994 1.02199999999999 1.07899999999999 124.059 62.078

 3592 92 10000 3 0.7 0.774000000000001 2.6 48.555 6.11699999999999 0.99990668957634 0.00510554638788091 0.0126706565167971 0.702384505249632 0.999991302257758 0.00237163159703486 -0.00343085592848131 0.699615295633201 0.999906689547155 0.00510554754269982 0.0126706583545967 0.702383860961871 0.999991302277857 0.00237164151621721 -0.00343084321335565 0.699614564377668 0.906999999999996 1.05199999999999 136.321 53.259

 3596 96 10000 3 0.7 0.444999999999999 4.038 47.235 10.409 0.999996113401187 -0.00186499720680101 -0.00207243044276188 0.702039221877491 0.99999530969359 -0.00303516248336266 -0.000410340737748567 0.698257478370671 0.999996113409086 -0.00186498081041664 -0.00207244138623525 0.702038566182188 0.999995309633699 -0.00303518155645665 -0.000410345613715117 0.698256724076978 1.006 1.011 127.644 43.561

 3593 93 10000 3 0.7 0.821999999999999 2.851 43.002 6.29400000000001 0.99999381671033 -0.00255845261632236 -0.00241264612327383 0.707808603364868 0.999993216234175 -0.00311093856680539 -0.00197219341425028 0.699034358931939 0.999993816716538 -0.00255844719762843 -0.00241264929643981 0.707808094190547 0.999993216219269 -0.00311094329532952 -0.00197219351378478 0.699033611779373 1.018 0.940999999999988 135.539 52.014
