
 297 97 100 10 0.9 0.00299999999999967 0.229 0 0.0140000000000002 0.999428805007204 -0.00660398564841715 0.00263818743872827 0.00646697438342555 -0.027437740178047 0.00587707566541204 -0.000693165936290647 -0.00726979016263401 0.000554332029047749 -0.0144451406470546 0.897721460877342 0.999730572256978 -0.0106972030700155 0.00553787902561447 -0.000297465689627846 -0.000756920398908569 0.00257621704075803 0.00942381189856381 -0.0143065918091214 0.00517114648052522 -0.00813380432079306 0.904653400733388 0.999428787112577 -0.00660402108133443 0.00263786449806732 0.00646760074403584 -0.0274384982213988 0.00587671295413486 -0.000692475972377851 -0.00726898069751273 0.000553834764756225 -0.0144453082921794 0.897703884624129 0.999730592829917 -0.0106968539262417 0.00553715522071253 -0.000301956244475169 -0.000758040361869553 0.00257548305232913 0.0094236910921746 -0.0143065731754119 0.00517074120268574 -0.00813262060833629 0.904607371615802 0.00200000000000022 0.00100000000000033 0.0140000000000002 0.0129999999999999

 303 3 500 10 0.9 0.125 0.552 0 0.0679999999999996 0.999941462632429 -0.000468200796641786 0.00467703091828852 0.0014342802469483 -0.00343009464384481 0.0019463104653097 0.00750704311917636 0.00408882834181495 -0.00207108275920195 5.5203304822236e-05 0.896016414223081 0.999934303571888 -0.00195407502107901 0.00738623236197191 0.00207390327733479 -0.00433819776356908 -0.000537029628193011 0.000564896810040213 -0.00606283548495573 0.00200940031325693 0.00291367378195198 0.90270350702041 0.999941462322977 -0.000468064520531197 0.00467663089120816 0.0014324154622879 -0.00343119611452319 0.00194401627071335 0.0075077283833304 0.00408876685407281 -0.00207145942251581 5.38739429373176e-05 0.896096936231435 0.999934311932013 -0.0019542308507223 0.00738605109367551 0.00207384455341494 -0.0043381304168709 -0.000537077519248374 0.000564670591827295 -0.00606235538888141 0.00200852229892209 0.00291294104037377 0.902667153011571 0.00399999999999956 0.00399999999999956 0.0290000000000008 0.0270000000000001

 300 100 100 10 0.9 0.0179999999999998 0.547 0 0.0150000000000006 0.999721157838066 0.0113045500950784 0.00388904063894704 0.0045203759787486 0.00803074974619021 -0.0116588699551099 -0.00776279655258308 -0.00937942767878639 0.00613898263439259 -0.00281270513635854 0.888962064912866 0.999389272033867 0.00104349121126697 -0.00216404497490112 -0.000430974134098773 -0.0284051130623573 -7.77995676586966e-05 0.00974436783322817 0.00151063993802108 -0.00409795062114103 -0.0171534487118227 0.910085190287114 0.999721216053091 0.0112979748187373 0.00389178236202188 0.00452600568642245 0.00801482690420618 -0.0116546868480319 -0.00776425441532841 -0.00938137505271241 0.00615166330947156 -0.00283006344235782 0.88872261848901 0.999389260294772 0.00104745376128556 -0.00216841983175478 -0.00042688825692796 -0.0284081718345403 -7.57403825308798e-05 0.00974164823946675 0.00150480349620856 -0.00409848052984157 -0.0171503154406088 0.9099949286323 0.0710000000000006 0.0739999999999998 0.0169999999999995 0.0150000000000006

 306 6 500 10 0.9 0.126 0.553 0 0.0670000000000002 0.999878545594729 0.00337193915755164 -0.00108452170371614 -0.00191923149927973 0.0137275877420574 -0.0021452696410355 0.00387679280991767 0.00304114878691245 4.72624124575046e-05 0.00305536570551694 0.894670276352516 0.999829161033873 0.00394115655936095 0.00020320109309078 0.00452567172045986 0.00320920129403621 -0.0151678264836927 -0.00085287971175732 -0.00177990335547404 -0.00343001346553012 -0.00704064277992198 0.897135592444585 0.999878519667333 0.00337503432522052 -0.00108186849646805 -0.0019236826963533 0.0137280918631397 -0.00214240906340914 0.00387458570505332 0.00304475251492231 4.98741876706888e-05 0.00305748493227264 0.894825818847055 0.999829161569008 0.00394122533430711 0.000202972195078206 0.00452563640821481 0.00320906604327199 -0.0151678835339724 -0.000852999216573229 -0.00177988550084002 -0.00342998637811337 -0.00704049956206095 0.897145412927716 0.00499999999999989 0.0829999999999993 0.0299999999999994 0.0259999999999998

 308 8 500 10 0.9 0.135 0.478 0 0.0679999999999996 0.999970514662354 0.000238477513731431 0.00139436947844718 -0.000353123162037226 0.000237120844614878 -0.00562380555880382 0.00234902641781748 0.000231820172259469 -0.0027734800095636 -0.00344915929576599 0.900745590840569 0.999918086056902 -0.00290984936748141 -0.00870636168015968 0.000498785407627251 0.00450494616686042 0.00321610535279477 -0.000465446086409609 0.00443781739183356 0.00363906145998253 0.00393864535011029 0.897986157560366 0.99997051069883 0.000238424706483745 0.00139448107633491 -0.00035328819310476 0.000237813128931029 -0.00562452579952854 0.00234896811610049 0.000231953876388832 -0.00277323013631709 -0.00344925957383249 0.900717651215398 0.999918082681781 -0.00290996166373898 -0.00870665886986796 0.000498232109372341 0.00450521186180801 0.00321617510228946 -0.000465284391713658 0.0044375982830791 0.00363898099134044 0.00393881178070943 0.897968335855009 0.00800000000000001 0.0129999999999999 0.0289999999999999 0.0270000000000001

 299 99 100 10 0.9 0.0119999999999996 0.553999999999999 0 0.016 0.999691950094958 0.000308162860533908 0.00632528390895557 -0.0116977339471668 -0.00688578344696435 -0.00924276527778433 0.00560654462756581 0.00646153149988522 0.00142524876804667 -0.0151988474980514 0.898765363519222 0.999598667868994 -0.00753970201926924 0.00219839281246501 0.000978680609582774 0.0113948291452779 -0.00756640281724905 0.00303060746589772 0.0196103181492422 -0.0125856336696476 0.000790837571319721 0.902666113275733 0.999691973651391 0.000308606395599537 0.00632493871792218 -0.0116974770142748 -0.00688618552419606 -0.0092424913426203 0.00560581582283917 0.00646125507985863 0.00142492880915263 -0.0151980312259266 0.898745813213383 0.999598736410185 -0.00753726613100952 0.00219984849871378 0.000980651901104047 0.011395622762944 -0.00756590551253493 0.00303105714828835 0.019607798086122 -0.0125845466869588 0.000792314297115975 0.902628467081768 0.0729999999999995 0.085 0.0139999999999993 0.0170000000000003

 298 98 100 10 0.9 0.00800000000000001 0.592 0 0.016 0.9993978878824 0.00597121491793786 0.0165278323017068 0.00334361074794059 -0.00368011670800277 0.00574566651608902 -0.0222874884416428 -0.0128820642324205 -0.0126300262550358 0.00388639799140696 0.899951893937953 0.999437670253246 -0.019062372042322 -0.0116186958465028 0.000698856122240938 -0.000326415543305304 -0.0139018007333499 -0.0158506535836652 -0.0112716101331309 0.000165212152440532 0.00733487818683491 0.898787504284744 0.999397870065692 0.00597210784179986 0.0165269171364923 0.00334490518079334 -0.00367942685852512 0.00574459986284233 -0.0222883528448502 -0.0128829014153585 -0.0126298609207913 0.00388742041643145 0.899926887684597 0.999437661219229 -0.0190618306116118 -0.0116190333960314 0.000699309834053199 -0.000327624151100135 -0.0139016619327958 -0.0158510031553875 -0.0112724231357926 0.000165841658189736 0.00733512843451581 0.898766293045466 0.0720000000000001 0.0820000000000007 0.0149999999999997 0.0139999999999993

 304 4 500 10 0.9 0.128 0.518000000000001 0 0.0679999999999996 0.999922524595386 -0.00356858751567545 0.00557758746445494 -0.0017102176497253 -0.00298864637201379 -0.0026156965690012 -0.00309993384389069 -0.00275913652469215 0.00749167498778827 0.00436510820034009 0.903429379623302 0.999934892153675 0.00801270671316705 -0.000704266873548558 -0.00210679416279397 0.0010870657826567 0.00512248625274893 -0.00316172616997875 0.00437236618294375 -0.00124714421540984 -0.0017269530224085 0.904755669754845 0.999922528616725 -0.00356886859388251 0.00557761615941366 -0.00170936052032292 -0.00298814691191433 -0.00261552751394507 -0.00310020376680867 -0.00275939350450912 0.00749117763793361 0.00436519894492019 0.903389365688124 0.999934890157564 0.00801205718946258 -0.000704461546322332 -0.00210668632324529 0.00108862764225742 0.00512262224351318 -0.00316144435852811 0.00437308133750952 -0.00124746810537817 -0.00172825795379121 0.904707224920495 0.00300000000000011 0.106000000000001 0.0300000000000002 0.0300000000000002

 301 1 500 10 0.9 0.131 0.497999999999999 0 0.0670000000000002 0.999957051733804 -0.0040450661836365 -0.000456713208719621 0.00417004716109332 -0.00196314501516106 -0.00478284280984707 0.000572083128308358 0.000871737630363587 -0.00482351706120677 0.000922605544925339 0.901106709176116 0.999946374860319 -0.00444598737212643 0.000244574946386257 0.00701320939183404 -0.00101365922560044 -0.00393407999472164 0.00153896086237756 -0.00252096453172725 0.00256721448633629 -0.0025331667451534 0.903638131898956 0.999957043161782 -0.00404546485017363 -0.000457222530805188 0.00417075042171448 -0.00196355410890261 -0.0047832078831838 0.000572456841500741 0.000871328519125951 -0.00482393623480104 0.000921916675422908 0.901077530576751 0.999946380464782 -0.0044454002348687 0.000245774842456972 0.00701249524411835 -0.00101367045066796 -0.00393478721863438 0.00153842272674885 -0.0025205993073955 0.00256722763633714 -0.00253341981948299 0.903597001947032 0.077 0.0439999999999996 0.0300000000000002 0.0279999999999996

 310 10 500 10 0.9 0.077 0.379 0 0.0670000000000002 0.999918741160584 -0.00194898706814434 -0.00569210959150986 0.00369712177531496 0.00218841987082415 -0.00361807553987813 -0.00294215447421514 0.00609129341338642 -0.00365970187714989 -0.00596745388308263 0.897646784328961 0.99993411258784 0.000377552704664301 0.000747182026847175 -0.00797286849479318 0.00315328197328622 0.00588423070174598 -0.00120188103935442 0.00282475980676564 0.00322570474396264 -0.00176258584469166 0.903287567355621 0.999918737615586 -0.00194873037122842 -0.005692374754115 0.00369690558438649 0.00218848326057625 -0.0036184295836297 -0.00294189551523161 0.00609137322969012 -0.00365995901395059 -0.00596766330216593 0.897629725343763 0.999934109509544 0.000378139183375664 0.000746931831265246 -0.00797271679684154 0.00315375923759567 0.00588446699197561 -0.00120167229729411 0.00282484997992365 0.00322589557888409 -0.00176300445743869 0.903248844829988 0.00699999999999967 0.117 0.0280000000000005 0.032

 302 2 500 10 0.9 0.120000000000001 0.49 0 0.0670000000000002 0.99993900099472 -0.0032272837547647 0.00557259568650611 -0.00486506369290175 -0.00162311600706914 -0.000932809595464739 -0.00450671297519376 0.00180915026269021 -0.00521941285231968 -0.00158929716438233 0.902929243678368 0.999931150512631 -0.00421932139463543 -0.00398174111046445 0.00138329928802587 -0.000391308699852667 0.00584768293318477 -0.000854640783207852 -0.000155896737049343 0.0078837698238673 0.00220606499923729 0.895703269048076 0.9999390043178 -0.00322744904756432 0.00557261801118721 -0.00486384098138555 -0.00162333339094163 -0.000932203145537017 -0.0045073015583153 0.00180907170709319 -0.00521910222021952 -0.00159010886883422 0.902891953952672 0.999931146253819 -0.00421926832536065 -0.00398260952291335 0.00138522450424383 -0.000392169002737224 0.005847687674627 -0.000855485135020154 -0.000156723508300141 0.00788309424513623 0.00220718398955254 0.895798462101252 0.141999999999999 0.00499999999999989 0.0569999999999995 0.0270000000000001

 305 5 500 10 0.9 0.162 0.524999999999999 0 0.0679999999999996 0.999940366938456 0.00144097393342309 -0.00338170191764187 -0.00349490474023897 0.000940804682959133 0.000985802737616125 -0.00889000131570784 0.00335411673785334 -5.64551518995921e-05 -0.0011804930949937 0.898144196337656 0.999913233559757 0.00412860369049607 0.0096884715817456 -0.00193919265310319 -0.0023257541791691 -0.00326681800702993 0.00564105409057887 0.00326334381838909 -0.000538957326733746 -0.000102090048767853 0.896065588389808 0.999940369577059 0.00144072589703613 -0.0033812895868042 -0.00349486945556251 0.000940651120512406 0.000985714410498229 -0.00888989272543797 0.00335433541823064 -5.66034880332261e-05 -0.0011802317782831 0.898125521147144 0.999913232665565 0.0041277286359285 0.00968878813297729 -0.0019389894178906 -0.00232607247620057 -0.00326662639083782 0.00564153984341682 0.00326311178355624 -0.000538229284681375 -0.000103338941876891 0.896140432226612 0.0809999999999995 0.0299999999999994 0.056 0.0280000000000005

 309 9 500 10 0.9 0.0999999999999996 0.507 0 0.0670000000000002 0.999869837787315 2.7270084298234e-05 -0.00128888566030047 -0.00413265747941803 -0.00563750369459882 -0.00717666975848893 -0.000487594063659512 0.00136874757094106 0.000779034765777785 -0.0124724699095246 0.8994509341356 0.99983674566133 -0.00458698107572005 0.00110555760135173 0.00118099406612812 0.00624610857636447 0.0040962630306578 0.0143612358022195 -0.00224167799215292 0.00194101129932595 0.00565629236889247 0.901145071861628 0.999869835068927 2.7017032133428e-05 -0.00128925137874166 -0.00413244767006773 -0.00563741084904353 -0.00717660854548621 -0.000487615589132229 0.00136888160600973 0.000778562834764014 -0.012472811200976 0.899428131042938 0.999836738592532 -0.00458762331564134 0.00110513023293291 0.00118132640858667 0.00624603923933467 0.00409614770832205 0.0143616672869708 -0.00224168037276774 0.00194059099352126 0.00565624294572721 0.901115853140396 0.00399999999999956 0.109 0.0280000000000005 0.0270000000000001

 316 16 500 10 0.9 0.148 0.5 0 0.0680000000000005 0.999958085921456 0.00444180843861511 0.00205054945066856 -0.00168501520270247 -0.000119838290895736 0.000908093305201244 -0.00463878616838611 -0.00505800611864395 0.00265722371026492 -0.00143217082915646 0.900254799877719 0.999946521626796 -0.00036035219874048 0.000487508229515793 -5.76134288590467e-05 -0.00510008829319289 -0.00322971163606543 -0.00617279182491708 -0.00021583809432508 -0.00376171054586348 0.00422382529286278 0.899250444357605 0.999958085187391 0.00444144177691109 0.00205044224135486 -0.00168522499430955 -0.000119746904624133 0.000907707574351804 -0.00463903430714756 -0.0050583472155654 0.00265691208728024 -0.00143254898138135 0.900229023141933 0.999946519369615 -0.000359872263133459 0.000488164037042222 -5.73908435618367e-05 -0.00509979265476314 -0.00323022008132664 -0.00617330136479425 -0.000216090961908098 -0.00376187218601185 0.00422339441990868 0.899228491083054 0.0739999999999998 0.0990000000000002 0.0279999999999996 0.0279999999999996

 324 24 500 10 0.9 0.0800000000000001 0.416 0 0.069 0.999906593564916 0.00247618772831161 -0.000659336028000521 0.00336834009856724 -0.00624576764509532 0.00494084192244945 -0.000681453001117871 0.00397690782057993 -0.00558928025147885 0.00761251867700503 0.898574178563342 0.999874422993954 0.00117689473108166 -0.0030728544259854 0.000692908394758619 0.00267882472515064 -0.00625172774087195 -0.0115547455695326 -0.00568837171687169 0.00115025573198859 0.00513591248598797 0.901600392018872 0.999906592322209 0.00247572676401595 -0.000659513551984028 0.00336812110371821 -0.00624569834041712 0.00494125068636769 -0.00068149849183527 0.00397687295055442 -0.00558905941436488 0.00761288117478203 0.898553711741759 0.999874420510322 0.0011766623445035 -0.00307273317129842 0.000692348815255738 0.00267964346941353 -0.00625166599663057 -0.0115548485724627 -0.00568849721400211 0.00115041613938789 0.00513583864759678 0.90156925292168 0.0339999999999998 0.0859999999999994 0.0289999999999999 0.0289999999999999

 307 7 500 10 0.9 0.187 0.385000000000001 0 0.0680000000000005 0.999912508787336 -0.00156792602878999 0.00652559813372822 -0.000382872644385173 -0.0053542200453118 0.000341520749329457 -0.00681255076600798 -0.00287821636561926 -0.000928224319373225 0.00674132550989215 0.897182709976191 0.999895272449994 -0.00144890382680923 -0.000151354013907989 0.000653844552629193 -0.00791304190959169 1.17928068751065e-05 0.000246627968885052 -0.0051442666570085 0.0108505990270066 0.000134958305513252 0.900871233807151 0.9999125093627 -0.00156794464348095 0.00652564378964502 -0.000382840752615431 -0.00535418775315482 0.00034154430050259 -0.00681252788069991 -0.00287812378197106 -0.000928217245114262 0.00674128153864576 0.897188836289046 0.999895270647242 -0.00144857269787322 -0.000151495746249282 0.000654154678516645 -0.00791298895269004 1.13911400563514e-05 0.000246320670093328 -0.00514426241815703 0.0108508363607143 0.000134988012461412 0.900843671308731 0.0389999999999997 0.0939999999999994 0.0249999999999995 0.0259999999999998

 320 20 500 10 0.9 0.0710000000000006 0.37 0 0.069 0.999930670463708 0.00253115032936099 -0.000109790361224488 -0.00684046526992844 0.000742035854597128 0.00303502263718473 0.0043735165070392 7.14199456406312e-06 0.00745730663443634 0.000970786008382496 0.90368528283438 0.999909822009703 0.00386040464887964 0.00531027746959925 0.00089758531910257 -0.00435297588525785 0.00792473552718302 -0.000554452942121192 0.0020525411478779 0.00383157850206417 -0.00595728537014476 0.899705326826429 0.999930680131723 0.00253040407431344 -0.000109595651027943 -0.00684020611593095 0.000742181518192503 0.00303459062650522 0.00437309338568233 8.10061388354011e-06 0.00745687327222653 0.00097108782384573 0.903644242634842 0.999909825250897 0.0038603983267601 0.00531037028282109 0.000897582577166674 -0.00435306842866531 0.00792480838892964 -0.00055454904894063 0.00205202685022709 0.00383125676486472 -0.00595687371611499 0.899682243277329 0.00399999999999956 0.109999999999999 0.0289999999999999 0.0260000000000007

 311 11 500 10 0.9 0.0640000000000001 0.3 0 0.069 0.999935507249942 0.000311585618924064 0.00644471874017409 -0.000335118041709503 -0.00361359681605468 -0.00675266045280202 0.00515748433152686 0.000777302893575309 5.10501760614506e-05 -0.00117243156850541 0.899420149788128 0.999937934480966 -0.00188112256507369 -0.00231220099973258 -0.000420226262926751 0.00605193331943315 -0.00580477038799011 -0.000656285048328952 -0.000188370376984163 0.00303421821983604 0.00592214238505946 0.897822841543061 0.999935497110571 0.000311741548548683 0.00644486717080401 -0.000334944095926469 -0.00361391035427348 -0.00675337222399244 0.00515789317762559 0.000777713938022445 5.10885018719848e-05 -0.00117313237291374 0.899397355009879 0.999937931472761 -0.00188108462730299 -0.00231234376059947 -0.000419945035654458 0.00605202897362388 -0.00580494542913113 -0.000656062003813942 -0.000188420987777719 0.00303435566906707 0.00592230992265354 0.897805165383967 0.0339999999999998 0.0780000000000003 0.0289999999999999 0.0250000000000004

 321 21 500 10 0.9 0.106000000000001 0.291 0 0.0700000000000003 0.99994477700649 -0.00665248590211693 -0.000529660417698189 0.00227820044344655 0.0039211511619551 0.00307960487664276 -0.000522685813575215 -0.00389074381660345 -0.000434486495210083 0.00450081906917232 0.902722071021138 0.99980980103401 0.0011170490251314 -0.00099540459154083 0.00600178522927354 -0.0114173818586458 -0.0086275111527873 -0.0082353723668951 0.000157720692630473 -0.00364111431420389 0.00749714592921996 0.894442698584182 0.999944774929803 -0.00665244098677319 -0.000529508818238251 0.0022785277007744 0.00392042261038199 0.00308037692753972 -0.00052238341417618 -0.00389054012202856 -0.000433938294987128 0.0045015693546308 0.902685941416082 0.999809863387064 0.00112283480245145 -0.000993450754503432 0.00600151945220313 -0.0114134541548148 -0.00862615761290588 -0.00823447593763469 0.000158039062629133 -0.00364206185865113 0.00749649384761293 0.894611490041953 0.00800000000000001 0.0750000000000002 0.0299999999999994 0.0280000000000005

 315 15 500 10 0.9 0.102 0.321000000000001 0 0.069 0.999933201498133 0.000556951038728311 0.0040919358942133 0.001251270086152 -0.00176279948370452 -0.00484887909311901 0.00514386965341954 0.00708558646724122 0.00341871323371762 -3.33135716290597e-05 0.896230056168347 0.999895758933239 -0.00181865814814312 0.000227502493910272 0.0129503160782607 -0.000573058415760992 -0.00152231552308869 0.00380485101200401 0.00439355537165445 -0.000375241489319186 -0.000913476462481375 0.902505212580351 0.999933202067 0.000557658239294435 0.00409191180493707 0.00125005399621931 -0.00176252172287719 -0.00484831012331088 0.00514356647273903 0.00708570876801644 0.00342004493054071 -3.46136471775637e-05 0.896296263841501 0.999895755083455 -0.00181915961197239 0.00022731851858311 0.0129504746560361 -0.000572670921852366 -0.00152272414468011 0.00380480497065297 0.00439358699982011 -0.000374612947199604 -0.000914348736965941 0.902470308656985 0.102 0.0759999999999996 0.0300000000000002 0.0270000000000001

 319 19 500 10 0.9 0.0780000000000003 0.292 0 0.0760000000000005 0.99990233219616 0.000738528360988276 -0.00661276040646245 0.000189047537880898 -0.000669174163070034 -0.00349176628088476 0.00502245869626684 -0.00589544590834587 0.00545420473954278 -0.00697469400046448 0.898899150772203 0.999943891344185 -0.00454052427987138 0.00342241668742112 -0.000642457708805632 0.00679244412950004 0.00386104214795278 0.00117023350206551 0.00240085740778469 0.00265983061510032 -0.0020539984076204 0.904275566526031 0.999902329937627 0.000738293620602592 -0.00661255116640989 0.000189602040724579 -0.000669039494455975 -0.00349232097313391 0.00502317443784252 -0.00589512888954789 0.00545437447222348 -0.00697458094846471 0.898877894265745 0.999943901636584 -0.00454041686514169 0.00342149224809121 -0.000642868144716808 0.00679163141531135 0.00386052855806669 0.00117054122780631 0.00240084296350908 0.00265918762819954 -0.0020549635689111 0.904230304627292 0.111 0.00299999999999923 0.0300000000000002 0.0270000000000001

 325 25 500 10 0.9 0.103 0.300000000000001 0 0.0700000000000003 0.999897206362424 0.00105534356180443 -0.00225865102418477 0.0122802468903214 0.00158395052228795 0.00316750875476975 0.00195256521489793 0.00510746735323064 -0.000216572839547564 0.00246360345925268 0.893314019571883 0.999890407831192 -0.00542836944200358 -0.0028163664907788 -0.008031211220991 -0.00132541922569788 0.0018633768717628 -0.00125894247147465 0.00443735989746613 0.0094942096972263 0.000792989417881109 0.896073125382849 0.999897185780354 0.00106148529689617 -0.00226042764397512 0.0122821193746801 0.00158021551118379 0.00317070252411304 0.00195234583535902 0.00510385304797677 -0.000212614595186297 0.00246465358721583 0.893537981048805 0.999890389001699 -0.00542956883355473 -0.00281583352405612 -0.00803324478047266 -0.0013262716105588 0.00186089053723442 -0.00125930649653968 0.00443752070302344 0.00949411995893807 0.000793824641463156 0.896149771109973 0.00399999999999956 0.00499999999999989 0.0310000000000006 0.0279999999999996

 328 28 500 10 0.9 0.184 0.291 0 0.0720000000000001 0.999915518295508 -0.00445676492838969 -0.00710616238265821 -0.0037293510295112 0.000900822482832044 0.00588855538275323 -0.00168062107466431 0.00220231814529894 -0.00532312205394214 0.00363194559932489 0.896505810423123 0.999932821420616 -0.00228619727947184 0.00232703992215544 0.00142934247883895 0.00337344919853741 0.000824662618170597 -0.00178067014472844 -0.00897449246239024 -0.0047652503686562 -0.00178540554446202 0.900185934736332 0.999915512126235 -0.0044569193096278 -0.00710582020063122 -0.00372952756878927 0.000900367584702208 0.00588982174468127 -0.00168139915076713 0.0022021522347992 -0.00532344666384044 0.00363126686749562 0.89655494426385 0.999932825737196 -0.0022861801694696 0.00232714747620847 0.00142969685262966 0.00337346451025196 0.000824464099757904 -0.00177985102602209 -0.00897397724167955 -0.00476547433756242 -0.0017854574396868 0.900160370470941 0.0300000000000002 0.00399999999999956 0.0309999999999997 0.0259999999999998

 322 22 500 10 0.9 0.0979999999999999 0.303 0 0.0700000000000003 0.99993163971439 -0.00221038424633268 -0.0031919309015672 -0.000937330234581861 0.000915660939375833 -0.00763083057382068 -0.00146079043482346 0.00083026663890337 0.00357700007316922 0.00678799658325669 0.895901458055649 0.999914649469685 0.00355841587254141 -0.00277090196631389 -0.00211236656310037 -0.00517947606011058 -0.00311604604170319 -0.00234158407229632 0.00133786278865679 -0.00587295449468505 0.00822132955761088 0.900903972616716 0.999931647896447 -0.00221032253134768 -0.0031908351270635 -0.000937297236409366 0.000916616107699213 -0.00763075437768066 -0.00145912535529638 0.000829518094482527 0.00357720754082891 0.00678762816914357 0.895986941556992 0.9999146463886 0.00355841537862382 -0.00277104838494046 -0.00211229522815963 -0.00517952615192931 -0.00311620052592171 -0.00234136810564428 0.00133854010459393 -0.00587287806658451 0.00822158922549013 0.900876174444809 0.0280000000000005 0.0730000000000004 0.0300000000000002 0.0249999999999995

 313 13 500 10 0.9 0.114 0.294 0 0.0699999999999994 0.999970377414998 -0.00415242668296149 -0.000702122928222825 0.00130597548895152 0.0041041640064579 0.00128017054323621 7.45813395982381e-05 -0.00325178725007195 -0.0032667955718735 -0.000261651963371159 0.900126852945312 0.999923877980556 0.000832512812512518 0.00761315819929222 0.00403659502492506 0.00655508621044821 0.0047779584624094 -0.0030036510131556 -7.56626585240496e-05 0.00102784702321155 -0.00118690081156032 0.901883827642238 0.999970379724052 -0.00415233151816324 -0.000701302812793469 0.00130561824396679 0.00410367150093478 0.0012804474350992 7.44964552935199e-05 -0.00325199081866804 -0.00326684906965102 -0.000261515950382128 0.900100817708148 0.999923873543647 0.000832963081559012 0.0076128759794308 0.00403700487310455 0.00655590320405589 0.00477771832884802 -0.00300362936243971 -7.6253166421532e-05 0.0010287061427462 -0.00118646596220065 0.901851417596922 0.0339999999999998 0.0670000000000002 0.0289999999999999 0.0269999999999992

 312 12 500 10 0.9 0.166 0.289 0 0.069 0.999918080231981 -0.0014653006866769 0.00256910406599699 -0.00296164716860966 0.00125090650197659 0.00218932340646667 0.00741392085877711 -0.00733230916640203 0.00444663137893745 -0.003384472565647 0.898125682534659 0.999884478927486 -0.00174693589837512 0.00230801636896144 -0.00853589212586721 -0.000384409883458615 -0.00268582087799792 0.0037100836979462 -0.00477333271643423 -0.00656950374467162 0.00791955872935276 0.901964358428373 0.99991808073348 -0.00146534143409091 0.0025691657830612 -0.00296139423385079 0.00125112686965692 0.00218915661664216 0.00741380392068057 -0.00733256971470731 0.00444654623638345 -0.00338431120943221 0.898106830127615 0.999884478754464 -0.00174661542733659 0.00230733189507492 -0.00853649152610455 -0.000384005021290824 -0.00268582730339033 0.00370976533534741 -0.00477333444880497 -0.00656938756962485 0.00791946656092475 0.901932220524101 0.114 0.0759999999999996 0.0289999999999999 0.0260000000000007

 317 17 500 10 0.9 0.136 0.292 0 0.0810000000000004 0.999916985997331 -0.00854600075891145 -0.00427828161404119 -0.00115134938786836 -0.00302410205163326 0.00331563235088827 0.001572916256321 0.00202012826770046 0.00235873687567252 -0.00641096338616614 0.895933447745339 0.999970901502142 -0.00342217824801234 -0.00340339637340566 0.0013690570721605 -0.00289627947979476 0.00201605731694937 -0.000690182503538693 0.00223594426395078 0.00225307937981597 -0.0031658069474809 0.901529107249332 0.99991698800724 -0.0085466523403596 -0.00427888774039687 -0.00115133997478972 -0.00302214066085552 0.00331609009099722 0.00157190849119321 0.00201921367159018 0.00235987865446174 -0.00641018168109712 0.89601804570816 0.99997090113021 -0.00342186175923984 -0.00340350858301945 0.00136850883556454 -0.00289580957361116 0.00201581879168662 -0.000690093833226244 0.00223578500420928 0.0022534370472163 -0.00316684175976786 0.901498664286863 0.0819999999999999 0.0830000000000002 0.0300000000000002 0.0270000000000001

 318 18 500 10 0.9 0.0800000000000001 0.314 0 0.0700000000000003 0.999957165394133 -0.00483575744622586 -0.00211858072345342 0.00279828147249761 -0.000664215012187148 0.00198937696638723 0.000476716164410579 0.00442195254002556 0.00296187993436264 0.00412451279055392 0.893479166457372 0.999941478608116 -0.00534254964147288 0.000163528178144877 0.00347666697711603 -0.00188738988258857 -0.00342183012795207 -0.00497593109349865 -0.00396800906035119 -0.00449706024692731 -0.000618763767928139 0.896582772171798 0.999957182235003 -0.00483591942245778 -0.00211851547155373 0.0027953917881866 -0.000668301454868707 0.00198802575554555 0.000477182221963482 0.00442118876841445 0.00295901474362251 0.00412504574871875 0.893697400738562 0.999941462420252 -0.00534368160009305 0.000163392121524365 0.00347755489086484 -0.00188780450894551 -0.00342162253752366 -0.00497669815840241 -0.00396781131278367 -0.00449799816054929 -0.000618360349411665 0.896627180473244 0.119 0.0819999999999999 0.0300000000000002 0.0259999999999998

 326 26 500 10 0.9 0.0629999999999997 0.298 0 0.0720000000000001 0.999878378200106 0.00392181131226541 -0.00697966917761444 -0.0073327142821756 -0.00593286493269205 -0.00464483413873353 0.000289442485275909 -1.45086262642913e-07 0.00819684617970114 -0.00114816751005228 0.900423349609635 0.999915623269018 0.00173079591652579 -0.00123742117156871 -0.00645778395051216 0.00302017236681036 -0.00319024319559078 -0.0067057985134097 -0.00341879762660577 -0.000996883017651237 0.00675038694320007 0.897991541050281 0.999878381978668 0.00392188074314786 -0.00697909095794298 -0.00733292313523321 -0.00593249857925077 -0.00464550375611507 0.000289785784455487 1.80399412150967e-07 0.0081965108119329 -0.00114831223425022 0.900396851506232 0.999915625037576 0.00173077873605744 -0.00123751450497631 -0.00645764289979784 0.00302009487045261 -0.00319009077980883 -0.00670583427269877 -0.00341863851629552 -0.00099686045030799 0.00675040229495835 0.89797347442888 0.0859999999999994 0.00200000000000067 0.0280000000000005 0.0259999999999998

 314 14 500 10 0.9 0.0860000000000003 0.321 0 0.069 0.999965732507072 0.00096041043154434 0.00386786659543249 0.0039314312602561 -0.000970457076521107 0.0042873504167571 0.00168838173355269 0.00297170541872746 -0.00184647188067153 -0.00166751153846954 0.898734544039027 0.999761451328161 0.00678042600566947 0.006399916582317 0.00354699137194772 0.00969223270014302 -0.011293902141474 -0.00568494260272807 0.000946972883043014 -0.00293741054524307 0.010686012834235 0.894435421340021 0.999965732758846 0.000960324314282122 0.00386774364140827 0.00393116060718691 -0.000970558813206856 0.00428757028358066 0.00168829338811908 0.00297189261708659 -0.00184608002907872 -0.00166789854853897 0.898713901208799 0.999761547270925 0.00677941328536748 0.00639825987480876 0.00355015234497967 0.00968908553229538 -0.0112945810729651 -0.0056780198387369 0.000949561075896726 -0.00293515308498936 0.0106838290715362 0.894606079017133 0.157 0.0950000000000006 0.0279999999999996 0.0270000000000001

 327 27 500 10 0.9 0.0759999999999996 0.294 0 0.143999999999999 0.999847585819924 -0.00102674526296998 -0.00862562234601986 -0.00872818619879289 -0.00536894892356382 0.00694762575213838 0.00419900730900169 0.00625656220296051 -0.00363201986003396 -0.00247091312628691 0.897665462834181 0.999964781701157 0.0038026645322111 -0.00368463559981437 -0.00126335702374286 0.00495669348955922 -0.00176384624316292 0.00188342913162375 -0.00133037496418608 -0.00278183335384869 -0.000258313326224005 0.893648843581657 0.999847587750374 -0.00102674524907421 -0.00862551531027148 -0.00872796618172908 -0.00536890910434463 0.0069475023767727 0.00419920916378552 0.00625664732842882 -0.00363226344267236 -0.00247079957861526 0.897647834911329 0.999964791270013 0.00380523160920394 -0.00368230459636375 -0.00125817298538673 0.00495882234301633 -0.00176007671469358 0.00188528716040042 -0.00133264729893544 -0.00277691229360047 -0.000254516912917716 0.893863440390481 0.00800000000000001 0.00300000000000011 0.0270000000000001 0.0280000000000005

 329 29 500 10 0.9 0.140000000000001 0.304 0 0.109 0.999960497244295 0.00171519842187278 0.00187535019420642 0.00566192669495443 0.00201131525511294 -0.00168661369062362 -0.000329618247755054 0.00525595281411079 -9.1573478261886e-05 0.00241982734779458 0.89933814188298 0.999928518320438 0.00514639811511139 0.00380076599217677 0.00400932431623021 -0.000759571975847227 -0.00198863983611019 0.00327164300434707 0.00135129562322587 0.00602796178677491 -0.00570567465227952 0.89476100962101 0.999960500042887 0.0017152882012167 0.00187468634540922 0.00566186916128639 0.0020111668506862 -0.00168697872903716 -0.000329273291168856 0.00525580193225835 -9.14040284752899e-05 0.00241950618743389 0.899315696837458 0.999928551977718 0.00514754422908038 0.00379811203604589 0.00400944799617683 -0.000758082667884251 -0.00198715809314129 0.00326894670107432 0.00134723106385058 0.00602588959586925 -0.00570583243425449 0.894912896283681 0.151 0.0949999999999998 0.0280000000000005 0.0269999999999992

 323 23 500 10 0.9 0.17 0.292 0 0.111 0.999859421757741 0.00108805082295179 -0.0107669096904638 0.000622933086889337 -0.00687057364245922 0.00844794282192265 -0.00428829962379545 0.0048496946456544 0.000831754084154169 0.00157006082487394 0.901954767718222 0.999956586593582 0.000185353614981239 0.00655906370955002 -0.000520537413660166 0.00330970280540925 0.00360683391949109 0.00269476767844094 -0.00078827614581603 0.00274219766090919 0.00203275982063017 0.899107750838275 0.999859422866383 0.00108828581673161 -0.0107667597508734 0.000623044311894609 -0.00687043769756729 0.0084477833735406 -0.00428876869940852 0.00484966169608726 0.000831682470074717 0.00157048724901993 0.901922438292555 0.999956587076317 0.000185254729947125 0.00655895199765792 -0.000520252080572695 0.00330932556500178 0.0036069666183855 0.00269457810176396 -0.000788711072370885 0.00274271895931679 0.00203272289327639 0.899086182573831 0.00300000000000011 0.0280000000000005 0.0270000000000001 0.0249999999999995
