
 1207 7 100 5 0.6 0.00099999999999989 0.274 0.118 0.0140000000000002 0.996777675830792 0.0476905762766187 -0.0313720972006544 0.0010509455559671 -0.0563432421008909 0.644814973672146 0.99839068960743 0.00635872190899867 -0.0434121196552573 -0.0359283179393801 0.000376029211546004 0.584277117040885 0.996775443146256 0.0476933690730928 -0.0313864095637832 0.00104945710264101 -0.0563724260745232 0.644601458154022 0.998390651964652 0.00635991561644599 -0.0434109536062851 -0.0359305906283729 0.000373238579633102 0.584256726030256 0.00199999999999978 0.000999999999999446 0.0200000000000005 0.0149999999999997

 1203 3 100 5 0.6 0.00499999999999989 0.266 0.133 0.0149999999999997 0.99459345128139 0.00346509531748132 -0.0974332180366883 -0.0314670246875608 0.016983938381384 0.55054537414326 0.995651149990993 0.0155434048740883 -0.0681798379597842 0.0162308733974038 0.059373887619636 0.627006986009539 0.99459669952954 0.00346775278376848 -0.0973988533075738 -0.0314623100946512 0.016999011543474 0.550814885455852 0.995651274594388 0.0155459964147161 -0.0681841683486822 0.0162378586293919 0.0593642361003169 0.626896254676651 0.00199999999999978 0.000999999999999446 0.0170000000000003 0.016

 1206 6 100 5 0.6 0.00200000000000022 0.267 0.144 0.0140000000000002 0.995973795754858 0.0593714848995259 -0.00708076717874111 -0.0594309107537942 -0.0304803958901689 0.602716511616699 0.99606150973478 -0.000901173745935484 -0.0292070596854719 0.034617325990946 -0.0762184040538498 0.569219571748209 0.995974000812701 0.0593648855805158 -0.00708520422374207 -0.0594329249238791 -0.0304815908583365 0.602669728480489 0.99606153058898 -0.000901096892962046 -0.0292070894411794 0.0346170851012037 -0.0762182304347062 0.569209500026244 0.00199999999999978 0 0.0169999999999995 0.0129999999999999

 1204 4 100 5 0.6 0.00200000000000022 0.266 0.145 0.0140000000000002 0.99573547504355 0.00194136839206604 0.000956132245818457 -0.0921613032363488 -0.0035319718951365 0.598061550717302 0.996288388550207 0.0343029466002156 0.0625877683511405 0.0344152909654423 -0.0336320337648981 0.619991550803205 0.995735356990486 0.00193928285416573 0.000955561244450137 -0.0921625228609245 -0.00353472822968079 0.598026370738869 0.996287847440762 0.0343010135709721 0.0625935385224096 0.0344212825485241 -0.0336331644781622 0.619912407115645 0.00200000000000067 0 0.0150000000000006 0.0140000000000002

 1201 1 100 5 0.6 0.00199999999999978 0.273 0.15 0.0139999999999993 0.998652700356507 0.0187194599174032 -0.0368742162856583 0.0313473002082774 6.95271739912276e-05 0.646271799746365 0.992619083678327 -0.0106471112926429 0.00153387270251554 0.111966971829795 -0.0453325290770138 0.570117290888134 0.998652501011389 0.0187073503505282 -0.036884490651078 0.0313487956512935 6.80234104469188e-05 0.646075543682763 0.992618963000389 -0.0106463572718421 0.00153363743291044 0.111968020969742 -0.045332765250051 0.570106721327491 0.00199999999999978 0 0.0180000000000007 0.0140000000000002

 1202 2 100 5 0.6 0.00099999999999989 0.273 0.153 0.0140000000000002 0.996862623166898 0.0589927845824754 0.00291013128365075 -0.0431222689282529 0.0302780937049884 0.599500104255686 0.996247611719232 -0.0342834416741268 -0.0631461453098734 -0.0430254937731402 -0.0218337580087466 0.60878665393268 0.996862784207542 0.0589898735528981 0.00290776641258828 -0.0431232306330517 0.0302773207939321 0.599455720297031 0.996247955699049 -0.0342792331823885 -0.0631427356619528 -0.0430264609638097 -0.0218326253104776 0.608723366933754 0.00199999999999978 0 0.0170000000000003 0.016

 1205 5 100 5 0.6 0.00099999999999989 0.274 0.163 0.0140000000000002 0.996686987413201 0.0795751531001577 0.00869436811044139 -0.00570939983874115 0.0132157045565719 0.61072586537803 0.998885344748274 -0.0183549868650827 0.0321732263417731 0.0267633521244437 0.0118223937563115 0.59799310407089 0.996687289548969 0.0795725398394754 0.00868959555501312 -0.00571084264173385 0.0132111680194195 0.610664321652959 0.998885588025873 -0.0183532847023414 0.0321663762146175 0.0267642904549127 0.0118209971028728 0.597953286013251 0.00100000000000033 0 0.016 0.0150000000000006

 1208 8 100 5 0.6 0.00099999999999989 0.26 0.169 0.0149999999999997 0.993527069094209 -0.00324529102162511 -0.0987246993238832 -0.0541170506696572 0.014771920439919 0.591089747412605 0.998946877181454 -0.0123923733940681 -0.0103160549794892 7.79671149469976e-05 0.0429550763224987 0.633812656525721 0.993526839743812 -0.0032445968632949 -0.0987262702601379 -0.0541188000173194 0.0147705905459493 0.591061782558988 0.998946914320129 -0.0123918589137501 -0.0103305012531653 8.82193445628049e-05 0.0429508691898182 0.633684099301693 0.00199999999999978 0 0.0150000000000006 0.016

 1209 9 100 5 0.6 0.00099999999999989 0.262 0.157 0.0149999999999997 0.999410430882993 0.00966638969489174 -0.0154029002642535 -0.0259854052927965 0.0131476586415996 0.627172794613612 0.994162424679624 -0.0686721443989816 0.014168426640835 -0.0521291767158893 -0.063300983880367 0.607391116099268 0.999409966539923 0.00966319072609617 -0.0154217064616714 -0.0259957180150616 0.0131428741283386 0.627065027391242 0.99416215869183 -0.0686692638750481 0.0141680576690638 -0.05213357113088 -0.0633047496408223 0.607340805426365 0.00199999999999978 0.00100000000000033 0.0169999999999995 0.0129999999999999

 1214 14 100 5 0.6 0.00200000000000022 0.259 0.12 0.0149999999999997 0.998351708924734 -0.0178655701117029 -0.0158864820112766 -0.0506198049346304 -0.0126468070805101 0.58769292387718 0.99784211524023 -0.00379233126122324 -0.0121499894393906 -0.0505528742890188 0.0399188668958766 0.595338074909762 0.99835184810044 -0.0178652924530105 -0.0158876675342369 -0.0506165137866453 -0.0126478959677658 0.587667996599592 0.997842120070266 -0.00379590386129755 -0.0121497408208066 -0.0505528309725654 0.0399185371250001 0.595306141770222 0.00199999999999978 0.000999999999999446 0.016 0.0140000000000002

 1210 10 100 5 0.6 0.00200000000000022 0.261 0.127 0.0150000000000006 0.997766659558146 0.0208149823818034 -0.0269493920420744 -0.0168888812531873 -0.0549265467802469 0.586212097843211 0.994396187060895 -0.00300199310598686 0.0993697186622825 0.000648154567727725 -0.0359506620909794 0.599358394149046 0.997766624906143 0.0208142911685263 -0.0269526930340696 -0.0168877573482334 -0.0549261640433179 0.586190203757507 0.9943964559735 -0.00300070548148782 0.0993694642685106 0.000649235026988294 -0.0359440145062563 0.599318595804043 0.00199999999999978 0.000999999999999446 0.0149999999999997 0.0150000000000006

 1213 13 100 5 0.6 0.00200000000000022 0.261 0.127 0.0149999999999997 0.991182253995583 0.111858194030238 -0.0602864379098237 -0.0236922805372621 -0.0291497005064989 0.603099406846834 0.993416501658411 0.100677844773143 0.0168296755632249 0.0520027371515612 -0.000321175624484774 0.629490523670664 0.991182666241029 0.111853923227366 -0.0602882899423826 -0.0236903448117068 -0.02914981407312 0.603054169097127 0.993416825010245 0.100678986819483 0.0168399742638835 0.0519909497691925 -0.000331373588068978 0.629372481891584 0.00199999999999978 0 0.016 0.0149999999999997

 1212 12 100 5 0.6 0.00199999999999978 0.261 0.137 0.016 0.988383467885195 0.0640599171350861 0.0839480180665629 0.0650963323271363 -0.0878045853479932 0.605181369952291 0.995328490334336 -0.0520531591910024 0.0763245103316845 -0.0270966955362793 0.00721132169921834 0.581784263591139 0.988384226182027 0.0640543313171693 0.0839462310388538 0.0650981316954108 -0.0878004989632963 0.605130050058789 0.995328559293773 -0.052052272304184 0.0763233566381657 -0.0270988279344713 0.00721240308174773 0.581765922093017 0.00100000000000033 0.00100000000000033 0.0169999999999995 0.0129999999999999

 1211 11 100 5 0.6 0.00099999999999989 0.259 0.166 0.016 0.994706969815308 -0.0127209594118512 -0.0256361547026307 -0.0945577809863451 -0.02824597350937 0.622133494558549 0.991978043163593 0.0699523535680874 -0.0904741651447277 -0.049459438608703 -0.0213171171946351 0.646039482161489 0.994707386206734 -0.0127211722062935 -0.025636508242106 -0.0945517787446499 -0.0282509855552178 0.622040521548587 0.991979227719525 0.0699560047860636 -0.0904606824995248 -0.0494605602555291 -0.0213046255136357 0.645847881573211 0.00199999999999978 0 0.0170000000000003 0.016

 1222 22 100 5 0.6 0.00199999999999978 0.256 0.124000000000001 0.0170000000000003 0.993296716221196 0.0695530949483397 0.0474204174506676 -0.0750165394210303 0.0254523741406207 0.587048185826869 0.998631818420289 0.0045990015724543 0.0179713032590226 -0.048089231331736 -0.00882034649083455 0.623976548443207 0.993296695471515 0.0695520509608136 0.0474206018810323 -0.0750179922645893 0.0254514110874848 0.58702520486953 0.998631743764181 0.00460275992374861 0.0179829299572071 -0.0480864598765328 -0.00881825120377521 0.623878859758105 0.00200000000000067 0 0.0150000000000006 0.0149999999999997

 1216 16 100 5 0.6 0.00099999999999989 0.257 0.132 0.0150000000000006 0.99047618716849 0.00817162946732606 0.0653766019922114 -0.105412307534824 0.059197064590693 0.598359068564804 0.99566129981255 0.0771653501861521 -0.0172733368272036 0.0125793431648352 -0.0474075600155437 0.581888211228785 0.990476891630117 0.00816555315775661 0.0653707856002392 -0.105412467457516 0.0591922544163923 0.598320629767363 0.995661311191518 0.0771640999885151 -0.0172758974421333 0.0125807479788414 -0.0474080501308715 0.581870011256603 0.00199999999999978 0.00100000000000033 0.016 0.0129999999999999

 1220 20 100 5 0.6 0.00199999999999978 0.255 0.138000000000001 0.0149999999999997 0.997369346022008 0.0511584862164934 -0.0361243968659242 -0.0289356366994975 -0.0222475567992688 0.653461163544609 0.997946802197451 0.0442356518650949 -0.0331393668753582 -0.0318251890469097 -0.00585890716608444 0.652110652297674 0.997368298937214 0.0511461886406867 -0.036137240309886 -0.028952557266654 -0.0222798777628103 0.653210835654635 0.997946991574595 0.0442524314006197 -0.0331280523069444 -0.0318048038112498 -0.00587460017576528 0.651879840004345 0.00300000000000011 0 0.0190000000000001 0.016

 1232 32 100 5 0.6 0.00200000000000022 0.254 0.146 0.0169999999999995 0.996276474271838 0.0356598300553482 0.00300433843286414 -0.033703739203526 -0.0708279270286905 0.575583172976958 0.992941103119134 0.114151684280733 -0.022331318179173 0.0169331031517897 0.0158726481237758 0.649057001150988 0.996276611527429 0.0356599098299331 0.00300437675440299 -0.0337031876860276 -0.0708262169995166 0.575570193794286 0.992941293947654 0.114148128328481 -0.0223304563654752 0.0169279894660103 0.0158929375450615 0.648831099773001 0.00199999999999978 0.000999999999999446 0.0149999999999997 0.0170000000000003

 1226 26 100 5 0.6 0.00200000000000022 0.257 0.122 0.0170000000000003 0.996642277061782 0.0304844378021283 0.044022810398178 -0.0459948939184959 0.041488944588482 0.610377194177841 0.992807174987714 -0.0247115925222113 -0.100045131178299 -0.0435858208988243 -0.0425969298426863 0.603411789077793 0.996642255466077 0.0304872569434624 0.0440217126075818 -0.0459905929441749 0.0414933243220222 0.610317210391159 0.992806640838573 -0.0247113348065483 -0.100048169278816 -0.0435885887389155 -0.0425995609673922 0.603366781698107 0.00199999999999978 0.00100000000000033 0.016 0.0140000000000002

 1229 29 100 5 0.6 0.00200000000000022 0.258 0.117 0.016 0.998180909615255 0.0279648835587222 0.047584164366271 -0.000808175675480018 0.0242472910002309 0.623883710874382 0.998612991423848 0.0472991749019343 -0.00710389256971394 0.0144196304255129 0.0166279999356421 0.530686954571866 0.998181815520576 0.0279629943959846 0.0475747792771752 -0.000807340465812958 0.0242306146549517 0.623782378595659 0.998612990570503 0.0472951952336813 -0.00708470273823389 0.0144309285689242 0.0166377540369737 0.530532835952835 0.00199999999999978 0.000999999999999446 0.0190000000000001 0.0150000000000006

 1224 24 100 5 0.6 0.00200000000000022 0.255 0.173 0.016 0.99696309109237 0.0366140051848824 -0.0323440446020179 -0.0547838866763858 -0.026011500596444 0.612261063656389 0.991429163456106 0.0119713987734302 0.0112443773908482 0.0562910738736429 0.116746642090374 0.557101147434478 0.996963243639868 0.0366081564979892 -0.0323430583894833 -0.0547853306151494 -0.0260120708959261 0.612197897506648 0.991430282591791 0.0119662709640475 0.0112250754437586 0.0562891146245065 0.116740465885859 0.557234384541568 0.00300000000000011 0.00100000000000033 0.0170000000000003 0.0129999999999999

 1217 17 100 5 0.6 0.00100000000000033 0.254 0.118 0.016 0.997378431025289 -0.00613265133718706 -0.0133727962669505 -0.0700902475892876 0.0103528462745802 0.615923283515855 0.997637510816115 0.0351141368332871 -0.0541471221899419 0.0222214988827534 -0.00779028581192284 0.584771398988426 0.997379374406307 -0.00614704393153479 -0.0133776310113586 -0.0700739785733416 0.0103573102306345 0.615842776905647 0.997637403679893 0.0351160564235494 -0.0541489342850629 0.022219507231789 -0.00778843850006712 0.584749364814906 0.00199999999999978 0 0.0200000000000005 0.0140000000000002

 1218 18 100 5 0.6 0.00200000000000022 0.257 0.137 0.016 0.996259344372864 -0.0771189396892043 -0.00639498125284539 -0.0380594241370853 0.00552922599413012 0.598420185680571 0.99071018810958 0.0830154949688601 0.0313953032312997 0.00701915860674418 0.10279502477466 0.562685542284506 0.996259171587078 -0.0771204668687597 -0.00639449150025415 -0.0380611598582823 0.00552767648013302 0.598383293672299 0.990710429359218 0.083014660789335 0.0313953119401445 0.00702026035320572 0.102793295431466 0.562680035544381 0.00199999999999978 0 0.016 0.0129999999999999

 1223 23 100 5 0.6 0.00199999999999978 0.257 0.151999999999999 0.016 0.990557322836766 0.0283225574724577 -0.125749544407817 -0.0308758711722803 -0.0350393432195394 0.558591528175852 0.994068296808135 0.000598863024449583 -0.0503693831416232 -0.0594350033744757 -0.0758832541464852 0.575210706800381 0.990557319086711 0.028338516558764 -0.12574745265786 -0.0308824105337653 -0.0350282878925052 0.558696585723176 0.994068250967325 0.000598036129244553 -0.0503692472327628 -0.0594354416010366 -0.0758836081538459 0.575195730912576 0.00200000000000067 0.000999999999999446 0.0170000000000003 0.0130000000000008

 1225 25 100 5 0.6 0.00099999999999989 0.257 0.121 0.0149999999999997 0.994060869150606 0.054389629069019 -0.0669282711574041 0.0257160391518882 -0.0611886306718411 0.584221513513504 0.994837991822864 0.0511903610143885 -0.00558377038468746 -0.0483106031001827 0.0728822619123173 0.557325251110172 0.994060964459162 0.0543877318159792 -0.0669291047379355 0.0257150344475126 -0.0611882791780795 0.584200696329049 0.994839406328522 0.0511682014676937 -0.00558942914755503 -0.0483200597258297 0.072871811315296 0.557458451038002 0.00199999999999978 0.00100000000000033 0.0149999999999997 0.0140000000000002

 1215 15 100 5 0.6 0.00199999999999978 0.256 0.115 0.016 0.996687437442417 0.0300310005494598 -0.0537741004897946 0.052132687605361 -0.0101400221903953 0.560208841670563 0.993591745640588 -0.0387632466654406 0.0355015418680014 0.0145036077155843 0.0990057553431647 0.677307466679654 0.996687540977239 0.0300297312994808 -0.0537735469813915 0.0521319777285012 -0.0101401894450444 0.560260669074344 0.993593721833299 -0.0387541337972038 0.0354928621774687 0.0145037373502216 0.0989925824716558 0.677603712175598 0.00199999999999978 0.00100000000000033 0.0149999999999997 0.016

 1221 21 100 5 0.6 0.00199999999999978 0.258 0.145 0.0149999999999997 0.99573066720757 -0.083976867829414 0.0142707114701005 -0.0277470992708159 0.0222434108922617 0.614405942618318 0.993500636522258 -0.0112005890146856 0.0667425417334485 -0.00188573547908709 0.0915036018977093 0.571553447440527 0.99573102705164 -0.0839759511160599 0.0142635894191318 -0.0277467230809227 0.0222357994232526 0.61433653725933 0.993500550477011 -0.0112015346696674 0.0667437053636292 -0.00188574563061334 0.0915035714093702 0.57154220068578 0.00199999999999978 0 0.016 0.0129999999999999

 1219 19 100 5 0.6 0.00199999999999978 0.257 0.135999999999999 0.016 0.990295733865798 0.064638498740702 -0.11772245161134 -0.0124395377921676 -0.0335097934025502 0.651595334826526 0.989018935117516 0.0818163037300866 0.0846614812887967 0.0893309713842029 0.00022262188035086 0.614104407750749 0.990296988757905 0.0646130724552374 -0.117727101216798 -0.0124321981852062 -0.0335081335244706 0.651338703551624 0.989018537430292 0.0818160626900422 0.0846571446049603 0.0893397104835259 0.000220234420015739 0.614036863864726 0.00199999999999978 0 0.0189999999999992 0.0139999999999993

 1227 27 100 5 0.6 0.00099999999999989 0.257 0.124 0.0149999999999997 0.996629300206861 -0.0519809570257576 -0.0278506545235902 -0.0206434301968282 0.0531620908936563 0.600161126802552 0.997888185816578 0.00166315317181413 -0.0173105224664518 0.02295934527923 0.0582204157105856 0.600202176582807 0.996629357474681 -0.0519801880673723 -0.0278539811352368 -0.0206402915688796 0.0531612449718266 0.600119758647472 0.997888006761645 0.00166088706528131 -0.0173118872678491 0.0229561061950342 0.0582244206756541 0.600163034614432 0.00100000000000033 0 0.0149999999999997 0.0129999999999999

 1230 30 100 5 0.6 0.00199999999999978 0.254 0.151999999999999 0.0149999999999997 0.999010378233237 0.0140901494968411 0.00829044150711174 -0.0399981651552332 0.0105426388192221 0.578219176524656 0.997517992751178 0.0408724013547784 0.0367754960930443 -0.0427669781496287 -0.0102883143524171 0.59099544792924 0.99901045390522 0.0140892574813998 0.00828844762258892 -0.039997214348905 0.0105418353262267 0.578202988589333 0.997517779480562 0.0408740223877201 0.0367775287923663 -0.0427687885566196 -0.0102877604629256 0.590967308136011 0.00199999999999978 0 0.0149999999999997 0.0129999999999999

 1231 31 100 5 0.6 0.00099999999999989 0.258 0.173 0.0139999999999993 0.994852221699118 -0.0271469636487849 0.0338298515502388 -0.0844951929612372 0.0353299144566127 0.588176236605119 0.998777101593193 0.0298056493798474 0.00683892762103676 -0.0101171118139195 -0.0375073021648589 0.586201887235856 0.994852504732486 -0.0271475110463842 0.0338259915401024 -0.0844934179941383 0.0353294648060561 0.588152387305289 0.998777118409886 0.0298062656640877 0.00683879061474648 -0.0101143348288582 -0.0375071385459278 0.586179424383149 0.00199999999999978 0 0.0150000000000006 0.0129999999999999

 1228 28 100 5 0.6 0.00200000000000022 0.26 0.173999999999999 0.0140000000000002 0.999509563544789 0.0272321075269753 -0.0150077388136726 0.00156499384317987 0.00337094528537724 0.620477336910055 0.990453235281359 -0.0324293144260676 -0.0391831815562783 -0.123688387748817 0.0334154052162998 0.622952493432577 0.999509485842686 0.0272318888362135 -0.0150146016200616 0.00156194813574222 0.00336660023067648 0.620394175845555 0.990453896135659 -0.0324315420868856 -0.0391773192783617 -0.123685540075733 0.0334110690923762 0.622862702654621 0.00199999999999978 0.000999999999999446 0.016 0.0140000000000002

 1233 33 100 5 0.6 0.00299999999999967 0.268 0.134 0.0149999999999997 0.998281550974138 0.0232380622866359 -0.0201796270026537 -0.0067987501060731 0.0494013876005527 0.643180558933569 0.997739459707964 -0.0078226139898642 -0.0384108101505342 0.0536841649271748 -0.00986900966041167 0.592329519802634 0.998282414117688 0.0232278335803953 -0.0201756570512502 -0.0068089395074342 0.0493889726139083 0.642993276890533 0.997739582103725 -0.00782189922929531 -0.0384093786843979 0.0536828214065845 -0.00987008160244906 0.592300420358473 0.00199999999999978 0.00100000000000033 0.0179999999999998 0.0149999999999997

 1234 34 100 5 0.6 0.00200000000000022 0.275 0.121 0.0150000000000006 0.9848796620785 0.102284424976821 -0.0654218918029181 -0.00744605850059451 -0.12334698989855 0.577018794216906 0.997180085098311 -0.0432632458371541 -0.0373837257921522 0.0403638749049339 -0.0270810651842817 0.662558015229833 0.984879733688163 0.102283068731688 -0.0654231166694516 -0.00744610218328733 -0.123346890470302 0.577003217930701 0.997179806903637 -0.0432707321103054 -0.0373770196650238 0.0403610825121897 -0.0270927640832065 0.662205558300194 0.00199999999999978 0.000999999999999446 0.0149999999999997 0.0179999999999998

 1235 35 100 5 0.6 0.00099999999999989 0.271 0.126 0.0139999999999993 0.99422363247597 -0.0365083170920678 -0.0463152126754136 0.0193470905632776 -0.0875619927306333 0.587334954158241 0.993685967456651 0.04364771391199 -0.032232260477084 0.00628020909298264 0.0980036504844728 0.56504672266593 0.99422348248588 -0.0365090288079939 -0.046316019410993 0.0193441396781152 -0.087563624269333 0.587310959118279 0.993686118549212 0.0436477105640006 -0.0322316897511573 0.00627952589564815 0.0980023514791066 0.565039655927419 0.00200000000000067 0.000999999999999446 0.0149999999999997 0.0119999999999996

 1237 37 100 5 0.6 0.00099999999999989 0.279 0.111 0.0149999999999997 0.996483023874279 -0.0351140912119142 0.00553343998922929 0.00605957031573674 -0.0756389210539653 0.636401037878291 0.993799981945013 -0.0598705330711363 -0.0675605116234035 -0.0522607278881919 -0.0384903721162899 0.590717635900069 0.99648270064854 -0.0351144851486003 0.00552171221527446 0.00605798123668817 -0.0756439805833057 0.636250583450231 0.993800214503894 -0.059871238387581 -0.067558660644521 -0.0522582181553353 -0.0384899269043015 0.590689376176024 0.00199999999999978 0.00100000000000033 0.0169999999999995 0.0149999999999997

 1239 39 100 5 0.6 0.00299999999999967 0.273 0.169 0.0140000000000002 0.991995953722123 0.0716079951846218 -0.0590476026109193 -0.0856132522348158 -0.000272932692472732 0.608249597986675 0.990440453616591 0.0443856061245575 -0.0850874021549312 0.0900090791132823 -0.04142614488969 0.625981922502971 0.991996333442162 0.071605963802261 -0.059049593253193 -0.0856091608243763 -0.000278396901842232 0.608193126804679 0.990439974312473 0.044383990534323 -0.0850942140919337 0.0900054269796784 -0.0414332778143161 0.625874146209715 0.00200000000000067 0 0.016 0.016

 1236 36 100 5 0.6 0.00099999999999989 0.28 0.170999999999999 0.0140000000000002 0.998247924141878 0.00559501864929919 0.0558700555446618 -0.018557640893681 -0.00198206221998505 0.593218469996432 0.973054048103628 0.183976521640194 -0.119956314594048 0.0682658152275374 0.0163926817406905 0.561798206136767 0.998248132112795 0.00559160297082206 0.0558675076656655 -0.0185550874400287 -0.00198268173229715 0.593186171256365 0.973054483758623 0.183974079373599 -0.119956362264316 0.0682657933400246 0.0163939735221815 0.561815402734947 0.00199999999999978 0.00100000000000033 0.0170000000000003 0.0119999999999996

 1241 41 100 5 0.6 0.00099999999999989 0.265 0.127 0.0140000000000002 0.990656935069714 0.0135293802119526 0.098530112696495 -0.00619314071495345 0.093108832929324 0.562088371964645 0.993568656196131 0.0896636412460691 0.065612383417882 -0.0067211297241533 0.0207749469449833 0.605775879251438 0.990656767584169 0.0135290630587634 0.0985310882544033 -0.00619384242045593 0.0931095819768946 0.56209762494191 0.993569515735361 0.089659098261851 0.0656042684736023 -0.00672099694929448 0.0207791159177507 0.605722571281328 0.00199999999999978 0 0.0150000000000006 0.016

 1240 40 100 5 0.6 0.00199999999999978 0.274 0.153 0.0149999999999997 0.996020697920154 0.0339944953954337 -0.072884889753223 0.037700999189986 0.00731922831966835 0.616827620814932 0.995949631861864 -0.0210735653769414 -0.0795375965158992 -0.0244054254631942 -0.0268026413801873 0.612362363133434 0.996020894680607 0.0339901941152402 -0.0728840947172092 0.0377008588696214 0.00732106832344056 0.616754351491441 0.995949850794579 -0.0210770830226937 -0.0795366305889084 -0.0243974416095942 -0.0268018751392419 0.612299095267384 0.00199999999999978 0.000999999999999446 0.016 0.0140000000000002

 1238 38 100 5 0.6 0.00199999999999978 0.272 0.145999999999999 0.0149999999999997 0.999498742267179 -0.000378225190815 0.0237098693279373 -0.0117743594094426 0.0173587934195438 0.557931836111784 0.998913345400184 -0.0357308371759155 -0.0116797631852116 -0.0265288139013518 -0.00743241690468293 0.626994289508635 0.999499074901063 -0.000366410104387194 0.0236987709599735 -0.0117673197355607 0.0173598230631193 0.558051331834292 0.998912943930199 -0.0357337594231468 -0.0116865836943046 -0.0265349030418202 -0.00743986346041588 0.62688861631664 0.00199999999999978 0.00100000000000033 0.0179999999999998 0.0150000000000006

 1242 42 100 5 0.6 0.00299999999999967 0.269 0.183 0.0140000000000002 0.996173364023592 0.0260172005936864 -0.0527809710420505 -0.056952044309736 -0.0305346987538571 0.60171763760354 0.987942440310955 -0.00930697662224455 0.118153907240283 0.0996072657939383 0.00107778638830775 0.571858702149249 0.99617342092069 0.0260131564637115 -0.0527815772851545 -0.0569510599949482 -0.0305370759357746 0.601671281466463 0.987942497672057 -0.00930826039736537 0.118153514566622 0.0996070346340813 0.00107853086752363 0.571845597147067 0.00200000000000067 0.000999999999999446 0.0170000000000003 0.0149999999999997

 1245 45 100 5 0.6 0.00199999999999978 0.271 0.148 0.0150000000000006 0.997368467237029 0.0326939820434601 -0.0326717787083313 -0.0547427080269914 0.0110921095066071 0.564323024105457 0.993737638890178 -0.0692877741461957 -0.0816401484773178 0.00344162302162594 -0.0317450908711559 0.573943458540111 0.997368448589953 0.032693901601182 -0.0326711692462 -0.0547434644466816 0.0110920852783803 0.56431616765224 0.9937375870124 -0.069288176830183 -0.0816407372948893 0.00344229742124483 -0.031744248498458 0.57393016377619 0.00200000000000067 0 0.0140000000000002 0.0129999999999999

 1243 43 100 5 0.6 0.00200000000000022 0.271 0.168 0.0150000000000006 0.993178719802319 0.0441560732027005 -0.0877479217815701 -0.00887606467499299 -0.0621915543305169 0.631252647194197 0.999222740298864 -0.0155508139682955 -0.0148421892141265 0.00477558359906087 0.0326954228474378 0.609156580188849 0.993177147389467 0.0441589590626265 -0.0877611123954404 -0.00886918961298591 -0.0621969843686168 0.631128050589713 0.999222735592121 -0.0155491874586953 -0.0148443966135183 0.0047798678752846 0.0326947120716496 0.609105403748993 0.00199999999999978 0 0.0169999999999995 0.0129999999999999

 1244 44 100 5 0.6 0.00099999999999989 0.274 0.145 0.0149999999999997 0.992357055240535 0.0741060899666539 -0.000975563665692646 -0.0918277422687162 0.0360898374830592 0.627143889934522 0.997511399585983 0.0688308132609998 -0.0121375802850776 0.00463556600319789 0.00803227953296489 0.631488247173833 0.992357868041678 0.0740993165310601 -0.000976343007194436 -0.0918227791875773 0.0360940022996479 0.627036142167686 0.997511363118026 0.0688267883869938 -0.0121572426065296 0.00463295475793243 0.00804306118130356 0.631360797546272 0.00199999999999978 0.000999999999999446 0.016 0.0149999999999997

 1246 46 100 5 0.6 0.00200000000000022 0.274 0.169 0.0140000000000002 0.996896634136269 0.0153102397717089 -0.0293783251008269 -0.0686532189079549 0.0196557104617575 0.628950278321645 0.996738589731486 -0.0267240804568245 -0.0138857684056451 -0.0560634249426271 0.0496194022869363 0.550822051422093 0.996896803108193 0.0153090323309838 -0.0293878583918694 -0.0686483775809437 0.0196507383168656 0.628840539812006 0.996736837709966 -0.0267506630678958 -0.0138915339706521 -0.0560932671167033 0.0496049296489802 0.551086020325225 0.00100000000000033 0 0.0170000000000003 0.016

 1250 50 100 5 0.6 0.00200000000000022 0.275 0.126 0.0179999999999998 0.993143144012743 -0.00393675885960912 -0.0739759573329782 -0.0898474985154692 -0.0103044736569655 0.596179476850032 0.999655924597911 0.0228125043106549 0.00481146268724511 0.00155792536640674 0.0119182531746135 0.634285522056867 0.993143273951622 -0.00393819814327521 -0.073976202860886 -0.0898457482766767 -0.0103048982007178 0.596146135282202 0.99965589780882 0.0228154265612988 0.00481195589969364 0.00155640110424805 0.0119149059119514 0.634155076377556 0.00300000000000011 0.00100000000000033 0.016 0.0150000000000006

 1249 49 100 5 0.6 0.00499999999999989 0.266 0.135 0.0170000000000003 0.995984760674755 0.000184107294712714 -0.0043362612957472 0.0211217659263261 -0.0868872283496458 0.593509380434617 0.998008465766245 0.0257214490622881 -0.0489143550778646 0.0155480986671957 -0.02613717299543 0.660970960496224 0.995984919526458 0.00018496575590364 -0.00434019181515205 0.0211195163096239 -0.0868857561939743 0.593479044024723 0.99800842201437 0.0257242414536247 -0.0489034358016312 0.0155614523797404 -0.0261485784824326 0.66067989885839 0.00199999999999978 0.00100000000000033 0.016 0.0149999999999997

 1251 51 100 5 0.6 0.00200000000000022 0.267 0.127 0.016 0.996502215055721 -0.0571342702040877 0.050130796864091 -0.0267161848172313 0.0221846620860274 0.604111966509707 0.997255727568655 0.015363626123364 0.0536296022706344 -0.0447742470611539 -0.0190815456463471 0.610267249240967 0.996502355477263 -0.0571331750083536 0.0501281335650095 -0.0267193229709256 0.0221834137813715 0.604060968945541 0.997256070011998 0.0153675402405032 0.0536297048917701 -0.0447652255822618 -0.0190813747663002 0.610201815040404 0.00199999999999978 0.00100000000000033 0.0170000000000003 0.0149999999999997

 1252 52 100 5 0.6 0.00099999999999989 0.263 0.126 0.016 0.998262121957199 -0.0445962763271522 0.0326155196513834 0.00431816360229711 0.0200371990117659 0.612523863034591 0.991505675183399 0.123298987530922 -0.00638441399529951 0.00156293950931197 -0.0408736128937599 0.549498657535181 0.998262531735141 -0.0445944334495012 0.0326111610950513 0.00432319004924849 0.0200268928917053 0.612459184557989 0.99150778814635 0.123292866188626 -0.0063918113702577 0.0015844073965758 -0.0408388245758228 0.549811002925165 0.00199999999999978 0 0.0170000000000003 0.0149999999999997

 1257 57 100 5 0.6 0.00100000000000033 0.266 0.118 0.016 0.996599144855669 -0.0176055365343423 -0.0209519215328605 -0.0628262420112284 -0.045761008021179 0.593801451888801 0.998131866648724 -0.0540505437192099 -0.0228591633928883 -0.0046134607551438 -0.0163551255827951 0.58754718469332 0.996599298509206 -0.017607477794585 -0.0209528326480927 -0.0628239156841052 -0.0457596914195064 0.593770104164629 0.998131742360332 -0.0540523204927804 -0.0228600699024049 -0.00461293459437296 -0.0163557201174324 0.58752208589792 0.00200000000000067 0.000999999999999446 0.0149999999999997 0.0130000000000008

 1248 48 100 5 0.6 0.00200000000000022 0.263 0.175 0.016 0.99915499379386 0.0377942641761288 -0.00744088044288305 -0.00994046303206967 0.0103301725600465 0.633824594346017 0.994417918824552 0.0236759757859935 0.00771654687790594 0.0317039184050142 -0.0975077809883735 0.579260794719712 0.999155365617398 0.0377942921591674 -0.00744431046952361 -0.00992909150867183 0.0103025347170911 0.633685905918878 0.994417851242865 0.0236764290342472 0.00771586565791576 0.0317025262110175 -0.0975088667081048 0.579244035669451 0.00199999999999978 0 0.0179999999999998 0.0129999999999999

 1254 54 100 5 0.6 0.00200000000000022 0.26 0.124 0.0149999999999997 0.99922618060563 0.0138065816857205 -0.0131047932279487 -0.024140299929117 0.0245342333938628 0.612582712519053 0.997820040637731 0.0540111907111032 0.0176693521961691 0.0242170536107275 -0.0232225340363358 0.624699208800895 0.999226192338275 0.0138026643247391 -0.0131104604141463 -0.0241405287461617 0.0245327067865597 0.612517196898162 0.997820401064786 0.0539997770334712 0.0176743201531503 0.0242243823663026 -0.0232221662499339 0.62458916260882 0.00199999999999978 0 0.016 0.016

 1253 53 100 5 0.6 0.00199999999999978 0.271 0.149 0.016 0.99540331294437 -0.0402280960259565 -0.0650147905677488 -0.0199426625442654 0.0541231197139975 0.555409826184917 0.988189313692026 0.0292609740440965 -0.138690490344908 0.0538112380434704 -0.0222480167878034 0.598998763549932 0.995404757094534 -0.0402154287585599 -0.064999965617326 -0.0199429247810425 0.0541236830256433 0.555580048663182 0.988189435762264 0.0292620604631332 -0.138689228715566 0.0538129684950021 -0.0222448449162162 0.598960209903576 0.00199999999999978 0.000999999999999446 0.0140000000000002 0.0129999999999999

 1258 58 100 5 0.6 0.00200000000000022 0.266 0.123 0.0149999999999997 0.996922496115286 0.00338385105360482 -0.0400577308080848 -0.0544353903544397 0.0395759114965279 0.628224661397996 0.997365302357432 -0.0499711743312946 0.0139547296389442 -0.0503043543237473 -0.00633031169804656 0.611070719823177 0.996921313604048 0.00338140722079895 -0.0400681527466091 -0.0544442359803293 0.0395831892497299 0.628105924674341 0.997365816681867 -0.0499648868364109 0.0139546124129725 -0.050300500668981 -0.00632978852659073 0.611005691570258 0.00199999999999978 0.00100000000000033 0.0170000000000003 0.0140000000000002

 1259 59 100 5 0.6 0.00300000000000011 0.258 0.128 0.016 0.998105704339385 0.0470546019652348 -0.0202025989591647 -0.027965812011589 0.0195098885927342 0.598769011364418 0.991600766011325 -0.0193444946379561 -0.0440779083226999 -0.0687127245981555 -0.0984348050699039 0.586649895800613 0.998105542540377 0.0470532024436912 -0.0202102692138115 -0.027971107325098 0.0195060058260464 0.598725983235621 0.991600629431693 -0.0193456014510687 -0.0440758391635749 -0.0687118130611706 -0.0984375261932188 0.58662838575141 0.00199999999999978 0.00100000000000033 0.0170000000000003 0.0119999999999996

 1255 55 100 5 0.6 0.00099999999999989 0.266 0.144 0.0170000000000003 0.992013297684367 0.0514818351485458 0.0233335459593068 -0.0533260347529222 0.0993534977623906 0.603704128682021 0.996351284501791 -0.0261599212801128 -0.0223997591031662 0.0413273821120245 0.0662576385795315 0.5663865606633 0.992013353551154 0.0514809979616827 0.0233321623002979 -0.0533224266607075 0.0993556351822465 0.60365813510071 0.996351267198861 -0.0261581159727149 -0.0224000818093891 0.0413275969399263 0.0662583684230622 0.566378939584869 0.00199999999999978 0 0.0150000000000006 0.0129999999999999

 1263 63 100 5 0.6 0.00199999999999978 0.261 0.135 0.0150000000000006 0.9896205363236 -0.0972918365371449 -0.0893592908579876 -0.0265542244456726 0.0499528070409058 0.574291581843812 0.999415773816488 -0.0175695835708813 -0.025041912574794 -0.0151733265581885 -0.00144691246823039 0.572252092895911 0.989620414469672 -0.097292626110573 -0.0893607696260973 -0.0265533813264952 0.049951486077427 0.574279237658947 0.99941578603158 -0.0175688797281805 -0.0250429761951675 -0.015171753844662 -0.00144510364393149 0.572239856311538 0.00199999999999978 0.00100000000000033 0.0140000000000002 0.0130000000000008

 1264 64 100 5 0.6 0.00200000000000022 0.256 0.143 0.016 0.994882191287936 0.00461330559895024 -0.0513488969516951 -0.0749123366392719 -0.044040611606267 0.627494158234686 0.995324479273328 0.047516555411066 -0.0745186779096119 0.0100034542987902 0.0376597326841516 0.560472196840347 0.994881564075486 0.00460906508241915 -0.0513535102175972 -0.0749186807106909 -0.0440390536987585 0.627380261817257 0.995324689553936 0.0475159032549187 -0.0745149727122765 0.0100036637668745 0.03766227363235 0.560523475263056 0.00199999999999978 0.00100000000000033 0.016 0.0120000000000005

 1256 56 100 5 0.6 0.00199999999999978 0.261 0.146 0.0149999999999997 0.994332339813024 0.0280438404734915 -0.0872393545994597 -0.0261366198192746 -0.0471477796608319 0.601061422560678 0.99790241141508 0.0162117849231105 0.0142710220111393 -0.0141959481101182 0.0593529132358888 0.607356973978833 0.994332226089967 0.0280433987528583 -0.0872388695469461 -0.0261363007545289 -0.0471515150170088 0.601020555297999 0.997901906165275 0.0162092307793648 0.0142752235374611 -0.0141934487007506 0.0593616923291942 0.607304797953885 0.00199999999999978 0 0.0140000000000002 0.0140000000000002

 1261 61 100 5 0.6 0.00099999999999989 0.26 0.155 0.016 0.998881069093622 0.00152792873629936 -0.023895939306206 -0.0405790371405324 0.00407444101467584 0.633673226366868 0.996844163294728 -0.0250216538618969 0.0423545772837771 0.0382620017996868 -0.0491705190601251 0.57332295126948 0.998880955756872 0.00152841460816101 -0.0239062817455291 -0.0405757442363932 0.00407416835548988 0.633536457872591 0.996844221291618 -0.0250212062528124 0.0423566033375179 0.0382618573197573 -0.0491679381641347 0.573309441572928 0.00199999999999978 0.00100000000000033 0.0169999999999995 0.0140000000000002

 1260 60 100 5 0.6 0.00100000000000033 0.255 0.164 0.016 0.996830307880262 0.0389982093945924 -0.0654810883168497 0.00404377115770854 -0.0224577813468672 0.599457365720595 0.991498273405803 0.112605040367232 -0.0322950197779565 -0.0566411194289453 -0.000306601667499994 0.651758826951742 0.996830170051697 0.0389973080487569 -0.0654823607685874 0.00404586000577798 -0.0224613776211696 0.599418871691265 0.991499580095539 0.112604978691605 -0.0322868597644862 -0.0566230422897507 -0.000302014294722981 0.651531740152538 0.00200000000000067 0 0.0150000000000006 0.0139999999999993

 1262 62 100 5 0.6 0.00199999999999978 0.263 0.149 0.016 0.995686195543525 0.074627747166605 0.00173049579614012 -0.0167333760442406 0.052504274753201 0.624930705800752 0.991892410307283 -0.00132963615246128 0.0569136466707416 -0.056130160614871 0.0987821863217104 0.614888698878794 0.995686716958701 0.0746211353518856 0.00172834622023026 -0.0167328728170555 0.0525040152505504 0.624828033555568 0.991891746677018 -0.00133293245456532 0.0569201476884205 -0.0561309263058736 0.0987846246349088 0.614823881632776 0.00199999999999978 0 0.016 0.0129999999999999

 1247 47 100 5 0.6 0.00099999999999989 0.279 0.151 0.016 0.996326126960475 0.03904362279544 0.0392146936640619 0.053120970276162 0.0380816829026669 0.648237504732115 0.993287639565798 -0.0181656082036451 0.0382522376133346 0.0912646609082141 0.05707191736116 0.498068831994235 0.996326900786271 0.039044959888376 0.0391978845441793 0.0531164038062233 0.0380837415558879 0.648021625050324 0.993287657296847 -0.0181638228680849 0.0382519831637768 0.09126515415731 0.0570715587770235 0.498244152886287 0.00199999999999978 0.00100000000000033 0.0170000000000003 0.239

 1265 65 100 5 0.6 0.00200000000000022 0.261 0.126 0.0140000000000002 0.993903018887825 0.0629964713479265 -0.0301479432091283 0.0228841350317084 -0.082192770530549 0.60103706606033 0.998753886377235 -0.0448038195103787 -0.0082590064824689 -0.0126896049497726 -0.0159391010346388 0.581314417506888 0.993903376024688 0.0629925776023093 -0.0301523514660016 0.0228829636949077 -0.0821901451960836 0.600995558736127 0.998753902415694 -0.0448025324801395 -0.00825985560329888 -0.0126895141542527 -0.0159413458882888 0.581296198707918 0.00199999999999978 0 0.0179999999999998 0.0149999999999997

 1266 66 100 5 0.6 0.00099999999999989 0.266 0.121 0.0140000000000002 0.996332345433728 0.0494032506175429 -0.0140646523299927 0.0548950580041762 0.0408643418214687 0.607825887120088 0.986422024650898 -0.0729768267102408 -0.132042746807988 -0.0121552889603791 0.0637411485040767 0.578609984599101 0.996332474459156 0.0494034366570054 -0.0140646949525996 0.0548963591791941 0.0408592081339223 0.60776662065638 0.986422208028432 -0.0729753942157897 -0.132042271220834 -0.0121557634700158 0.0637408454028281 0.57859421734172 0.00200000000000067 0.00100000000000033 0.016 0.0140000000000002

 1267 67 100 5 0.6 0.00499999999999989 0.262 0.166 0.0150000000000006 0.998035624972097 0.0237735251818751 -0.04294907749219 0.038285869395223 -0.00701995257847657 0.55014732049453 0.996470273529137 0.0413043839961297 -0.0635474206941796 -0.0128837768428013 -0.0337146177918231 0.636222027352569 0.998037176615569 0.0237963647980189 -0.0429265605105119 0.0382599211981387 -0.00700113906962887 0.550443188141967 0.996471264866881 0.0412837917004789 -0.0635453364523667 -0.0128833316561073 -0.033714638037862 0.636068866894149 0.00199999999999978 0.00100000000000033 0.0170000000000003 0.0179999999999998

 1268 68 100 5 0.6 0.00099999999999989 0.268 0.144 0.0149999999999997 0.992381993228484 -0.00107746551553651 0.0715705355082051 -0.0974400265535383 0.0236625919171568 0.606252012043732 0.997318493698405 0.0549554633959766 0.0439812122574226 0.0187938767978195 -0.00693990874255202 0.595382773507539 0.992382636571987 -0.00107797487003874 0.0715641076094164 -0.0974391808506342 0.0236585108964416 0.606201656289523 0.997318156698167 0.0549602267382783 0.0439837050257656 0.0187923699057931 -0.00693889923381668 0.595347635741125 0.00200000000000067 0.00100000000000033 0.0170000000000003 0.016

 1269 69 100 5 0.6 0.00200000000000022 0.272 0.134 0.0149999999999997 0.989611010360582 0.10925348085134 -0.0835737185313806 0.0332681435063795 0.0253453998479321 0.611558448497745 0.988508703155391 -0.0308607907120347 -0.0274840930893659 -0.127630665119624 0.0696648643926987 0.569353776334446 0.989610934228511 0.109246844286436 -0.0835796739604199 0.0332739504466514 0.0253497177730539 0.611492280137373 0.988508578475767 -0.0308596032069885 -0.0274846622261175 -0.127630780932961 0.0696667228343878 0.569344231526905 0.00199999999999978 0.000999999999999446 0.0179999999999998 0.0140000000000002

 1271 71 100 5 0.6 0.00199999999999978 0.272 0.116 0.0140000000000002 0.999546071804688 -0.00202893810068389 -0.0108888346181084 0.0266664047439902 -0.00859475937357295 0.614896345189677 0.996837765741968 0.00980495643722953 0.0592283782751432 -0.0247873102363139 -0.0457812197082078 0.603249242323933 0.999545950461676 -0.00203232638662263 -0.0108966655732164 0.0266644679466873 -0.0086041497911478 0.614823383920036 0.996837755765585 0.00980407192915586 0.0592264744629085 -0.0247923612009922 -0.0457813543116991 0.603198239986634 0.00199999999999978 0.00100000000000033 0.0200000000000005 0.016

 1272 72 100 5 0.6 0.00199999999999978 0.264 0.143 0.0149999999999997 0.983025275275988 0.123190396847683 -0.0697842394161247 -0.106213084770292 -0.0483153686291551 0.606297635448573 0.992424789239471 0.0578115150456531 -0.102519432184124 0.00645266428790395 -0.0346265155531178 0.5895870461283 0.983025096987131 0.123187993270094 -0.0697877755984114 -0.106213332226762 -0.0483194726983128 0.606245284649015 0.99242513379392 0.0578073750368198 -0.102518482569489 0.0064535494014713 -0.0346261987120247 0.58956140113338 0.00300000000000011 0.00100000000000033 0.016 0.0140000000000002

 1270 70 100 5 0.6 0.00099999999999989 0.265 0.149 0.0149999999999997 0.996593080298796 0.014989233150009 0.0210580910461604 -0.073243585414791 -0.0277396681164306 0.627822670982511 0.991015907256036 0.00247529971779156 0.100630029026085 -0.0528149218839092 -0.0704664866543585 0.583192666150134 0.996592867218645 0.0149881621292384 0.0210479626230685 -0.0732464689004739 -0.0277479741231161 0.627712868207769 0.991016254824166 0.00247609853568242 0.100627435214548 -0.0528147531771939 -0.0704654010085778 0.583172614548469 0.000999999999999446 0 0.0170000000000003 0.0129999999999999

 1275 75 100 5 0.6 0.00099999999999989 0.265 0.118 0.0149999999999997 0.998377545180543 0.0544030835797908 0.0106573219441869 0.0119465381876202 0.00512674268829735 0.594942512369385 0.997065635319983 0.00529797353012183 -0.0273966362747664 -0.0214526645900867 0.0679798340925153 0.577198552495669 0.998377485931299 0.0544044922306929 0.0106541274328011 0.0119473568979352 0.00512806419789745 0.594909334914578 0.997065610508694 0.00529897596478075 -0.0273971741130266 -0.0214515481645828 0.0679802554173835 0.577185894152232 0.00199999999999978 0.00100000000000033 0.016 0.0139999999999993

 1273 73 100 5 0.6 0.00099999999999989 0.269 0.161999999999999 0.0139999999999993 0.985796285407494 0.0791541358862645 -0.105401076875362 -0.0575459800198699 -0.0867143565158121 0.577988965906312 0.995153933660143 -0.0368640589527683 0.0188276686104603 0.0409935783917955 -0.0792132242974653 0.621718449629568 0.985796347542611 0.0791542648874726 -0.105401608268916 -0.0575463346654444 -0.0867126511108446 0.577973963821689 0.995153304787141 -0.0368694981296484 0.0188273333925338 0.0409987646309021 -0.0792159888846037 0.621632348385273 0.00200000000000067 0 0.0149999999999997 0.0140000000000002

 1274 74 100 5 0.6 0.00199999999999978 0.27 0.143 0.0140000000000002 0.998471271198842 0.0054630802852781 0.0536721707759578 -0.00946992060709221 -0.00740905069871023 0.641801449497821 0.996405792446211 0.00609897259505128 0.0798744991732505 0.00106969333970667 -0.0275176207348128 0.572772588115602 0.99847201804798 0.00545371423230092 0.0536577228724751 -0.00947458064240973 -0.00741399177618636 0.641625621342765 0.996405679962087 0.00609959698709899 0.0798750048497594 0.00107005681056072 -0.0275200733022019 0.572761700921591 0.00199999999999978 0.00100000000000033 0.0179999999999998 0.0129999999999999

 1276 76 100 5 0.6 0.00199999999999978 0.266 0.15 0.0149999999999997 0.992955303891267 0.0399178007496701 -0.0681972136622873 -0.0878069047213207 -0.00924235843668118 0.635398577425053 0.992947687156761 -0.040403771526201 0.0881571985819629 0.0678122186412331 0.00722752776769163 0.529834109944641 0.992953786407335 0.0399153807400009 -0.0681979379171058 -0.0878242509236248 -0.00924568295347204 0.635261497201465 0.992947896892856 -0.0404008409747913 0.0881488187209008 0.0678204904840599 0.00723967769969997 0.529683797999223 0.00199999999999978 0 0.0190000000000001 0.0140000000000002

 1278 78 100 5 0.6 0.00199999999999978 0.265 0.126 0.0150000000000006 0.99736289471675 -0.0323141000965903 -0.0371932405116929 0.0380832826180494 0.0372744097531455 0.629460206860647 0.99197345441601 0.0532574055455464 -0.0152449879844261 0.0736863296155278 -0.0865461128975236 0.56679945955691 0.997361766305313 -0.0323170301725819 -0.0372100416997479 0.0380953977846987 0.0372729142608922 0.629342026815926 0.991973670194573 0.0532567231816698 -0.015243731113929 0.073685985799882 -0.086544573689431 0.566790096722649 0.00199999999999978 0.000999999999999446 0.0179999999999998 0.0140000000000002

 1277 77 100 5 0.6 0.00200000000000022 0.272 0.146 0.0150000000000006 0.993895233626698 -0.0373308064245996 -0.082942668315524 -0.0582017746297411 -0.0226217300061307 0.593819746352598 0.992681928489045 -0.028481712924396 -0.0809294620424861 -0.083975592035969 0.0130346843415598 0.594603811076517 0.993895000307604 -0.0373316891420651 -0.0829425869199368 -0.0582050710510965 -0.0226223413534667 0.593786620547829 0.992682034517623 -0.02848163661976 -0.080926068827409 -0.083977415897823 0.0130360931523782 0.594569829888909 0.00199999999999978 0.00100000000000033 0.0169999999999995 0.0139999999999993

 1281 81 100 5 0.6 0.00100000000000033 0.261 0.138 0.0149999999999997 0.98718409597022 0.0589710991069069 -0.144348146539215 -0.0269967247484594 -0.0206096961921398 0.608273176405775 0.990323568008131 -0.0319333300387322 0.06959658832106 0.115374285175557 -0.00919686330119944 0.62238179001874 0.987183496939099 0.0589716691360856 -0.144351827404652 -0.0269945707373702 -0.020613798437919 0.608216319029984 0.990323472119081 -0.0319364207896919 0.0696038582414089 0.115370374544883 -0.00919049467843251 0.622290237763352 0.00199999999999978 0.00100000000000033 0.016 0.0140000000000002

 1279 79 100 5 0.6 0.00100000000000033 0.261 0.134 0.0149999999999997 0.999497278923448 0.0133809141718392 -0.00603751620450201 -0.0258281395831897 0.011072315218611 0.607485607646837 0.980787095797155 0.0643363184512318 0.151137425719274 -0.100850101867691 0.0300706891532541 0.590820589121137 0.999497249190241 0.0133808730489554 -0.00603733656310085 -0.0258300902121112 0.0110705963907809 0.6074272541836 0.980787419532048 0.0643359256633201 0.151137106762329 -0.100848114224234 0.0300692396584792 0.590793777902571 0.00199999999999978 0 0.0169999999999995 0.0129999999999999

 1280 80 100 5 0.6 0.00200000000000022 0.262 0.135 0.0150000000000006 0.996875159620004 0.0586643767924996 -0.0442358759450105 -0.00676211053909461 -0.0282111355420766 0.60376285828795 0.987906455265367 0.0836656398502736 -0.0316318698156317 0.125614563026306 0.016164860690375 0.603555339751075 0.996874904103582 0.0586641803633867 -0.044239625519699 -0.00676430274799126 -0.0282141675931736 0.603717315804441 0.987906368610811 0.0836658910419994 -0.0316311148047542 0.125615118280021 0.0161660189921443 0.603510532041183 0.00199999999999978 0.000999999999999446 0.016 0.0129999999999999

 1282 82 100 5 0.6 0.00200000000000022 0.261 0.117 0.0149999999999997 0.997867869927445 0.0123426097969397 0.032860460863572 0.00733522420664969 -0.0545321808433868 0.613659529149871 0.996742822542177 -0.0225923857204589 -0.0201952856585459 0.0506567000679983 0.0549488761805291 0.617883041300927 0.997868139488202 0.012336834258052 0.0328514480775647 0.00733857681302333 -0.0545335343106373 0.613591651057947 0.996741877313285 -0.0225964834413094 -0.0202005696125617 0.0506589700973849 0.0549603009642071 0.617799722727013 0.00199999999999978 0.00100000000000033 0.016 0.0149999999999997

 1284 84 100 5 0.6 0.00200000000000022 0.262 0.136 0.0149999999999997 0.999202834134735 0.0332627768023028 -0.0211874664732127 0.00315740326782169 -0.00532972847003127 0.61359051338879 0.992683921640713 -0.0324627253929299 0.0391062682853211 0.105160530163346 0.0306066308606225 0.644415112037999 0.999202736851706 0.033260837394605 -0.0211936536559996 0.00316000816443257 -0.00533392510076194 0.61352489651716 0.992684546437316 -0.0324408704490306 0.0391236237391351 0.105159792508113 0.0305898887578771 0.644235082483683 0.00199999999999978 0.00100000000000033 0.0149999999999997 0.0149999999999997

 1283 83 100 5 0.6 0.00199999999999978 0.261 0.18 0.0140000000000002 0.997836580561752 -0.0327876003458729 0.0509035794892503 -0.0129327548653293 0.0221065873251288 0.569533101798768 0.996367383101618 0.012160894528615 -0.0652285791145418 -0.0494931307965043 0.0199953246074252 0.602177069405255 0.997836652984392 -0.0327863791849447 0.0509036249189273 -0.0129327689562512 0.022105016581862 0.569522233910937 0.996367430641743 0.0121601328831203 -0.0652277282933749 -0.0494923552450902 0.0199981138764426 0.602133709092515 0.00199999999999978 0.000999999999999446 0.0149999999999997 0.0130000000000008

 1288 88 100 5 0.6 0.00199999999999978 0.264 0.126 0.0150000000000006 0.998214868030536 0.039271486119907 -0.035347523525265 -0.0264011306155084 -0.00885214683381629 0.574538843168257 0.995801933405932 0.0174378865316859 -0.0588520818873702 0.0246366718006009 -0.0632763494397941 0.650466625449346 0.998214788058579 0.0392716876428284 -0.0353499149561196 -0.0264002998296517 -0.0088531989896196 0.574525929384927 0.995800936637069 0.0174380339401127 -0.0588695830885082 0.0246477096658259 -0.0632714166133003 0.650246260503972 0.00199999999999978 0.000999999999999446 0.0149999999999997 0.0139999999999993

 1287 87 100 5 0.6 0.00199999999999978 0.26 0.141 0.016 0.996645725896244 -0.0493061643309975 -0.0169061308088218 -0.0172845921211385 0.0606763943226178 0.615875526622393 0.999489876009647 -0.0139728339391761 -0.014527351447218 0.00193690184449658 0.0246972090954223 0.567039935505646 0.996645651431319 -0.0493050059049259 -0.0169165366316991 -0.0172869089815603 0.0606749984920288 0.615802372805332 0.999489825878702 -0.0139742132945444 -0.0145274288746248 0.00193725913073725 0.0246983838563202 0.567030704866509 0.00199999999999978 0.00100000000000033 0.0150000000000006 0.0120000000000005

 1289 89 100 5 0.6 0.00099999999999989 0.265 0.124 0.0170000000000003 0.994933596904383 0.0715610229977049 0.0584888296119084 -0.0395407032798706 0.00132186731233645 0.636704153048917 0.994130153779627 -0.0236788858730786 0.0718913374092399 -0.0550018139407483 0.0543229581175705 0.57173470817415 0.99493524192389 0.0715481038645881 0.0584760442853907 -0.0395421945044725 0.0013039592541403 0.636557121089047 0.994130179697536 -0.0236788007020734 0.0718903671474123 -0.0550017276233365 0.0543238923652855 0.571724229452595 0.00199999999999978 0.00100000000000033 0.0170000000000003 0.0120000000000005

 1291 91 100 5 0.6 0.00200000000000022 0.262 0.126 0.016 0.992429995038321 0.0788318287943004 -0.0610672408298882 -0.0420574070954988 0.0580535470321341 0.588034994084423 0.99577758466851 0.0250247470089062 0.0384379268027161 -0.0494819110420575 -0.0622481338806513 0.626732164873536 0.992429952664072 0.0788331998216983 -0.0610686167779662 -0.0420575990093935 0.0580508231763496 0.588012196686295 0.995778291333323 0.0250161439390677 0.038432155391518 -0.0494826642310897 -0.0622432520379801 0.626625200955622 0.00199999999999978 0.00100000000000033 0.0150000000000006 0.0140000000000002

 1292 92 100 5 0.6 0.00200000000000022 0.256 0.132000000000001 0.0170000000000003 0.998202384961052 0.0295676106429488 -0.0363864956827184 -0.0288344900408875 0.0237139236514639 0.65154549464482 0.995874119537527 -0.0534032837773252 0.0474955966307905 0.038269517061333 0.040773026398967 0.609827855191741 0.998202506295151 0.0295628342435408 -0.0363920159297918 -0.0288339765483855 0.0237069236836105 0.65132254854304 0.995874434784693 -0.0534026274465157 0.0474960839105919 0.038257907394546 0.0407765135712317 0.609770860321217 0.00199999999999978 0.00100000000000033 0.016 0.0149999999999997

 1285 85 100 5 0.6 0.00199999999999978 0.262 0.153 0.016 0.996353655447099 -0.0163148736146696 -0.033124495800958 -0.0737946307226716 0.0216872873033646 0.594307247340632 0.994553645843795 -0.0501518398890026 0.0597621373589944 -0.0101459899410254 0.068362155619646 0.563227998062195 0.996353763354214 -0.0163162047924881 -0.0331251773817268 -0.0737927460133845 0.021686700309104 0.594276044284417 0.994553671526389 -0.0501524217842522 0.0597611241218496 -0.0101460084145319 0.0683622381106633 0.563220373045607 0.00199999999999978 0 0.0149999999999997 0.0129999999999999

 1294 94 100 5 0.6 0.00099999999999989 0.255 0.139 0.0149999999999997 0.994295454259633 0.0926780457234314 -0.0489902577853251 -0.0120426239497157 -0.0155646821377461 0.588754285566103 0.996431873517727 0.00244395165377872 -0.055548319940474 -0.0542725815826595 -0.0329608795151136 0.565651477036335 0.994295408565524 0.0926769041219411 -0.0489941441778407 -0.0120427692709754 -0.0155620529640826 0.588727015522858 0.996431884513625 0.00244520081313792 -0.0555470858078052 -0.0542724692510535 -0.0329627192031218 0.565643946532809 0.00199999999999978 0.000999999999999446 0.016 0.0129999999999999

 1286 86 100 5 0.6 0.00199999999999978 0.258 0.149 0.0150000000000006 0.994040644266499 0.0223142496744229 -0.100784073038399 -0.0305930770579847 0.0170852587228551 0.598562364226304 0.994169063545853 -0.0368358503475405 0.0225965022602471 -0.0946689478655304 -0.0282521081190598 0.676602668859615 0.994040708420301 0.0223120784494682 -0.10078447346702 -0.030590719285755 0.0170862213518968 0.598527839452472 0.994166543266764 -0.0368255508118556 0.022591811734667 -0.0946990258031502 -0.0282571691946599 0.676926961591359 0.00199999999999978 0 0.0139999999999993 0.016

 1293 93 100 5 0.6 0.00200000000000022 0.255 0.145 0.0140000000000002 0.990207818495505 0.0234549688590296 -0.101330084054161 -0.0233869398336563 -0.0901310475751193 0.608267219820768 0.996843568748348 0.0727293142055991 -0.0118630291560762 -0.029459688710201 0.00217751706798517 0.639434846069723 0.99020705770737 0.0234570197630601 -0.101332540451336 -0.0233948867430248 -0.0901340480079991 0.608211909586249 0.996843347922852 0.0727327313600027 -0.0118444675400462 -0.029465979212938 0.00218040101538986 0.639275306628156 0.00200000000000067 0 0.0149999999999997 0.0140000000000002

 1290 90 100 5 0.6 0.00100000000000033 0.259 0.169 0.0150000000000006 0.998091572051167 0.022561191133889 -0.0294916203837025 -0.0268403251789871 -0.0414010594849935 0.576466934949086 0.999070979280251 0.00798213001067145 0.014055402714712 -0.0195829458694533 0.0348197910116545 0.601799595897339 0.998091550531897 0.0225611727150999 -0.0294930811161874 -0.0268391058563165 -0.0414013382109848 0.57645266372289 0.999071085784578 0.00798519388975002 0.0140548339383769 -0.019574600999127 0.0348209544162199 0.601757745609893 0.00199999999999978 0.00100000000000033 0.0140000000000002 0.0129999999999999

 1295 95 100 5 0.6 0.00100000000000033 0.258 0.151 0.016 0.984079648788342 -0.0139331016878688 -0.0208210762602786 -0.148347436191107 -0.0946183622604983 0.553917360944435 0.997782410417417 0.0329253123924738 -0.0259854043642036 -0.00693531538477175 0.0512137230242998 0.683713846867923 0.984075476693931 -0.0139276927908837 -0.0208017657499935 -0.148371978668744 -0.094628315163799 0.554127529286747 0.997783363101119 0.0329121914330948 -0.0259908375724841 -0.00692176352228601 0.0512026710798751 0.683933701800791 0.00199999999999978 0.00100000000000033 0.0150000000000006 0.016

 1296 96 100 5 0.6 0.00100000000000033 0.256 0.156 0.0149999999999997 0.995737566177276 0.0484865927959109 0.0381342165555283 -0.0595670515518299 0.0339602343854817 0.612099388134575 0.997908367836527 0.0332901311003853 0.0282881899820732 0.00160063047797634 -0.0476221887649988 0.577613063000461 0.995737784896703 0.0484871352029847 0.0381290505930885 -0.059567456172572 0.0339581376817593 0.612037571980155 0.997908223606174 0.0332910571771945 0.0282890605096431 0.0016013871839054 -0.0476240211003194 0.57759636975791 0.00199999999999978 0.00100000000000033 0.0149999999999997 0.0129999999999999

 1297 97 100 5 0.6 0.00200000000000022 0.263 0.161 0.0129999999999999 0.993830563330236 0.10524198097218 -0.022426381000659 0.0247907354097103 -0.0103640583178324 0.622894706044748 0.997232340046281 -0.0553390215346525 -0.0176376105303861 0.0413676772411663 -0.0210447769257461 0.576734093239331 0.993829992073507 0.105248288658562 -0.0224316209984856 0.0247783245405592 -0.0103731192010625 0.622804739503062 0.997232305470221 -0.0553384587298703 -0.0176380652178967 0.0413689452355674 -0.021045021677748 0.576719424828636 0.00199999999999978 0 0.0149999999999997 0.0129999999999999

 1298 98 100 5 0.6 0.00199999999999978 0.261 0.136 0.0139999999999993 0.996753423834008 0.0584892957302043 -0.0361106570594217 -0.000306944691141054 -0.0419230317589352 0.593806947068698 0.988454952666645 -0.0879689832245687 -0.0834554775371632 -0.0872958775242068 -0.0251570581654275 0.611022284957776 0.996753519087365 0.0584856217390375 -0.0361112003207878 -0.000306442411147076 -0.0419254283364153 0.593773988475379 0.988454374564805 -0.0879714634048411 -0.083458234830379 -0.0872968050141701 -0.0251587341379847 0.610961782302737 0.00199999999999978 0 0.0140000000000002 0.0129999999999999

 1299 99 100 5 0.6 0.00199999999999978 0.264 0.137 0.0139999999999993 0.993938098734614 0.0313604039269007 -0.0469591915734783 -0.0902806672279036 0.0273462319344514 0.610536429825795 0.996132658138047 -0.0110294528205607 -0.0474716689798919 0.0502465071117807 0.0531018618189292 0.610625765851938 0.993938463212531 0.03135734931004 -0.0469626145285079 -0.0902768625969615 0.027343169297958 0.610470838850754 0.996132431573414 -0.0110328456621476 -0.0474646874721821 0.0502452291350347 0.0531128560385151 0.610567530663773 0.00199999999999978 0.00100000000000033 0.016 0.0139999999999993

 1300 100 100 5 0.6 0.00200000000000022 0.266 0.125 0.0139999999999993 0.990777072129593 -0.0413588227694465 -0.0159849652778431 -0.0736017392572523 -0.104773593929051 0.576281455196779 0.996372952428275 -0.00659214319910406 0.0211908161155251 -0.00953843367801049 0.0815932038391304 0.560180110001948 0.99077700119352 -0.0413594026940507 -0.0159863513892415 -0.0736016784651551 -0.104773867023884 0.576267709098072 0.99637324767679 -0.00659002312510463 0.021193162064655 -0.00954612603362538 0.081588260605725 0.560236464047155 0.00100000000000033 0 0.0139999999999993 0.0129999999999999

 1303 3 500 5 0.6 0.00199999999999978 0.294 0.679 0.0640000000000001 0.999781356948186 -0.0202264083049376 0.00168433899224282 -0.00350383079525828 -0.00360789105197026 0.621279661957728 0.999312297727363 0.0117637996807138 -0.0141505004136344 -0.0292070623686994 -0.0135371885472868 0.591986796041988 0.99978137233171 -0.0202257703498966 0.00168329143239045 -0.003501431483324 -0.00361002213237404 0.621193538156547 0.999312285576417 0.0117635808064207 -0.0141523668797206 -0.0292063424325679 -0.0135378778271288 0.591957885061673 0.00199999999999978 0.000999999999999446 0.0310000000000006 0.0279999999999996

 1302 2 500 5 0.6 0.00199999999999978 0.293 0.704 0.0629999999999997 0.999304272774891 -0.00964967890312733 0.0357244019152428 0.00163989441095368 0.00435108779873429 0.609219012765127 0.998611519464534 0.00452410902095644 -0.0423987765100616 -0.0238684086810689 -0.0196776128578593 0.614460437175091 0.999304362131719 -0.00964889002319551 0.0357222564827481 0.00163976398171522 0.00434997835665357 0.609163564246966 0.998611568467642 0.00452441480206245 -0.0423973812070971 -0.0238678727909245 -0.019678712064326 0.614388566943095 0.00199999999999978 0.00100000000000033 0.0300000000000002 0.0300000000000002

 1301 1 500 5 0.6 0.00499999999999989 0.292 0.705 0.0649999999999995 0.999834493373918 -0.0124238013761787 -0.0120662646196277 0.00475690080327654 -0.00290037445219376 0.618326018255057 0.998945579899068 -0.00722043133993778 0.026321001356718 0.0281240417339624 0.023913112208698 0.591410779311057 0.999834464020809 -0.0124260167120772 -0.0120653002496972 0.00475907336095196 -0.00290145058952228 0.61824840777252 0.998945599900954 -0.00722019654337236 0.026321646686916 0.028123394019911 0.0239123989781148 0.591382823792442 0.00300000000000011 0.00100000000000033 0.0309999999999997 0.0279999999999996

 1304 4 500 5 0.6 0.00099999999999989 0.298 0.687 0.0629999999999997 0.999021182277759 -0.0157882738615809 -0.0011090960290079 -0.0398477138992778 0.0108782982042387 0.602309824836058 0.998992478742381 -0.00414028868949067 0.0323702974076692 0.0300091876545145 -0.00696404535994648 0.619248878972874 0.999021239233509 -0.0157861296393302 -0.00110803487033335 -0.0398468683165107 0.0108793848836199 0.602267585532582 0.998992603865937 -0.00414059405312283 0.032368557102235 0.0300072814149301 -0.00696221769594855 0.619168595090724 0.00199999999999978 0.00100000000000033 0.0280000000000005 0.0279999999999996

 1306 6 500 5 0.6 0.00200000000000022 0.283 0.68 0.0650000000000004 0.999395776576895 -0.017371655526619 -0.00571376628239143 0.0229997940955999 0.0185652818712442 0.609784486417822 0.999759170482753 0.00300815673295222 -0.0124312895567995 0.00686064998015222 -0.0164604541405445 0.609180512581214 0.999395833729673 -0.0173723068945452 -0.00571341594988142 0.0229975157249519 0.0185645259998324 0.609726623395028 0.999759199439759 0.00300979839276268 -0.0124293994940732 0.00685958975271339 -0.0164602644525798 0.609123969724876 0.00300000000000011 0.000999999999999446 0.0300000000000002 0.0280000000000005

 1305 5 500 5 0.6 0.00200000000000022 0.286 0.733000000000001 0.0650000000000004 0.999489497607762 -0.0230460065085322 -0.0208290400065049 -0.00439925531877128 -0.00603518026582727 0.61375641963291 0.999585811101086 -0.00884556262497413 -0.0169274570377708 -0.00412151861598561 0.0211290451692322 0.594612180545067 0.999489420937597 -0.0230477424738358 -0.0208306562586214 -0.00440014448411366 -0.00603502187577272 0.613689888339124 0.999585783925741 -0.0088447586598249 -0.0169299278818652 -0.00412311968728389 0.0211283753225578 0.594581002419627 0.00199999999999978 0.000999999999999446 0.0300000000000002 0.0269999999999992

 1307 7 500 5 0.6 0.00200000000000022 0.287 0.735 0.0640000000000001 0.998135237740509 -0.0219066568579614 -0.012950237477001 0.0493006747223571 -0.0254534945973061 0.600689102006946 0.999828092744244 -0.0126095418335955 -0.00691184328331287 0.0074070052760313 -0.00906350425735394 0.578504039568195 0.998135242693011 -0.0219083153937343 -0.0129511645151971 0.049300108793094 -0.0254524973521599 0.600649405103826 0.999828086026067 -0.012610311525896 -0.00691177053713327 0.00740663911581626 -0.00906352920890057 0.578488462264436 0.00199999999999978 0.00100000000000033 0.0280000000000005 0.0259999999999998

 1310 10 500 5 0.6 0.00199999999999978 0.282 0.693 0.0640000000000001 0.999557402627801 -0.0276848242807056 0.00955836945338698 0.00334286453732393 -0.00400152303357758 0.610775460240357 0.998677418127343 -0.0121695473817655 0.0470270605785962 0.00808607371062277 0.0147779438458276 0.595991516998588 0.999557411778095 -0.0276841357116087 0.00955936457235567 0.00334220957004761 -0.00400217110313623 0.610717576748202 0.998677459047529 -0.0121694109842203 0.0470258674963 0.0080867198737348 0.0147787338622809 0.595958406155847 0.00199999999999978 0 0.0289999999999999 0.0259999999999998

 1308 8 500 5 0.6 0.00300000000000011 0.282 0.697000000000001 0.0640000000000001 0.998741288597129 -0.0102550619660547 -0.0429041102117608 -0.00294467586438551 0.0236904699491008 0.604610966669079 0.998457897377331 -0.0110891243635168 -0.0259476680537981 -0.0251927382360632 0.0406313050298468 0.614768315535148 0.998741258439376 -0.0102543172130546 -0.0429040491596261 -0.00294855816869362 0.0236916913676345 0.604563279861848 0.998457735131654 -0.0110885056362689 -0.025950230348565 -0.0251934952001522 0.0406333550544113 0.614702338196786 0.00199999999999978 0.00100000000000033 0.0300000000000002 0.0259999999999998

 1309 9 500 5 0.6 0.00200000000000022 0.288 0.716 0.0659999999999998 0.998547256656594 -0.0446501876699468 0.0196232732752548 0.022727751141622 0.00284840984386534 0.618762296406094 0.999373348365947 -0.0033191173610748 -0.0258564970295529 -0.00153202437325689 -0.0238953656272254 0.610866112835916 0.998547336261286 -0.0446468265786071 0.0196255703390123 0.0227292999213573 0.00284500191634366 0.618684143551541 0.999373359937442 -0.00331802382595449 -0.0258553930673757 -0.00153301251255232 -0.0238961646966014 0.61080762596477 0.00199999999999978 0 0.0289999999999999 0.0260000000000007

 1312 12 500 5 0.6 0.00199999999999978 0.292 0.665 0.0700000000000003 0.998542286990557 -0.0385138620934824 0.000411431524888752 -0.035843692779892 -0.0120434185475976 0.599018059561306 0.998271756328958 -0.0343364608829275 0.0431754849089998 -0.0178403500727773 -0.00959725909234035 0.593873886213061 0.998542269667811 -0.0385139252231325 0.000412631727944374 -0.0358438329327103 -0.0120441947142 0.598981351018484 0.998271806394569 -0.0343355940068017 0.0431746552966631 -0.0178410111430652 -0.00959765613741668 0.593843565639378 0.00300000000000011 0.000999999999999446 0.0289999999999999 0.0260000000000007

 1315 15 500 5 0.6 0.00199999999999978 0.29 0.642 0.0670000000000002 0.999353141808331 -0.0128777296889751 -0.02664686708297 -0.0039284721705495 0.0200492797113227 0.597298391564086 0.999293605111391 0.0105248201842086 -0.0257227849912161 -0.00362755324815329 0.0250339396279641 0.617416181932906 0.999353165431729 -0.0128790720582974 -0.026645803067286 -0.00392966375947319 0.0200484205397121 0.597263685606307 0.999293656007159 0.0105222693494023 -0.0257224024652396 -0.00362515384656037 0.0250337209097779 0.617339352607767 0.00199999999999978 0 0.0279999999999996 0.0280000000000005

 1314 14 500 5 0.6 0.00199999999999978 0.288 0.704 0.0650000000000004 0.998214953422268 0.00882911220110646 0.00155973415480467 0.0538116581267446 -0.024306917141762 0.622220627384271 0.998352360336108 -0.0136001596863027 0.0199777711885994 -0.0501671431791495 0.0138472622351095 0.602218323507803 0.998214757510057 0.00882814600601096 0.00156123602250035 0.0538134333512642 -0.0243112866847081 0.622134402787546 0.998352328235589 -0.0136019658633409 0.0199792208039752 -0.0501667748733096 0.0138470453926939 0.602174815518606 0.00200000000000067 0.000999999999999446 0.0289999999999999 0.0270000000000001

 1313 13 500 5 0.6 0.00199999999999978 0.288 0.732 0.0640000000000001 0.998717080256018 -0.0388866569405827 -0.0152186768383576 0.0047233676926107 0.0282507201644525 0.619144628227488 0.999422225186941 0.0125153877429854 0.00718961081403749 0.021075920319916 0.0224208820307704 0.600267839745675 0.998717156060057 -0.0388866405269164 -0.0152175852841853 0.00472477682195792 0.028248415211184 0.619064090396049 0.999422223745003 0.0125156755611978 0.00719011984014508 0.0210758622919404 0.0224206769562228 0.600227464385919 0.00200000000000067 0 0.0300000000000002 0.0270000000000001

 1318 18 500 5 0.6 0.00199999999999978 0.288 0.651 0.0629999999999997 0.999134476199068 0.00958540654379857 -0.0319583136187385 -0.0228182458660415 -0.00981897642568068 0.601461763030533 0.999054584242628 0.0332589416073459 0.0245637299978588 0.0134148078663967 -0.000668285455091678 0.592138063297882 0.99913454605559 0.00958740328081783 -0.0319575426625126 -0.0228159137319964 -0.00981784722678026 0.601418991511106 0.999054554885328 0.033259432475656 0.0245643433208548 0.0134146087881672 -0.000669195452037277 0.59210938758731 0.00199999999999978 0 0.0289999999999999 0.0259999999999998

 1316 16 500 5 0.6 0.00200000000000022 0.282 0.686 0.0640000000000001 0.999580267377514 0.00748189072623221 0.00497137673369833 0.0274211677010868 0.00258367101999238 0.599843819627001 0.999549027868866 -0.0103786168959365 0.00804692397813415 -0.0225534014502998 0.0148531577532941 0.599315472338665 0.999580263400344 0.00748109983634381 0.00497177875118892 0.0274215662979732 0.00258249560557597 0.599805808172766 0.999549042785935 -0.0103803030010156 0.00804513641771571 -0.022553445102104 0.0148518776380616 0.599276796994108 0.00199999999999978 0.00100000000000033 0.0279999999999996 0.0270000000000001

 1311 11 500 5 0.6 0.00199999999999978 0.287 0.721 0.0640000000000001 0.999116051605376 0.00168755991947629 0.0336834734115916 -0.00875364588368833 -0.0235173312404982 0.599544974213648 0.99955183369317 0.0011862802822215 -0.029895617017622 -0.000295816972248202 -0.000942907826055919 0.592923777634344 0.999116126434418 0.00168906583227419 0.0336820941912361 -0.00875344159105199 -0.0235160954774015 0.599506912974613 0.999551833702724 0.00118753402221084 -0.0298955540248196 -0.000295111531303238 -0.000943537598839312 0.592892787790538 0.00199999999999978 0.00100000000000033 0.0270000000000001 0.0280000000000005

 1319 19 500 5 0.6 0.00199999999999978 0.285 0.652 0.0659999999999998 0.999411803088437 -0.0106579624146088 -0.0282041685398839 -0.00155780425410858 -0.016265110130842 0.608220706350434 0.998979925278128 0.00938866025456049 0.0180011654643226 0.0369600641720811 -0.0161515834595715 0.5742391403689 0.999411819575761 -0.010659207972673 -0.028203745185108 -0.00155805260860016 -0.0162639911234832 0.608166546661824 0.998979912393453 0.00938921821448957 0.018000725437967 0.036960329402035 -0.016151939508626 0.574226402537569 0.00300000000000011 0.00100000000000033 0.0280000000000005 0.0250000000000004

 1317 17 500 5 0.6 0.00200000000000022 0.294 0.675 0.0660000000000007 0.999082925029495 -0.0287077055821958 0.0217409477837988 -0.0184560156224303 -0.0139958290758944 0.610108616490102 0.998812235579223 0.0436455114637656 0.0106270206130936 -0.00430480328805949 0.0183772274253087 0.58404140655057 0.999083015997308 -0.0287058215002136 0.0217391016098188 -0.0184559190525527 -0.0139961948701896 0.61005201559744 0.99881221071288 0.0436461942581287 0.01062589924873 -0.00430539198619406 0.0183774677970425 0.584021259638516 0.00300000000000011 0.00100000000000033 0.0280000000000005 0.0250000000000004
