
 231 31 100 10 0.9 0.00700000000000012 0.286 0 0.0140000000000002 0.999509072483659 0.0052183064181389 0.00666455646350429 0.00713262034103512 -0.0138629820480833 -0.0111213240500442 0.0129175316941906 0.00272332382944304 -0.0182748170004803 0.00591426590153275 0.87832459971034 0.999555657764408 -0.00129329701596595 -0.0107782225298796 0.0178204668037937 0.000845392716546637 0.00727863563156962 -0.00735423247371817 -0.0184678016088688 -0.00101008398899987 -0.00179370267108546 0.90174559467774 0.999509057143243 0.00521872189030637 0.00666497776759578 0.0071327747278448 -0.01386257331923 -0.0111218814272681 0.0129174563953241 0.00272324242446908 -0.0182752711931857 0.00591453926953466 0.878312698228413 0.999555694885552 -0.00129097523990431 -0.0107782194273605 0.0178200812031538 0.000845756743555842 0.0072775920642683 -0.007353022832375 -0.0184671450086348 -0.00101078923536978 -0.00179392350315687 0.901712944279284 0.00200000000000022 0.00800000000000001 0.0120000000000005 0.0129999999999999

 238 38 100 10 0.9 0.00300000000000011 0.254 0 0.016 0.999381586948554 -0.00487713478897649 -0.00123345107112361 0.0171841497812754 -0.0193109238220553 0.000839863680206134 -0.00259699786736776 0.00717393181247819 0.00789211210297668 0.0205360302957543 0.886384762467047 0.999777661927644 0.0153851914594708 -0.0033375155748785 0.00704218139183706 -0.00829875933423468 0.00236868793656714 -0.00512966847975702 0.00542376787326003 0.00134671688307073 -0.00389445416391743 0.895630699044366 0.999381474778914 -0.00487826041349366 -0.0012314878484407 0.0171820770944389 -0.0193098055977221 0.000840844773457535 -0.00260326621166395 0.00717725379248328 0.00789654997868731 0.0205404242354094 0.886234912910256 0.999777650809985 0.015385877283852 -0.00333817345254176 0.00704093951258645 -0.00829904780342117 0.00237154535029872 -0.00512980483460315 0.00541944210038284 0.00135339387037975 -0.00389745337028323 0.895734997736022 0.00399999999999956 0.00400000000000045 0.0170000000000003 0.0149999999999997

 233 33 100 10 0.9 0.004 0.25 0 0.016 0.999398854384362 0.00534417953137647 -0.00452174777097673 -0.0113234021403531 -0.0223884239832391 0.00179932130437612 -0.0123325629764471 0.00231246963997754 0.0177013263748581 0.00703194816403615 0.895931580840504 0.998957349248953 0.000449914056178018 0.00602796695527365 0.0209194665047467 0.00400769199237897 -0.0110039222314952 -0.0240471222567545 0.00459952516587184 0.0185609715613818 0.0229994393175844 0.898995799591695 0.999398808594974 0.00534254259607878 -0.00452171023860811 -0.0113235215553961 -0.0223877236162125 0.00179984095062495 -0.0123344465599389 0.00231265332332925 0.0177034186088517 0.00703299720752979 0.896009932357392 0.998957357365045 0.000449600414278711 0.00602716932889704 0.0209206278248394 0.00400696329463805 -0.0110033080211032 -0.0240461159638267 0.00459936656499187 0.0185614613896376 0.0229993549929712 0.898974470644645 0.00400000000000045 0.00300000000000011 0.016 0.0140000000000002

 234 34 100 10 0.9 0.00499999999999989 0.248 0 0.016 0.999776692431088 0.00281968486556483 0.00634686237799457 -0.00648890784397344 0.000426374728221456 0.0048160859044175 -0.00781836850253648 0.0119883739889362 0.0109628604264492 -0.00279593942044695 0.901877021834136 0.999004035325964 -0.000290072067639185 -0.00799947256254419 0.00204903731455889 -0.00338841931101891 0.0306475217473577 0.00160462106150735 -0.0141242328261041 -0.0038271705877675 -0.0274808146599277 0.884839757921367 0.99977671793031 0.00281967386782866 0.00634614786289539 -0.0064878960218146 0.000426037829168247 0.00481554083537742 -0.00781816813578159 0.0119884769484082 0.0109622031508733 -0.00279448815638226 0.901842943899877 0.999003983264198 -0.000292788133041944 -0.00800033243226856 0.00204512504934149 -0.00339352321097962 0.0306484823233651 0.00160937866899265 -0.0141259026438699 -0.00382427881077088 -0.0274802845644903 0.884728132098959 0.0199999999999996 0.04 0.0229999999999997 0.016

 235 35 100 10 0.9 0.004 0.255 0 0.016 0.999768942540417 0.000916564408656711 0.00237468921781456 0.000344203230481727 0.0052203859975779 0.00593205319555529 -0.00775215655211605 0.0110909209874908 -0.0142753285271436 -0.0024764222905298 0.898654834670956 0.999551618327744 -0.0102484663387781 -0.00690293888924983 0.00502830881106747 0.000988702696470749 -0.000753772926965138 -0.0010482132136599 0.0253752494885185 0.00762378991938123 0.00373187142791942 0.895244368557694 0.999768960703695 0.000915781309474342 0.00237535792807529 0.000344319220358626 0.00521965632710209 0.00593135218365918 -0.0077512146227864 0.0110894491247372 -0.0142760477163319 -0.00247733278281348 0.898634432518667 0.999551640166502 -0.0102505765595749 -0.00689718823655325 0.00502914298315068 0.000988425400546994 -0.00074846465970609 -0.00104667540203184 0.0253755309955881 0.00762303713633378 0.00373093204570651 0.895367937090503 0.0110000000000001 0.0339999999999998 0.016 0.0149999999999997

 239 39 100 10 0.9 0.00500000000000034 0.247 0 0.0149999999999997 0.999779973509727 -0.0134829696912209 0.000494651875388908 -0.00137691488614214 -0.0117853600967707 0.000751887528030694 0.00158887453987289 0.00369761346844659 0.00161539692526101 0.00988974720391169 0.910336647808762 0.99975579473751 0.00905911003307567 -0.00315122053971744 0.000585666335760771 0.00729183895111706 0.0120125479751941 -0.00308217764516857 0.00394150704910659 0.013085835325035 0.00150453018478854 0.903714694238769 0.999780075718702 -0.0134774126386519 0.000495349469587095 -0.00137675604730966 -0.0117880790543302 0.000755557012594902 0.00158997148239976 0.00370082106734291 0.00161561592917522 0.00988204135064191 0.910240199572624 0.999755812887089 0.00905754527933932 -0.00315041318563372 0.000584921123168654 0.00729222049071642 0.0120126719642984 -0.00308200331091755 0.00394066084299823 0.0130858446448465 0.00150352461361695 0.903670713329563 0.00400000000000045 0.0229999999999997 0.0369999999999999 0.0190000000000001

 240 40 100 10 0.9 0.004 0.247 0 0.016 0.999385469854207 -0.0260268948750678 -0.0122941850502359 0.00639419273115664 -0.00658673190460313 0.00739415931728695 -0.00274159906616904 0.0106862794503367 0.00233337394183982 -0.0115773271371119 0.90559758795646 0.999386834686273 -0.00800628566148298 -0.0116058260368026 -0.00047569265067302 -0.00104678531598419 -0.0143384015078505 -0.0173660527786081 0.0208861064090249 -0.00549031171414647 0.00723147938593696 0.895622351452113 0.999385517844779 -0.0260237384713079 -0.0122956742056916 0.00639464415527356 -0.00658571030676007 0.00739443137158365 -0.00273943440417733 0.0106902483880323 0.00233328257482978 -0.0115757231080807 0.905541829078695 0.999386646416833 -0.0080107039017003 -0.0116135742516161 -0.000477316555907563 -0.00104345206018951 -0.0143361811515517 -0.0173686596711976 0.0208883858074428 -0.00549112862696814 0.0072314778917991 0.895726341660047 0.00300000000000011 0.00499999999999989 0.016 0.0270000000000001

 237 37 100 10 0.9 0.00499999999999989 0.254 0 0.016 0.999508099291504 0.000273613964110288 -0.0202963659528098 -0.000209154724452177 0.00366496520552778 0.00466273286170042 0.0100440026667877 -0.0115835653250877 -0.0157412235645881 -0.00731288091496873 0.901542576583844 0.999780624715813 0.00323893795777176 0.00223474276821973 -0.00709180019645095 0.0015343689585897 0.00258417304699458 0.0140078915215159 0.011256251180326 0.00494132258743613 -0.00406827919797557 0.906843450629349 0.999508129383338 0.000273393279929351 -0.0202961530749533 -0.000208889864202575 0.00366429772830355 0.00466376108373071 0.010044826148956 -0.011582281060795 -0.0157396328089798 -0.00731338054079038 0.901513036928734 0.999780587136996 0.00323902242268598 0.00223573047075379 -0.00709489386042002 0.0015312806220475 0.00258256905650813 0.0140091528243401 0.011256996344656 0.0049439528701892 -0.00406408972633873 0.906782292592669 0.0759999999999996 0.0720000000000001 0.0139999999999993 0.0140000000000002

 232 32 100 10 0.9 0.004 0.253 0 0.016 0.99976187214877 0.00865991686985946 0.00311370273409397 0.00350195498996423 -0.0035077362686568 -0.00208191141742497 -0.0058238734999549 0.00557825780834242 -0.00952165189961584 0.0143844053553505 0.889609892407327 0.999655283979952 0.002257204866608 -0.00179878880502034 0.00468940067248181 0.00935005793169488 0.0131119419073217 -0.00610783030802836 0.00211606072911086 -0.014839245661515 -0.0117328171181703 0.902623042096753 0.999761975874051 0.00866500925552235 0.00311616178054565 0.00350561401044433 -0.00351164744535048 -0.0020866723413448 -0.00581671409754774 0.00556871875570101 -0.00952298879190575 0.0143767674022411 0.889356489877032 0.999655250067559 0.0022567882319261 -0.00179798609864836 0.00468916487167074 0.00935192487221122 0.013113412738797 -0.00610720290095247 0.0021176158594917 -0.0148390948310185 -0.0117331089639008 0.902586099158885 0.0759999999999996 0.0750000000000002 0.016 0.016

 242 42 100 10 0.9 0.00300000000000011 0.254 0 0.0149999999999997 0.999762642053715 0.00851400474971 0.00253801427562074 -0.00365222612770327 -0.00870351762877167 0.0159964790753552 0.00305530081234978 0.00142804109149578 -0.0031889407592459 0.00540452914186505 0.890891855322217 0.999767759501095 -0.00605854924998659 -0.00817670417786024 0.0121639800304649 -9.41986523455503e-05 -0.00383403026765949 0.0101000646899762 0.00857238188270646 -0.00431693550534748 -0.00201457445405261 0.897838794150751 0.999762581875521 0.00849895733014999 0.00254065026036427 -0.00364605298602085 -0.00871937994374211 0.0160074856185185 0.0030287868861469 0.00144842863787631 -0.00316277288303832 0.00540899154275102 0.890564322495751 0.999767769148203 -0.00605830557904153 -0.00817695699765985 0.0121634461731695 -9.42491635524707e-05 -0.00383322284083222 0.0100995643819245 0.00857260449581335 -0.00431741547491219 -0.00201478341404719 0.897821152454925 0.0190000000000001 0.00499999999999989 0.0179999999999998 0.0129999999999999

 236 36 100 10 0.9 0.00299999999999967 0.256 0 0.016 0.999559742876891 -0.0130251177502028 0.00091901606590294 0.00638809971298238 -0.00645801855761075 -0.018383120594972 0.00799272103192516 0.00410269534816816 0.0112274368615313 0.0090883527336241 0.897968865338588 0.999690810049694 0.0114958570083034 0.000991968829135593 -0.00383155930836382 0.00214927600448144 -0.0109675266049465 -0.0104745647884007 0.0080474361914336 0.00729999979154506 0.0108531545667105 0.897654444131464 0.999559755019791 -0.0130246264564987 0.000918329148786525 0.00638865394526125 -0.00645832832472512 -0.0183826777218504 0.00799222923261916 0.0041026244399039 0.0112278136104975 0.00908807592057627 0.897951498765825 0.99969079479748 0.0114957609644344 0.000990419668611506 -0.00383215360186333 0.00214886897465722 -0.0109673766714788 -0.010474186582754 0.00804713899229274 0.00730056890354463 0.0108550273565116 0.897636536947513 0.0630000000000006 0.135 0.0139999999999993 0.0139999999999993

 249 49 100 10 0.9 0.004 0.259 0 0.0149999999999997 0.999795092086467 0.00100463865089468 -0.00597287132257487 -0.00726768640769835 -0.0121183718954455 0.00725443404673137 0.00434128105469541 0.00920602864610647 -0.00383505252884686 0.00157576018928031 0.896541432325594 0.999648314372198 0.000499902899075527 -0.00552670151060532 -0.0006396627692355 0.000408964439424402 -0.0173325127064526 0.0167899769746565 0.00111590610052373 0.00901870214883689 0.00264107204622182 0.897549575062013 0.999795066276851 0.00100443669988184 -0.00597334044567853 -0.00726834096969983 -0.0121192013504175 0.00725563725519562 0.00434203227945807 0.00920565235400729 -0.00383476845370889 0.00157636824018726 0.89658878442542 0.999648302476413 0.000500623883842531 -0.00552675555003115 -0.000639523577017182 0.000408895607254373 -0.0173334688869686 0.016789733461846 0.0011156977201397 0.0090186072026195 0.00264105436654202 0.897532353253892 0.00299999999999923 0.00399999999999956 0.0250000000000004 0.0140000000000002

 243 43 100 10 0.9 0.00300000000000011 0.257 0 0.016 0.999699291312243 -0.0114306728815559 0.0119835195574906 0.00702627086773074 -0.0137749617532658 0.00101673241707012 -0.00217501318655654 -0.00529926223454025 0.00389358426532906 -0.00623997330502209 0.899639731432913 0.999830821555735 0.00506527422658501 0.00884590835506912 -0.00443887299629014 0.00131701467533523 0.011111122338065 -0.00447688761661461 -0.00255560078113637 -0.007584767625137 0.00232888188027197 0.903514202637343 0.9996993051658 -0.011430882669509 0.0119846608951075 0.00702482903802945 -0.0137738595147483 0.0010178484212112 -0.00217576935823518 -0.00529922528136555 0.00389353311852215 -0.00623885167800066 0.899616499677234 0.99983082289468 0.00506370651338701 0.00884648313552758 -0.00443956607859835 0.00131675200035126 0.0111115482041878 -0.00447561902628282 -0.00255535259616546 -0.0075844359285174 0.00233011910069864 0.903473130685964 0.0739999999999998 0.0830000000000002 0.0149999999999997 0.0140000000000002

 241 41 100 10 0.9 0.00299999999999967 0.259 0 0.0149999999999997 0.999260421864778 0.00215362977185553 0.00926754428495104 0.00228526520133245 -0.00704825898070253 0.02965688019136 0.00945802711323961 0.0138330004507447 0.00463266944403219 -0.0123038635172638 0.901713159142219 0.999614802147199 0.00717647528682763 -0.0102062991723637 0.0172335532079914 0.0137894090112111 0.00698954930564028 0.000425338220656636 0.00775969054071021 0.00406532783076857 0.00128818906601111 0.89748527664632 0.999260467617018 0.00215332029589721 0.00926824348887482 0.00228606761593143 -0.00704916483882043 0.0296566340690896 0.00945699700356328 0.0138307961261207 0.00463219207463716 -0.0123030500507418 0.901680586291698 0.999614787718546 0.00717686744610898 -0.0102065366156136 0.0172339341247778 0.0137896379820032 0.00698896636358521 0.000426041252158271 0.00776000791368916 0.00406541927779828 0.00128850245793613 0.89747193327571 0.0270000000000001 0.101 0.0149999999999997 0.0140000000000002

 254 54 100 10 0.9 0.004 0.252 0 0.016 0.9997886570834 -0.00677419980565205 -0.00867713349377157 0.00865811036947994 -0.00866988580615755 -0.00153434182711838 -0.00846129379992925 -0.00420266510821121 0.00625672766779261 -0.00453565991916942 0.913687873061125 0.999499787112068 -0.0193771249225403 -0.0130055300043184 0.0122384260352846 -0.00892513230603158 -0.00348593033756954 -0.00382761263924935 -0.0121259047736778 0.00719330571163879 -0.00073360820336781 0.904825720081304 0.999788727190558 -0.00677776415030846 -0.00867384165660517 0.00865222929496175 -0.00867365949880324 -0.00152718155398433 -0.00846571864834719 -0.00419684664943884 0.00625336884734995 -0.00452936048228974 0.91355528663544 0.999499814432492 -0.0193771413738135 -0.0130048331797225 0.0122396547940532 -0.00892414614777184 -0.00348552288968045 -0.00382890904703139 -0.0121234616083651 0.00719364781779779 -0.000731995228749129 0.904780521058988 0.016 0.0219999999999994 0.0179999999999998 0.0130000000000008

 253 53 100 10 0.9 0.004 0.263999999999999 0 0.0169999999999995 0.99984657395365 -0.00449599835202931 -0.0098127411822214 -0.00875179566260195 -0.00832536506561031 -0.00588585025851284 -0.00291868045476284 -6.20964556821978e-05 0.000301297455409447 0.00107817747777363 0.894114464019507 0.999538202497229 -0.000339774737374988 0.00321849147690099 -0.002018730568983 0.0109774894592448 0.0175820207922631 0.020808729989807 -0.00231003757860609 0.00603817438969102 -0.00209774734132553 0.911587352235625 0.999846547649204 -0.0044973051113715 -0.00981050613920069 -0.00875437294251146 -0.00832538315484613 -0.0058923718813954 -0.00291302731649708 -6.58065823111987e-05 0.000301254032486351 0.00107585346160328 0.894304021297346 0.99953827334597 -0.000342895973864372 0.00321748990842257 -0.00202029087367224 0.0109781355698413 0.0175784458140154 0.0208093158534692 -0.00230738581843572 0.00603505569101428 -0.00209617550754142 0.911487259589647 0.00600000000000023 0.00299999999999923 0.016 0.0140000000000002

 259 59 100 10 0.9 0.004 0.261 0 0.016 0.999661231760224 0.000488233974618572 0.00973717128562868 -0.000138200739170774 -0.00165439900406251 -0.016270641840696 0.00430853824575048 -0.00634949261521001 0.012367758592651 0.0101508574152006 0.90337509746673 0.999389162191064 -0.0090559108268698 -0.0315789766617808 0.00356530458301628 -0.00134929990804584 4.07316338325312e-05 -0.00889172127281108 0.00383236954236145 0.00580856133416365 -0.000195940756185726 0.899998165013392 0.999661214084921 0.00048900454500899 0.00973543204336239 -0.000138223920749115 -0.00165545436852523 -0.0162722588663608 0.00430791171588347 -0.00634905725048737 0.012369749856241 0.010149576606234 0.903336604988079 0.999389135395888 -0.00905463153949434 -0.0315796761084979 0.003566110326574 -0.00135073564335792 4.12778313242299e-05 -0.00889238961242806 0.00383218103218218 0.00580962609270073 -0.000196122175635803 0.899973536783847 0.00700000000000056 0.0119999999999996 0.0150000000000006 0.0140000000000002

 257 57 100 10 0.9 0.00300000000000011 0.265 0 0.0170000000000003 0.999782637625641 0.00314324073785784 -0.0081426555296319 -0.00547315319351551 -4.7822674715992e-05 -0.00870538518158573 0.0137258248815283 0.00295866607698725 -0.00455268814703752 0.00590544950545939 0.901470201870335 0.999709780332878 -0.00217436879652135 -0.0106191212113892 -0.00452595738286563 0.0103098648236801 -0.00586426347620217 -0.00998439084677109 0.0013833921955347 -0.00744764344044061 0.0120260166067816 0.901663658826605 0.999782623171296 0.00314391809009998 -0.00814289134927683 -0.00547288142786672 -4.77009420401483e-05 -0.00870629056184636 0.0137264279359364 0.00295917235388345 -0.00455119240904201 0.00590562656657014 0.901440609524568 0.999709789218785 -0.00217544306638243 -0.0106191842525318 -0.0045272495282207 0.0103100513613493 -0.00586339328715677 -0.00998382574245791 0.00138419815644001 -0.00744648278297701 0.0120259011460969 0.901632748604786 0.00400000000000045 0.00300000000000011 0.0149999999999997 0.0139999999999993

 244 44 100 10 0.9 0.004 0.256 0 0.0270000000000001 0.99895322223969 -0.0144079748110654 0.00211227161482676 -0.0231999028375632 -0.0114273294678617 -0.00953024073755392 -0.00580277499349173 -0.0116556119496864 0.0215548882192587 0.0220595742198754 0.898660786302555 0.999655355226783 -0.0138618346241057 -0.00760860651554219 -0.00744706573432693 0.0050344628945951 0.0126765703789094 -0.000513969533354624 0.0131203587698173 0.00420466334711072 -0.00274630663047006 0.90887840335168 0.998953214078767 -0.0144087210819638 0.0021130403418956 -0.023199874902543 -0.0114266508934926 -0.00953020358947813 -0.00580401728933576 -0.0116556436394162 0.02155422545092 0.0220600836868499 0.898640610981247 0.999655335916496 -0.0138603295646996 -0.0076082156038746 -0.00744538794169001 0.00503315392538543 0.0126774611430175 -0.00051399497400919 0.0131234092802755 0.00420626223338552 -0.0027478224727093 0.908799371788414 0.0670000000000002 0.0220000000000002 0.0149999999999997 0.0149999999999997

 245 45 100 10 0.9 0.004 0.254 0 0.0419999999999998 0.999640563793474 0.0103359621881666 0.0116804935993908 -0.00226417771388847 -0.0137556928731754 0.009951189206236 -0.010956092026673 0.00511074449127784 -0.00569354604433179 -0.00187970516667221 0.893804245553176 0.999741884938127 0.00640940776172522 -0.00568114972952232 0.0100388952672359 -0.0122146209196886 -0.00125629353338931 -0.00922084633701122 0.00803116645833894 0.00305903194543246 0.00568960069958231 0.905775787408684 0.999640407751956 0.0103431471340938 0.011688374564432 -0.00226125795805365 -0.0137611769882982 0.0099511617675556 -0.0109419039880504 0.00511390262078789 -0.00570382486609636 -0.00188058919658176 0.893999581035394 0.999741907919235 0.00640960889719538 -0.00568320949219534 0.0100368488192003 -0.0122138693112738 -0.0012573313709519 -0.00921853354105403 0.00803211868344739 0.00305984227170323 0.00569024145279136 0.905719646233664 0.00699999999999967 0.0290000000000008 0.016 0.0140000000000002

 252 52 100 10 0.9 0.004 0.266999999999999 0 0.0169999999999995 0.99954664606065 -0.00273366660671021 -0.00575056753522343 0.00491231512403483 -0.00651886618395614 0.00165585013121059 -0.00991019419240676 0.00944783916803468 0.00484021534687975 0.0242010494497943 0.915127806775058 0.999085762879762 0.00885171242163411 -0.00731262876253948 0.0136138684748482 -0.00717125668220141 0.00481371476283843 -0.0201513788055812 -0.0296908488063365 0.00699572384930704 0.00996544775196079 0.904901967320013 0.999546393059897 -0.00273633068659567 -0.00574842280497126 0.00490883306131783 -0.00651611995281722 0.00165261328565236 -0.0099178377182314 0.00945024743251909 0.00485670863216182 0.024205998396379 0.914972013017743 0.9990856791739 0.00885138448086123 -0.00731318353243232 0.0136144852399098 -0.00717055274665692 0.00481574019145662 -0.0201532302136739 -0.0296918956723503 0.00699870969530323 0.00996344951936495 0.904852418955366 0.00699999999999967 0.00300000000000011 0.0170000000000003 0.0149999999999997

 256 56 100 10 0.9 0.00300000000000011 0.251 0 0.016 0.999402069440256 0.00769801246979578 -0.0188628755999021 -0.0205392484961334 -0.0150124142801024 0.000318091327367632 -0.00499213780659744 -0.000429905887465108 -0.00933365111616408 -0.00456928125044318 0.905514968342819 0.999502758721125 -0.00592068015065358 -0.00957025904680522 0.0065729416005451 0.00630911806851654 -0.00100395279849135 0.00278774681337626 0.0129405634846408 -0.0195054787800228 -0.0150957320408275 0.900803814596892 0.999402071978968 0.00769833307773944 -0.0188626301246482 -0.0205404272018629 -0.0150107605101071 0.000314940292557107 -0.00499470373389907 -0.000430445473098875 -0.00933163789242178 -0.00457080892021296 0.905462311829702 0.999502751460304 -0.00592057604533368 -0.00957044995593681 0.00657277275415165 0.00630970564869369 -0.00100395785374989 0.00278806432263835 0.0129408305819768 -0.0195052987904681 -0.0150959051423434 0.900777001261037 0.111000000000001 0.00600000000000023 0.016 0.0129999999999999

 263 63 100 10 0.9 0.00499999999999989 0.257 0 0.024 0.999102657617311 0.00107638814905112 0.00559874316736474 0.0154595598962493 -0.0110869996221362 -0.00113241485584381 -0.00876173601419555 0.0230230857996312 -0.0105958996945832 0.0260589620141355 0.90299222015058 0.999702627060556 -0.00525936804454745 0.00204886407329975 0.013066382439061 -0.00256626500006654 0.00150083180530338 0.00247104883748666 -0.00817173777402474 0.0169069484764961 -0.00494992953588106 0.901575268249628 0.999102597401278 0.00107724231961209 0.00559719728077289 0.0154603466655627 -0.0110882432692935 -0.00113161555428643 -0.00876314941246337 0.0230246122467718 -0.0105970708813082 0.0260583061234135 0.902954532181608 0.999702633786747 -0.00526141336925041 0.00204965571998959 0.0130661274216097 -0.00256517138860714 0.00149986257692803 0.00247160531012107 -0.00817191916422691 0.0169061486538898 -0.00494975806324988 0.901544200311786 0.00400000000000045 0.024 0.0149999999999997 0.0129999999999999

 255 55 100 10 0.9 0.004 0.252999999999999 0 0.016 0.999716887674594 0.0129692518319812 0.00514983920190173 -0.0062628676228231 0.0046474965645733 -0.0114149143783921 0.00888712107493109 -0.00247483252061607 -0.00443737313631928 0.00868925534987819 0.89206906353334 0.999578076932732 -0.0139791782654002 -0.00095209110563238 0.00385689485892589 0.0054581434566929 0.000470481627570666 -0.00220123385517591 0.00756720365996295 -0.0213201902483581 0.00926268741567716 0.900378304522691 0.999716665649407 0.0129790335994414 0.00514994786430605 -0.00626481177336585 0.00464402260716949 -0.0114285964496883 0.00888655499301876 -0.00248559544422301 -0.00444754950097999 0.00867489345123472 0.892351089644877 0.999578114850032 -0.0139783888211631 -0.000951971563205311 0.00385675652404109 0.0054577358819118 0.00047100870862941 -0.00220094903909579 0.00756607922049549 -0.0213192830027098 0.0092631446455517 0.90035269066519 0.0780000000000003 0.00300000000000011 0.016 0.0129999999999999

 246 46 100 10 0.9 0.004 0.273 0 0.016 0.999616781314249 -0.00323169709294956 -0.000150363759107777 -0.0217455716055932 0.00146394262657718 0.0113842268977586 -0.003554745510232 -0.00881360265957838 -0.00279241021980958 0.0072867717635019 0.911435167098946 0.999381255623095 0.000234262420258823 -0.00367272155252511 0.0203971765206285 0.00348979398663449 -0.00247229427482817 0.0111186096534177 -0.0128969079021041 0.0223020984765566 -0.00137445448802095 0.892067379684248 0.999616882247508 -0.00323032539288727 -0.000158641780896738 -0.0217424056715382 0.00146200121687741 0.0113840896766908 -0.00355890423823124 -0.00880984294270079 -0.00279676226868937 0.00728425668569542 0.911323419792867 0.999381447403103 0.000239347034462758 -0.00366652668244497 0.0204011971557029 0.00348928984109069 -0.00245512061957665 0.0111171518535089 -0.0128968690784721 0.0222934999986085 -0.00137471297982312 0.892350353815567 0.00300000000000011 0.00499999999999989 0.0169999999999995 0.0140000000000002

 247 47 100 10 0.9 0.004 0.256 0 0.0150000000000006 0.999525001309668 -0.0141284972055094 -0.0108085668333556 0.0168549621340794 0.0089979028162508 0.00510566134159041 0.0010049384025364 0.0089237597514567 0.00921375413743504 0.00875647021721109 0.913018924606116 0.999548768370524 0.0172732818282827 -0.000410353100725627 -0.0028477000263786 0.00452423395945878 -0.0047851317101776 0.0153152275113823 0.0114250481687193 -0.0135730098521095 0.00171315630066041 0.904542847501131 0.999525014952463 -0.0141369358802336 -0.0108066667707588 0.016845095690922 0.00900378683012332 0.00510263979328403 0.00100593167652039 0.00892657540719168 0.00921082190280924 0.00875843795209129 0.912891301142297 0.999548812869829 0.0172729233504531 -0.000411439325291124 -0.00284810990651039 0.00452646828739813 -0.00478397925465022 0.0153128735964527 0.0114243945608438 -0.0135731603152783 0.00171138967334229 0.904492431637662 0.0779999999999994 0.0120000000000005 0.0170000000000003 0.0149999999999997

 260 60 100 10 0.9 0.00499999999999989 0.259 0 0.016 0.999456756518418 0.0058443575413187 -0.00577595454297597 -0.0125854710134427 -0.0167135921720124 0.00341139254294866 0.0097958456022434 -0.00234052411637712 0.00390982638268438 0.0212737973615632 0.90128423782654 0.999774396262418 -0.0047766282506902 -0.00112276264222974 0.00485127351223248 0.00128085355990449 0.0037089623652411 0.00958919782565128 -0.0144004954015002 -0.000409975516798606 0.00941556688094188 0.905806239846361 0.999456789077741 0.00584430110523975 -0.00577523245420978 -0.0125851417880207 -0.0167132887375051 0.0034120793391639 0.00979693741015897 -0.0023403212155018 0.00391025594648623 0.0212722428027961 0.901255062360419 0.999774372707483 -0.00477735963559387 -0.0011241217765038 0.00485159620057748 0.00127995250229206 0.00370777355124779 0.00958828130521027 -0.0144027946140026 -0.0004091502518073 0.00941541176389846 0.905751587722015 0.00399999999999956 0.0170000000000003 0.016 0.0140000000000002

 251 51 100 10 0.9 0.004 0.253 0 0.016 0.999372461461669 -0.00528991910334415 0.0137876022891099 -0.00213824592774265 -0.0046443989694613 -0.00803101473718352 0.00210158680020963 -0.0302155961156057 -0.00531929410930264 -0.000518179869965195 0.912926356780898 0.999489696635904 2.3223158806731e-05 0.00753391317727492 0.0166116465314502 -0.0122347593297134 -0.00446837328749499 -0.0121087397795968 -0.018695677496889 -0.00279160318599182 0.00374705897307138 0.902453844316731 0.999372455917188 -0.00528995354658967 0.0137862638723458 -0.00213614477811954 -0.00464711783561079 -0.0080327943734346 0.00210504312567148 -0.0302156466945444 -0.00531796001298635 -0.000517551348835717 0.912807038559046 0.999489727794121 2.31296252667408e-05 0.00753281378106662 0.0166120911450766 -0.0122347765878992 -0.00446694443176609 -0.0121073501970374 -0.018695471913828 -0.00278982587472339 0.00374747453416682 0.902419428390193 0.0830000000000002 0.0789999999999997 0.0140000000000002 0.0119999999999996

 248 48 100 10 0.9 0.00300000000000011 0.26 0 0.032 0.999212692260423 0.0263710865976234 0.0105011142099172 0.00768234400036644 0.0143734422940637 0.0186773584936061 0.00721983021991248 -0.000609465625207068 -0.00913286009831134 0.00423361716990322 0.893229436514575 0.999483916772721 0.0130528809356058 0.00459168763937311 0.00806206272732994 -0.000564397435780669 0.0148413549557912 -0.00124534009806393 -0.00961447780766237 -0.0179349500802173 -0.0117985638914597 0.895201554185295 0.999212887367603 0.0263656465250528 0.010498056023 0.00767481451566063 0.0143709841637358 0.0186819899800487 0.00722370056786358 -0.000604533913864751 -0.00913029268701381 0.0042302426118545 0.893460293245363 0.999484000679483 0.0130537774008008 0.00458594794129081 0.00805981755143046 -0.000559698802489232 0.0148427037311446 -0.00124544354074377 -0.0096143239402982 -0.0179331475637896 -0.0117956115159854 0.895332060678452 0.00400000000000045 0.0289999999999999 0.0149999999999997 0.0129999999999999

 258 58 100 10 0.9 0.00400000000000045 0.268 0 0.0170000000000003 0.999770822976929 -0.000364769490534433 -0.0126408107421888 0.00186072713193681 -0.00716816723537256 0.00791190006264174 0.000882025177324417 0.00572833198106002 -0.0115428394377311 0.00375584657223889 0.890548203846576 0.999844144199928 -0.00782680208693956 -0.00567687935547906 0.00311283198155964 0.00817021248718092 -0.000899656738617703 -0.0114410601194289 -0.00183250654216873 0.0011592519989336 -0.00231305850143 0.91248013871834 0.999770408204913 -0.000385768916473372 -0.0126522518117076 0.00186815864376235 -0.00718276708258701 0.00789824044210973 0.000896286550514866 0.00573901823832739 -0.0115629274493362 0.003741292735977 0.890247745134574 0.9998440662239 -0.0078321702765062 -0.00567897407685237 0.00310960344179997 0.00817450189169408 -0.000891728455212378 -0.0114413810798298 -0.00183145619096754 0.00115534471362609 -0.00231690536497769 0.912358802379479 0.0680000000000005 0.00199999999999978 0.0170000000000003 0.0150000000000006

 250 50 100 10 0.9 0.00300000000000011 0.263 0 0.0199999999999996 0.999560784833763 -0.00346367917283783 0.0094512654847379 -0.000425785990020492 0.00166592811588453 0.00642259594555236 -0.0106932165797947 0.0178062386354799 0.016614769235247 -0.00502493871136637 0.898879957209765 0.999780360851826 -0.00527076585174618 0.00560681690565404 0.000834560368677792 0.0113387990407757 0.00143597662015887 -0.00349034986838783 0.00360948855509179 -0.0012873211007991 -0.014893544155622 0.901229038142069 0.999560820396662 -0.00346348421064922 0.00945098618183157 -0.000425906418481607 0.00166377373575147 0.00642236273597135 -0.0106925691924857 0.0178053054916343 0.0166142810088926 -0.00502582429086615 0.898858111462351 0.999780346129008 -0.00527109999014711 0.00560888652146557 0.000834839297829513 0.0113385204882214 0.00143742531194239 -0.00349028378011126 0.00360990739600187 -0.0012893221762502 -0.0148934325141406 0.901198191519576 0.0680000000000005 0.0729999999999995 0.016 0.0140000000000002

 261 61 100 10 0.9 0.004 0.258 0 0.016 0.999379009550548 -0.00263025267957723 -0.00382794662885278 -0.0202122652500598 -0.00673751380823669 0.0211846442807352 -0.0139622839353937 0.00756772411757228 0.00776812486520357 0.00217838658749458 0.88903813729976 0.999838947045738 0.00421136555459597 -0.00426129482199827 0.0089546670694875 -0.00388523180012571 -0.00832172654558788 0.00702494057794121 0.00646942122396289 -0.00384045043540749 -0.00396248094840641 0.897556065018662 0.999378662747218 -0.0026306292376619 -0.00384099913310121 -0.0202187858742345 -0.00673796484207219 0.0211934251679155 -0.0139530869233919 0.00757508451135022 0.00777197086878696 0.00218635473683497 0.888804957865021 0.999838940448748 0.00421194648665331 -0.00426133942466814 0.00895389384636304 -0.00388585363099914 -0.00832150231574816 0.00702563814834836 0.00646974993101544 -0.0038408835449266 -0.00396289530701263 0.897538964593016 0.0659999999999998 0.115 0.016 0.0129999999999999

 262 62 100 10 0.9 0.004 0.305 0 0.0339999999999998 0.999806359220674 0.00435806976327846 -0.00557230798700029 -0.00898284477072593 -0.00584109085474205 0.0137631830454981 -0.0009785281438211 -0.00464663324269659 -0.0032231177031415 -0.000168576084431347 0.907170448499194 0.999794132533315 0.00492587136717242 0.00353040349275623 0.00339835949843222 0.00425389286991447 0.00796302704201403 -0.00215676405251188 0.00678297773608469 -0.00842849147320822 0.0126574269204424 0.893319198726254 0.999806313947639 0.00435795349604696 -0.00557507491440356 -0.00898445218297073 -0.00584059543033728 0.0137646125040141 -0.000974705836708172 -0.00464661214269806 -0.00322407354482423 -0.000167845076095569 0.907105470040375 0.999794228352335 0.00492957869738495 0.00353137635209944 0.00339918116370409 0.00426127094956003 0.00796605103101189 -0.00215753132144068 0.00678409779356146 -0.00842144778801254 0.0126474918243086 0.893546343691939 0.00299999999999923 0.00500000000000078 0.0149999999999997 0.0129999999999999
