
 4818 18 100 2 0.8 0.00399999999999956 0.328 0.0490000000000004 0.0250000000000004 0.999937948563665 0.0111399740704236 0.758929651354381 0.999968151246155 -0.00798100829137519 0.776521658177346 0.999938051405693 0.0111307390134985 0.758770906815463 0.999968165955732 -0.00797916506463054 0.776486291249414 0.00199999999999978 0.000999999999999446 0.0310000000000006 0.0309999999999997

 4821 21 100 2 0.8 0.00300000000000011 0.327 0.0490000000000004 0.0250000000000004 0.999617386664024 0.0276600845802562 0.800690217698955 0.999398880091024 0.0346681189684026 0.792562849458945 0.999617479571306 0.0276567267678066 0.800361989192768 0.99939871306839 0.0346729334963902 0.792403294037856 0.00300000000000011 0.00100000000000033 0.0369999999999999 0.0329999999999995

 4825 25 100 2 0.8 0.00300000000000011 0.326 0.0429999999999993 0.0289999999999999 0.999761295090191 -0.0218484058819674 0.811245381614456 0.999637266037232 -0.0269320691668568 0.799820145250302 0.999758498746179 -0.021975991099074 0.810653822640394 0.99963770339306 -0.0269158309373438 0.799482663943588 0.00400000000000045 0.00100000000000033 0.0379999999999994 0.0409999999999995

 4817 17 100 2 0.8 0.00299999999999923 0.324999999999999 0.048 0.024 0.999999597359895 -0.000897373972965457 0.831130463107594 0.999138779104228 -0.041493374050727 0.838131711097063 0.999999597614992 -0.000897089657945617 0.831125763107253 0.999138796116694 -0.0414929643974032 0.838127468880813 0.000999999999999446 0.00100000000000033 0.0289999999999999 0.0300000000000002

 4827 27 100 2 0.8 0.00300000000000011 0.327 0.0499999999999998 0.024 0.999993491545896 -0.00360788938977843 0.825931686422735 0.996905398639018 0.0786105982955255 0.754400666831506 0.999993425112261 -0.00362625595482914 0.826112851338901 0.996905469052117 0.0786097053421445 0.75435600620737 0.00199999999999978 0.000999999999999446 0.0330000000000004 0.0310000000000006

 4824 24 100 2 0.8 0.00400000000000045 0.327 0.0549999999999997 0.0229999999999997 0.999798297441561 0.0200839346980672 0.794713178696642 0.99974131057764 -0.0227444921794688 0.779862719888484 0.999798633686156 0.0200671891229327 0.7945065611726 0.999741212482932 -0.0227488035544063 0.779809199260549 0.00200000000000067 0.00100000000000033 0.0340000000000007 0.0310000000000006

 4829 29 100 2 0.8 0.00300000000000011 0.324 0.0520000000000005 0.0249999999999995 0.999989504289029 -0.00458162763449028 0.819203536253711 0.998988027458364 0.0449768940106689 0.827089264523482 0.999989333229115 -0.00461881240043087 0.81983447222813 0.99898781519968 0.0449816082701496 0.82719362122538 0.00200000000000067 0 0.0389999999999997 0.0330000000000004

 4803 3 100 2 0.8 0.000999999999999446 0.326000000000001 0.0490000000000004 0.0249999999999995 0.999830776079784 -0.0183961736156347 0.81750397856343 0.999244260354978 0.0388704019484273 0.806431650191877 0.999831452653119 -0.0183593650639961 0.818234992476587 0.999242506182134 0.0389154704307712 0.805956908912529 0.00199999999999978 0.000999999999999446 0.0410000000000004 0.0380000000000003

 4826 26 100 2 0.8 0.00499999999999989 0.327 0.0589999999999993 0.0230000000000006 0.998894494562924 0.0470083900158246 0.793111786877849 0.999787846316147 0.0205976299248182 0.846543358856741 0.998894387628185 0.0470106622471278 0.792921528464015 0.999787864770826 0.0205967341341217 0.846539491345873 0.00100000000000033 0 0.0350000000000001 0.0279999999999996

 4807 7 100 2 0.8 0.00499999999999989 0.328 0.0529999999999999 0.024 0.999899988869783 -0.0141425690101471 0.791952953974613 0.999740920480712 -0.0227616325508089 0.781477144187325 0.999900295849725 -0.0141208484034108 0.791772559901276 0.99974089527262 -0.0227627397186953 0.78142206674197 0.00199999999999978 0.00100000000000033 0.0360000000000005 0.0279999999999996

 4805 5 100 2 0.8 0.00499999999999989 0.326 0.0500000000000007 0.024 0.997796043011764 -0.0663555314202632 0.777971323492501 0.999822874439246 0.0188207265546262 0.79192627903243 0.997795652105697 -0.0663614092599469 0.777925198863614 0.999822871298779 0.0188208933864876 0.791726392943677 0.00200000000000067 0 0.032 0.0389999999999997

 4831 31 100 2 0.8 0.00399999999999956 0.327 0.0509999999999993 0.0229999999999997 0.999943170383617 -0.0106609569533303 0.833782373544205 0.99891790204826 0.0465083322373763 0.815658785856555 0.999943158765265 -0.0106620466395373 0.833776606559305 0.998914811626579 0.0465746617060816 0.814740713526371 0.00199999999999978 0.00100000000000033 0.0300000000000002 0.0410000000000004

 4816 16 100 2 0.8 0.00199999999999978 0.321000000000001 0.0579999999999998 0.0220000000000002 0.99998102241161 -0.00616074805767266 0.820569058328122 0.999938681463371 0.0110739926537657 0.767403543343444 0.999981319918021 -0.00611226758347378 0.821075972637867 0.999937574866488 0.0111734672383906 0.766775295017529 0.00100000000000033 0.000999999999999446 0.0350000000000001 0.0329999999999995
 4809 9 100 2 0.8 0.00199999999999978 0.322 0.0490000000000004 0.024 0.999842781084637 0.0177316979711026 0.811814208254794 0.999281116592276 -0.0379110804659398 0.72525172827409 0.999841651990365 0.0177952506354323 0.811122750731726 0.999278623859535 -0.0379767283661156 0.725753690691238 0.00199999999999978 0.000999999999999446 0.0379999999999994 0.0310000000000006
 4812 12 100 2 0.8 0.00499999999999989 0.327999999999999 0.056 0.0229999999999997 0.999839187885304 0.0179331639388069 0.777960845163734 0.999650817793473 -0.0264242783220319 0.806306150656326 0.99983919412004 0.0179328163262087 0.777921350044485 0.99965071975807 -0.0264279868164791 0.80580978487596 0.00100000000000033 0 0.0270000000000001 0.0380000000000003
 4819 19 100 2 0.8 0.00199999999999978 0.324000000000001 0.056 0.0229999999999997 0.999770823449424 0.0214079559804303 0.800679894414625 0.999952013635329 0.00979644969623805 0.763837710942629 0.999771153202664 0.0213925506617234 0.80035770231252 0.999952104116471 0.00978720966583783 0.763430772719381 0.00200000000000067 0.000999999999999446 0.0339999999999998 0.032




 4832 32 100 2 0.8 0.00299999999999923 0.326 0.056 0.0229999999999997 0.999166717618064 0.0408150756993517 0.827989600202129 0.999351865070364 0.0359979135559948 0.795585721618256 0.999166866273287 0.0408114364072105 0.828005545181757 0.999351301097045 0.0360135668275652 0.795369593018596 0.00200000000000067 0.00100000000000033 0.0249999999999995 0.032

 4813 13 100 2 0.8 0.00400000000000045 0.327 0.0640000000000001 0.0230000000000006 0.999972123611296 -0.00746672621132327 0.802735125160117 0.999971826441177 -0.00750641884632434 0.833498977072439 0.999972014952136 -0.00748126410209754 0.802295894066868 0.999971827785549 -0.00750623975285444 0.833495087966407 0.000999999999999446 0 0.0390000000000006 0.0260000000000007

 4815 15 100 2 0.8 0.00199999999999978 0.324 0.0499999999999998 0.0229999999999997 0.999997031949944 0.00243640951043094 0.812693945117231 0.998591278916579 -0.0530608864583912 0.809375870252623 0.999997247879132 0.00234611043236374 0.812084802939928 0.998583713957731 -0.0532030658739098 0.808773632783899 0.00100000000000033 0.000999999999999446 0.0330000000000004 0.0390000000000006

 4801 1 100 2 0.8 0.00399999999999956 0.328 0.0530000000000008 0.0230000000000006 0.999917896315865 -0.0128140792589962 0.866827833322756 0.999935821371863 0.0113293043642814 0.790560715684557 0.999918018446086 -0.0128045455543028 0.866527057445619 0.999935788493682 0.0113322058539987 0.79041736555443 0.00199999999999978 0.000999999999999446 0.0410000000000004 0.0300000000000002

 4823 23 100 2 0.8 0.00500000000000078 0.328 0.0620000000000003 0.0220000000000002 0.999542730194104 0.0302378986723216 0.7658028842192 0.998815553066401 0.048656869532048 0.8073404267812 0.999542820119927 0.0302349259417449 0.765258093081008 0.998815499784995 0.0486579632665769 0.80687200595104 0.00100000000000033 0 0.0329999999999995 0.032

 4828 28 100 2 0.8 0.00399999999999956 0.329 0.056 0.0230000000000006 0.998385409025488 0.0568029492633059 0.81054385343218 0.999636880000689 -0.0269463938679828 0.806681161076219 0.998388980923595 0.0567401336828279 0.809970212903062 0.999637399809997 -0.0269271034667417 0.806197208939582 0.00199999999999978 0 0.0340000000000007 0.0350000000000001

 4806 6 100 2 0.8 0.00300000000000011 0.328 0.056 0.0229999999999997 0.99940547564234 0.0344774601168327 0.816023567773117 0.999198157131408 0.0400380167490576 0.727659811151172 0.999405329236957 0.0344817037393639 0.815100243515257 0.999202383549713 0.0399324017380942 0.728422672037907 0.00200000000000067 0.00100000000000033 0.04 0.0340000000000007

 4830 30 100 2 0.8 0.00300000000000011 0.327 0.0619999999999994 0.0230000000000006 0.999951065626681 -0.00989274239352587 0.809238538830867 0.999967995842898 0.0080004556081712 0.796993477747553 0.999950879721407 -0.00991151574610598 0.808593748273358 0.999967977981298 0.0080026877981118 0.796749986787973 0.00200000000000067 0.00100000000000033 0.04 0.032

 4820 20 100 2 0.8 0.00399999999999956 0.327 0.056 0.0229999999999997 0.999599850110412 0.0282867399896356 0.804155038037729 0.999172439690988 -0.0406747558315865 0.838670793114882 0.999600679452914 0.0282574173850539 0.803741831584031 0.999172450209021 -0.0406744974560334 0.838666144495759 0.000999999999999446 0.00100000000000033 0.0339999999999998 0.0269999999999992

 4810 10 100 2 0.8 0.00300000000000011 0.327 0.0599999999999996 0.0229999999999997 0.999901240816196 0.0140537757997794 0.778604050977016 0.99999994992015 0.000316480169245944 0.80692486274934 0.999901312787073 0.0140486542661084 0.778557863705151 0.999999915474298 0.000411158603210074 0.806359111972139 0.00100000000000033 0 0.0299999999999994 0.04

 4804 4 100 2 0.8 0.00199999999999978 0.325 0.0609999999999999 0.0230000000000006 0.998423849451391 -0.0561232291183159 0.797783318282109 0.999449086585873 0.0331892049116104 0.809329673953338 0.998422168219298 -0.0561531299953696 0.797511015465425 0.999449670126026 0.0331716277107177 0.808777125673922 0.000999999999999446 0.00100000000000033 0.0350000000000001 0.0330000000000004

 4802 2 100 2 0.8 0.00300000000000011 0.327 0.0620000000000003 0.0229999999999997 0.999626129247017 0.0273423065344931 0.802234111348742 0.999908733909423 0.0135101388466376 0.803388795868854 0.9996272663786 0.0273007016841543 0.801875319724165 0.999908360408081 0.0135377540981969 0.803006786547264 0.00199999999999978 0.00100000000000033 0.0350000000000001 0.0329999999999995

 4822 22 100 2 0.8 0.00300000000000011 0.326000000000001 0.0579999999999998 0.0230000000000006 0.999908836897322 0.0135025143823032 0.801419857139475 0.999907551678612 -0.0135973562166779 0.817240323236242 0.999908959686137 0.0134934183729188 0.801063615782995 0.999906975852271 -0.0136396349645728 0.817930765605393 0.00200000000000067 0.000999999999999446 0.0350000000000001 0.0329999999999995

 4814 14 100 2 0.8 0.00399999999999956 0.325 0.0539999999999994 0.0229999999999997 0.999998390290166 0.00179427341195451 0.816220686575808 0.999817150741421 -0.0191223712783224 0.831193074612331 0.999998309663092 0.00183866009870781 0.816961410411262 0.999817170484944 -0.0191213389562658 0.831187347927278 0.00200000000000067 0.00100000000000033 0.0369999999999999 0.0269999999999992

 4808 8 100 2 0.8 0.00200000000000067 0.326000000000001 0.0579999999999998 0.0230000000000006 0.999845577669969 0.0175732983189281 0.794699713614103 0.999990573010293 0.00434210669446641 0.831317083584686 0.999845732952181 0.0175644612019982 0.794461875378014 0.999990579740831 0.0043405563695711 0.831313541439845 0.000999999999999446 0 0.0369999999999999 0.0229999999999997

 4811 11 100 2 0.8 0.00499999999999989 0.327999999999999 0.0590000000000002 0.0219999999999994 0.998547118293317 0.0538855504575412 0.790648396241208 0.9995163301286 -0.0310983248143013 0.787547537252736 0.998548194442365 0.0538656047575141 0.790504419682022 0.999516524278668 -0.0310920841033675 0.787434278306514 0.00100000000000033 0.00100000000000033 0.032 0.0289999999999999

 4833 33 100 2 0.8 0.00199999999999978 0.246 0.0549999999999997 0.0229999999999997 0.996468818339505 0.0839636473544989 0.760990735829601 0.999672755484144 0.0255808901865894 0.773020012789777 0.996466534899675 0.0839907424960363 0.76069323212381 0.999672649517722 0.0255850309012619 0.773378014637342 0.000999999999999446 0.00100000000000033 0.0379999999999994 0.0310000000000006

 4836 36 100 2 0.8 0.00200000000000022 0.247 0.056 0.0220000000000002 0.99940062261428 0.0346178497048878 0.76930849423815 0.997921703794991 0.0644381338564499 0.814216778726215 0.999401057430024 0.0346052945045828 0.768464887742094 0.997931816826512 0.0642813267235208 0.81347685307185 0.00199999999999978 0 0.0360000000000005 0.0350000000000001

 4834 34 100 2 0.8 0.00300000000000011 0.248 0.0579999999999998 0.0230000000000006 0.999950297591879 0.00997007251284918 0.790741206381498 0.999939194547065 -0.0110275658496014 0.799457447449784 0.999950275750751 0.00997226283235903 0.790586827726796 0.99993946662033 -0.0110028675830217 0.799153689775867 0.00100000000000033 0.000999999999999446 0.0359999999999996 0.0359999999999996

 4838 38 100 2 0.8 0.00199999999999978 0.249 0.0579999999999998 0.024 0.999844227318678 0.0176499602695291 0.778295268139218 0.998243908711114 0.0592376461480136 0.797613576556342 0.999844041346904 0.0176604921531522 0.778246894107226 0.998243924512118 0.0592373798765968 0.797392558944623 0.00100000000000033 0 0.0329999999999995 0.0280000000000005

 4839 39 100 2 0.8 0.00200000000000022 0.248 0.0489999999999995 0.024 0.999098472495604 -0.0424528238984162 0.77435091021748 0.999604063674485 -0.0281374463208139 0.795634581318171 0.999097924721847 -0.0424657134226962 0.774550396141993 0.999604607456706 -0.0281181214046224 0.795412078293826 0.000999999999999446 0.00100000000000033 0.0300000000000002 0.032

 4841 41 100 2 0.8 0.00199999999999978 0.25 0.0549999999999997 0.0229999999999997 0.999918960081976 0.012730799997596 0.833895968422707 0.998058607509591 0.0622817467322196 0.771740767710213 0.999918941763011 0.0127322387481633 0.833891488865873 0.998059343611739 0.0622699496491214 0.772184832604282 0.000999999999999446 0.00100000000000033 0.0280000000000005 0.0299999999999994

 4837 37 100 2 0.8 0.00199999999999978 0.249 0.0550000000000006 0.024 0.999855347438364 -0.0170083567374706 0.79518059785206 0.999920321263143 0.0126234355471195 0.762178417458988 0.999855568732599 -0.016995342727063 0.794958358745105 0.9999205930678 0.0126018871181338 0.761871132686123 0.00199999999999978 0.00100000000000033 0.0350000000000001 0.0289999999999999

 4842 42 100 2 0.8 0.00199999999999978 0.252 0.0500000000000007 0.0230000000000006 0.999227107877778 -0.0393088651860004 0.824217152830609 0.999556093706771 -0.0297928772303144 0.812369097134594 0.99922766939654 -0.0392945888432433 0.824547915237411 0.999554126164437 -0.0298588155767972 0.811664572621598 0.00199999999999978 0 0.0369999999999999 0.0350000000000001

 4840 40 100 2 0.8 0.00200000000000022 0.253 0.0540000000000003 0.024 0.999990565415448 0.00434385544100698 0.813445745672827 0.999990544827972 0.00434859226134943 0.784309882079308 0.999990498194787 0.00435930271284759 0.812798828631776 0.999990559500807 0.00434521682577516 0.784228747566029 0.00199999999999978 0.00100000000000033 0.0329999999999995 0.0279999999999996

 4843 43 100 2 0.8 0.00199999999999978 0.255 0.0520000000000005 0.024 0.999997823963811 0.00208616098207266 0.808309868958586 0.999758451320659 -0.0219781485325378 0.836875019873556 0.999997836038613 0.00208036489397269 0.807806931218793 0.999758427418643 -0.0219792357783894 0.836870140645096 0.00199999999999978 0.00100000000000033 0.0330000000000004 0.0279999999999996

 4844 44 100 2 0.8 0.00200000000000022 0.259 0.0539999999999998 0.0229999999999997 0.997700535769004 0.0677764039046255 0.785943912214107 0.999997178973049 0.00237529912725939 0.841083786171447 0.99770113435516 0.0677675918594311 0.785845318505204 0.999997176020406 0.00237654186014543 0.841079035647707 0.000999999999999446 0 0.0309999999999997 0.0309999999999997

 4835 35 100 2 0.8 0.00199999999999978 0.251 0.0530000000000008 0.0249999999999995 0.999552042833812 0.0299284758508123 0.819917302258056 0.999090075037196 -0.042649993694839 0.751057474279141 0.999549607529196 0.0300096999023835 0.820493933500701 0.999089638732472 -0.0426602130493839 0.750656558546886 0.00200000000000067 0.00100000000000033 0.0380000000000003 0.26

 4845 45 100 2 0.8 0.00199999999999978 0.262 0.0539999999999998 0.0229999999999997 0.999270019680165 0.0382024576225365 0.821774289197624 0.999789284411962 0.0205277074954252 0.825295510494177 0.999269279071564 0.0382218249668599 0.822205688157938 0.999789255490401 0.0205291160538057 0.825529464387108 0.00100000000000033 0.000999999999999446 0.0339999999999998 0.0310000000000006

 4847 47 100 2 0.8 0.00199999999999978 0.259 0.0619999999999998 0.0229999999999997 0.999978722785824 0.00652334083368724 0.821150004363952 0.998016643923176 0.0629506032720901 0.782772338461061 0.999978514374802 0.00655521081009495 0.821711644637386 0.998017038324403 0.0629443501371448 0.782698835222526 0.00199999999999978 0.00100000000000033 0.0379999999999994 0.0289999999999999

 4846 46 100 2 0.8 0.004 0.257 0.0430000000000001 0.0220000000000002 0.999465319747958 0.0326967065789876 0.832600534872181 0.999188683395165 0.0402737504466242 0.819904726515604 0.999465366892417 0.0326952654463203 0.832595284661685 0.999187390517321 0.0403058138633424 0.820516241865252 0.00100000000000033 0 0.0289999999999999 0.0350000000000001

 4853 53 100 2 0.8 0.00099999999999989 0.25 0.056 0.0259999999999998 0.998948921566639 -0.0458372348735098 0.826321524006271 0.997747160348309 0.0670865412499833 0.821719133629575 0.998949351236394 -0.0458278699525412 0.826487693500609 0.997746460761522 0.0670969450709755 0.822160728460543 0.00200000000000067 0 0.0339999999999998 0.032

 4848 48 100 2 0.8 0.00199999999999978 0.253 0.0579999999999998 0.0259999999999998 0.999923678261897 -0.0123546611122394 0.81387683571504 0.999726040175794 0.0234060802875425 0.827772999804512 0.999924733138944 -0.0122689876114853 0.813139170881312 0.999726015905779 0.0234071168911988 0.827796240384307 0.00199999999999978 0 0.0349999999999993 0.0229999999999997

 4850 50 100 2 0.8 0.00199999999999978 0.248 0.0609999999999999 0.0229999999999997 0.999991702998761 -0.00407356522452678 0.820610764210998 0.999656304776215 0.0262158791796866 0.790663945532418 0.999991658469132 -0.00408448187117458 0.821118993066621 0.999655954467428 0.0262292336490251 0.790528497987873 0.000999999999999446 0 0.0329999999999995 0.0279999999999996

 4852 52 100 2 0.8 0.00199999999999978 0.249 0.0529999999999999 0.024 0.999727607810946 0.0233390269849344 0.768617567176226 0.999725416934284 -0.0234326851976612 0.784311754147065 0.999726637650573 0.0233805468687263 0.767824836356541 0.999725157040049 -0.0234437706278032 0.784232380865955 0.000999999999999446 0 0.0330000000000004 0.0279999999999996

 4856 56 100 2 0.8 0.00199999999999978 0.248 0.0529999999999999 0.024 0.999905224351444 0.0137674367508066 0.810145389874432 0.999986492801833 0.00519751997485655 0.78584199305316 0.999905895740605 0.01371858823559 0.809501179468819 0.999986517510966 0.00519276383917652 0.785753038186232 0.00199999999999978 0.000999999999999446 0.0369999999999999 0.0270000000000001

 4858 58 100 2 0.8 0.00199999999999978 0.249 0.0500000000000007 0.024 0.999250865336314 0.0387002341676196 0.826162029460079 0.999897257633798 -0.0143343704574089 0.828366872257065 0.999250905847216 0.0386991881506462 0.826359391354025 0.999897267800034 -0.0143336612917582 0.828369481415019 0.00100000000000033 0 0.04 0.024

 4851 51 100 2 0.8 0.00200000000000022 0.251 0.0579999999999998 0.024 0.999870356805054 -0.0161018502829279 0.770138749001115 0.99997701051565 -0.00678074038605751 0.773014934207846 0.999870461540135 -0.0160953452748499 0.770861726186817 0.999977108671137 -0.00676624960475564 0.773354884771493 0.000999999999999446 0.00100000000000033 0.0369999999999999 0.0279999999999996

 4854 54 100 2 0.8 0.00199999999999978 0.25 0.0620000000000003 0.0249999999999995 0.9999316673205 -0.0116901963048484 0.805984119517202 0.999685953951978 0.0250597979066727 0.793680566851803 0.999932203573349 -0.0116442370702063 0.805469728262841 0.999685132169608 0.0250925590371605 0.793482471550986 0.00199999999999978 0.00100000000000033 0.0369999999999999 0.032

 4861 61 100 2 0.8 0.00199999999999978 0.25 0.0540000000000003 0.0250000000000004 0.99993465694895 0.0114316154757435 0.780637031184563 0.99994766110036 0.0102310830277091 0.811987256097893 0.999934641734336 0.0114329462355266 0.780580148699589 0.999948090467505 0.0101890318671566 0.811308145259973 0.00199999999999978 0 0.0289999999999999 0.0339999999999998

 4855 55 100 2 0.8 0.00299999999999967 0.25 0.0579999999999998 0.0250000000000004 0.999644268720991 0.02667088324889 0.822530661287022 0.999759094655077 0.0219488645369253 0.842525187075913 0.999644631179655 0.0266572945681271 0.822950283677259 0.999759070645596 0.0219499581287584 0.842520701169894 0.00199999999999978 0 0.0349999999999993 0.0270000000000001

 4859 59 100 2 0.8 0.00199999999999978 0.251 0.0579999999999998 0.0249999999999995 0.999696141622246 0.0246500390586723 0.812817348175865 0.999056304861507 -0.0434338544970621 0.795265332587201 0.999698625439421 0.0245490996684575 0.812049067887274 0.999053818494249 -0.0434910077149269 0.795058504953293 0.000999999999999446 0 0.0380000000000003 0.0309999999999997

 4864 64 100 2 0.8 0.00199999999999978 0.25 0.0629999999999997 0.024 0.999902677257217 0.013951201161556 0.781858146829268 0.99930118729097 0.0373782968961593 0.835908284478014 0.999902815657818 0.0139412782616374 0.781789031050366 0.999301169873391 0.0373787625487068 0.83590355783309 0.00199999999999978 0.000999999999999446 0.0310000000000006 0.0270000000000001

 4863 63 100 2 0.8 0.00200000000000022 0.255 0.0529999999999999 0.024 0.999373318557566 -0.035397318475248 0.779221038347162 0.998930283397929 0.0462416361143685 0.843263948240886 0.999373122862516 -0.0354028431064844 0.779172636148791 0.998930247722438 0.0462424067841302 0.843258779043322 0.00199999999999978 0 0.0280000000000005 0.0279999999999996

 4857 57 100 2 0.8 0.00300000000000011 0.248 0.0659999999999998 0.0230000000000006 0.999037584895394 0.0438623296962081 0.79011744621699 0.999535013882714 0.0304919009326003 0.830396928448586 0.999037899757384 0.0438551576026712 0.789976002707359 0.99953505804022 0.0304904533999574 0.830389933934811 0.00100000000000033 0.00100000000000033 0.0310000000000006 0.0299999999999994

 4860 60 100 2 0.8 0.00199999999999978 0.248 0.0549999999999997 0.024 0.999972006354168 0.00748241324839936 0.829476870041381 0.999721839625826 -0.0235848123832916 0.729570159984255 0.9999720093482 0.00748201310631716 0.829472104994762 0.999720478799611 -0.0236424251860331 0.728883124535782 0.00199999999999978 0.00100000000000033 0.0279999999999996 0.0259999999999998

 4862 62 100 2 0.8 0.00099999999999989 0.253 0.0570000000000004 0.024 0.999997878104754 -0.0020600451424796 0.796426142967084 0.99985709405802 -0.0169053678413557 0.824049929744249 0.999997808013671 -0.00209379269588317 0.796207165629526 0.999857705208584 -0.0168691829981518 0.824360079077112 0.000999999999999446 0.000999999999999446 0.0300000000000002 0.0299999999999994

 4849 49 100 2 0.8 0.00200000000000022 0.248 0.0549999999999997 0.0229999999999997 0.999920796468072 0.0125857375889193 0.748819032869139 0.998582795051968 0.0532203102790527 0.773386800706162 0.999920768369541 0.0125879697833481 0.749058339699793 0.998578404117142 0.0533026343707505 0.773694686198057 0.000999999999999446 0.00100000000000033 0.229 0.0300000000000002

 4866 66 100 2 0.8 0.00199999999999978 0.253 0.0529999999999999 0.0230000000000001 0.99946995516032 -0.032554703682076 0.781286769575248 0.997902216374558 -0.0647392196025315 0.788848184055915 0.999470219790441 -0.0325465781926064 0.781230434908694 0.997902478272167 -0.0647351825383076 0.78872911023581 0.00199999999999978 0.00100000000000033 0.0289999999999999 0.0300000000000002

 4865 65 100 2 0.8 0.00199999999999978 0.257 0.0590000000000002 0.0229999999999997 0.999812307965231 0.0193739216793793 0.81667341566333 0.999345768662055 0.0361667617743914 0.802134590029552 0.999810157587474 0.0194845781301508 0.817367411939205 0.999345798800584 0.0361659289887921 0.801766136886891 0.000999999999999446 0 0.0360000000000005 0.0369999999999999

 4870 70 100 2 0.8 0.00199999999999978 0.255 0.0609999999999999 0.024 0.999870587755531 0.0160875026467701 0.785122735498629 0.999939739381188 0.0109780511149688 0.760750636159813 0.999870645509448 0.0160839127241908 0.7850300867792 0.999939550195088 0.0109952696940239 0.760500606776596 0.00100000000000033 0 0.0339999999999998 0.0339999999999998

 4872 72 100 2 0.8 0.00199999999999978 0.255 0.0580000000000003 0.0229999999999997 0.998878830672575 0.0473400637324095 0.786088236962407 0.999594468431336 0.0284762827889079 0.801925452386463 0.998879064894719 0.0473351213693459 0.785982475182568 0.999594523395092 0.0284743533471467 0.801585414832791 0.00200000000000067 0 0.0339999999999998 0.032

 4869 69 100 2 0.8 0.00200000000000022 0.26 0.0469999999999997 0.0229999999999997 0.999661669964874 0.026010490249872 0.785087880627683 0.999674144573113 -0.025526548376453 0.828194276109555 0.999661894532277 0.0260018580132148 0.784994641314384 0.999674150633739 -0.0255263110282749 0.828201387948701 0.00199999999999978 0.000999999999999446 0.0329999999999995 0.0279999999999996

 4867 67 100 2 0.8 0.00199999999999978 0.257 0.0580000000000003 0.0229999999999997 0.999485949387953 0.0320598966944945 0.812887436260811 0.999989574710428 -0.00456623153797285 0.805540553731425 0.999482884266384 0.0321553115137977 0.8121410951622 0.99998957902267 -0.00456528707342441 0.805087802345016 0.00199999999999978 0.00100000000000033 0.0390000000000006 0.0339999999999998

 4868 68 100 2 0.8 0.00200000000000022 0.256 0.0540000000000003 0.0229999999999997 0.999166556401114 0.0408190221531436 0.804932800384795 0.999401679820973 -0.0345873151750398 0.825412669578561 0.999167134433162 0.0408048706482819 0.804499105022715 0.999401966710593 -0.0345790244946047 0.825514926013313 0.00100000000000033 0 0.0350000000000001 0.0350000000000001

 4874 74 100 2 0.8 0.00200000000000022 0.256 0.0529999999999999 0.024 0.999662451496273 -0.0259804362638893 0.783420797702074 0.999993169692584 0.00369602058679924 0.826756558920843 0.999662523842797 -0.0259776524006632 0.78333450162449 0.999993154412479 0.00370015245353398 0.826878809206854 0.00100000000000033 0 0.0359999999999996 0.0309999999999997

 4873 73 100 2 0.8 0.00099999999999989 0.257 0.048 0.024 0.999470707484682 0.0325315981788373 0.805568470599385 0.999962892493865 -0.00861473361769168 0.814120564011272 0.999471282378459 0.0325139308721477 0.805083287425594 0.99996294610544 -0.00860850835674291 0.813279072234981 0.00199999999999978 0 0.0389999999999997 0.0410000000000004

 4871 71 100 2 0.8 0.00099999999999989 0.261 0.0599999999999996 0.024 0.999920263546665 -0.0126280065239412 0.840775089237617 0.99109583567008 -0.13315045819458 0.780290866442462 0.99992023697081 -0.012630110697784 0.840771132144677 0.991094856928678 -0.133157743182747 0.780237514501265 0.00100000000000033 0 0.0289999999999999 0.0289999999999999

 4875 75 100 2 0.8 0.00200000000000022 0.258 0.0499999999999998 0.0229999999999997 0.999769387421404 0.0214749150179885 0.824959465734259 0.999540721281348 -0.0303042323836487 0.806279587549717 0.999769743197187 0.0214583454029041 0.825209864671165 0.999543177439401 -0.0302231109309698 0.80579912230735 0.00100000000000033 0.00100000000000033 0.032 0.0350000000000001

 4876 76 100 2 0.8 0.00099999999999989 0.25 0.056 0.0220000000000002 0.999735851663372 0.0229831873096872 0.820434746713533 0.999746278443921 -0.0225250690904379 0.817786166532554 0.999736978699341 0.0229341104277779 0.821002292097916 0.999743972512331 -0.0226271833258744 0.818476330444786 0.00200000000000067 0.000999999999999446 0.0419999999999998 0.0350000000000001

 4877 77 100 2 0.8 0.00099999999999989 0.253 0.0500000000000003 0.0220000000000002 0.999405681047637 0.0344715054749388 0.813326405084254 0.999954432519396 0.00954635453007759 0.802134080463362 0.999407701813249 0.034412869051554 0.81257838908089 0.99995452270353 0.00953690331060416 0.801738209715964 0.00199999999999978 0.00100000000000033 0.0410000000000004 0.0360000000000005

 4878 78 100 2 0.8 0.00099999999999989 0.257 0.0630000000000006 0.0229999999999997 0.999754732570503 0.0221466634706326 0.812020029927778 0.999999923582723 -0.000390940594926334 0.778992282402145 0.999755529330171 0.0221106665152708 0.811380142231991 0.999999927546447 -0.000380666654031309 0.778941634092361 0.00199999999999978 0.00100000000000033 0.0339999999999998 0.0300000000000002

 4879 79 100 2 0.8 0.00100000000000033 0.26 0.0599999999999996 0.0230000000000006 0.999743373860938 0.0226536182793971 0.810014812414875 0.999999697403233 0.000777941798952573 0.777539536663078 0.999743790858996 0.0226352079487683 0.809364201331739 0.999999704509998 0.000768752181447619 0.777501238214073 0.00199999999999978 0.00100000000000033 0.0379999999999994 0.0259999999999998

 4881 81 100 2 0.8 0.00200000000000022 0.257 0.0629999999999997 0.0250000000000004 0.999999703846632 0.000769614610172346 0.80489892314006 0.999999801566671 -0.000629973506285536 0.830250742058466 0.999999686740525 0.000791529438150938 0.80446924444259 0.999999801405277 -0.00063022964580677 0.830245303545455 0.000999999999999446 0.00100000000000033 0.0330000000000004 0.0280000000000005

 4880 80 100 2 0.8 0.00200000000000022 0.261 0.0699999999999998 0.0249999999999995 0.999670765755365 -0.0256585286811561 0.81584814893809 0.996112005350577 -0.0880958159985611 0.763155825289674 0.999670620667856 -0.0256641807495155 0.814941352083744 0.996110677150459 -0.0881108328575649 0.762812670652401 0.000999999999999446 0.000999999999999446 0.0380000000000003 0.0279999999999996

 4882 82 100 2 0.8 0.00099999999999989 0.257 0.0529999999999999 0.024 0.999997219801983 -0.00235804756218757 0.764462986980842 0.999857131581313 0.0169031484046452 0.822020000760617 0.999997310273775 -0.00231936310555257 0.763997644292813 0.999857402072109 0.0168871407175287 0.82243046842393 0.00100000000000033 0.00100000000000033 0.032 0.0310000000000006

 4883 83 100 2 0.8 0.00300000000000011 0.256 0.0550000000000002 0.0230000000000006 0.999654697778357 -0.0262770852581156 0.802200011174219 0.998601382400975 0.0528703987772103 0.841582262182922 0.999654758624099 -0.026274770411828 0.8018341589502 0.998601399767196 0.0528700707678359 0.841578730887726 0.00200000000000067 0.00100000000000033 0.0349999999999993 0.0249999999999995

 4885 85 100 2 0.8 0.00200000000000022 0.256 0.0580000000000003 0.0230000000000006 0.997784767206946 0.0665248700094962 0.786328941192003 0.997564705914336 0.0697470968144496 0.793530671163328 0.997784490812958 0.0665290154227869 0.78622715984477 0.997564696322541 0.0697472340019056 0.793365832203079 0.00199999999999978 0 0.032 0.0279999999999996

 4884 84 100 2 0.8 0.00199999999999978 0.263 0.052 0.024 0.999903925223139 0.0138614690188401 0.840170528700811 0.999956072545919 -0.00937299197383592 0.800175803407116 0.999903925728601 0.013861432557001 0.840165375872376 0.999956035851158 -0.00937690593090543 0.799862025733916 0.00199999999999978 0.00100000000000033 0.0300000000000002 0.0329999999999995

 4891 91 100 2 0.8 0.00200000000000022 0.253 0.0489999999999999 0.024 0.999953900572301 0.00960191284279896 0.799796411645624 0.999947304666296 0.0102658604418021 0.805802586828728 0.999954070068837 0.00958424502858053 0.799476865722301 0.999946523772696 0.0103416437233251 0.805321782702242 0.000999999999999446 0 0.0360000000000005 0.0350000000000001

 4890 90 100 2 0.8 0.00200000000000022 0.256 0.0499999999999998 0.024 0.999258785934142 0.0384951780541933 0.851085052442255 0.998634155614609 -0.0522477103794635 0.82229727796894 0.999258724676405 0.038496768151157 0.851080381093251 0.998634929488065 -0.0522329168855058 0.822489462869629 0.000999999999999446 0 0.0300000000000002 0.0330000000000004

 4886 86 100 2 0.8 0.00200000000000022 0.256 0.0499999999999998 0.0230000000000006 0.998855997984172 0.0478194028720873 0.832520902872266 0.999972906405213 -0.0073611449864373 0.803460010429362 0.998855915737052 0.0478211208264247 0.832516611057246 0.999973122362494 -0.0073317496278151 0.80305915324032 0.00200000000000067 0.00100000000000033 0.0270000000000001 0.0329999999999995

 4888 88 100 2 0.8 0.00199999999999978 0.261 0.0530000000000004 0.0249999999999995 0.998517802011364 -0.0544260881048366 0.799849923012143 0.999986809790978 0.00513617017450083 0.806731553428688 0.998517358034593 -0.0544342328284001 0.799574976742946 0.9999868899321 0.00512054332328705 0.806248700487986 0.00100000000000033 0 0.0309999999999997 0.0330000000000004

 4887 87 100 2 0.8 0.00200000000000022 0.261 0.0600000000000001 0.024 0.999937279673629 -0.0111998535215161 0.853687184681289 0.999725362930746 0.0234349890759275 0.760795742219902 0.999937060172538 -0.0112194337424989 0.853842668925133 0.999724725024037 0.0234621860791593 0.760551265028128 0.00100000000000033 0 0.04 0.0289999999999999

 4894 94 100 2 0.8 0.00199999999999978 0.254 0.0569999999999999 0.0229999999999997 0.999976615588025 0.00683873359027473 0.805238532790382 0.999176003970539 -0.040587104965322 0.769303617059394 0.999976475338335 0.0068592105901636 0.804787855488134 0.99917541273708 -0.0406016573760993 0.769960845460663 0.00199999999999978 0 0.0349999999999993 0.0369999999999999

 4893 93 100 2 0.8 0.00199999999999978 0.255 0.0510000000000002 0.024 0.998617383766155 0.0525672981999274 0.824260096118221 0.998306082172022 0.0581804632015585 0.73853136893059 0.998615789943888 0.052597567194155 0.824582420212241 0.998307733287257 0.0581521251448286 0.738290471389806 0.00200000000000067 0 0.0350000000000001 0.0290000000000008

 4896 96 100 2 0.8 0.00199999999999978 0.255 0.0550000000000002 0.0229999999999997 0.999902537162101 -0.0139612383689188 0.806799803857397 0.999635210760597 0.0270082470296942 0.795311289132298 0.999901535084043 -0.0140328235424881 0.806265559093378 0.999635193115981 0.0270089000882264 0.795091166034754 0.00100000000000033 0.00100000000000033 0.0380000000000003 0.0309999999999997

 4892 92 100 2 0.8 0.00099999999999989 0.251 0.052 0.0229999999999997 0.999779798283353 0.0209846359153243 0.780014382494547 0.999680746040352 -0.0252666973743321 0.793826481615308 0.999779850339587 0.0209821556316826 0.779960942067128 0.999681110663208 -0.0252522668917988 0.793630909145865 0.00199999999999978 0.00100000000000033 0.0279999999999996 0.0310000000000006

 4889 89 100 2 0.8 0.00200000000000022 0.254 0.0569999999999999 0.0229999999999997 0.999983188518189 0.00579850679015976 0.755658579874984 0.999496714310136 0.0317225169751908 0.829520341483756 0.999983143543791 0.00580625768262437 0.755586794264818 0.99949670129587 0.0317229270193379 0.829514795085612 0.000999999999999446 0 0.0289999999999999 0.0259999999999998

 4895 95 100 2 0.8 0.00100000000000033 0.253 0.0550000000000002 0.0229999999999997 0.999992423523784 -0.00389267196535793 0.84100949441748 0.998407495407304 -0.0564134125409432 0.794483026744092 0.999992418845034 -0.00389387370843068 0.841004915507912 0.998408876225059 -0.0563889694445201 0.794301054420934 0.000999999999999446 0 0.0280000000000005 0.0279999999999996

 4898 98 100 2 0.8 0.00100000000000033 0.244 0.0600000000000001 0.0230000000000001 0.999616679820229 -0.0276856176594031 0.83868483766603 0.999969463550497 -0.00781485550285125 0.8104161561804 0.999616700147391 -0.0276848837173185 0.83867875040657 0.999969163309655 -0.0078531795974268 0.80975982122201 0.00199999999999978 0.00100000000000033 0.0309999999999997 0.0359999999999996

 4897 97 100 2 0.8 0.00200000000000022 0.242 0.0550000000000002 0.0219999999999998 0.9992855088885 0.0377951283296048 0.810531920291134 0.999978324771544 0.00658407070857421 0.787888999118671 0.999287382137138 0.0377455679716945 0.809924183340062 0.999978168452692 0.00660776951769685 0.787760088508425 0.000999999999999446 0 0.0350000000000001 0.0329999999999995

 4899 99 100 2 0.8 0.00099999999999989 0.243 0.0609999999999999 0.0220000000000002 0.99998323662832 -0.00579020399885851 0.768526791321542 0.999098533265502 -0.0424513936958903 0.832555775288813 0.99998305970907 -0.00582067821535899 0.767731277898173 0.999098584522191 -0.0424501873465038 0.832551765721417 0.00100000000000033 0 0.0330000000000004 0.0270000000000001

 4900 100 100 2 0.8 0.00200000000000022 0.241 0.0620000000000003 0.0220000000000002 0.999903300071993 0.0139064914747691 0.801592736195377 0.999864766957855 0.0164452970880356 0.83277796561311 0.999903530103639 0.013889941910647 0.801233392845567 0.999864777378278 0.016444663520047 0.83277308591983 0.000999999999999446 0.000999999999999446 0.0339999999999998 0.0270000000000001

 4902 2 500 2 0.8 0.00300000000000011 0.261 0.247 0.107 0.999980880931395 -0.00618366975767703 0.819224059780063 0.999958586401936 0.00910085056695087 0.794321051810965 0.999981050329915 -0.00615621483372225 0.819844751605796 0.999958503737325 0.00910992883674981 0.79411977917429 0.00200000000000067 0 0.0629999999999997 0.0590000000000002

 4901 1 500 2 0.8 0.00199999999999978 0.26 0.283 0.105 0.999999634367352 -0.000855140434256424 0.802699343506782 0.999991702195241 0.00407376247021593 0.814270130216838 0.999999636925712 -0.000852143440767934 0.80231856182571 0.999991566041086 0.00410704841653405 0.81351100434523 0.00199999999999978 0.00100000000000033 0.0620000000000003 0.0609999999999999

 4903 3 500 2 0.8 0.00200000000000022 0.262 0.253 0.105 0.999996876410135 0.00249943393072834 0.800308327053984 0.999983166632941 0.00580227978947969 0.805908199310538 0.999996855433746 0.00250781231768883 0.799995443000913 0.99998318447893 0.00579920334002594 0.80544350524955 0.00199999999999978 0 0.0600000000000005 0.0600000000000005

 4904 4 500 2 0.8 0.00299999999999967 0.261 0.269 0.105 0.99976948877574 0.0214701959258657 0.794929049477505 0.999912405819614 0.0132355841590751 0.805921706507424 0.999769406392766 0.0214740317838956 0.794722899744718 0.999912537796871 0.0132256098771115 0.805487458637851 0.00200000000000067 0.00100000000000033 0.0570000000000004 0.0570000000000004

 4906 6 500 2 0.8 0.00200000000000022 0.261 0.278 0.105 0.999912967075115 0.0131931146830308 0.810516594393241 0.999879624757302 -0.0155156693441554 0.78136397522031 0.999912794725949 0.013206170653985 0.809910021450388 0.999879657471532 -0.0155135609906697 0.781302468083281 0.000999999999999446 0 0.0599999999999996 0.0539999999999994

 4905 5 500 2 0.8 0.00200000000000022 0.26 0.26 0.106 0.999993388479476 0.00363634395188084 0.825006282472139 0.999975634334331 0.00698074048028646 0.810607495569349 0.999993367461969 0.00364211917311432 0.825257513375574 0.999975504689479 0.00699928717956038 0.809974631965708 0.00200000000000067 0 0.0579999999999998 0.0629999999999997

 4907 7 500 2 0.8 0.00299999999999967 0.26 0.245 0.106 0.999947062112347 -0.0102894593096623 0.807890531286122 0.999983051630907 -0.00582206586515249 0.800996432092733 0.99994740797444 -0.0102557927630658 0.807350386445908 0.999983153212766 -0.00580459220396344 0.800680249354971 0.00200000000000067 0 0.0609999999999999 0.0549999999999997

 4908 8 500 2 0.8 0.00200000000000022 0.263 0.27 0.106 0.999941791589441 0.010789505683754 0.808446699147773 0.999825955281114 0.0186563433235713 0.801736959910996 0.999942000706718 0.0107701078288566 0.807930099221674 0.999826259698139 0.0186400219428183 0.801393811958773 0.00199999999999978 0.000999999999999446 0.0590000000000002 0.0579999999999998

 4909 9 500 2 0.8 0.00300000000000011 0.267 0.271 0.106999999999999 0.999596478230248 -0.0284056457361232 0.799467176980249 0.999887506085279 -0.0149991724625613 0.796441763316741 0.999596203113323 -0.0284153254675932 0.79917294326318 0.999887646872307 -0.0149897842599675 0.796218585572973 0.00199999999999978 0.00100000000000033 0.0609999999999999 0.0540000000000003

 4910 10 500 2 0.8 0.00300000000000011 0.268 0.258 0.107 0.99999992597565 -0.000384770963046266 0.791884949976168 0.999985783064012 -0.00533232311989811 0.803028176880714 0.999999927171015 -0.000381651628108327 0.791722411662743 0.999985998700088 -0.00529172975389568 0.802659750875743 0.00199999999999978 0 0.0579999999999998 0.056

 4911 11 500 2 0.8 0.00200000000000022 0.266 0.264 0.107 0.99996111890792 -0.00881820120089992 0.805901098674632 0.999999540590382 -0.000958550481004367 0.800049123856154 0.999961060338895 -0.0088248402769141 0.805428744461183 0.999999553654153 -0.000944823526071115 0.799745411358756 0.00199999999999978 0 0.0609999999999999 0.056

 4912 12 500 2 0.8 0.00299999999999967 0.263 0.264 0.11 0.999955944047417 0.00938669080337696 0.805484165222993 0.999822707742209 -0.0188295800016027 0.787727289679225 0.999956054547412 0.00937491194483907 0.805038902793602 0.999822516378279 -0.0188397384006775 0.787611736202814 0.00200000000000067 0 0.0590000000000002 0.0539999999999994

 4914 14 500 2 0.8 0.00300000000000011 0.263 0.258 0.108 0.999993131599647 -0.00370631265960548 0.814738425559275 0.99994876724595 0.0101223951367586 0.801802332123079 0.999993219970046 -0.00368239242051091 0.81398727844296 0.99994875941823 0.0101231683747328 0.801457948875913 0.00100000000000033 0.00100000000000033 0.0590000000000002 0.0569999999999995

 4913 13 500 2 0.8 0.00199999999999978 0.268 0.278 0.106 0.999805952092716 -0.019699191861003 0.789431123377501 0.999982684423567 0.00588479847039196 0.820567803735262 0.999805926521746 -0.0197004896384017 0.789302203118712 0.999982610937108 0.0058972725394127 0.821102833464771 0.00199999999999978 0.00100000000000033 0.0540000000000003 0.0599999999999996

 4916 16 500 2 0.8 0.00299999999999967 0.262 0.246 0.106 0.999845897802298 -0.017555074705524 0.792427455554324 0.999908079042348 0.0135585200461385 0.779326574954895 0.999845939990715 -0.0175526717078569 0.792263221111586 0.999908075929292 0.0135587496245674 0.779277343322285 0.00199999999999978 0 0.0540000000000003 0.0510000000000002

 4915 15 500 2 0.8 0.00200000000000022 0.266 0.268 0.105 0.999949995833997 -0.0100002915751705 0.812676235725851 0.999963483445744 -0.00854586303731244 0.810518703800474 0.999950393748579 -0.00996042378926963 0.811970039735711 0.999963027506844 -0.00859904758374852 0.80993351394763 0.00100000000000033 0.000999999999999446 0.0609999999999999 0.056

 4917 17 500 2 0.8 0.00299999999999967 0.262 0.259 0.103999999999999 0.999999840656905 -0.000564522952760878 0.790088437881805 0.999353405985913 -0.0359551101285189 0.803077046161612 0.999999841003535 -0.000563908596337542 0.789952113461683 0.99935400098169 -0.0359385687234386 0.802698382173007 0.000999999999999446 0.00100000000000033 0.0530000000000008 0.056

 4918 18 500 2 0.8 0.00199999999999978 0.263 0.272 0.106 0.999998761547211 -0.001573818301013 0.818724317991886 0.999996723538576 -0.00255986564347085 0.809317367453338 0.99999879704321 -0.00155110029743328 0.819352432701488 0.999996745755933 -0.00255117179808423 0.808709504288096 0.00199999999999978 0.00100000000000033 0.0600000000000005 0.0650000000000004

 4919 19 500 2 0.8 0.00199999999999978 0.269 0.285 0.106 0.999978944024496 -0.00648933799813436 0.808110914562013 0.999970216808967 0.00771786855465857 0.803805980975823 0.99997919103969 -0.00645116172540174 0.807608217750051 0.99997004997457 0.00773945436429879 0.803398002790262 0.00200000000000067 0 0.0579999999999998 0.0569999999999995
