
 8168 68 2000 3 0.9 0.55 0.669 16.196 0.323 0.999985741952002 0.00427392925794756 -0.00320147175572065 0.897790057821722 0.999996647667715 0.00257008161290963 0.000315172706285298 0.900645402304804 0.999985731687303 0.00427543774309721 -0.00320266356558314 0.89771623618949 0.999996648490556 0.00256968063731646 0.000315830774045601 0.90053217353372 0.00300000000000011 0.00199999999999889 0.128 0.130999999999997

 8176 76 2000 3 0.9 0.57 0.348 16.03 0.321000000000002 0.999975301815568 0.00551650822852142 0.00435475554169979 0.898143423874097 0.999995003686603 -0.00152326680444976 0.00276988448738989 0.900774720236548 0.99997529340842 0.00551798820522227 0.00435481100761802 0.898065492045873 0.999995001755296 -0.00152288981117466 0.00277078888558336 0.900661561389699 0.00200000000000244 0.00200000000000244 0.128999999999998 0.129000000000001

 8184 84 2000 3 0.9 0.558 0.34 16.04 0.334 0.999967634159591 0.00749668738591962 0.00292066970204838 0.899820882708188 0.999997798975637 -0.0019078915345449 0.000872922548069534 0.903942647343043 0.999967608561395 0.00749992063642791 0.00292113307661207 0.899721731619943 0.999997801018429 -0.001906342299771 0.000873966442733042 0.903772452821111 0.00300000000000011 0.00100000000000122 0.132000000000001 0.128

 8163 63 2000 3 0.9 0.558 0.49 16.633 0.314 0.999999659492053 0.000683827555880165 0.000461947673256869 0.896917963817892 0.999997882769521 -0.00128857572113159 -0.0016043780996532 0.90022217342017 0.999999660506334 0.000682534572054122 0.000461664135687107 0.896853144667422 0.999997880802378 -0.00128876026399214 -0.0016054556160501 0.900117204209639 0.00199999999999889 0.00199999999999889 0.128999999999998 0.129000000000001

 8167 67 2000 3 0.9 0.594 0.396 16.352 0.315999999999999 0.999975095256003 0.000813946734966197 0.00701044638098651 0.898177059579619 0.999998352642298 -0.00139322728708316 0.00116345623745047 0.898297097737672 0.999975100283894 0.000813183333773802 0.00700981776374742 0.898096464895777 0.999998349054667 -0.00139456463275213 0.00116493666153579 0.898218832290075 0.00300000000000011 0.00200000000000244 0.133000000000003 0.125

 8165 65 2000 3 0.9 0.546 0.609 16.584 0.317 0.999998983574048 0.00124291195333099 0.000698584817815035 0.897013482416052 0.999996091425751 -0.000256095706383176 -0.00278416023412341 0.899927790665684 0.999998984020296 0.00124282450303628 0.000698101447908736 0.89694906002081 0.999996088104785 -0.000256380455076267 -0.00278532658560259 0.899825594279915 0.00200000000000244 0.00199999999999889 0.128999999999998 0.128

 8177 77 2000 3 0.9 0.6 0.359 16.419 0.315000000000001 0.999977236486969 0.00635257908435835 0.00227403756820172 0.899862456859112 0.999979811498368 0.00225480489030747 -0.00594074495285411 0.897664610814174 0.999977214459039 0.00635565951756913 0.0022751164449561 0.899759970252141 0.999979806532813 0.0022546094942412 -0.00594165487271428 0.897593572773948 0.00300000000000011 0.00100000000000122 0.133999999999997 0.125

 8166 66 2000 3 0.9 0.527 0.531 16.657 0.311999999999998 0.999978779774271 0.000651999223271805 0.00648189001549857 0.898782078800562 0.999993169290118 -0.000504996884136714 0.00366146845580356 0.900223423864135 0.999978786447194 0.000650189507906336 0.0064810422928272 0.89869699061869 0.999993165050252 -0.000505607855461834 0.00366254194184172 0.900116836792054 0.00199999999999889 0.000999999999997669 0.131 0.127000000000002

 8181 81 2000 3 0.9 0.612 0.521 16.563 0.313000000000002 0.999994046542958 0.00113076844279941 -0.00326009836808079 0.898049994545766 0.999994808120425 0.00216946105095432 -0.00238268146058101 0.901315239393734 0.999994045031026 0.00113012122347714 -0.00326078648596571 0.897972184756195 0.999994809744458 0.00216991302117207 -0.00238158804717717 0.90119385165964 0.00300000000000011 0.000999999999997669 0.138000000000002 0.125

 8179 79 2000 3 0.9 0.43 0.343 16.338 0.313000000000002 0.999999479643186 0.000523439814619925 0.000875627842447049 0.896955288050044 0.999992831398722 -0.0014771673685228 -0.00348642047558192 0.900555668685185 0.999999480532139 0.000522666316262669 0.000875074496048757 0.896891236327824 0.999992822284625 -0.0014755714337729 -0.00348970889532637 0.900445830710297 0.00200000000000244 0.00100000000000122 0.127999999999997 0.125

 8180 80 2000 3 0.9 0.572 0.374 16.527 0.314999999999998 0.999996867693143 -0.0006944640621949 0.00240464624617328 0.896985794944526 0.999973661255752 0.0051381294220577 -0.00512605314136015 0.900636332183351 0.999996865680681 -0.000693887629517758 0.00240564934501523 0.896921671145834 0.999973674556771 0.00513691401988794 -0.00512467635867174 0.900524753538714 0.00200000000000244 0.000999999999997669 0.128 0.125

 8190 90 2000 3 0.9 0.681 0.345000000000001 16.56 0.311 0.999994958816786 0.00291740904251578 0.0012534215146836 0.896654274824385 0.999986137255883 0.00106160034974607 -0.00515735404593107 0.899138433842619 0.999994958321869 0.00291767206766383 0.00125320411274438 0.896594143209711 0.999986142190613 0.0010603096201278 -0.0051566627041094 0.899048261273887 0.00300000000000011 0.00199999999999889 0.125999999999998 0.125

 8175 75 2000 3 0.9 0.552 0.338 16.507 0.308 0.999972575853093 0.00258329227060457 0.00694075952429174 0.898964530023421 0.99999493707206 2.56795276444359e-05 -0.00318200735519471 0.899531300293221 0.999972572945707 0.00258080493774433 0.00694210358725949 0.89887823094716 0.999994936966271 2.43104581174774e-05 -0.00318205135497736 0.899436029367329 0.00199999999999889 0.000999999999997669 0.126000000000001 0.125

 8164 64 2000 3 0.9 0.619 0.37 16.542 0.312999999999999 0.999993209834299 0.00202778815539072 0.00307707011507951 0.897768368468741 0.999995297225392 -0.00237879374570255 0.00193568267443297 0.900033440424537 0.999993211023946 0.00202773339432879 0.00307671956788798 0.89769525729125 0.999995306259246 -0.0023762701185545 0.00193411473307272 0.899932664936882 0.00300000000000011 0.000999999999997669 0.128 0.124000000000002

 8185 85 2000 3 0.9 0.532 0.343999999999999 16.406 0.311 0.999995458368599 0.0024098373941162 0.00180995190814243 0.899250672595779 0.999991976325216 0.000812819657457832 0.00392257688164655 0.900534638100058 0.999995454705609 0.00241134414330174 0.00180996893446859 0.899159808766437 0.999991969727434 0.00081411233884254 0.00392399053838628 0.900421383658564 0.00199999999999889 0.00200000000000244 0.128999999999998 0.129000000000001

 8191 91 2000 3 0.9 0.52 0.352 16.58 0.306999999999999 0.999979085673683 0.000534736371562841 0.00644532949018452 0.898046639737447 0.999992471286703 0.00326263123454243 -0.0021006207037428 0.904290443655761 0.999979087135364 0.000534164295179776 0.00644515014802086 0.89797064980185 0.999992464759113 0.00326194350048023 -0.00210479205502741 0.904108262783123 0.00300000000000011 0.00200000000000244 0.126999999999999 0.134

 8170 70 2000 3 0.9 0.535 0.534000000000001 16.787 0.306999999999999 0.999975757619776 0.00269335119293748 0.00642106160270894 0.898916727542889 0.999998363487309 0.000251783869134539 -0.00179154335313382 0.898018819174344 0.999975755709521 0.00269394986728793 0.00642110794833284 0.898828379371644 0.999998360507796 0.000253053262079805 -0.00179302698419445 0.897942025329478 0.00200000000000244 0.00200000000000244 0.132000000000001 0.137

 8192 92 2000 3 0.9 0.471 0.342 16.563 0.305 0.999999043178151 0.000166789338408422 -0.0013732531080159 0.894665068239388 0.999980156886549 0.00424353621588012 -0.0046559889968104 0.898960186901306 0.999999044076056 0.000167652468291211 -0.0013724939431309 0.894621927842325 0.99998016384872 0.00424380706028982 -0.00465424652568426 0.898870739821759 0.00300000000000011 0.000999999999997669 0.126000000000001 0.128

 8183 83 2000 3 0.9 0.543 0.343 16.656 0.306000000000001 0.999987626129254 -0.00156843206863911 0.00472097545280513 0.898461946893754 0.999994395281011 0.00153078919385456 -0.00297759819467267 0.898764547435526 0.99998762257356 -0.00156893066396252 0.00472156290345296 0.898379924608967 0.999994394353289 0.00153181655827106 -0.00297738140500907 0.89867934548619 0.00300000000000011 0.000999999999997669 0.129999999999999 0.141000000000002

 8162 62 2000 3 0.9 0.572 0.534 16.909 0.329000000000001 0.999999481820017 0.000541053460059437 0.000862334535080802 0.899964577356693 0.999985928159883 0.00507749353658962 0.00153705614840542 0.895202719641836 0.999999481242618 0.00054106277032299 0.000862998015270005 0.899862967935745 0.999985930568445 0.00507701341290901 0.00153707513377282 0.895154599541586 0.00300000000000011 0.00199999999999889 0.130000000000003 0.119

 8187 87 2000 3 0.9 0.552 0.352 16.808 0.305 0.99999924421736 -0.00121242432150553 0.000203941102810162 0.895966805565583 0.99997314766074 -0.00618386368884362 -0.00393240223646145 0.902708636327226 0.999999243979613 -0.00121245129712784 0.000204944027364355 0.895911319538711 0.999973152764238 -0.00618524572433025 -0.00392892938071406 0.902558081885183 0.00199999999999889 0.00100000000000122 0.126999999999999 0.133000000000003

 8186 86 2000 3 0.9 0.441000000000001 0.341 16.677 0.308 0.999995072132149 -0.0016279167850274 0.00268432456293719 0.897626293291442 0.999995458656043 0.00237619501315458 0.0018537433885211 0.900882335259231 0.999995074405267 -0.00162779070042131 0.00268355410607823 0.897553816044973 0.99999545998706 0.00237660275068048 0.00185250226295997 0.900767443401275 0.00300000000000011 0.00200000000000244 0.128 0.122999999999998

 8161 61 2000 3 0.9 0.613 0.371 16.848 0.331 0.999990938101307 -0.00157329094980147 0.00395581481569465 0.899790953874677 0.999995456053088 0.00300396984192507 -0.000253058028065054 0.902947267747102 0.999990930698941 -0.00157319127718614 0.00395772523961794 0.899692007800832 0.999995450510769 0.00300569416120551 -0.000254480597351241 0.902797567825632 0.00300000000000011 0.00199999999999889 0.129000000000001 0.123999999999999

 8182 82 2000 3 0.9 0.529 0.374000000000001 16.919 0.307000000000002 0.999994766449085 -0.000701096921303572 -0.00315840743835696 0.899577674859936 0.999996440831356 0.00265039529144964 -0.000306152607539575 0.899421913215266 0.999994768055831 -0.000698371490912972 -0.00315850252882224 0.899479992604856 0.999996441223233 0.0026502691854976 -0.000305964234752607 0.899328418607499 0.00300000000000011 0.00199999999999889 0.131 0.128

 8169 69 2000 3 0.9 0.672 0.644 17.152 0.311 0.999986616334755 -0.00444426698296049 -0.00264870578805789 0.895682692198152 0.999995750624777 -0.00242964627404986 0.00161107149772022 0.896820604297292 0.999986611419251 -0.00444531088862179 -0.00264880979825985 0.89563048846927 0.999995749657561 -0.00243035515738862 0.00161060256476271 0.89675707938612 0.00200000000000244 0.00199999999999889 0.125 0.120000000000001

 8171 71 2000 3 0.9 0.473 0.432 17.021 0.308 0.999991535684555 -0.00383686354317324 -0.00148561010892067 0.896048360324789 0.999994942649004 -0.00310979574130085 -0.000666218328923417 0.902580269269624 0.999991534994913 -0.00383711523746895 -0.00148542424002222 0.895991701922555 0.999994942775902 -0.00310932096515377 -0.00066824079278202 0.902433228142507 0.00300000000000011 0.00200000000000244 0.132999999999999 0.130000000000003

 8188 88 2000 3 0.9 0.622 0.342000000000001 16.841 0.308999999999997 0.999999132429691 0.000413558100007837 0.00125064365937091 0.894857073781126 0.99999991422912 0.000270181155914409 -0.000313917019767709 0.900549120205872 0.99999913236767 0.000413069328637421 0.00125085476220186 0.894810592659198 0.999999915588592 0.00026753612785576 -0.000311844880195256 0.900439627046417 0.00200000000000244 0.00199999999999889 0.127000000000002 0.122

 8173 73 2000 3 0.9 0.487000000000001 0.358 17.143 0.310000000000002 0.99997735184527 0.000747058213322254 0.00668862471262533 0.899310836660491 0.999999669176422 -0.000740941660371329 -0.000335637457431535 0.903079265308044 0.99997735598676 0.000746475619718124 0.00668807056464648 0.899216418635079 0.999999668778276 -0.000742290525644685 -0.000333838455741157 0.902923459621156 0.00200000000000244 0.00200000000000244 0.141000000000002 0.124000000000002

 8174 74 2000 3 0.9 0.556 0.366000000000001 17.065 0.314 0.999963391616249 0.00105431865440933 0.00849139797104604 0.897682165100372 0.999976554390776 -0.00301133243181046 -0.00615000371840383 0.897805791351935 0.999963388218726 0.00105302033085032 0.00849195915604993 0.897611094367212 0.999976557452268 -0.00301281151741824 -0.00614878139732365 0.897730019262259 0.00199999999999889 0.00100000000000122 0.145000000000003 0.124000000000002

 8178 78 2000 3 0.9 0.549 0.345 17.056 0.318000000000001 0.9999896231135 0.00426461638800828 0.00160209624669936 0.893539694491977 0.999982479548928 0.00540429107593603 0.00241541572912598 0.90237556881234 0.999989622019873 0.00426481124114793 0.00160226016244438 0.893511871325411 0.999982478306468 0.00540511233277252 0.00241409211201002 0.902231271224786 0.00199999999999889 0.00100000000000122 0.116 0.125

 8189 89 2000 3 0.9 0.448 0.345 17.117 0.312999999999999 0.999990142957381 0.00244363821544345 0.00370710403799573 0.899112832862806 0.999984980554282 -0.00530543741324488 -0.00137513625001518 0.901696090133862 0.999990148350694 0.00244382108594023 0.00370552831019154 0.899022902885844 0.999984973356069 -0.00530620933264541 -0.00137739049631561 0.901565360723356 0.00300000000000011 0.000999999999997669 0.122999999999998 0.125

 8172 72 2000 3 0.9 0.594 0.467000000000001 17.399 0.314999999999998 0.999994638133147 -0.00322903592610065 0.000545006370504256 0.899183414960337 0.999990905470645 -0.00375030983607618 0.0020308008599712 0.896203595604346 0.999994641782619 -0.00322817027808019 0.00054343602011181 0.899092032904495 0.99999090493333 -0.00375011785758368 0.00203141986664405 0.89614573279087 0.00199999999999889 0.00199999999999889 0.125 0.122999999999998

 8160 60 2000 3 0.9 0.177 0.446 23.469 0.446999999999999 0.999996175207731 0.0022301131083433 -0.0016358989677506 0.898977818568082 0.999985605654505 -0.00140238064952891 0.00517897792094224 0.901620166964126 0.999996172949856 0.00223203869461736 -0.00163465253393685 0.898889044370398 0.999985597854053 -0.0014007550579334 0.00518092363766125 0.901491961494869 0.00300000000000011 0.00199999999999889 0.172999999999998 0.169

 8195 95 2000 3 0.9 0.131 0.542 19.207 0.322000000000003 0.999984241051338 0.0046237853491033 0.00318406313148813 0.894918751049527 0.999991701213532 -0.00407242947820953 -0.000113235202337782 0.898535343662656 0.99998423942265 0.00462442404111276 0.0031836470582531 0.894872696819247 0.999991689966297 -0.00407516232335321 -0.000114238295650139 0.898451485051385 0.00199999999999889 0.00199999999999889 0.131 0.133000000000003

 8193 93 2000 3 0.9 0.118 0.559 20.292 0.326000000000001 0.99998030708047 0.00062042020134743 0.00624504043408681 0.895218401147287 0.99999345464009 -0.00243037186456287 0.00268029281556751 0.90038741001608 0.999980300817862 0.000621550386904171 0.00624593078205263 0.895169687766283 0.999993457406948 -0.00242919691213813 0.00268032566325705 0.900280544112298 0.00199999999999889 0.00200000000000244 0.130000000000003 0.131999999999998

 8200 100 2000 3 0.9 0.504 1.771 17.227 0.347999999999999 0.999966151386918 0.00584452567068351 0.00579116569608744 0.898629625802462 0.999995746501861 0.00123015605265616 -0.00264455937202952 0.900754268299746 0.999966140793612 0.00584639104881593 0.00579111198595248 0.89854586554783 0.999995746901413 0.00122545523098921 -0.00264658998761264 0.900642285833748 0.00300000000000011 0.00200000000000244 0.132000000000001 0.132000000000001

 8196 96 2000 3 0.9 0.212 1.553 18.169 0.321999999999999 0.999998939357658 0.00116613481825203 -0.000872589906044263 0.895594218360702 0.999980939199954 -0.00613962847110707 0.000652839195590493 0.89820688247702 0.999998938536156 0.0011669242667788 -0.000872475969338276 0.895541439894064 0.999980930814447 -0.00614112700483992 0.000651587740132537 0.898128487659976 0.00300000000000011 0.00100000000000122 0.132999999999999 0.131

 8194 94 2000 3 0.9 0.158 1.601 18.883 0.323 0.999993718035261 -0.00289393837245535 -0.00204670728514185 0.9014942696287 0.999998768894456 -1.84293594388418e-05 0.00156903471302107 0.903183685224344 0.999993725960305 -0.00289130943618226 -0.00204655070065813 0.901368658656473 0.999998770109206 -1.66684805066175e-05 0.0015682800250372 0.903024446119842 0.00199999999999889 0.00199999999999889 0.135999999999999 0.134999999999998

 8198 98 2000 3 0.9 0.233 3.21 17.928 0.323 0.999994027897582 -0.00180726771058161 -0.00294583648445953 0.897392618396464 0.999987903025204 -0.00474228916173468 -0.00130556377168581 0.902976181174785 0.999994021808942 -0.00180800237937359 -0.00294745208152512 0.897322492985764 0.999987928091323 -0.00473778445269263 -0.00130271643192923 0.902820236369425 0.00199999999999889 0.00199999999999889 0.135000000000002 0.135999999999999

 8199 99 2000 3 0.9 0.329 3.136 17.922 0.321999999999999 0.999989988897741 -0.00242917902316559 0.00375781766048929 0.894046515819451 0.999991472541054 0.00077760590511935 0.00405588143708684 0.900907263313374 0.999989990579968 -0.00242861962041654 0.00375773157832619 0.894007656898208 0.99999147048757 0.000775205369915512 0.00405684714291957 0.900792405665909 0.00199999999999889 0.000999999999997669 0.128 0.133999999999997

 8197 97 2000 3 0.9 0.221 3.085 18.023 0.324999999999999 0.999997969264184 -0.00157118960017226 -0.00126207398696968 0.89253179897019 0.999983926597185 -0.0044355572968916 0.0035316255097011 0.899573439734543 0.999997962797561 -0.00157560969295886 -0.00126168729184841 0.892632362251546 0.999983935481805 -0.00443413481217326 0.00353089603198182 0.899476785938459 0.00199999999999889 0.00100000000000122 0.128 0.132000000000001

 8207 7 5000 3 0.9 2.993 1.756 41.907 0.792000000000002 0.999994482589567 0.000240035984398875 0.003313181726146 0.897883635868641 0.999999330539626 0.000153610071806811 0.00114687586362697 0.899141528549024 0.999994477901969 0.000240894618165587 0.00331453395696161 0.897809362486888 0.999999331206557 0.000154106890690007 0.00114622751030237 0.899052131743976 0.437000000000005 0.591000000000001 56.139 61.27

 8206 6 5000 3 0.9 2.834 1.663 42.064 0.824000000000005 0.999991949813341 0.00388850150375639 0.000989881088063248 0.898936944135498 0.999998438650627 -0.00159512482579816 -0.000760442699408907 0.900208465673965 0.999991949578726 0.00388839780921066 0.00099052522194557 0.898848316671679 0.999998438515468 -0.00159539561601131 -0.000760052271102221 0.900103367124668 0.446000000000005 0.548000000000002 59.776 63.525

 8217 17 5000 3 0.9 2.017 0.496 41.32 1.208 0.99999983070257 0.000480421456466362 -0.000328313958204289 0.896687397611511 0.999989079054385 -0.0011679907954997 -0.00452521485285112 0.901399998122787 0.999999830776855 0.000480454010787612 -0.000328039943411446 0.896624798386335 0.999989083710454 -0.00116823108574603 -0.00452412378882069 0.901276636497198 0.649999999999999 0.932000000000002 59.103 61.737

 8210 10 5000 3 0.9 2.775 1.42 41.653 0.801000000000002 0.999998097796965 0.00162869646011276 -0.00107319629718307 0.897747511779285 0.999998581898906 -0.00166647743936987 -0.000243008479155257 0.901121850763501 0.999998099268534 0.00162811994172943 -0.00107269976017794 0.897673906568962 0.999998582309996 -0.00166628894539781 -0.000242609044160468 0.901002800747119 0.409000000000006 0.417999999999999 58.068 63.4

 8203 3 5000 3 0.9 1.833 1.787 42.352 0.792999999999999 0.999999944223588 0.000333684262191937 -1.44094814089709e-05 0.898458581165149 0.999992247504302 -0.00136629630270275 0.00369298872288949 0.898880776280912 0.999999944449398 0.000333037640707085 -1.36795457289203e-05 0.898376596682586 0.999992247424535 -0.00136631835286174 0.0036930021642808 0.898794680975743 0.399999999999999 0.692 59.967 60.972

 8201 1 5000 3 0.9 2.808 1.168 42.933 1.088 0.99999174400084 0.00403272146903734 0.000499086877963906 0.900560064037247 0.999999091431856 -0.000644956637293108 -0.00118370874713141 0.900166643281985 0.999991745961406 0.0040321752710348 0.000499571458530435 0.900449193419295 0.999999091624138 -0.000645337367705015 -0.00118333874254758 0.900063032189601 0.748999999999995 0.991999999999997 62.515 60.725

 8214 14 5000 3 0.9 2.412 0.920999999999999 42.072 1.114 0.999990433767948 0.00340694792327968 0.00274318764210803 0.900802389908234 0.999999252084661 0.00069278485027695 -0.00100790836351822 0.90113351735096 0.999990439782747 0.00340562437079039 0.002742638465587 0.900688610313808 0.999999251353292 0.0006938339494801 -0.00100791235025061 0.90101383235337 0.655999999999999 1.074 61.245 63.182

 8202 2 5000 3 0.9 2.473 1.04 43.691 0.942999999999998 0.999986199352409 0.000730879395997329 0.00520258782078674 0.898701005384091 0.999999239004011 0.000680828466853962 -0.001028816795303 0.899552728974972 0.999986196105767 0.000732097575769312 0.00520304055891508 0.898616782605316 0.999999239547878 0.000680403007442735 -0.00102856959617771 0.899457527098451 0.816999999999993 1.21 59.793 60.736

 8213 13 5000 3 0.9 2.712 0.98 42.497 1.152 0.999994621772642 0.00130065927028073 0.00301076589140275 0.896294753742473 0.999999335998447 0.00115073447195234 6.17481966693164e-05 0.901002615334457 0.999994621696318 0.00130001591359618 0.00301106908957547 0.896236367516178 0.999999337003045 0.00114975263824541 6.37364984885372e-05 0.900888042761505 0.875 1.199 61.523 60.829

 8208 8 5000 3 0.9 2.782 0.732 43.27 1.034 0.999999320769623 -0.000836861058580717 -0.000811248334642499 0.89933782241916 0.999996336289383 0.00270542389010647 8.99410131327954e-05 0.900582195492578 0.999999321624107 -0.000836665899462551 -0.000810395890175113 0.899246161572033 0.999996332718831 0.00270674794814425 8.98021944932046e-05 0.900471564372808 0.821999999999996 1.001 61.006 61.472

 8211 11 5000 3 0.9 2.742 0.622000000000001 43.375 0.941000000000003 0.99999703008693 0.0021754423324794 -0.00109875746997525 0.899213991438975 0.999989810993736 -0.00306437667491711 0.00331474045844887 0.899610095819651 0.999997031331372 0.00217521149194541 -0.00109808169442641 0.899123988981663 0.999989811326233 -0.00306398790894678 0.00331499952026859 0.899514534568417 0.648999999999994 0.899999999999999 61.39 60.762

 8204 4 5000 3 0.9 2.601 1.466 42.93 0.867000000000004 0.999996987200857 -0.00214270349674856 0.00119766895827668 0.898907277334342 0.999998464311232 0.00164560604173441 -0.00060279012389386 0.901144222219868 0.999996983278425 -0.00214396418506187 0.00119868745794012 0.898819382017442 0.999998466379581 0.0016440027050551 -0.000603733046776547 0.901022944697001 0.655999999999999 1.199 62.658 61.241

 8218 18 5000 3 0.9 2.647 1.639 43.477 1.94900000000001 0.999999922912313 0.000182432836919571 -0.00034769761006911 0.898684077513014 0.99999206823652 -0.00331221629788656 0.00221194196181254 0.898291552459933 0.999999923046801 0.00018241153412915 -0.000347321787457422 0.898599655343878 0.99999206747967 -0.00331233173187419 0.00221211126140613 0.898212875403532 1.37200000000001 1.466 61.496 60.546

 8215 15 5000 3 0.9 2.675 1.163 42.36 2.381 0.999996519778451 0.00215483077653998 0.00152221395053753 0.900801348797003 0.999999802716195 0.000518620142950701 0.000354401917259049 0.900016187712401 0.999996517157265 0.00215582005471028 0.00152253513286847 0.900687874604249 0.999999803205161 0.000516853787602975 0.000355600620154719 0.899913484600032 1.21 1.319 62.083 61.36

 8212 12 5000 3 0.9 2.364 1.328 42.71 1.34 0.999998069470751 -0.00196217445638988 0.000104528338379746 0.900049292281055 0.999982409260545 0.00292600873809837 0.00515942267500116 0.900279767839399 0.999998070787223 -0.00196151728879181 0.000104267719803937 0.899946648322812 0.999982410617264 0.00292761335377189 0.00515824932871867 0.900174309620392 0.920999999999999 1.499 62.16 59.534

 8221 21 5000 3 0.9 2.137 0.552999999999999 44.072 0.923999999999999 0.999998071785593 0.000298475263520682 -0.00194096306346756 0.900261740102764 0.999999977982265 0.000111011461127926 0.000178078424699425 0.900251918944959 0.999998070851796 0.000299323867487709 -0.00194131344908965 0.900154892044704 0.999999978124831 0.000109123420048462 0.00017844443706899 0.900146046600121 1.04 1.486 62.575 60.752

 8209 9 5000 3 0.9 2.936 1.161 43.402 2.194 0.999996963868826 0.00235563596115515 -0.000723348013439184 0.89748715851239 0.999989953501293 -0.00258433323223506 0.00366252893868437 0.897069767499919 0.999996961128937 0.00235687985259265 -0.00072308384845475 0.897416234470212 0.999989953274159 -0.0025842571451445 0.00366264463912317 0.897004313370433 1.173 1.623 61.076 59.016

 8222 22 5000 3 0.9 1.866 0.494000000000002 41.967 1.641 0.999998307520654 -0.00181000928610652 0.000329882118775747 0.898626159097493 0.999998928302266 0.00128855165361645 -0.00069500284551907 0.901491181666426 0.999998306488003 -0.00181055754634731 0.000330003782676054 0.898541821812462 0.999998926004965 0.00129018598944301 -0.000695276225235593 0.901366895964399 0.910999999999994 1.272 63.261 61.181

 8223 23 5000 3 0.9 1.447 0.491999999999999 43.918 1.421 0.99999951488185 3.92217710192579e-05 0.000984224424226102 0.899537560899014 0.999999445431545 0.000337591007286796 -0.000997581532271984 0.900848727295649 0.999999514985984 3.88561050977502e-05 0.000984133121343859 0.89944138685317 0.999999445066093 0.000339403070583342 -0.000997332974735753 0.900733597555413 1.368 1.48 62.174 60.384

 8205 5 5000 3 0.9 3.122 1.314 42.914 1.553 0.999996968474715 0.00174187413411115 -0.00174037808544799 0.899886521467301 0.999999121852502 0.000902923558120426 0.00097006354123473 0.900558102469723 0.99999697015601 0.00174244831775953 -0.00173883658242854 0.899784304130802 0.999999118013673 0.000905412933633034 0.000971699179934448 0.900446851387667 0.934999999999995 1.227 62.574 60.463

 8224 24 5000 3 0.9 1.931 0.492000000000001 43.12 3.097 0.999996592558513 -8.83820417145961e-05 -0.00260903429986931 0.898267070184374 0.999998131861735 0.000274312539944817 -0.00191338069139418 0.898681450903745 0.999996596469721 -8.73329791653644e-05 -0.00260757011900212 0.898187214499686 0.999998131182067 0.000274357063270392 -0.00191372949403203 0.898596726555849 1.279 1.615 62.745 59.253

 8216 16 5000 3 0.9 2.702 0.893 43.665 3.269 0.999998877874902 0.000166707342506089 -0.00148877721623796 0.900494220139906 0.999999012026525 0.000693084288554444 -0.00122293914142503 0.899998790153255 0.999998879012953 0.000166898857104665 -0.00148799113174812 0.900385119022006 0.999999010369431 0.000693299735746764 -0.00122417140749153 0.89989699503173 1.321 1.568 60.818 57.408

 8220 20 5000 3 0.9 1.682 0.492000000000001 45.487 8.455 0.999999381750485 -0.000627307738575825 0.000918141410314084 0.898022638723707 0.999994798192021 0.00219363480563571 -0.00236464695864148 0.901040377164988 0.99999938052293 -0.000627956210965337 0.000919034685380242 0.897945680793494 0.999994800026546 0.00219322806459871 -0.00236424840590553 0.900923262564203 1.71600000000001 1.79600000000001 60.346 50.469

 8219 19 5000 3 0.9 1.741 0.496 46.983 11.482 0.999994230424234 -0.00228174485904699 0.00251649729644249 0.90177053101551 0.99999749600308 -0.00159497409331696 0.00156972775084729 0.901847935489418 0.999994220939214 -0.00228341286004426 0.00251875244618362 0.901639241726201 0.999997498331373 -0.00159378668004017 0.00156945054556483 0.901716250433972 1.66900000000001 1.935 62.837 39.222

 8227 27 5000 3 0.9 0.458 0.921 162.408 0.932000000000016 0.999998633037449 0.00134937868862638 0.000955562864280424 0.89811676823671 0.999998172204473 -0.00166763343331009 0.000935193266651163 0.898156600257129 0.999998631923468 0.00134943781037438 0.000956644546790351 0.898038406026211 0.999998174508902 -0.00166710328818858 0.000933673117769619 0.898078991523204 0.162000000000006 0.164000000000016 10.116 21.384

 8228 28 5000 3 0.9 0.504 0.946 162.27 0.969999999999999 0.999996628671866 0.00220740506101421 -0.00136748228459504 0.899307541712411 0.999999856194553 -0.000524216540077371 -0.00011317195972317 0.901559981778361 0.999996631277864 0.00220625264606007 -0.0013674363554164 0.899216277955732 0.99999985682961 -0.000523280785067527 -0.000111883776472059 0.901433420867071 0.266999999999996 0.280000000000001 10.839 20.305

 8226 26 5000 3 0.9 0.353 0.699 165.884 0.89500000000001 0.999999705733607 0.000385073320948434 -0.000663514308504147 0.896464321010561 0.999997140360649 0.00186394762807678 -0.00149832231638343 0.896994856213655 0.99999970580965 0.000385178046362985 -0.000663338892154099 0.896405829638347 0.999997139534664 0.00186410098036534 -0.00149868276338434 0.896929568050587 0.430999999999983 0.318000000000012 12.16 21.9

 8229 29 5000 3 0.9 0.669 0.81 170.65 1.34700000000001 0.999993550610977 0.00341381438831713 0.00111561990564458 0.89806802338878 0.999998184254003 0.00175410071883744 0.000744727711528676 0.897789539351395 0.999993546700994 0.003415216536317 0.00111483289174036 0.897991686558338 0.999998184922693 0.00175402824919624 0.00074400014863568 0.89771584775256 0.453000000000003 0.419999999999987 20.097 18.581

 8225 25 5000 3 0.9 0.496 0.602 170.497 3.06299999999999 0.99999173665645 0.00395265322488937 0.000950342727878106 0.898501196691011 0.999997232720421 -0.00195572471496944 -0.00130755204119356 0.9021177796506 0.999991729759399 0.00395429466528232 0.000950771531634459 0.898418826134319 0.999997234311827 -0.00195407967154882 -0.00130879384678904 0.901982488944294 0.399000000000001 0.425999999999988 20.246 17.829

 8232 32 5000 3 0.9 0.791 0.539000000000001 173.812 2.011 0.999999985375827 0.000164761362463205 4.5847994010855e-05 0.898525950240256 0.999998381349257 -0.00175690628393286 0.00038804532576014 0.896036273800064 0.999999985056135 0.000166714294164433 4.57610497996429e-05 0.898444051385248 0.999998379938449 -0.00175774130735244 0.00038789943862438 0.895980740173319 0.782999999999987 0.715000000000003 21.767 14.988

 8230 30 5000 3 0.9 0.608 0.738 173.45 2.81199999999998 0.999997651229416 -0.00148175373373886 0.00158175267455945 0.89978317772491 0.999998821127243 -0.000932084667089745 0.0012202304280796 0.898179164755778 0.999997650037683 -0.0014811351600037 0.00158308488353138 0.899683546637392 0.999998821411774 -0.000932083976053697 0.00121999775568046 0.898101053298018 0.621000000000009 0.596000000000004 22.079 14.627

 8231 31 5000 3 0.9 0.774 0.571000000000001 183.131 4.95400000000001 0.999992176534231 0.00116868930362583 -0.0037790257532464 0.898355988369786 0.999996978297202 0.000897746826931267 -0.00228854694070136 0.899651695763861 0.999992174755394 0.00116844686775273 -0.00377957139047912 0.898276560925088 0.999996978060145 0.000897720728722073 -0.00228866075931113 0.899555727876128 0.822000000000003 0.753000000000014 18.536 8.85900000000001

 8233 33 5000 3 0.9 0.927999999999999 0.711 82.122 0.829999999999998 0.999999110013833 -0.00128615505150039 0.000354650146447079 0.900177558072424 0.999998976859281 0.000288798596550198 -0.00140102668174244 0.900903067949323 0.999999111114155 -0.00128523734915449 0.000354874423986235 0.900072338491821 0.999998979489308 0.000289173202486742 -0.00139907083477597 0.90078714647628 0.216999999999999 0.159000000000006 20.837 58.9

 8237 37 5000 3 0.9 1.261 1.572 78.712 1.148 0.999997847909363 0.00120631533861361 -0.00168789216087639 0.899746511746922 0.999994959960574 -9.86296228240741e-05 -0.00317337764019251 0.90190478556317 0.999997847543986 0.00120717497737278 -0.00168749399076163 0.899648415144257 0.999994955537015 -9.71535452348808e-05 -0.00317481679967793 0.901771026443192 0.290000000000006 0.309999999999988 27.418 60.774

 8235 35 5000 3 0.9 1.269 0.936 80.146 1.316 0.99999250951615 -0.00368634505187588 0.00117973376233677 0.897500199207804 0.999999586760492 -0.000690859403833585 -0.000590924807878025 0.901593403458307 0.999992508970582 -0.00368626054156125 0.00118046005421692 0.897429332164929 0.999999585939123 -0.000690918292303337 -0.000592244455765461 0.901466644981727 0.406000000000006 0.366 31.837 60.789

 8248 48 5000 3 0.9 1.498 0.799999999999999 78.19 1.006 0.999997200788625 -0.00018367491821656 -0.00235895706573101 0.89938019589283 0.999999673918245 -0.000286751066916348 -0.000754941870933516 0.900391291667408 0.999997202428782 -0.000183901200475625 -0.00235824404111447 0.899286720910384 0.999999673953841 -0.00028692760271671 -0.000754827637107073 0.900285061979543 0.397000000000006 0.489000000000004 35.544 58.986

 8238 38 5000 3 0.9 1.596 1.032 79.589 0.891000000000005 0.999995369227269 -0.00283747397834006 0.00110012064840783 0.901810556169231 0.999999398012521 -0.000510522763102145 0.000971257486200234 0.898783872441754 0.99999536511536 -0.00283864950657938 0.00110082549805615 0.901680040969465 0.999999397329023 -0.000510668493113811 0.000971884397031094 0.898699270629619 0.402000000000001 0.457000000000008 37.969 60.06

 8234 34 5000 3 0.9 0.465 2.098 81.049 2.286 0.999997018435298 0.00237851963552218 0.00055296008661789 0.901880284913231 0.999994941147187 0.00170465024552197 0.00268548833054828 0.899756578730678 0.999997016928975 0.00237897946320825 0.000553705576571761 0.901748204824145 0.999994941744392 0.00170502162860236 0.00268503014432209 0.899659538943042 0.615000000000009 0.765999999999991 40.716 57.495

 8255 55 5000 3 0.9 0.855 0.558 78.683 1.623 0.999996033129454 0.00278681674893351 0.00040911827553351 0.900572258062182 0.99999830607424 0.00156325579485211 0.000971637777225033 0.898859018922776 0.999996034861883 0.00278639488660555 0.000407754885364592 0.900461308363693 0.999998305581022 0.00156282093603698 0.000972844184346642 0.898773814448163 0.692999999999998 0.673000000000002 44.331 58.447

 8240 40 5000 3 0.9 1.558 1.107 81.818 1.93899999999999 0.999998620193037 -0.000688468970035671 -0.0015118275360879 0.898892420536284 0.999985700627474 -0.00277419655131204 -0.00457191142454298 0.899785400106554 0.999998620899817 -0.000689872681995472 -0.00151071974468144 0.898805601125477 0.999985701296168 -0.0027740203631816 -0.00457187207121455 0.89968478451677 0.637 0.784999999999997 48.627 57.835

 8243 43 5000 3 0.9 1.62 1.411 83.962 1.288 0.999996689292981 -0.00244007841787037 0.000816958011455668 0.898575087581667 0.99999961892287 0.000432412509811932 0.000758401961756476 0.898294297057386 0.999996688708854 -0.00244029399899882 0.000817029084784416 0.898491344704647 0.999999618982869 0.000432587993094553 0.000758222754475357 0.89821509960803 0.852999999999994 0.925000000000011 50.44 55.962

 8236 36 5000 3 0.9 1.65 1.343 85.072 4.819 0.999995858752659 -0.00287791980320478 7.42557990648927e-06 0.898405501380301 0.999996465825388 0.00119845457445696 -0.00237319265266731 0.900863566195104 0.999995860374564 -0.00287735502563007 7.86074732421711e-06 0.898324941456435 0.999996467087485 0.00119763878502335 -0.00237307266813706 0.900749565654542 1.053 1.083 53.94 55.067

 8256 56 5000 3 0.9 0.288 0.575 84.327 5.60899999999999 0.999994903337523 0.00302492592024448 -0.00102133351813348 0.901552009072435 0.999995010778508 -0.00312628958922888 0.000452472647059895 0.898197303351047 0.999994896236954 0.0030267826147992 -0.00102278396866699 0.901425320048005 0.99999501292131 -0.00312553308396538 0.000452962967614981 0.898119439190501 1.145 1.35600000000001 58.413 51.942

 8247 47 5000 3 0.9 1.766 0.781000000000001 90.53 2.202 0.999996760389853 0.00206799823688754 -0.00148411357121249 0.900687618850691 0.999999591813839 -0.000740917563009694 -0.000517120218139287 0.899919128392995 0.999996762504194 0.0020674591660983 -0.00148343982907315 0.900573724283626 0.999999592537961 -0.000741433442296656 -0.000514976080303766 0.899818564937986 0.994 1.12899999999999 57.011 53.851

 8249 49 5000 3 0.9 1.682 1.137 83.605 3.854 0.999989433699483 0.00300265497323686 -0.00348088386738469 0.900044781366111 0.999990985444156 0.00163331130436648 -0.0039193525753414 0.902665640040775 0.999989427095437 0.00300389555785041 -0.00348171061650205 0.899942104531853 0.999990976896725 0.00163524412058017 -0.00392072720303913 0.902520500906506 0.817999999999998 0.951000000000008 57.739 54.076

 8246 46 5000 3 0.9 1.822 1.086 92.407 1.982 0.999996517535665 0.000377840657294925 0.00261192514847043 0.897648733212181 0.999999799759807 0.000632669493283427 1.44795590289323e-05 0.902416895553077 0.999996511114239 0.000379301384497923 0.00261417096016498 0.897575842457424 0.999999800728999 0.000631119249343155 1.51807550841483e-05 0.902275735632316 1.154 1.249 59.374 51.443

 8250 50 5000 3 0.9 1.693 0.693 91.461 6.37100000000001 0.999997767837492 -0.00211174867110851 6.95527429713059e-05 0.899476648002503 0.999991825190419 -0.00350882330185142 -0.00200940572567605 0.898421131522829 0.999997766829142 -0.00211220624994677 7.01533023107557e-05 0.899382156439622 0.999991823973472 -0.00350917445012637 -0.00200939814081241 0.898340076409043 1.46199999999999 1.548 59.201 48.268

 8245 45 5000 3 0.9 1.747 1.006 89.138 5.801 0.999988195527383 -0.00184712644470926 0.00449409944098493 0.900300815008985 0.999998121104681 -0.000796674678540848 0.00176722849796671 0.902172049611366 0.999988195363176 -0.0018470829684134 0.00449415384769929 0.900193792375112 0.999998123528988 -0.000795415454591859 0.00176642371964094 0.902034273833891 1.146 1.538 59.873 49.986

 8239 39 5000 3 0.9 1.471 2.446 98.652 2.718 0.999991960761695 0.00148570415343542 0.00372439191674104 0.900331852241325 0.999999422775805 -0.000211027909979101 -0.00105352516724529 0.899976905327945 0.999991960039464 0.00148557755211014 0.00372463632702106 0.90022598754151 0.999999421862725 -0.000210290587429521 -0.00105453880175773 0.899874127476809 1.295 1.51300000000001 58.079 49.866

 8242 42 5000 3 0.9 1.79 1.691 95.731 3.373 0.999996927129277 0.00208195546620197 0.00134580587030235 0.89587149362027 0.999996158268271 0.0022706015908976 -0.00158991104000536 0.901759432914436 0.999996927499105 0.00208185651125044 0.00134568414467669 0.895817363435993 0.999996160754608 0.0022704877914866 -0.00158850912259285 0.901630097989784 1.23699999999999 1.59 58.131 50.341

 8244 44 5000 3 0.9 1.749 1.128 96.803 4.458 0.999997738798559 -0.00108029083648799 0.00183176676368228 0.90061393992006 0.999998276199348 -0.0018199490661941 -0.000367945278777924 0.899593085097117 0.999997739617089 -0.00108134114717535 0.001830699876221 0.900503584391194 0.99999827744298 -0.00181899471710214 -0.000369282131681752 0.899496684677102 1.56 1.494 60.558 46.164

 8241 41 5000 3 0.9 1.914 0.938000000000001 101.142 5.806 0.999999429916094 -0.000937266759540181 0.000511564764867588 0.90075803018133 0.99999960206288 -0.000373730756566719 -0.00081006135825587 0.900552280064011 0.999999430178699 -0.000937727295820268 0.000510205640300121 0.900644299440488 0.999999602416897 -0.000375053252593463 -0.000809012425879505 0.900441048211492 1.60199999999999 1.752 60.512 43.457

 8251 51 5000 3 0.9 1.43 0.795 98.105 2.95400000000001 0.999999519228251 -0.000250024016644362 0.000948172588309799 0.89923772867758 0.999998317749625 -7.85506404989608e-06 0.00183423995641617 0.900701054575538 0.999999518490321 -0.000249763057290063 0.000949019252041864 0.899146869434999 0.999998317715141 -8.86559251661259e-06 0.00183425415071947 0.900588690176835 1.46299999999999 1.714 59.024 45.167

 8252 52 5000 3 0.9 1.403 0.901999999999999 104.665 6.74499999999999 0.999999812272984 0.000362783819471892 0.000493803500522201 0.898837277114601 0.999999349012803 0.00112593652499323 0.000185043001096957 0.900692680263969 0.999999811432298 0.000363146361444056 0.000495237406714025 0.898750177210303 0.999999350221356 0.00112489690383137 0.000184834578452263 0.900579019075819 1.82499999999999 1.74600000000001 61 39.93

 8253 53 5000 3 0.9 1.392 0.878 114.165 13.032 0.999998156229927 -0.00123835454046111 -0.00146765621915468 0.89961768026264 0.999993954802237 0.00325271883921642 0.00122889345945471 0.901453394149517 0.999998156436205 -0.00123911441360149 -0.00146687411198249 0.899520425181049 0.99999395515734 0.00325264392016638 0.00122880279475153 0.901328151160643 1.624 1.809 57.431 29.861

 8254 54 5000 3 0.9 0.95 0.697999999999999 126.068 11.082 0.999996951285188 0.00192405362323409 -0.00154772025371976 0.897020082670032 0.999999753594584 -0.000310408643872517 0.000629648508908451 0.90058816568617 0.999996950286637 0.00192511899532184 -0.00154704049058551 0.896953780657509 0.999999753215169 -0.000311377929458175 0.000629772488220879 0.900478688981013 1.90599999999998 1.69499999999999 53.456 27.647

 8258 58 5000 3 0.9 1.73 1.996 152.982 4.70399999999998 0.999995388889007 0.000427929371850277 0.00300650580848602 0.900562050290952 0.999998255912044 -0.00184177215712857 0.00030991642586479 0.900996032549827 0.999995390501948 0.000427728477979312 0.00300599787180086 0.90045099727035 0.99999825611665 -0.00184170027697754 0.000309683303244795 0.900878972647706 1.28 1.14499999999998 20.805 20.084

 8257 57 5000 3 0.9 1.348 2.205 153.629 5.83700000000002 0.999994937881901 -0.00108395700874363 0.0029915293372847 0.898551546625275 0.999995248961437 0.00273896553690778 0.0014142568158308 0.900162060678351 0.999994936894209 -0.0010845679650685 0.00299163805889871 0.898469807593125 0.999995247374246 0.00273920645859568 0.00141491232882453 0.900058344088552 1.161 1.23699999999999 19.115 21.05

 8259 59 5000 3 0.9 1.242 1.36 163.012 2.67600000000002 0.999996459561197 -0.00262657908350668 0.000426552914983345 0.897964162529528 0.999999230359428 -0.00123632633618046 0.000103815905829339 0.898956386594674 0.999996462271613 -0.00262567364749381 0.000425772421045141 0.897888604871327 0.999999231860934 -0.00123504862603052 0.000104558279704369 0.898868817379582 0.744 0.793000000000006 16.967 20.747

 8264 64 5000 3 0.9 0.302 0.539 158.088 4.184 0.999998940973146 0.00105552787958077 -0.00100195483017425 0.895005874437272 0.999992266341856 -0.00283594589944773 0.00272482427582841 0.899951374247402 0.999998940347012 0.00105603360028822 -0.00100204684929682 0.894959788542752 0.999992270073646 -0.00283474086119471 0.002724708646029 0.899851422080073 0.605000000000018 0.655000000000001 17.116 18.479

 8260 60 5000 3 0.9 0.656 0.554 161.955 2.00700000000001 0.999998248175776 -0.000299524975180239 0.00184768237752112 0.898631535859569 0.999985831240643 -0.00451200462422166 0.00282473578071824 0.900735459018092 0.999998245247005 -0.000299900279559811 0.00184920597365241 0.898547396192973 0.999985826244209 -0.00451256467803012 0.00282560979479894 0.900621282746833 0.683999999999997 0.673999999999978 17.562 18.568

 8262 62 5000 3 0.9 0.353000000000001 0.670000000000001 168.409 3.64700000000002 0.99999820609919 0.00174690854302392 0.00073219460770203 0.900585954375272 0.999997582105564 0.00158916016358602 -0.00151998453934987 0.89816191241097 0.999998205236196 0.00174731349264421 0.000732406952832534 0.90047464362301 0.999997580938485 0.00158871429145605 -0.00152121795901612 0.898084379757862 0.562999999999988 0.66500000000002 21.266 11.44

 8261 61 5000 3 0.9 0.752 0.539 171.857 1.702 0.999995655321182 0.00260906455294297 -0.0013719041217775 0.901045027857239 0.999998846244593 0.000422114337619876 0.00145922204256911 0.90104142614403 0.999995648711167 0.00261149749204038 -0.00137209313865175 0.900923805742775 0.999998846734896 0.000423290692603321 0.00145854512040946 0.900924867622072 0.535000000000025 0.546999999999997 22.323 10.328

 8263 63 5000 3 0.9 0.317 0.545 173.04 2.84 0.999999162023385 -0.00115231601405161 -0.000590017230449106 0.89868450243039 0.999995996824721 -0.00218451335806715 0.00179839815425566 0.896587974011407 0.999999161084645 -0.00115315175045647 -0.000589975461937655 0.898599786241425 0.99999599589569 -0.00218524007607466 0.00179803181220811 0.896527300758447 0.638000000000005 0.671999999999997 19.843 8.197

 8270 70 5000 3 0.9 3.627 2.377 81.735 0.731999999999999 0.999995987512969 0.000638860342800565 0.00275985786307124 0.898650189134829 0.999997461601048 0.000958060607652684 -0.00203934090634657 0.898542711271861 0.99999598789708 0.000638042745885705 0.0027599078238859 0.898566167317707 0.999997460702066 0.00095895036309014 -0.00203936353321719 0.898460084306155 0.179999999999993 0.097999999999999 15.365 39.586

 8269 69 5000 3 0.9 3.448 2.812 81.185 0.725999999999999 0.999998137891758 -0.00187459675479247 0.00045836669053367 0.898291466916646 0.999998416968284 0.00174384620898484 0.000353640108820565 0.899157649696856 0.999998137718445 -0.00187458037395423 0.00045881157806785 0.898211459850519 0.99999841679428 0.00174388709796263 0.000353930391931613 0.89906821106199 0.323999999999998 0.219999999999999 29.178 39.384

 8268 68 5000 3 0.9 3.194 3.75 82.429 0.734999999999999 0.999997992719796 -0.00200196881074759 -8.17145032501999e-05 0.898217133044744 0.999996186922943 0.00212203789993431 -0.00176722797781419 0.898841896703261 0.999997992927885 -0.00200190791870661 -8.0652874488185e-05 0.898138574414536 0.999996189226652 0.00212189431398407 -0.0017660964566202 0.898756212895294 0.316000000000003 0.439000000000007 32.69 39.93

 8266 66 5000 3 0.9 3.476 3.412 87.715 0.739000000000004 0.999999204458403 0.000915617693633984 0.000867598294393667 0.899883906341503 0.999998877827739 -0.00093522708174317 0.00117033908252571 0.897913723736513 0.999999202818255 0.000915472558279182 0.000869639494269795 0.899785432907972 0.999998876439439 -0.000935685548654879 0.00117115857779507 0.897838811187109 0.396000000000001 0.596000000000004 34.041 39.613

 8276 76 5000 3 0.9 1.532 2.194 62.425 0.997 0.999999867928821 0.000107179342367885 0.000502647917042509 0.9002447603268 0.999999172786787 0.000282033948541289 0.00125494326307416 0.900402387817357 0.99999986816362 0.000107197330704018 0.000502176737432134 0.900140443781358 0.999999173295949 0.000283063564294165 0.00125430555977313 0.900294430580536 0.608000000000004 0.709999999999994 35.08 38.523

 8267 67 5000 3 0.9 3.832 2.832 87.899 0.775999999999996 0.999998807893184 -0.00144752472036591 0.000537479669100018 0.897756709954402 0.999997554405319 -0.00211817702739025 0.00063601058362863 0.898563965930626 0.999998806556439 -0.00144825950588946 0.000537987082668365 0.897682699895771 0.999997554440987 -0.00211831159910921 0.000635506108549543 0.898481924457148 0.453000000000003 0.671999999999997 35.409 39.144

 8265 65 5000 3 0.9 4.156 2.456 99.387 1.09399999999999 0.999999993010623 0.000117109921139608 1.62487031966546e-05 0.899993999473588 0.999997484681234 -0.000187006959027884 -0.00223509722420602 0.899394077724281 0.999999993063671 0.000116789802400653 1.5257786868224e-05 0.899892049176629 0.999997486380641 -0.000186866939928543 -0.0022343484836278 0.899300751166433 0.411000000000001 0.565999999999974 35.644 38.711

 8274 74 5000 3 0.9 1.638 1.194 71.028 1.027 0.999999707251408 0.000693334486445222 -0.000323704168499003 0.899526322213015 0.999989617956957 -0.0026691621344453 -0.00369317638336822 0.900212556529772 0.999999707271448 0.000693317579280932 -0.000323678470690868 0.899429854878579 0.99998961502351 -0.00267109784750029 -0.00369257111248424 0.900106384387902 0.587999999999994 0.730000000000004 36.494 38.137

 8272 72 5000 3 0.9 2.39 1.448 74.105 1.289 0.999996531919233 3.93618977965422e-05 -0.00263336289698603 0.897789672093529 0.999997730323044 -0.00181756091649228 -0.00111167489643871 0.898596850763348 0.999996533489664 3.91397780931288e-05 -0.00263276978371652 0.897715929665663 0.999997729844614 -0.00181794582513277 -0.00111147586382139 0.898512220328262 0.591999999999999 0.808999999999997 36.889 36.729

 8273 73 5000 3 0.9 2.601 1.87 77.54 1.82000000000001 0.999996224216887 -0.000822977514980217 -0.00262188100017022 0.89968750434107 0.999997800214277 -0.000990042791043078 -0.00184915707275646 0.903347155672053 0.999996227758229 -0.000822796194019559 -0.00262058690668929 0.899591052922418 0.999997800093771 -0.00099031105432008 -0.00184907859073638 0.903187734523632 0.926999999999992 0.950000000000003 36.8 36.471

 8271 71 5000 3 0.9 3.248 2.154 78.895 2.126 0.999999428753101 -0.00106675531683599 -6.72797583512306e-05 0.898440674997292 0.999999608654343 -0.000881498134750768 7.51811092324807e-05 0.902167499400754 0.999999428976466 -0.00106656361370757 -6.69985046959042e-05 0.898358575596402 0.999999609739508 -0.000880498171098429 7.24141048910955e-05 0.902029201063097 0.814999999999998 0.890999999999991 38.002 36.303

 8275 75 5000 3 0.9 1.463 2.471 72.198 5.32600000000001 0.99999717516028 -0.000679593190299181 0.00227767964275859 0.899455975108473 0.99999843962023 0.000299932579405931 -0.00174091859460335 0.899442875595209 0.999997175384514 -0.00067860859263788 0.00227787474877334 0.899360153347616 0.999998440351777 0.000299514864469768 -0.00174057026853042 0.899349943469006 1.01900000000001 1.02200000000001 40.724 26.891

 8277 77 5000 3 0.9 1.494 2.681 71.014 4.749 0.999999408210613 0.000762805753137915 -0.000775696981002315 0.90002772146748 0.999993156179792 0.00117294570976073 -0.00350881631608784 0.897862108411115 0.999999409395579 0.000762292786448919 -0.000774672963340293 0.899925390489274 0.999993151394009 0.00117328586046551 -0.00351006629115472 0.897788255470476 1.09599999999999 0.896000000000001 40.285 27.097

 8279 79 5000 3 0.9 1.652 1.94 73.335 5.67800000000001 0.999999031972592 9.45552156046473e-05 0.00138820502424723 0.899221259085354 0.999998849680672 -0.00039941935699697 -0.00146325032349898 0.901057200406221 0.999999031792663 9.33796048289561e-05 0.00138841419856029 0.899128990961877 0.999998847778766 -0.000397912464803715 -0.00146495966174303 0.900938404736595 1.09699999999999 1.08199999999999 41.048 25.207

 8278 78 5000 3 0.9 1.592 1.682 81.629 2.64500000000001 0.999999647002585 0.000341491263623928 0.000767709855608206 0.899026707069111 0.999999336187771 -0.00067457196788896 0.000934118128112727 0.902040892826224 0.999999647082272 0.000339973527488312 0.000768279462377104 0.898938029715975 0.999999337638593 -0.000674185948514992 0.000932842796525673 0.901904308084847 1.25 1.252 39.091 17.314
