
 264 64 100 10 0.9 0.004 0.226 0 0.0140000000000002 0.999648859748366 -0.00765117259107586 -0.0131859558733525 0.0120008389605428 0.00609343040321724 0.000563005400310303 0.0111739202456305 0.00618463030228016 0.010781513990426 -0.00298883505828676 0.899276900681068 0.999682502302294 0.0100220127100392 0.000450334234043833 0.00554926540416734 0.00170213427926865 0.00532475917098695 -0.00933384797016595 0.00064882985481767 -0.0172705107949589 -0.00929484490740903 0.909560571537928 0.999648879429497 -0.00765037394031273 -0.0131860331309052 0.0120000901952882 0.00609289476284724 0.000563127172454707 0.0111741542142468 0.00618398051906229 0.0107813413331132 -0.00298912400057732 0.899254764180245 0.999682452116883 0.0100222682140108 0.000450419119489625 0.0055516661900473 0.00170067239791935 0.0053284657600892 -0.00933672081355592 0.000648635718724303 -0.0172696960028296 -0.00929531477227446 0.909478493993761 0.00200000000000022 0.00099999999999989 0.0129999999999999 0.0129999999999999

 269 69 100 10 0.9 0.00299999999999967 0.249 0 0.0149999999999997 0.99955932969145 -0.00324504290851453 -0.00503070360312656 -0.0135794986447623 0.00613471956443623 0.00242566523682953 -0.0236938275552071 -0.000953081364324611 0.00416636674353033 0.00614184703458595 0.898101479063129 0.999564218768255 -0.00910340250963076 0.014370934039245 -0.00071251459704346 0.00411117172907482 -0.0201997172766599 -0.00872988343550138 0.00189625721738748 0.00606442206058731 0.00632099806526999 0.90384728859189 0.999559295766113 -0.0032451099395911 -0.00503198666183635 -0.0135800366427521 0.00613549214291014 0.0024270949726172 -0.0236940402468514 -0.000952339102236465 0.00416679067214242 0.00614276262903026 0.898081956047294 0.999564228160915 -0.00910086760052266 0.0143700255330494 -0.000711299065830069 0.00411215580726743 -0.0201983981500553 -0.0087332727299172 0.00189725479701327 0.00606612295229144 0.00632232714964203 0.903804321046591 0.0130000000000008 0.00499999999999989 0.0259999999999998 0.0150000000000006

 272 72 100 10 0.9 0.004 0.252 0 0.0149999999999997 0.999787352495496 0.009964363774024 0.00380226500530946 -0.00610604458167282 0.00160782966437261 0.0111166956788367 0.00234447563435352 0.00549273991313331 0.00931161829691191 0.00506766345721611 0.892364459085049 0.999507271421099 0.00969391278801352 -0.00790661398851192 -0.0201393154386877 0.0148971281990332 -0.00141059054288663 -0.000668526227930054 0.00490313231625259 -0.00332871335362959 -0.0127927205640128 0.915412390200677 0.999787652436223 0.00996319427849093 0.00380529440321477 -0.00609602895296074 0.00159729265620321 0.0111155293493641 0.0023443639387802 0.00548824889492945 0.00929063208623717 0.0050698976346935 0.892643968025565 0.999507117559318 0.00969359511606575 -0.00790177023634462 -0.0201455072957749 0.0149025907216559 -0.0014115649171935 -0.000666828406909812 0.00491419207129289 -0.00332638794912833 -0.0127882054471925 0.91524882461985 0.00499999999999989 0.0350000000000001 0.0179999999999998 0.016

 273 73 100 10 0.9 0.004 0.255 0 0.016 0.999500897737167 -0.00654309844243087 9.63454912023884e-05 0.00163254404833787 -0.0302340443041795 -0.00339175128894074 0.00046358195079735 -0.00426007028824219 0.000111882110099752 0.00291406354770457 0.906397668728025 0.999371455500368 0.00516602141424274 -0.00151165302946906 -0.00841523905621067 0.00418232708036862 -0.00918891155864012 0.0252629185134766 0.00500671223814565 -0.0149952840720663 0.0129165046151423 0.909945906501346 0.999500971956211 -0.00654240619697429 9.7644862112621e-05 0.00163193318509755 -0.0302318585809362 -0.00339180776152318 0.000464769293821792 -0.00425961710771981 0.000112196299655419 0.00291353217657838 0.906336473736146 0.999371485717027 0.00516574710026594 -0.00150990670290627 -0.00841945335227978 0.00418023868917121 -0.00919063551101972 0.025261942144375 0.0050111633662276 -0.0149925110186747 0.0129145862189739 0.909856592469562 0.00299999999999923 0.0309999999999997 0.016 0.0150000000000006

 270 70 100 10 0.9 0.00300000000000011 0.253 0 0.0149999999999997 0.998877833489732 0.00289571408000325 0.00268005523116865 -0.0311989395668354 -0.00182385457520604 0.00774294517069498 0.00249011331339499 -0.00441375054509189 0.00651695084578123 0.0335067146217849 0.904284830668438 0.999795007211181 -0.00982298751271731 -0.0108541090305265 -0.00346070207677778 -0.00316844487107062 0.000954491946204974 0.0119191090601532 0.00104978927016148 -0.00180028597210588 0.00512893600571228 0.901009388656332 0.998877757197593 0.00289491775771265 0.00268094333046913 -0.0312007043177837 -0.00182541127242411 0.00774542426315383 0.00248875374331289 -0.00441371381509001 0.00651706217147851 0.0335067699502929 0.904239169137264 0.999795002412174 -0.00982317551291358 -0.0108535047016952 -0.00346027187510809 -0.00316888130777656 0.000954170032747076 0.0119199954826336 0.00104927173977536 -0.00180149157301982 0.00512849336095201 0.900981379561468 0.0120000000000005 0.00499999999999989 0.0169999999999995 0.0139999999999993

 267 67 100 10 0.9 0.00300000000000011 0.254 0 0.0150000000000006 0.999295899926072 0.00524942686826499 0.0140431573262519 0.0154354512244085 0.00701051770121503 0.009579206704251 -0.0181159524238764 -0.00979790588725836 -0.0109907072767636 -0.0160870627630137 0.888071592998779 0.999555352505463 -0.00783801319975599 -0.00133519725124342 0.00788543524712025 0.00966178127603728 0.00869408264816009 -0.0148888504215182 -0.00233074983793698 0.0188114320749305 0.00371250011637682 0.892367766113522 0.999295997970367 0.0052428194084096 0.0140460788568621 0.0154298359589685 0.00700175358543169 0.00957084166518928 -0.0181265389857661 -0.00980266194127427 -0.0109809247790518 -0.016086617012118 0.88786837394916 0.999555838694365 -0.00782739476154611 -0.00133035564423834 0.00788059491259416 0.00965004915512809 0.008697656462213 -0.0149046545535213 -0.00231706950389765 0.0187867490962408 0.00370829398155782 0.892641359782354 0.0129999999999999 0.00999999999999979 0.0170000000000003 0.016

 271 71 100 10 0.9 0.00500000000000034 0.252 0 0.016 0.999636932895992 0.00128938224827149 -0.000894087261352751 -0.00549531976413708 0.0127439356671916 -0.00390768759058454 -0.00306890172233572 0.0118346944069872 0.014608663752588 0.0123601305677188 0.904458265632818 0.99934039483606 -0.0138770659312827 0.000330817914309584 0.00323335208440243 0.000882805293576413 0.000561113378703318 0.0149111859436942 -0.0069861435974995 -0.0288307502936885 0.00349030934627588 0.908093229795471 0.999636984563728 0.00128943844077617 -0.000892719745597467 -0.00549476623916623 0.0127455144968005 -0.00390582527549159 -0.00307087923368097 0.0118346170500036 0.0146056168045516 0.0123584353045496 0.904413704478011 0.999340427628483 -0.0138728272322584 0.000329828014450796 0.00323344836233897 0.000882587052885875 0.000565540875478986 0.0149109741818953 -0.00698444074744843 -0.0288325317934995 0.00348671011925755 0.908024318233833 0.0279999999999996 0.00400000000000045 0.016 0.0149999999999997

 268 68 100 10 0.9 0.004 0.256 0 0.016 0.999816318853654 -0.0101556203326584 -0.0102530015966704 0.00133131339711831 0.0068118455853534 -0.00113105992417285 -0.00943331073292039 -0.000727473482207701 -0.00255931161936023 0.00368080298823844 0.899398612923777 0.999890101272633 0.000822036726650759 0.00597883922883511 0.00590314351776254 0.0104577254124412 -0.00376300238021485 0.00400462530993427 0.000781251738721295 2.7850342611731e-05 -0.00288853755348967 0.900054376798793 0.999816302602007 -0.0101555285691682 -0.0102531418754488 0.00133131972850686 0.00681219077663845 -0.0011306305199262 -0.00943437322750796 -0.000727832499364121 -0.00255946361572721 0.00368167072151462 0.899374915107259 0.999890084308765 0.000822668180371912 0.00597967384361815 0.00590396846210068 0.0104584806183816 -0.00376287591894786 0.00400438928569701 0.00078112595158085 2.67703703547352e-05 -0.00288861821893259 0.900029509527398 0.0570000000000004 0.0110000000000001 0.0220000000000002 0.0209999999999999

 266 66 100 10 0.9 0.00299999999999967 0.249 0 0.016 0.999730045928009 0.012510798418615 -0.00348090716940186 -0.00089789986728017 -0.0052565007557037 0.00248318420419153 -0.00665446766972536 0.013282475599578 -0.00842641314879488 0.00669960538051579 0.900384948561172 0.999883997313836 0.00272555832772605 -0.00112356193312914 -0.00206990646078802 0.00610520171514328 -0.0108177442263966 0.00689044671112761 0.0020350171944696 -0.00285412933694168 0.00222568193386661 0.902749841365477 0.999730031102593 0.0125110822937069 -0.00348007533825873 -0.000896855833946796 -0.00525703807647532 0.00248225806965702 -0.00665517748113244 0.0132827871737341 -0.00842578302181956 0.00670125065205607 0.900359267303459 0.999884001815587 0.00272531648965414 -0.00112344567613626 -0.00206991172850786 0.00610534792523305 -0.0108179160227605 0.0068892888675206 0.00203634682328435 -0.00285425429429342 0.00222498114636199 0.90271424673381 0.103 0.0780000000000003 0.016 0.0129999999999999

 277 77 100 10 0.9 0.004 0.256 0 0.016 0.999630202807819 -0.00848694558252813 0.0115625239979874 0.000869651806187437 -0.0149342949084976 -0.000282420999983098 0.00715015559640717 0.00738018415080798 0.00497667018629016 0.0133981012937658 0.901218115257792 0.999671165757909 -0.0131702720309062 -0.00420614626938604 0.00283841309484567 0.0138321290768677 0.0146596066583186 0.0057837061955398 -0.00362417284123027 0.00154180307090484 -0.0017779557063294 0.892266695419874 0.999630197276913 -0.00848646996280234 0.0115624781146188 0.000869258452326212 -0.0149348630690396 -0.000284496026034495 0.00714947546078006 0.00738042263646962 0.00497637525171158 0.013398544252987 0.901189484436409 0.999671137292041 -0.0131745573482253 -0.00421628457773475 0.00283986419521599 0.01382848762705 0.0146577504352708 0.00578912127922743 -0.00361725208179575 0.00154653697970646 -0.00177185984628318 0.89253868439356 0.00499999999999989 0.00300000000000011 0.0149999999999997 0.0149999999999997

 275 75 100 10 0.9 0.004 0.266 0 0.0149999999999997 0.99945658333052 0.00582033137788425 -0.0127859615429972 -0.00389258682743095 -0.00173791812648062 -0.00828477252144831 -0.0230177936192584 0.00119439728824584 -0.0045313977540846 0.0158300962224807 0.907444011694603 0.999636528654287 0.0063591466501705 -0.011931342019665 0.000322125305544334 0.0148642492158916 -0.00352095803952171 0.0125889986335716 0.0093806123529909 -0.00349165395422127 -0.00720400405811876 0.905618388503488 0.999456596139009 0.00582259503635682 -0.0127822018185182 -0.00389472841108116 -0.00173796469322479 -0.00828518673811185 -0.023018810991157 0.0011945046873876 -0.0045317490080825 0.0158291546841743 0.907381733539494 0.999636492920648 0.00635630609410133 -0.0119275746300739 0.000320258380906353 0.0148721091724869 -0.00351900420333926 0.0125918490609956 0.00938003334620395 -0.00348526426888135 -0.00720138979379209 0.905560304676659 0.00499999999999989 0.00100000000000033 0.0149999999999997 0.0170000000000003

 265 65 100 10 0.9 0.004 0.253 0 0.016 0.999568915964716 -0.00582527964839208 -0.00107558942174309 -0.0021354854356226 -0.019232935342048 0.0106066199824184 0.00442585968641767 -0.0022818424680147 0.0119019857191737 0.0131709024404797 0.905491290713942 0.999314170893195 -0.00723922868670737 0.00428380969053169 0.00466381402347782 -0.0223545556051812 0.00272229392173395 -0.0033868053569456 0.0139592746695794 0.0174654180452923 -0.016129772643555 0.896712198199714 0.999569020923626 -0.00582364393959638 -0.00107759952131716 -0.00213705140879877 -0.019230158745194 0.0106045643486436 0.00442680429245769 -0.00227867871473413 0.0119005290129733 0.0131704979970444 0.905437653030356 0.999314150707259 -0.00723961243671884 0.00428433666119865 0.00466486124606142 -0.0223546919625473 0.00272048965270992 -0.00338618020308574 0.0139598231565188 0.0174647880408347 -0.0161308623450098 0.896748744738929 0.144 0.138 0.016 0.0140000000000002

 274 74 100 10 0.9 0.00299999999999967 0.266 0 0.0149999999999997 0.999728988389375 -0.0176863714842295 -0.0111605785720995 -0.00241302105290773 0.00681714487128837 0.00554155385693183 -0.00277428658781097 -0.00156515762579194 0.00321096540418211 0.00105919137831444 0.896694721995518 0.999607954091942 -0.00310958153952769 -0.0228247105704416 -0.0135612649421185 -0.00285240461301805 0.00562939074536754 0.0046185481108247 0.000833201201530526 0.00270579813501654 -0.000469566432527015 0.917561308822107 0.999728970520432 -0.0176859191912635 -0.0111616830654145 -0.00241270056623862 0.0068189634023777 0.00554256252065809 -0.00277183451560097 -0.00156448463122188 0.00321224665051896 0.00105924651427347 0.89673184461886 0.999607978485288 -0.00311374626095658 -0.02281907971457 -0.0135654187835505 -0.00285091346876606 0.0056347542477621 0.0046184384384564 0.000832826959345455 0.00270917480698671 -0.000470724395819937 0.917361372213914 0.00600000000000023 0.0120000000000005 0.0269999999999992 0.0149999999999997

 276 76 100 10 0.9 0.00300000000000011 0.254 0 0.0150000000000006 0.999386857110279 -0.0111256306485081 0.0183552812829496 -0.00620394375868225 -0.00556210039861201 -0.00451610473138216 0.0148652718296774 -0.00660852013645724 -0.00996157922618182 0.0176496696949801 0.889332699402431 0.999663803869494 -0.00533937353205722 0.0184707430262853 -0.0068343157207514 -0.0044567050053759 -0.00884224665903625 0.00879201232065815 0.00379016346138039 0.00452818081677519 -0.00675849964412581 0.89874514791135 0.999387001755924 -0.0111301387051568 0.0183567774252986 -0.00619429548455626 -0.00556535035268154 -0.00451780366787039 0.01485805673702 -0.00662647010519765 -0.00995482930303242 0.0176421626417719 0.889084410834564 0.999663772383002 -0.00533983835635689 0.018471938390294 -0.00683595226379512 -0.00445481019010446 -0.00884217405020069 0.00879207101320957 0.00378978844958953 0.00452927242785954 -0.0067586142353365 0.898723880709219 0.0720000000000001 0.0750000000000002 0.0169999999999995 0.0150000000000006

 279 79 100 10 0.9 0.00499999999999989 0.258999999999999 0 0.0150000000000006 0.999675484415263 0.00147047154039596 0.0105011630439749 -0.0188508374758062 0.00205598188721089 -0.00121950700307459 -0.0069759984124691 0.00650384222304449 0.00467869237851678 0.00790987578953745 0.90580720324807 0.999573977778706 0.00804903082120597 -0.000810587353366083 0.00978030145924272 0.00214929175528679 -0.013133769863193 0.01368822602981 0.0119151860771985 0.00736256434767112 -0.0114062610554086 0.875665248014241 0.999675472837797 0.0014694172806218 0.0105009729799943 -0.0188513273873211 0.00205674656466742 -0.0012203837552685 -0.00697494420718003 0.00650465440635136 0.00467868723401089 0.00791055047240938 0.905753140382324 0.999574052113841 0.00805174830846051 -0.0008121151484243 0.00977550773261708 0.00215389214269719 -0.0131296533768153 0.013684623909262 0.0119183089895326 0.00736032856718058 -0.0114082032313046 0.875894981893268 0.0760000000000005 0.0629999999999997 0.0149999999999997 0.0140000000000002

 293 93 100 10 0.9 0.004 0.26 0 0.0149999999999997 0.999654676570199 -0.013335342059917 -0.00674268010071983 -0.00346169419472966 -0.00193368471449857 0.00806253549039246 0.00266544038377323 0.00444864983256502 -0.00453043306319652 0.0184142799266202 0.909076991216029 0.999623402455002 -0.00940698820044628 -0.00883195653603713 -0.00416707894660423 -0.00244320801425062 -0.00768600955266962 -0.00367705659857332 0.0199266160011289 0.00148168110707026 -0.00955843483252917 0.900503952036791 0.999654499739793 -0.013338710870167 -0.00674499204410695 -0.00346301672775694 -0.0019376563359121 0.00806407027086464 0.00266463004938245 0.0044520425445511 -0.00453153663812533 0.0184182799941859 0.908996252170588 0.999623386938513 -0.00940777627040272 -0.00883190992807114 -0.00416775738891848 -0.0024429294556241 -0.00768611074594715 -0.00367672707025503 0.0199269251279666 0.00148107537322633 -0.00955859522110241 0.900477023393509 0.0800000000000001 0.0709999999999997 0.0169999999999995 0.0140000000000002

 287 87 100 10 0.9 0.00299999999999967 0.256 0 0.016 0.999336511145483 -0.0137246972845966 0.00229290546860994 -0.0109408312855643 -0.00210201614091355 -0.0113250037044333 0.00532364297157252 -0.00141868578844966 0.0213653823888474 0.0198419601368865 0.899518030191569 0.999885239758606 0.000177517989779012 -0.00586875259984171 0.00318778308912942 0.00177740952956866 0.00659280712787204 0.00727973211740288 0.00586102063985999 -0.00456085957460779 0.00548632745784225 0.90604579210903 0.999336517546267 -0.0137238459984232 0.00229400388178919 -0.0109400298824185 -0.00210260669600593 -0.0113253187200048 0.00532416299718921 -0.00141919006191608 0.0213658437689492 0.0198416267184199 0.899494877290478 0.999885243200483 0.000177618368249448 -0.00586931801581903 0.00318670218458785 0.00177687514751828 0.00659423994118226 0.00728020314369557 0.00586075073449701 -0.00455856694278074 0.00548573984003544 0.90598899079239 0.00600000000000023 0.00300000000000011 0.0149999999999997 0.0150000000000006

 278 78 100 10 0.9 0.004 0.257000000000001 0 0.0149999999999997 0.999619004098305 -0.00147745718379287 0.00879461613176012 -0.010514915293325 -0.0103880326730189 0.0117205372861204 0.0111090829024835 -0.00764783346140176 -0.00353289154740576 0.0114930600749866 0.893309566915364 0.999716147509001 -0.0047784142620447 -0.00871947051312438 -0.00553167616089389 0.00478873782047523 0.0142076124273489 -0.00193371978144105 0.00969328337724261 0.00917014983038982 -0.00561993204477462 0.897214113069746 0.999618750895172 -0.00146733081141458 0.00879753369943439 -0.0105198081945993 -0.0104018087734421 0.0117262705623998 0.0110967263470579 -0.00764650415320339 -0.00354026831735211 0.0115019097203156 0.893537150697294 0.999716145555317 -0.00477842220948398 -0.00871947002698626 -0.00553173386110393 0.00478863806887233 0.0142076233618874 -0.0019338265128275 0.00969338676136395 0.00917028236606878 -0.00561984283041035 0.897218558309271 0.00399999999999956 0.124 0.016 0.0119999999999996

 280 80 100 10 0.9 0.00300000000000011 0.252 0 0.016 0.999724953451993 0.00707377291937462 -0.00265780037782334 -0.00109446158404114 -0.00858911385002478 -0.00775484531807477 -0.00520782810894544 0.00510543638180656 0.006145242418181 0.0163357268529321 0.899631063049212 0.999559936099353 -0.00331413683609966 -0.0119786659435552 0.00722150031716747 0.00344721376384058 -0.0011395156712274 0.0205122570750977 -0.0114775158909478 0.00839950846479286 0.00609036575101793 0.892409024359291 0.99972493206058 0.00707391015332526 -0.00265819003959133 -0.00109494670442234 -0.00858838955773245 -0.00775523283099975 -0.00520960434576193 0.0051049413525339 0.00614532797298038 0.0163366336199667 0.899605789819832 0.999560261521193 -0.00331730493493322 -0.0119622001931523 0.00722057965308568 0.00343976290063821 -0.00113933896251099 0.0205047822410696 -0.0114796062346353 0.0083897526540697 0.00610758593292044 0.892690355648383 0.0750000000000002 0.0700000000000003 0.016 0.016

 294 94 100 10 0.9 0.00300000000000011 0.254 0 0.0170000000000003 0.999575661931391 0.00129222010477141 0.00149111270663246 0.0096819432716601 -0.0196833752153616 -0.0053819490005387 0.000835980191904435 -0.00236404248870164 -0.000950833007809504 -0.0180906196939388 0.90233267247483 0.999742492915053 0.00221727908256528 0.005366483901933 0.0113330514670077 -0.00553566432625669 0.00285302895106995 -4.17352237007896e-05 -0.012459429630161 0.00914275220342317 -0.00867075131247878 0.899332173659292 0.999575699353109 0.00129301806283826 0.00149099857761197 0.00968036468112916 -0.0196829322090565 -0.00538096787117027 0.000836431723095366 -0.00236306239040471 -0.000950258866980246 -0.0180902603777501 0.902298483915217 0.999742494870727 0.00221742094069335 0.00536650765877776 0.0113328525166884 -0.00553596127959939 0.00285262076698981 -4.2589579694979e-05 -0.0124597752668164 0.00914277475290353 -0.00867015496547461 0.899310426591261 0.0810000000000004 0.0739999999999998 0.0149999999999997 0.0130000000000008

 281 81 100 10 0.9 0.004 0.257 0 0.016 0.999599962197527 0.013859382247194 0.00607342660396084 0.00359502417692279 -0.0128763067109662 -0.00283276298254473 -0.0125357708613439 0.00729973499840321 -0.00464572180652345 -0.0123362942172309 0.888600890268266 0.999617320730522 -0.00718860859919977 0.000276955384230194 0.0203138765894233 0.00209884407304344 0.0104059536429944 0.00522878524973097 0.00385105342844246 -0.00560475107092607 -0.0107019930685136 0.90040959901677 0.999600042411486 0.0138655034882149 0.00607044715961687 0.0035924765414967 -0.0128828058945636 -0.00283698944648051 -0.0125349977744184 0.00729317415336469 -0.00463545259169705 -0.0123258927284331 0.888386257608698 0.999617318395515 -0.00718844670986327 0.000276522667931267 0.020315176584814 0.0020982997544378 0.0104056179474401 0.00522802628142991 0.00385051620582814 -0.00560445824541417 -0.0107010139892568 0.900382937045345 0.00800000000000001 0.0330000000000004 0.0149999999999997 0.0139999999999993

 295 95 100 10 0.9 0.00300000000000011 0.260000000000001 0 0.0169999999999995 0.999318611000711 0.0055125731532335 0.0074612923652901 -0.00810040164799587 0.0133180398365036 -0.00268753889917714 0.00973886350981795 0.0230608574211582 0.0158185780892574 0.0122134673034186 0.891748361334199 0.99977051703279 -0.00311002319569256 0.010615175515238 0.00185836791929882 -0.00324247096463385 -0.00977424214781325 0.00812402537333825 -0.00617792876406836 0.0102524668110292 -0.00421621273847276 0.891893613946574 0.999318651082208 0.00552123508693318 0.00745735164974163 -0.00809597079615938 0.0133171448645372 -0.00269122507045233 0.00973999621763294 0.0230533401098891 0.0158327927490369 0.0122066515921866 0.89204718733325 0.999770605489751 -0.00309821080985205 0.0106180719524658 0.00185108779303276 -0.00323843677098981 -0.0097693987131556 0.00811884385044874 -0.00618524142023984 0.0102510676337845 -0.00421683079635559 0.892184046492534 0.00300000000000011 0.0670000000000002 0.0170000000000003 0.0139999999999993

 290 90 100 10 0.9 0.004 0.272 0 0.016 0.999275242106151 -0.014789443316345 0.0204615692635268 -0.0148150001161432 0.00142551916596547 -0.00688584165622711 0.00590918128764756 0.000583509645676377 0.0059977032723821 0.0217123136300781 0.90487357271363 0.999443790927073 0.0122716376891185 -0.00538809270947993 0.0207720138705982 -0.00206947222668803 0.0112788934268187 -0.00332410789447868 0.00849686914421887 -0.0161503511756833 0.00504292658934872 0.887437803926845 0.999275199401546 -0.0147879279492496 0.0204630756333934 -0.0148144053459586 0.00142664423707405 -0.00688671826732007 0.00590920315179642 0.000583365403083629 0.00599921793224745 0.0217135248792432 0.904826064101538 0.999443527548647 0.0122725215803647 -0.00539004189655974 0.0207739321658893 -0.00206886003594335 0.0112805454420452 -0.00333371690080811 0.0084933887456994 -0.0161598590673556 0.00504860304841957 0.887253265734921 0.00399999999999956 0.0310000000000006 0.0150000000000006 0.0149999999999997

 291 91 100 10 0.9 0.004 0.259 0 0.016 0.999404407386853 0.00907761437920008 -0.00342041421906593 -0.0106824761742126 -0.0271598710951838 0.0030654221311583 0.00282132350350637 0.00657273703039009 0.0107343147148139 0.00831692375495493 0.908088225953836 0.999711853072189 0.00657413910192062 0.00413230220089221 0.00520234831456358 0.0120839914236289 0.00371057008818587 0.0017007725539818 -0.0133810278213488 -0.0112107575512096 0.00462972739576996 0.913560843530918 0.999404463657795 0.0090713665447786 -0.00342309911377309 -0.0106871539859933 -0.0271604276657272 0.00306650782392687 0.00282070222898578 0.00657112064809054 0.0107315110746707 0.00831275184403712 0.90801517805801 0.999712002419456 0.00656927454020285 0.00413067407099233 0.0052048453935913 0.0120722117611866 0.00371144031996826 0.00170322546370945 -0.0133856799405093 -0.0112099399617763 0.00462068416931332 0.913427788788052 0.00199999999999978 0.0190000000000001 0.0170000000000003 0.0169999999999995

 286 86 100 10 0.9 0.00499999999999989 0.253 0 0.016 0.999709195056256 -0.00649309078273183 -0.0130417994186818 -0.0100432282682772 0.00258668387739762 -0.00633773218431702 -0.000174560240056505 0.00762766354106365 -0.00514502580451349 -0.011699116646561 0.90409862713503 0.999456379666387 -0.00374414229612423 0.0221971296621463 -0.000496647313395471 -0.0131111697794686 -0.0100187981341268 -0.00955647691838746 -0.0131984377583674 0.00408742155952396 0.00504541419860147 0.892171221275664 0.999709205941183 -0.00649363468615431 -0.0130410439892906 -0.0100436602185411 0.00258354401992039 -0.00633449413155081 -0.000174789978336911 0.00762658271885854 -0.00514657580129621 -0.0117008227278096 0.904053516053091 0.999456495210783 -0.00373470138212926 0.0221917719706714 -0.000496380805975191 -0.013111370871335 -0.0100237555684662 -0.00955275635031564 -0.0132084927258009 0.00407212498101978 0.00503584072444991 0.892452732414543 0.0810000000000004 0.069 0.016 0.0140000000000002

 284 84 100 10 0.9 0.00500000000000034 0.252 0 0.0210000000000008 0.999879297273015 0.00332187225931058 -0.00683570637554658 0.0078753926809404 0.00420778543354046 -0.00829150824249923 0.00280191766439272 -0.00420819173630792 0.00296662576719836 -0.00089011351114602 0.889388815452819 0.999679289459749 0.007537807407362 -0.00273487970269504 -0.00124359711992143 -0.0133879387489365 0.00408234856756959 0.00556589275295745 0.0107149034298258 -0.0128392645728094 -0.00830277530499238 0.893384017591897 0.99987916136378 0.00333576369953261 -0.00683653893428167 0.00787899982389343 0.00421165086735164 -0.00829700020809 0.00280649939008301 -0.00419774868214234 0.00297098576138529 -0.000903295898165573 0.889138138474338 0.999679488357042 0.00752812338736642 -0.00274627250358103 -0.00124077469997307 -0.0133787430716265 0.00407190964672963 0.00555623027954728 0.0107235327932055 -0.0128357219202325 -0.00830503220344724 0.893608407441314 0.119 0.0729999999999995 0.016 0.0150000000000006

 292 92 100 10 0.9 0.00300000000000011 0.253 0 0.016 0.999435374019607 -0.00160832925144373 -0.00458115664980454 -0.0241452696200561 -0.0178224863231437 0.00405805769373436 -0.00663196839866277 0.00184726605253263 0.0111413370604397 0.00409044677795822 0.889730395580618 0.999812735155008 0.00977410453002713 0.00142150508268459 -0.00580657163538414 -0.00977746598677316 0.000978157489577322 -0.000975304398157178 0.00743271826513226 -0.00725326432577007 0.00615325568996658 0.896128406642228 0.999435109398364 -0.00161216440448465 -0.00457204592405195 -0.0241534934930076 -0.0178235826780729 0.00407330055538364 -0.00663494845019501 0.00185192918470683 0.0111396384766964 0.00409299047573908 0.889465239850742 0.999812694346095 0.00977324631875908 0.00142387895790489 -0.00580822292174789 -0.00977797327558771 0.000977723056565941 -0.000977418402696629 0.00743456539772205 -0.00725590179018644 0.00615272883117044 0.896204692630521 0.0960000000000001 0.0649999999999995 0.016 0.0140000000000002

 285 85 100 10 0.9 0.00499999999999989 0.263999999999999 0 0.0209999999999999 0.999340867675082 -0.0270332958692822 0.0101371256003516 0.00493768236387191 -0.0010193311136032 -0.0112432791101059 -0.00971656831096615 0.00910977303790876 -0.012450205566647 -0.000177319009547511 0.886995294157947 0.999496508993254 -0.00488181666715134 0.015929248552746 0.0157957545983255 0.01581288464466 0.000109650982527933 -0.00535227832004926 -0.0119181172510982 0.00010582459954336 -0.00767402166694914 0.90960970150776 0.999340844967879 -0.0270322908367132 0.0101399416141308 0.00494092782293491 -0.00101397748761831 -0.0112401691833399 -0.00972246410591025 0.00911211419022896 -0.0124475764043943 -0.000176073989495328 0.886835611219848 0.999496550873516 -0.00488137455033199 0.0159254723642245 0.0157970538167367 0.0158077314549642 0.000107923615418059 -0.00535227206264937 -0.0119226609481789 0.000105896985466753 -0.00767759724026523 0.90952213242944 0.0260000000000007 0.0939999999999994 0.0150000000000006 0.0150000000000006

 282 82 100 10 0.9 0.004 0.268000000000001 0 0.016 0.999562057757978 -0.0038368866765096 -0.005125301698695 0.00366288677677745 -0.00572460772428258 0.0141418593235624 -0.00419725033936395 0.0146062875675326 0.00395564477926183 0.0184909313709284 0.891105006093521 0.999707647629018 -0.00557879128597314 -0.00180108887760727 -0.0145049817117182 0.00330255228941855 0.00222690597670904 -0.00475864517228751 -0.00167196941379946 0.0109951606352751 -0.0133288498901747 0.904457160089639 0.99956189774933 -0.00385246575050582 -0.00511060234301491 0.00365005430168814 -0.00571842291186961 0.0141649073426174 -0.00420712946446654 0.0146015967130222 0.003949331429374 0.0184900291622508 0.890772125177149 0.999707664285785 -0.00558101036044548 -0.00179992609536186 -0.0145042032714992 0.00330346094130505 0.00222769615713282 -0.00475929493983681 -0.00167219957819747 0.0109920572438624 -0.0133296173448854 0.904412798947738 0.00700000000000056 0.0700000000000003 0.016 0.0129999999999999

 283 83 100 10 0.9 0.004 0.274 0 0.016 0.999707092913649 0.00611684404947622 -0.00524581908243809 0.0145606837848791 -0.00150339545740131 0.00638268828852736 0.00867549656261246 -0.0134461411488878 -0.00046027777131882 -0.00308330199061697 0.906973678981587 0.99963824590483 0.000624371310773414 -0.00502706081172298 0.000741105684159969 0.000952872061464983 -0.0124089524356523 0.00485752501906113 -0.0138382037592728 -0.0180580601859844 0.00104492619395565 0.903465093000112 0.999707119986815 0.00611396103166939 -0.00524255994449941 0.0145623797345079 -0.00150619082015141 0.00638264852134907 0.00867237327788043 -0.0134464835171027 -0.000461127615368438 -0.00308366032636866 0.906910020368786 0.999638318818644 0.000623364848463612 -0.00502495846161817 0.000741557140137859 0.000950647323837489 -0.0124093157111775 0.00485766239155253 -0.0138370224578906 -0.0180553137380748 0.00104574175750124 0.903425884192067 0.0820000000000007 0.0179999999999998 0.0150000000000006 0.0129999999999999

 289 89 100 10 0.9 0.004 0.26 0 0.016 0.999642382643308 0.00664718715687139 0.00396581334830213 -0.00459214045449143 -0.00395235781626228 -0.00941868570848939 -0.0135703785811893 -0.0134290786386328 -0.00879509833757792 0.00937680335585029 0.891073171786459 0.998984988681651 -0.0155762954253764 0.00412724413629578 -0.00320119884571663 -0.00248817400274592 0.0152915127173383 -0.000251059285427673 -0.00726298873852313 -0.0312735180527757 0.0220957292864999 0.907918016183278 0.999642462733608 0.0066602384056393 0.0039555217717225 -0.00459896506168344 -0.00395400878850646 -0.00941279361067393 -0.0135736844876158 -0.0134134022419648 -0.00879480060233558 0.00938315699412916 0.890753630895062 0.998984992561423 -0.0155784982677641 0.00412139238614601 -0.00320232397515365 -0.00248568940315544 0.0152944567725746 -0.000246509921750981 -0.00726094224177339 -0.0312717288700588 0.0220964281967296 0.907842531718594 0.0840000000000005 0.100000000000001 0.016 0.0150000000000006

 288 88 100 10 0.9 0.00399999999999956 0.274 0 0.0170000000000003 0.999809379678248 0.00476567824260806 -0.00778352855981324 -0.0069733877873565 -0.0106171428045198 -0.00333330814530532 -0.00703672039700168 0.00855890060233005 -0.00104354556781655 0.0012598804979912 0.906250619194951 0.999895312742712 -0.00304923027578887 0.00232358734099674 -0.00430475667328242 0.00637397025116532 0.00456223098073988 -0.00556677996698188 -0.00810755906259197 -0.00408596666939144 -0.00113032591310919 0.899279659413347 0.999809397445263 0.00476604738942194 -0.00778515044784066 -0.00697045539946047 -0.010618896782567 -0.00333330662996838 -0.00703678057480961 0.0085554938324514 -0.00104446568326426 0.00125785147943974 0.906192070165435 0.999895304315549 -0.00304872594212063 0.00232390495048951 -0.00430409989711861 0.00637403129130621 0.00456341004841714 -0.00556588607517942 -0.00810859576514648 -0.00408676059776803 -0.00112998064689547 0.899257404929783 0.0800000000000001 0.00100000000000033 0.016 0.0129999999999999

 296 96 100 10 0.9 0.004 0.273000000000001 0 0.0309999999999997 0.999090802755668 0.00676091183390283 -0.0157440110419937 -0.0140849544593069 0.0061252393484839 0.0141920429543766 -0.000398209259052512 -0.0257427686265762 0.00713509889166565 0.0193108029541432 0.894394757567342 0.999655811303951 -0.00595262624862603 -0.00384963363749235 -0.00873205021189682 -0.00183647239148069 0.00200820006567553 0.00907653304383547 -0.00943024801090814 0.0143667832091406 0.0132903648997474 0.905420385131446 0.999090861779844 0.00676064009071737 -0.0157410849073236 -0.0140823622100026 0.00612137035442559 0.0141917794706022 -0.00039914495579368 -0.0257402633509722 0.00713447439206516 0.0193170907648519 0.894563934251322 0.999655852336475 -0.00595149897004255 -0.0038500409777153 -0.00873435403461348 -0.0018335045126353 0.0020083877260107 0.00907577727603832 -0.00942659450032187 0.0143666744569645 0.0132897585179941 0.905368499144777 0.135000000000001 0.00100000000000033 0.016 0.0129999999999999
