
 2767 67 2000 2 0.7 0.004 0.346 0.683 0.446 0.999850135054225 -0.0173120603062674 0.696199988425166 0.999994680418759 0.00326176856680542 0.700945359251654 0.999850134205711 -0.0173121093117297 0.69619857285418 0.999994680227498 0.00326182720316221 0.700943771503059 0.00300000000000011 0.00100000000000033 0.123 0.124

 2773 73 2000 2 0.7 0.00499999999999989 0.363 0.694 0.444 0.999804990489345 0.0197479364137293 0.710351117129341 0.999925611434547 0.0121971962863393 0.70155523202114 0.999804991307182 0.0197478950079613 0.710349626011985 0.999925610571853 0.0121972670097717 0.70155381492619 0.00300000000000011 0.00100000000000033 0.126 0.12

 2770 70 2000 2 0.7 0.00300000000000011 0.346 0.669 0.447 0.999999920404372 -0.00039898778208063 0.697828943712574 0.999867268251039 -0.0162925099418648 0.706275353327695 0.999999920467479 -0.000398829582623574 0.697827146226408 0.999867266857634 -0.0162925954545219 0.706273865438733 0.00200000000000067 0.00100000000000033 0.125 0.122

 2765 65 2000 2 0.7 0.004 0.349 0.691 0.441 0.999728405519137 0.0233048320775764 0.692299166449156 0.999899013023694 -0.0142113952250589 0.705359616446764 0.99972840621641 0.0233048021660211 0.692297509523474 0.999899013085966 -0.0142113908436513 0.705358028225838 0.00200000000000067 0.000999999999999446 0.125 0.123

 2768 68 2000 2 0.7 0.00300000000000011 0.347 0.693000000000001 0.44 0.99944912477583 -0.0331880548515229 0.706661924029664 0.999771679361105 0.0213679467304419 0.693540176227052 0.999449125515433 -0.0331880325785823 0.706660459927422 0.99977167564496 0.0213681206021807 0.693538675674465 0.00300000000000011 0.000999999999999446 0.124 0.122

 2761 61 2000 2 0.7 0.004 0.348 0.681999999999999 0.441 0.999593432492219 0.0285126238432033 0.697247789931617 0.99951080096588 0.031275529612531 0.69163772149977 0.999593432999423 0.0285126060616806 0.697246294200459 0.999510804787737 0.0312754074724876 0.691636131216869 0.00199999999999978 0.00100000000000033 0.123 0.121

 2769 69 2000 2 0.7 0.004 0.352 0.688 0.441 0.999983699449564 0.00570971410525328 0.703622360607012 0.99989998040047 -0.0141431677901178 0.710726704362361 0.99998369953637 0.0057096989022623 0.703620802000856 0.999899982074821 -0.0141430494156255 0.71072518241574 0.00300000000000011 0.000999999999999446 0.122 0.123

 2778 78 2000 2 0.7 0.004 0.339 0.677 0.439 0.999993370725458 -0.00364122302760736 0.710129103632416 0.999872326983688 0.0159790404037301 0.697194978815587 0.999993370329671 -0.00364133172136921 0.710127601450493 0.999872327402772 0.0159790141799559 0.697193397548768 0.00300000000000011 0 0.122 0.121

 2766 66 2000 2 0.7 0.004 0.347 0.699 0.443 0.999999273175522 0.00120567343283008 0.696088070389422 0.999999987944321 -0.000155278325225012 0.701857333673621 0.999999272881733 0.00120591708078159 0.696086403012192 0.999999987945654 -0.000155269741583985 0.701855576577608 0.00300000000000011 0.00100000000000033 0.122 0.119000000000001

 2763 63 2000 2 0.7 0.004 0.354 0.673 0.443000000000001 0.999917667520304 -0.0128319203845095 0.714482071974166 0.999903174660832 0.0139155058546433 0.702417313159224 0.999917667440277 -0.0128319266205829 0.714480643281835 0.999903176292495 0.0139153886104669 0.702415779615958 0.00300000000000011 0.00100000000000033 0.122 0.12

 2764 64 2000 2 0.7 0.00300000000000011 0.348 0.694 0.443 0.999997042728476 -0.00243198155869143 0.698151006783843 0.999999948497425 0.000320944148780827 0.701360330659408 0.999997043263911 -0.00243176138538218 0.698149417435734 0.999999948503141 0.000320926341028007 0.701358742001824 0.00300000000000011 0.000999999999999446 0.124000000000001 0.119

 2762 62 2000 2 0.7 0.00300000000000011 0.347 0.698 0.441 0.999975816264175 -0.00695463060099646 0.704829294209766 0.999998231905065 -0.00188047513797253 0.707379230278917 0.999975814934834 -0.00695482173846281 0.704827813097827 0.999998231810161 -0.00188052560527255 0.707377722764046 0.00300000000000011 0.000999999999999446 0.122 0.119000000000001

 2785 85 2000 2 0.7 0.00300000000000011 0.341 0.662 0.442 0.999927387916583 -0.0120506802430516 0.70072641603234 0.999769788994795 0.0214562115319395 0.70665394843718 0.999927389635824 -0.0120505375849921 0.700725016240254 0.999769790992545 0.0214561184449313 0.70665247602548 0.00200000000000067 0 0.12 0.117

 2792 92 2000 2 0.7 0.00300000000000011 0.341 0.66 0.445 0.99999529708597 -0.00306688864205073 0.694056674906116 0.99997922737996 0.00644552624519686 0.69590193790527 0.999995296822342 -0.00306697459973145 0.694055146549602 0.999979227120895 0.00644556643730722 0.695900344423231 0.00300000000000011 0.000999999999999446 0.12 0.118

 2779 79 2000 2 0.7 0.004 0.348 0.688999999999999 0.446 0.999999917175008 0.000407001201109022 0.705787204591475 0.999740528341929 0.0227788496329473 0.686118867372031 0.999999917193904 0.000406954771428582 0.705785694894633 0.999740527609771 0.0227788817665961 0.686117327209075 0.00300000000000011 0.000999999999999446 0.122 0.116

 2788 88 2000 2 0.7 0.00300000000000011 0.343 0.67 0.445 0.999984397002118 0.00558621090819983 0.697550599313481 0.999980223073338 0.00628915433091284 0.697557940841281 0.999984397609829 0.00558610212104769 0.697548962858913 0.999980223801782 0.00628903850660541 0.697556396556042 0.00300000000000011 0.00100000000000033 0.12 0.118

 2771 71 2000 2 0.7 0.004 0.345 0.712 0.448 0.999930796132282 -0.0117644781550964 0.699466036332761 0.999967036563217 -0.00811946962417629 0.703128305630647 0.999930795760633 -0.0117645097435707 0.699464375491854 0.999967036827314 -0.00811943709879125 0.703126782493054 0.00300000000000011 0 0.12 0.116

 2784 84 2000 2 0.7 0.004 0.344 0.665999999999999 0.446000000000001 0.999948163147796 0.0101818965497295 0.699890685884432 0.999772200638471 -0.021343543063602 0.697497509064183 0.999948163959514 0.0101818168318428 0.699889247338897 0.999772199552533 -0.0213435939309499 0.697495831810186 0.00199999999999978 0.00100000000000033 0.117999999999999 0.115

 2775 75 2000 2 0.7 0.00300000000000011 0.343 0.694 0.445 0.999895084600318 -0.0144851576492419 0.696341794074707 0.999950723590857 -0.0099272549137278 0.70282011703713 0.999895083352015 -0.0144852438179997 0.696340307740813 0.999950723705511 -0.00992724336486095 0.702818560806383 0.00300000000000011 0.00100000000000033 0.117 0.12

 2772 72 2000 2 0.7 0.00300000000000011 0.345 0.704 0.449 0.999971260574437 -0.00758142632830337 0.70208342844204 0.999951260239874 -0.00987305143750138 0.696368928134389 0.999971260059786 -0.00758149420912306 0.702081928036375 0.999951258278462 -0.0098732500889872 0.696367405546318 0.00199999999999978 0.000999999999999446 0.125 0.114

 2786 86 2000 2 0.7 0.00300000000000011 0.35 0.669 0.45 0.999996256033679 -0.00273640615114148 0.688435382133883 0.99994772078102 -0.0102252484000497 0.6995769671779 0.99999625594623 -0.00273643810853816 0.688433881682223 0.999947721390036 -0.0102251888429845 0.699575346642985 0.00199999999999978 0.00100000000000033 0.116000000000001 0.117

 2781 81 2000 2 0.7 0.00300000000000011 0.342 0.656 0.449 0.999996036174374 0.00281560571467221 0.699420344296495 0.999961301737546 0.00879744436480942 0.699928495306416 0.999996035928012 0.00281569321162759 0.69941872719632 0.99996130238413 0.00879737087055965 0.699927047842816 0.00300000000000011 0.000999999999999446 0.119 0.112

 2776 76 2000 2 0.7 0.00299999999999967 0.35 0.661 0.451 0.99995742611927 -0.00922745625429669 0.698630519617693 0.999969571589081 0.00780101890460354 0.702288149341628 0.999957425221438 -0.00922755354970609 0.698629019701345 0.999969570258475 0.00780118946581578 0.702286568605103 0.00300000000000011 0.000999999999999446 0.114999999999999 0.111999999999999

 2789 89 2000 2 0.7 0.00300000000000011 0.348 0.659000000000001 0.449 0.999992488687515 -0.00387589583836889 0.698102114303914 0.999997518829206 -0.00222763000347862 0.702553856389842 0.999992488751849 -0.00387587923988087 0.698100466701078 0.999997518783158 -0.002227650674467 0.702552250220482 0.00300000000000011 0.000999999999999446 0.116 0.114000000000001

 2777 77 2000 2 0.7 0.004 0.347 0.665 0.447 0.999999708724613 0.000763250083698516 0.705995658475764 0.999998979318218 0.00142876258453229 0.710191262120558 0.999999708668478 0.000763323626596725 0.705994030951193 0.999998979226263 0.00142882694276957 0.710189771971332 0.00300000000000011 0.00100000000000033 0.122 0.114

 2787 87 2000 2 0.7 0.00300000000000011 0.341 0.675 0.449000000000001 0.999977756448856 0.0066698281471597 0.696416635634614 0.999570667469165 -0.0292998418980031 0.700507960758217 0.999977755825048 0.00666992167124784 0.696415130614532 0.999570668632204 -0.0292998022206514 0.700506432062936 0.00199999999999978 0.000999999999999446 0.115 0.113

 2791 91 2000 2 0.7 0.004 0.344 0.67 0.445 0.999992035804674 -0.00399103084711608 0.713520585673868 0.999987113248687 0.00507674468119542 0.694556524002768 0.999992034970481 -0.00399123985701353 0.713519183133686 0.999987112706744 0.00507685142884369 0.694554851303459 0.00200000000000067 0.00100000000000033 0.115 0.112

 2782 82 2000 2 0.7 0.004 0.348 0.666 0.45 0.999956062126623 -0.00937410348871196 0.712227195704946 0.999992583476168 -0.00385136244191683 0.692471344315826 0.999956063338478 -0.00937397421664507 0.712225788514594 0.999992583363417 -0.00385139171713087 0.692469881373878 0.00300000000000011 0.00100000000000033 0.125 0.11

 2790 90 2000 2 0.7 0.004 0.346 0.698 0.446000000000001 0.999788969624382 0.0205430333061412 0.70009962231513 0.999909276407782 -0.0134699277527953 0.683884652370951 0.999788971280155 0.0205429527227478 0.700098166075093 0.999909277070701 -0.0134698785424202 0.683883093597317 0.00199999999999978 0.00100000000000033 0.113 0.109

 2780 80 2000 2 0.7 0.00300000000000011 0.355 0.701 0.449 0.999895061150524 0.0144867762731784 0.70228127014486 0.999975383803425 -0.00701653669500228 0.703525368784948 0.999895061287853 0.0144867667945824 0.702279654621337 0.999975384606861 -0.00701642219090005 0.703523821620137 0.00199999999999978 0.000999999999999446 0.124 0.11

 2774 74 2000 2 0.7 0.00499999999999989 0.35 0.7 0.446000000000001 0.999821384204331 -0.018899727186795 0.704048696355301 0.999962025608027 0.00871477721404154 0.715430261161846 0.999821382550474 -0.018899814677877 0.704047225367814 0.999962026183726 0.00871471115626287 0.715428562645339 0.00300000000000011 0.000999999999999446 0.114 0.112

 2783 83 2000 2 0.7 0.004 0.347 0.672000000000001 0.449000000000001 0.999999066305834 -0.00136652386030515 0.693723160617126 0.999987645613525 0.00497077663130642 0.710250847824535 0.999999066344711 -0.00136649541057941 0.693721613539059 0.999987645709482 0.00497075732730468 0.710249302128842 0.00200000000000067 0.00100000000000033 0.119 0.112

 2793 93 2000 2 0.7 0.004 0.679 0.677 0.435 0.999999957368424 0.000291998543719573 0.705284042687679 0.999932859527579 0.0115877710107914 0.694672200161042 0.999999957361752 0.000292021393224422 0.705282592475075 0.9999328578702 0.0115879140285985 0.694670634805375 0.00199999999999978 0.000999999999999446 0.119 0.117

 2795 95 2000 2 0.7 0.00300000000000011 0.703 0.693 0.439 0.999989672261257 -0.00454481801883945 0.695909224324171 0.999998004756678 -0.00199761924884137 0.702677027705483 0.999989672267107 -0.00454481673163777 0.695907748092662 0.999998004618536 -0.00199768840082141 0.702675436210835 0.00200000000000067 0 0.115 0.119

 2797 97 2000 2 0.7 0.004 0.709000000000001 0.675000000000001 0.442 0.999993434744603 0.00362359872117329 0.689863611031094 0.999984230729099 0.00561589646740187 0.704177504412075 0.99999343482712 0.00362357594920594 0.689862020114466 0.999984230709561 0.00561589994635686 0.70417600465415 0.00199999999999978 0 0.116000000000001 0.123

 2800 100 2000 2 0.7 0.00300000000000011 0.634 0.703 0.451000000000001 0.999945062281488 -0.0104820045254675 0.710376439606669 0.999718273197924 0.0237355057700497 0.692270265712826 0.999945062938797 -0.0104819418203099 0.710374905442495 0.999718272362899 0.0237355409405473 0.692268726885955 0.00300000000000011 0.000999999999999446 0.118 0.127000000000001

 2798 98 2000 2 0.7 0.00300000000000011 0.57 0.679 0.448 0.999912918015873 -0.0131968323844034 0.707725579413716 0.999940521857354 -0.0109065460913416 0.682862444053923 0.999912918136374 -0.0131968232541734 0.70772409492109 0.999940522148874 -0.010906519363957 0.682860811756362 0.00299999999999923 0.000999999999999446 0.117 0.123

 2794 94 2000 2 0.7 0.00299999999999967 1.007 0.7 0.449 0.99999803388025 0.00198298654423646 0.695906057253958 0.999855641693603 0.016991049804938 0.703654650659655 0.999998033619192 0.00198311818835403 0.69590457400994 0.999855641070413 0.0169910864771362 0.703652977700398 0.00199999999999978 0 0.116000000000001 0.111

 2799 99 2000 2 0.7 0.00299999999999967 0.822 0.691000000000001 0.45 0.999957152627044 0.00925704650603548 0.69938416433462 0.999710738963514 -0.0240507463714615 0.694352388322696 0.99995715262048 0.00925704721501557 0.69938272893413 0.999710739902495 -0.0240507073410679 0.694350870828359 0.00200000000000067 0.00100000000000033 0.117 0.135999999999999

 2796 96 2000 2 0.7 0.00300000000000011 0.81 0.685 0.45 0.999926419857762 -0.0121307407209412 0.705529209181747 0.999999868370681 0.000513087343058459 0.705083172737212 0.999926421047639 -0.012130642640053 0.705527597969439 0.999999868420445 0.000512990344628931 0.705081555531374 0.00199999999999978 0.00100000000000033 0.117 0.12

 2760 60 2000 2 0.7 0.004 0.368 0.726 0.466 0.999983638707897 0.00572034234238228 0.69920768725575 0.999990749401532 -0.0043012918249027 0.673690598876875 0.999983638530241 0.00572037339868352 0.699206039668598 0.999990749923664 -0.0043011704346723 0.673689086396782 0.00199999999999978 0.00100000000000033 0.123 0.111000000000001

 2807 7 5000 2 0.7 0.197 0.478 1.76 1.161 0.999980048185943 0.0063169003505811 0.693354794860246 0.999978764419834 0.0065169555302334 0.701768299817871 0.999980048123061 0.0063169103050095 0.693353788459424 0.999978765095071 0.00651685191926696 0.701767303727576 0.583 1.142 53.988 63.965

 2809 9 5000 2 0.7 0.195 0.478 1.727 1.173 0.999993726460353 0.00354218011060945 0.696712962961781 0.999986254192537 0.00524322667626667 0.697388285768439 0.999993726429981 0.00354218868508321 0.69671198228897 0.999986254235753 0.00524321843419486 0.697387305946651 0.866 1.098 55.269 64.931

 2819 19 5000 2 0.7 0.204 0.478 1.737 1.224 0.999962250086465 0.00868898164422454 0.697306874535331 0.999991533010609 0.00411508287798811 0.702960477629039 0.999962250126414 0.00868897704669689 0.697305877600773 0.999991532915102 0.00411510608671777 0.702959390147562 1.08 1.102 53.637 64.682

 2801 1 5000 2 0.7 0.115 0.633 1.716 1.149 0.999990903988179 0.00426520115648983 0.694947777857873 0.999999997922066 -6.44660264898464e-05 0.69850251330503 0.999990903827924 0.00426523872855274 0.694946688179825 0.999999997921079 -6.44813274100169e-05 0.698501513397881 0.288 0.984999999999999 54.31 65.564

 2803 3 5000 2 0.7 0.116 0.547 1.718 1.146 0.99998640647599 0.00521410234241152 0.702131660293674 0.99999933208386 -0.00115578191477773 0.707808206400823 0.999986406025227 0.00521418879117861 0.702130677719049 0.999999332016059 -0.00115584057517309 0.707807124433148 0.42 1.016 54.226 66.2

 2812 12 5000 2 0.7 0.152 0.473999999999999 1.725 1.227 0.999922636976181 0.0124386519607845 0.702323920322769 0.999999127286356 0.00132114591379185 0.695758733442803 0.999922637326382 0.0124386238086713 0.702322951526852 0.999999127280845 0.00132115008566738 0.695757692880563 0.93 0.972 54.467 66.669

 2804 4 5000 2 0.7 0.0940000000000003 0.581 1.703 1.146 0.999953528007802 0.00964063404293273 0.703332278621851 0.999996345645044 0.00270346010854647 0.700402399925684 0.999953528131482 0.00964062121447569 0.70333130007761 0.999996345553668 0.002703493907862 0.700401465341001 0.536 1.075 56.665 64.454

 2815 15 5000 2 0.7 0.244 0.49 1.712 1.146 0.999982554325945 0.0059068641222177 0.690354918242617 0.999990870786977 -0.00427297820072109 0.694049359534773 0.999982554645147 0.00590681008381346 0.690353923582582 0.999990870471499 -0.00427305203042914 0.694048339838463 1.113 0.984 55.367 65.773

 2822 22 5000 2 0.7 0.235 0.475 1.753 1.161 0.99998824082469 0.00484955795326827 0.6908045164048 0.999961124117559 0.00881761042163838 0.702665563520567 0.999988240963869 0.00484952925424307 0.690803413771341 0.999961123843619 0.00881764148776676 0.702664601362083 0.584999999999999 1.175 54.701 64.134

 2808 8 5000 2 0.7 0.142 0.526 1.735 1.142 0.999978628904326 0.00653771631560057 0.703269934852593 0.999923825106193 0.0123427705560528 0.70472747615665 0.999978629414875 0.0065376382239877 0.70326889996568 0.999923824903273 0.0123427869951879 0.704726532025635 0.408999999999999 0.978 55.75 64.357

 2802 2 5000 2 0.7 0.0409999999999999 0.689 1.709 1.139 0.999985102226286 0.005458509456338 0.697112400154925 0.999995240686638 0.00308522350439065 0.706477064161992 0.999985102098277 0.00545853290707677 0.697111370733091 0.999995240785753 0.00308519137873659 0.706475982082075 0.15 1.029 55.743 66.817

 2824 24 5000 2 0.7 0.189 0.486000000000001 1.772 1.15 0.999883157033197 0.0152863429677256 0.700183168087311 0.999994587309022 -0.00329019036803407 0.69383010394939 0.99988315616774 0.0152863995773887 0.700182198987018 0.99999458714655 -0.00329023974829462 0.69382895900788 0.769 0.938000000000001 54.85 66.117

 2821 21 5000 2 0.7 0.222 0.478 1.744 1.54 0.999995620837295 0.0029594435679733 0.699440898397593 0.999993781665717 -0.00352656063298693 0.701415284331607 0.999995620827746 0.00295944679470627 0.699439829018733 0.999993781575796 -0.0035265861309705 0.701414163192806 0.734 1.027 56.16 65.127

 2817 17 5000 2 0.7 0.182 0.479 1.687 1.27 0.999980920015118 -0.00617734617112654 0.707445339131881 0.999994514202516 0.00331233525991493 0.70031140767758 0.99998091952117 -0.00617742613029441 0.707444335831758 0.99999451406918 0.00331237551387025 0.700310419190725 1.008 1.232 56.886 65.185

 2805 5 5000 2 0.7 0.0720000000000001 0.597 1.717 1.143 0.999970052110963 0.00773917832838454 0.70057132890879 0.999988304296494 0.00483645223507258 0.711005870140513 0.999970052365015 0.00773914550250479 0.700570350648988 0.999988304196032 0.00483647300658105 0.711004883772894 0.520999999999999 0.968 55.275 67.684

 2806 6 5000 2 0.7 0.0800000000000001 0.473 1.697 1.153 0.999852057301305 0.0172006834267516 0.700812190549122 0.999958209391731 -0.00914218081662225 0.691961259376786 0.999852056917086 0.0172007057608532 0.700811168676686 0.999958209297439 -0.00914219113012328 0.691960196804708 0.866 1.118 55.715 65.47

 2823 23 5000 2 0.7 0.209 0.477 1.718 1.263 0.999996076756313 0.00280115547270228 0.698190360884164 0.999957757021258 -0.00919152724059379 0.69568532730321 0.999996077005222 0.00280106661227184 0.698189244604903 0.999957757316395 -0.00919149513219007 0.69568432533709 0.857999999999999 1.01 56.584 65.581

 2810 10 5000 2 0.7 0.162 0.474 1.752 1.783 0.999991006948452 0.00424099307022788 0.704257091421734 0.999997878773358 -0.00205972055983128 0.698553157486775 0.999991006976015 0.00424098657111419 0.704256117430308 0.999997878874449 -0.00205967147957672 0.698552174632128 1.061 0.932 55.958 63.808

 2814 14 5000 2 0.7 0.102 0.491 1.723 1.138 0.999990783999947 -0.00429324063742358 0.70915278353523 0.999931702579113 0.0116871800378351 0.70723632812495 0.999990783964847 -0.00429324881305587 0.70915177503201 0.999931702540938 0.0116871833040084 0.707235283298121 0.744 0.977 56.121 66.157

 2820 20 5000 2 0.7 0.0829999999999997 0.501 1.768 1.193 0.999992690023913 -0.00382359761716019 0.7060789489565 0.999904277465214 -0.0138360365266974 0.69547006879155 0.999992689985139 -0.00382360775783068 0.706077970029435 0.999904278174392 -0.0138359852756457 0.695469053507645 1.228 0.906000000000001 56.758 64.638

 2813 13 5000 2 0.7 0.172 0.476 1.727 1.409 0.999937764543665 0.0111564797054799 0.702050198532068 0.999981139861895 0.00614165454138465 0.696260547748213 0.999937765257714 0.011156415706181 0.702049194711575 0.999981140056108 0.00614162291959379 0.696259529951301 0.962 0.795999999999999 57.419 63.639

 2811 11 5000 2 0.7 0.113 0.48 1.717 1.138 0.999963516565623 -0.00854198675441305 0.693785451807126 0.999941427926095 -0.0108231565230771 0.697442965590792 0.999963516717925 -0.00854196892532058 0.693784409065525 0.999941427972857 -0.0108231522026906 0.697441921949646 0.782 1.027 58.915 63.782

 2818 18 5000 2 0.7 0.233 0.481 1.697 1.271 0.999910351968317 0.0133898478929725 0.705198764525015 0.999965076295187 -0.00835740330253908 0.701258598272861 0.999910352209006 0.0133898299190661 0.705197788854753 0.999965076295274 -0.00835740329212211 0.701257584086304 0.800000000000001 0.819999999999999 56.759 63.806

 2816 16 5000 2 0.7 0.164 0.478 1.705 1.185 0.999985640465357 0.00535899832900312 0.696263015304829 0.999857034237137 -0.0169089055386975 0.698158647958494 0.999985640745145 0.0053589461204562 0.696261996450109 0.999857034974957 -0.0169088619098695 0.698157660148307 0.799999999999999 0.996 61.891 62.192

 2829 29 5000 2 0.7 0.612 2.017 9.004 6.426 0.999945214902836 0.0104674348778007 0.699939660609217 0.999997343568493 -0.0023049633312137 0.697123727209741 0.999945214890478 0.0104674360583495 0.699938663352088 0.999997343454147 -0.00230501293878698 0.697122733190769 1.337 1.41099999999999 59.72 45.197

 2830 30 5000 2 0.7 0.303 6.159 13.832 1.71 0.999999737459149 -0.000724625167583919 0.700396881053808 0.999984631308947 -0.00554410911780449 0.705023700642611 0.999999737449737 -0.000724638156100877 0.700395914138094 0.999984631416789 -0.00554408966638222 0.705022692085455 1.358 1.39 60.04 40.109

 2827 27 5000 2 0.7 0.494 2.001 19.587 14.893 0.999946056580007 0.0103867189282395 0.697707506823282 0.999929186957317 0.0119004651538613 0.696672041032824 0.999946056203711 0.0103867551546992 0.697706502018164 0.999929187181681 0.0119004463018214 0.696671121845203 1.413 1.106 65.925 36.351

 2832 32 5000 2 0.7 0.6 9.599 18.824 1.197 0.999985084397352 0.00546177469509673 0.698480933406652 0.999957731472896 -0.00919430625870629 0.70099016181819 0.999985084605773 0.00546173653568874 0.698479911195579 0.999957731103969 -0.00919434638255887 0.700989200972132 1.238 1.43 66.112 37.557

 2825 25 5000 2 0.7 0.416 8.585 14.978 21.374 0.999951273928243 0.00987166497021206 0.701160423628045 0.999999193790479 0.00126981037662671 0.70085197259758 0.999951273610872 0.00987169711826449 0.701159402308276 0.999999193749109 0.00126984295606064 0.700850903756928 1.032 1.25599999999999 65.325 39.623

 2831 31 5000 2 0.7 0.51 8.809 36.741 1.976 0.999984085531897 0.00564169149603254 0.692406743242373 0.999946063288273 -0.0103860730926198 0.700303554003521 0.999984085665728 0.005641667774539 0.692405696647149 0.999946063426307 -0.0103860598030145 0.700302523115279 1.44799999999999 1.27900000000001 63.304 44.077

 2826 26 5000 2 0.7 0.686 2.229 28.007 15.572 0.999986147929109 0.00526345417980272 0.700497638485816 0.999968016642606 -0.00799785545338641 0.70508536045636 0.999986147886462 0.00526346228204523 0.700496618440595 0.999968016964496 -0.00799781520753033 0.705084323253763 1.387 1.69200000000001 60.748 46.538

 2828 28 5000 2 0.7 0.595000000000001 3.921 35.983 28.581 0.999998709133623 0.00160677661436218 0.701633237136058 0.999999588469837 0.000907226629419373 0.700662043526442 0.99999870912986 0.00160677895614202 0.701632212698438 0.99999958847092 0.00090722543530019 0.700661042985837 1.696 1.673 40.353 62.452

 2833 33 5000 2 0.7 0.302 1.07 4.753 2.323 0.999951394359871 0.00985945828885395 0.696057502647133 0.999980899187338 -0.00618071682605238 0.706784445284118 0.999951393922342 0.00985950266319234 0.696056481817614 0.999980899381892 -0.00618068534888204 0.706783497857762 0.721 0.644000000000002 51.748 62.577

 2847 47 5000 2 0.7 0.301 0.629 2.744 2.435 0.999986297215178 -0.0052350149835807 0.696281068636692 0.999999632656415 -0.000857138866197042 0.697602690897034 0.999986296768813 -0.00523510024691825 0.696280025258618 0.999999632651764 -0.000857144292061531 0.697601710931615 0.864000000000001 0.745000000000001 54.75 66.425

 2842 42 5000 2 0.7 0.365 0.668 4.545 1.619 0.999984560356355 0.0055568920186963 0.702927981460398 0.999989265781403 -0.0046333920587799 0.706181103226142 0.999984559998892 0.00555695634520294 0.702927043933388 0.999989265476631 -0.00463345783492482 0.706180139336534 0.657999999999999 0.813000000000002 55.3 67.204

 2834 34 5000 2 0.7 0.316 0.777 5.497 1.927 0.999932317883201 0.0116344167335041 0.700273850473445 0.999999851112849 0.000545686979737326 0.701685439620841 0.999932317904219 0.0116344149270547 0.700272899966414 0.999999851118567 0.000545676501627583 0.701684453915642 0.677999999999997 0.779 55.485 67.574

 2846 46 5000 2 0.7 0.249 0.839999999999999 3.012 2.299 0.999981847362184 0.00602535858803589 0.696279700712263 0.99999921962773 0.00124929737492564 0.705342560670176 0.999981847310025 0.00602536724439962 0.696278655955372 0.999999219690105 0.00124924744559964 0.705341539134788 0.706 0.835000000000001 56.055 65.519

 2840 40 5000 2 0.7 0.355 0.812 3.729 3.595 0.999860867692469 0.0166806851556589 0.699311009305413 0.999959316986745 -0.00902022014153975 0.691804830732829 0.999860867299846 0.016680708689945 0.6993099781664 0.999959316994635 -0.00902021926694914 0.691803860172153 0.782 0.778000000000002 56.557 65.148

 2844 44 5000 2 0.7 0.311 2.051 3.278 5.534 0.999999204896984 0.00126103346488509 0.70373099114788 0.999946313879535 0.0103619186800242 0.699888960004352 0.999999204836467 0.00126108145436057 0.703730021091031 0.999946313504245 0.0103619548961879 0.69988786775427 1.003 0.945999999999998 59.706 66.723

 2835 35 5000 2 0.7 0.386 0.782 7.91 6.426 0.999999889254759 -0.000470627739092586 0.695856987227888 0.999978932777956 0.00649107081000627 0.690984375817299 0.999999889238858 -0.000470661526206351 0.695855978143728 0.999978932619218 0.00649109526428726 0.690983410083651 0.937999999999999 1.102 60.049 64.473

 2849 49 5000 2 0.7 0.250999999999999 0.866000000000001 3.869 2.649 0.99999623594775 0.00274373656372671 0.703600053337416 0.999996031927663 -0.00281711358103936 0.703007940933082 0.999996236160809 0.00274365891017104 0.703599019192127 0.999996031791361 -0.00281716196408448 0.703006890779517 0.934000000000001 1.111 61.317 64.958

 2848 48 5000 2 0.7 0.358 0.647 3.59 5.65 0.999966365432624 -0.00820170735080067 0.693587537369841 0.999995665156362 0.00294443007799551 0.696709029719576 0.999966365541912 -0.00820169402618194 0.693586530827396 0.99999566515921 0.00294442911107835 0.696708085397853 0.974 0.908000000000001 61.193 64.069

 2838 38 5000 2 0.7 0.308 0.958 5.501 3.878 0.99984731317107 0.0174742766543092 0.708860106297885 0.999885995756788 -0.0150995195108091 0.704387663374537 0.999847314127628 0.0174742219217105 0.708859103335143 0.99988599569187 -0.015099523809644 0.704386690732913 1.028 0.821999999999999 61.701 65.473

 2837 37 5000 2 0.7 0.26 1.654 2.606 5.396 0.999982356410857 0.00594027499285626 0.700171290491254 0.999996470415235 0.0026569074264413 0.689311712040064 0.999982356337772 0.00594028729593992 0.700170297864656 0.999996470186401 0.00265699355268928 0.689310647409181 1.048 0.833000000000002 61.987 66.031

 2841 41 5000 2 0.7 0.247 2.459 5.429 6.717 0.999791443973241 0.0204222564351004 0.698747303155398 0.999973765158546 0.00724354848408051 0.705290449256414 0.999791444388252 0.0204222361178624 0.698746328298944 0.999973765417015 0.00724351280230024 0.705289465817446 0.91 1.108 63.441 65.654

 2850 50 5000 2 0.7 0.276 1.045 4.478 7.857 0.999982158847294 0.00597344013991631 0.698547410757285 0.999977103327242 0.00676703932732765 0.698691395916889 0.999982158692338 0.00597346608021394 0.698546411877088 0.999977102906395 0.00676710151647068 0.698690330939947 1.12 1.16 61.76 64.517

 2843 43 5000 2 0.7 0.259 0.862000000000001 12.171 3.887 0.999994350373657 0.00336143135697484 0.701799556714037 0.999989353692403 -0.00461437989874325 0.701150060731519 0.999994350332573 0.00336144357897739 0.701798539136973 0.999989353463617 -0.00461442947904453 0.701149082688766 1.206 1.313 62.173 62.882

 2845 45 5000 2 0.7 0.265000000000001 2.129 8.382 5.783 0.99999983985491 0.000565941828559552 0.702133990681917 0.999950339519788 -0.00996586645815762 0.699345121069909 0.999999839854167 0.000565943141601929 0.70213300549887 0.999950339032974 -0.0099659153036924 0.699344122269152 1.205 1.372 64.305 59.964

 2854 54 5000 2 0.7 0.264 0.856 5.484 5.51 0.999999879554521 -0.000490806421624011 0.709226881783983 0.9999554522525 -0.00943893587741465 0.699304337282102 0.999999879532142 -0.000490852015594196 0.709225898538828 0.999955452080381 -0.00943895411164907 0.699303310198989 1.319 1.217 65.811 64.045

 2853 53 5000 2 0.7 0.268000000000001 0.862 8.318 6.714 0.999995480775201 0.0030063980399158 0.705518109146367 0.99991725168278 0.0128642833906747 0.704293170193491 0.9999954806531 0.00300643865321882 0.705517035518225 0.999917251805191 0.0128642738758939 0.704292264973975 1.236 1.483 63.091 60.623

 2836 36 5000 2 0.7 0.245 1.182 8.416 11.485 0.999947259972991 0.0102702128754544 0.701766570508641 0.999971870505935 -0.00750054643753416 0.709155486384686 0.999947260081593 0.0102702023015426 0.701765583958232 0.99997187044563 -0.00750055447731708 0.709154460890993 1.206 1.308 65.704 58.568

 2851 51 5000 2 0.7 0.401 0.821 6.987 8.409 0.999972050881666 0.00747646009248918 0.697511109530074 0.999998464019872 -0.00175270017292546 0.696520624320875 0.999972050866097 0.00747646217478736 0.697510117089385 0.999998464032137 -0.00175269317530819 0.696519577798652 1.265 1.445 64.969 60.575

 2839 39 5000 2 0.7 0.314 4.01 7.854 9.104 0.999951653871063 0.00983310330085731 0.700027175599175 0.999982874510218 -0.00585240858808263 0.694003724511269 0.999951653535276 0.00983313744778986 0.700026071726835 0.999982874843971 -0.00585235156041635 0.694002643734264 1.364 1.469 65.174 57.105

 2852 52 5000 2 0.7 0.307 0.994 9.487 9.806 0.99998233894725 0.00594321407886593 0.701330333962228 0.999999902226259 0.000442207500284979 0.700845683313102 0.999982339189554 0.00594317330954272 0.701329340689195 0.999999902221973 0.000442217191769672 0.700844662120401 1.494 1.647 66.918 58.869

 2855 55 5000 2 0.7 0.371 1.6 8.937 8.793 0.999991280700237 -0.00417594582099678 0.69956928936534 0.999971231267318 0.00758529087925772 0.703099556902231 0.999991280821887 -0.00417591668992404 0.699568268672754 0.999971231280988 0.00758528907726332 0.70309861471825 1.381 1.555 64.204 56.458

 2856 56 5000 2 0.7 0.257 2.406 8.741 9.167 0.999999226751259 0.00124358227849734 0.709226579122649 0.999989748650886 0.00452797892408018 0.693995018165628 0.999999226744605 0.00124358762946835 0.709225591982738 0.999989748472015 0.00452801842708444 0.69399400803254 1.629 1.482 67.552 54.109

 2857 57 5000 2 0.7 0.507999999999999 1.858 6.68 4.733 0.999997355346748 -0.00229984771464973 0.69763164249402 0.999998939409939 0.0014564267906101 0.703320631936288 0.999997355405754 -0.00229982205779675 0.697630564971842 0.99999893942653 0.00145641539955258 0.703319544640983 1.38200000000001 1.461 63.148 49.854

 2858 58 5000 2 0.7 0.568999999999999 1.069 7.905 1.27 0.999988409406115 0.00481467064586895 0.704916605700307 0.999987057598851 -0.00508769444756199 0.704584671776582 0.999988409546608 0.00481464146601994 0.704915616741751 0.9999870575873 -0.0050876967179599 0.704583717042501 1.389 1.636 66.55 37.558

 2860 60 5000 2 0.7 0.725999999999999 2.018 2.248 4.057 0.9999800695002 0.00631352535241565 0.697293189991682 0.99999715987354 0.00238332642603218 0.687990969932808 0.999980069347749 0.0063135494986176 0.6972921721329 0.999997159834938 0.00238334262278524 0.687990008489477 1.406 1.373 69.876 30.22

 2859 59 5000 2 0.7 0.727 0.866 5.561 9.563 0.999987307015023 -0.00503843317335923 0.699769874314684 0.999999973077728 -0.000232044267428656 0.695560110733365 0.999987306895726 -0.00503845685042381 0.699768846779285 0.999999973075235 -0.000232055013862713 0.695559141807552 1.478 1.349 67.621 24.775

 2861 61 5000 2 0.7 0.525 0.836 6.082 15.542 0.9998194677761 0.0190008382951097 0.705682064507285 0.999892299876784 0.0146761250715741 0.693221797136003 0.999819468606907 0.0190007945782 0.705681061290574 0.999892300479308 0.0146760840211899 0.693220805398383 1.442 1.395 65.845 24.262

 2863 63 5000 2 0.7 0.709 1.802 19.763 10.67 0.99999938843408 -0.00110595274133879 0.697261913830408 0.999992729068781 0.00381337246689234 0.700599012207575 0.999999388371869 -0.00110600899116403 0.697260904080267 0.99999272906525 0.00381337339288523 0.700598018415788 1.494 1.546 59.234 24.531

 2862 62 5000 2 0.7 0.785 3.91 17.08 12.722 0.999997928607432 0.00203538223546793 0.703119395947687 0.999999138432637 -0.00131268198134378 0.705775798866967 0.999997928555167 0.00203540791358589 0.70311833020328 0.999999138391015 -0.00131271368877959 0.705774837952186 1.669 1.487 53.241 25.467

 2864 64 5000 2 0.7 0.754999999999999 0.784000000000002 4.426 5.515 0.999999957878456 -0.000290246596580775 0.694894913195527 0.999980939759207 0.00617414919587614 0.706419381409165 0.999999957860871 -0.000290307174147941 0.694893906230861 0.999980939550246 0.00617418303959422 0.706418394334291 1.777 1.661 35.859 33.13

 2867 67 5000 2 0.7 0.312000000000001 1.237 3.475 3.217 0.999843507765331 0.017690674931086 0.704999266245668 0.999983212111672 0.00579443654055122 0.694375136188574 0.999843507336736 0.0176906991544866 0.70499827080802 0.999983211938057 0.00579446650237916 0.694374073326635 0.436999999999998 0.522999999999996 33.057 33.98

 2877 77 5000 2 0.7 0.201000000000001 0.884 1.745 2.197 0.999929228678754 0.0118969590195602 0.695339719117623 0.999998028620987 0.00198563696052141 0.698433388252959 0.999929229307726 0.0118969061548195 0.695338697946782 0.999998028541493 0.00198567699470847 0.698432407513296 0.722000000000001 0.535 34.833 33.852

 2870 70 5000 2 0.7 0.326999999999998 1.074 2.031 5.128 0.999985337667345 0.00541520547411786 0.705282498561529 0.999994464865984 -0.00332719662699138 0.697405085123371 0.999985337807638 0.00541517956705593 0.705281532408129 0.999994464818073 -0.00332721102658467 0.697404088791373 0.490000000000002 0.450999999999993 35.537 34.058

 2865 65 5000 2 0.7 0.416 2.471 5.35899999999999 1.974 0.999995957754468 -0.00284332107293593 0.701807082721321 0.999952539140277 -0.00974266220868791 0.706409451329189 0.999995957646281 -0.00284335912222516 0.701806105396749 0.999952538835242 -0.00974269351633235 0.706408471116048 0.569000000000003 0.645000000000003 35.084 33.849

 2869 69 5000 2 0.7 0.494 3.733 2.875 3.404 0.999995859701605 0.0028775996330489 0.698975540146333 0.999967292152008 -0.00808793089618568 0.703944989265549 0.999995859583782 0.0028776405774802 0.698974480789402 0.99996729225882 -0.0080879176902663 0.703943987058254 0.633000000000003 0.539000000000001 35.663 34.221

 2878 78 5000 2 0.7 0.204000000000001 1.737 3.134 1.115 0.999982718015989 0.00587908745935482 0.701523053771022 0.99999750396782 -0.00223429141572519 0.701275624588507 0.999982718389282 0.00587902396509332 0.701521984167201 0.999997503914468 -0.00223431529428801 0.701274537110789 0.913 0.899999999999999 33.758 33.767

 2866 66 5000 2 0.7 0.396000000000001 1.474 3.577 4.285 0.999977726818912 0.00667426895490965 0.693263752109235 0.999973777018451 -0.0072419110360388 0.701466478263402 0.999977726749035 0.00667427942422611 0.693262674103309 0.999973777395448 -0.00724185897947947 0.70146544306454 0.782999999999994 0.792000000000002 35.025 33.919

 2868 68 5000 2 0.7 0.312999999999999 2.737 4.693 4.219 0.99997999662892 0.00632505668156159 0.704059656915049 0.999964300030476 0.00844977304780398 0.699426331281187 0.999979996792736 0.00632503078243688 0.704058610690382 0.999964299936532 0.00844978416540574 0.699425328315924 0.722000000000001 0.68 37.069 30.22

 2875 75 5000 2 0.7 0.24 0.964 6.661 1.448 0.999984059137976 -0.00564636785351283 0.701467454375889 0.999993098766067 -0.00371516086325561 0.704287621351978 0.999984059298918 -0.00564633935021335 0.701466425596155 0.999993098697518 -0.00371517931399767 0.704286646859101 0.736000000000001 0.824000000000002 35.193 32.799

 2872 72 5000 2 0.7 0.279999999999998 0.673999999999999 7.072 2.58 0.99997103538322 0.00761107052988297 0.695934435438481 0.999999902312159 0.000442013204676906 0.701598718054601 0.999971035383878 0.00761107044343989 0.695933416576443 0.999999902363886 0.000441896163308374 0.701597587520459 0.733000000000001 0.68 35.839 30.193

 2879 79 5000 2 0.7 0.256 1.935 2.521 4.06 0.999971468512454 -0.00755395002932948 0.697039114971828 0.999920709441092 0.0125926498729621 0.686149425626546 0.999971468759754 -0.00755391729239086 0.697038107520499 0.999920709380023 0.0125926547221768 0.686148314151734 0.905000000000001 0.962 35.553 28.731

 2873 73 5000 2 0.7 0.254000000000001 1.397 5.507 5.269 0.999998843116881 -0.00152110647199935 0.702669087274259 0.999997881065909 0.00205860722146638 0.695809477474552 0.999998843091355 -0.00152112325301201 0.702668099546533 0.99999788097374 0.00205865199319619 0.695808538387139 0.891000000000005 0.891999999999996 36.22 26.88

 2876 76 5000 2 0.7 0.232999999999999 0.566000000000001 10.145 5.765 0.999987647130495 0.00497047144819991 0.705180593641179 0.999990178845243 0.00443195363915051 0.695950096874188 0.999987647139105 0.00497046971588217 0.70517959585563 0.999990178624082 0.00443200353986791 0.69594912904996 0.856999999999999 0.927 36.866 23.171

 2871 71 5000 2 0.7 0.308 0.553000000000001 5.654 8.127 0.999911701198372 0.0132887097409059 0.707746129834443 0.999963977751973 -0.00848782648577751 0.697869310090072 0.999911701925966 0.0132886549928168 0.707745153837282 0.999963978136287 -0.00848778120894905 0.697868306896522 0.850000000000001 0.993000000000002 35.516 22.578

 2874 74 5000 2 0.7 0.247999999999999 1.217 6.394 11.877 0.999883560538737 0.0152599267488 0.700623449111831 0.999973335612793 0.00730260661842258 0.702021458959647 0.999883561281505 0.0152598780799157 0.700622316928586 0.999973335786853 0.00730258278381012 0.702020473677599 0.978999999999999 0.964999999999996 35.088 21.643
