
 840 40 1000 3 0.6 0.00200000000000022 0.399 0.707 0.21 0.999956153479767 -0.00661778204453583 -0.0066254115916705 0.611392716639098 0.99994172187269 -0.00802589061325252 -0.00722066050609027 0.626557307634646 0.999956118340975 -0.00662375380756598 -0.00662474738737203 0.61120013566643 0.999941846059939 -0.00801399784949036 -0.00721667074970383 0.626223772271449 0.00299999999999923 0.000999999999999446 0.077 0.0830000000000002

 844 44 1000 3 0.6 0.00300000000000011 0.343000000000001 0.472 0.135 0.998708922792257 0.0395062024863377 -0.0319334855635706 0.601649725032625 0.999950799508691 0.00985263378146373 -0.00115072563940077 0.621036174362667 0.998709031128608 0.0395030583919578 -0.0319339869079791 0.601513117374361 0.99995078949501 0.00985381211267949 -0.00114933683187393 0.620767393094255 0.00300000000000011 0.00100000000000033 0.0670000000000002 0.077

 850 50 1000 3 0.6 0.00199999999999978 0.345 0.470000000000001 0.135 0.999972266633334 0.00511083054705548 -0.00541713718778388 0.59358204054879 0.999597737863418 -0.00515604173721787 -0.0278886660122251 0.594989180175046 0.999972273610046 0.00510919589966893 -0.00541739129227555 0.593485090666742 0.999597805726008 -0.00515880849527139 -0.0278857218421626 0.59488364482105 0.00300000000000011 0.000999999999999446 0.0680000000000005 0.0640000000000001

 849 49 1000 3 0.6 0.00300000000000011 0.354 0.514 0.134 0.999488058885152 0.0295360378410409 -0.0122980736151362 0.608438104341736 0.999154483083441 0.0345312448738003 -0.0223139432133324 0.598529174129433 0.999488165714173 0.0295351936212866 -0.012291417130307 0.608263411385706 0.999154450850504 0.0345310677110308 -0.022315660607854 0.598406008882125 0.00399999999999956 0.00199999999999978 0.069 0.0739999999999998

 842 42 1000 3 0.6 0.00200000000000067 0.35 0.464 0.135 0.999938202142662 0.0110620476512774 0.00110589215625647 0.607645347117686 0.999980970563809 -0.00430205545456415 -0.00442163195315246 0.618265447248312 0.99993826434919 0.0110569493472267 0.00110061867269142 0.607468291765451 0.999980887078672 -0.00431413844337844 -0.00442873422586284 0.618021729385461 0.00300000000000011 0.00100000000000033 0.0779999999999994 0.0670000000000002

 843 43 1000 3 0.6 0.00199999999999978 0.340999999999999 0.503 0.134 0.999930831516278 0.0101884235126062 0.00587607092307711 0.603205619772385 0.999802691629964 0.0113455039926469 0.0163051325855166 0.588911355779032 0.999930844825912 0.0101890937095608 0.00587264294123245 0.603063621188812 0.999802726251323 0.0113454346745617 0.0163030577643074 0.588830860672519 0.00299999999999923 0.00100000000000033 0.0629999999999997 0.0579999999999998

 841 41 1000 3 0.6 0.00199999999999978 0.351 0.533 0.132 0.999962968993275 -0.00736690146023413 0.00444852841179319 0.600227256416243 0.998843580499528 0.0178593941734508 -0.04463791812619 0.581956578372022 0.999963002347776 -0.0073647627240826 0.00444457035485941 0.600102389586835 0.99884343331942 0.017861400781215 -0.0446404085645019 0.581894259428871 0.00200000000000067 0.000999999999999446 0.0609999999999999 0.0579999999999998

 846 46 1000 3 0.6 0.00199999999999978 0.344 0.510000000000001 0.132000000000001 0.99999132221503 -0.0029646283557907 0.00292685383093975 0.595016481727325 0.999978815587549 -0.00113268220203063 0.00640978994606574 0.591150216744138 0.999991319682901 -0.0029649123690906 0.00292743121071282 0.594914057364449 0.999978814631668 -0.00113571615715506 0.00640940220730052 0.591060459843502 0.00299999999999923 0.00100000000000033 0.0609999999999999 0.056

 845 45 1000 3 0.6 0.00199999999999978 0.343999999999999 0.503 0.132 0.999972181640888 0.00742775936314313 0.000681421460719601 0.618609227592956 0.999087764135472 0.00771580659475585 0.042001260497459 0.621658293691624 0.999972269775499 0.00741550529167282 0.0006855372388825 0.618355611773352 0.999088121288751 0.00772271160929913 0.0419914946758576 0.62137448996973 0.00300000000000011 0.00100000000000033 0.0739999999999998 0.0670000000000002

 847 47 1000 3 0.6 0.00300000000000011 0.343 0.502999999999999 0.133999999999999 0.999933521429068 -0.011322730308012 0.00217910551259418 0.611829361088349 0.999599871712788 -0.0022222687068287 0.0281985459478351 0.588404923035419 0.99993355829918 -0.0113204275912 0.00217414495684544 0.611625555538557 0.999599830055001 -0.00222753058762293 0.028199607470586 0.588323895487123 0.00300000000000011 0.00100000000000033 0.0750000000000002 0.0570000000000004

 848 48 1000 3 0.6 0.00300000000000011 0.35 0.486 0.135 0.999724033361746 0.0170151464968911 -0.0161969722050867 0.595033861917941 0.99956144771816 0.0286067295045315 0.00765292510290277 0.595241060397852 0.999724080570697 0.0170125953325862 -0.016196738163121 0.594929348822541 0.999561400978998 0.0286085708873987 0.00765214641025628 0.595136632219383 0.00299999999999923 0.00100000000000033 0.0599999999999996 0.0579999999999998

 851 51 1000 3 0.6 0.00200000000000067 0.342 0.494000000000001 0.141 0.999944708984472 0.0029561266790552 -0.0100915949688953 0.594279582907378 0.999804115470412 0.00629919921662685 0.0187630162195966 0.604550732613916 0.999944732104227 0.00295379476506418 -0.0100899867934347 0.594177664325544 0.999804296254466 0.00629638754877768 0.0187543246998612 0.604397357860643 0.00300000000000011 0.00100000000000033 0.0600000000000005 0.0590000000000002

 853 53 1000 3 0.6 0.00300000000000011 0.336 0.513 0.143000000000001 0.999549489467299 -0.0290337039451904 0.00760671682695531 0.607090810005185 0.999659481693269 0.00915581854228699 0.0244354588163542 0.620351314288026 0.999549531741233 -0.0290323787619129 0.00760621977771341 0.60692439592827 0.999659696198426 0.00914455908263158 0.0244308991986417 0.62008100689647 0.00300000000000011 0.00100000000000033 0.0600000000000005 0.0670000000000002

 854 54 1000 3 0.6 0.00300000000000011 0.335 0.497 0.139 0.999739466305342 0.021356360429767 0.00805638757158252 0.594765007269429 0.999361103747647 -0.034423771064955 -0.0096118833717502 0.614512389552575 0.999739490029095 0.0213554140971395 0.00805595215379979 0.594662876834047 0.999361391543168 -0.0344172466216207 -0.00960532289352063 0.614300326824506 0.00399999999999956 0.000999999999999446 0.0620000000000003 0.0589999999999993

 852 52 1000 3 0.6 0.00199999999999978 0.335 0.52 0.14 0.999792042234183 -0.0102262087944491 -0.0176436090099162 0.613233182846491 0.999611003244892 0.0232567672022652 -0.0153936665885841 0.607152799225676 0.99979205829283 -0.0102224674726586 -0.0176448670540865 0.613023907530958 0.999611170241799 0.0232535787931338 -0.015387637932228 0.606984191788373 0.00300000000000011 0.000999999999999446 0.0749999999999993 0.0670000000000002

 859 59 1000 3 0.6 0.00200000000000067 0.334 0.495 0.141 0.99960201791689 -0.0134280475124211 -0.0248091377618211 0.61161547895428 0.999993279348823 0.00149053136196256 -0.00334956317239516 0.596990670181219 0.999602170624613 -0.0134331442947132 -0.0248002241304408 0.611416879345544 0.999993299173438 0.00149141590196779 -0.003343244955211 0.596880031376816 0.00300000000000011 0.000999999999999446 0.0650000000000004 0.0569999999999995

 857 57 1000 3 0.6 0.00199999999999978 0.334 0.498 0.141999999999999 0.999946661006084 -0.00471350861695868 0.00919010224650221 0.605422653199516 0.999866992823235 0.0100754776629963 -0.0128250307010785 0.594631590660466 0.999946701626974 -0.00471143797922272 0.00918674357450446 0.605267754270888 0.999866958391347 0.0100772033586155 -0.0128263591757187 0.594529233701734 0.00300000000000011 0.00100000000000033 0.0629999999999997 0.0579999999999998

 856 56 1000 3 0.6 0.00300000000000011 0.335999999999999 0.488 0.139 0.998986767717259 0.00287718003280696 -0.0449128017483012 0.60395944076591 0.999960192274102 0.0005387729519035 0.00890637922211778 0.605617184873424 0.998986992892024 0.00287777401428291 -0.0449077548901406 0.603809623754076 0.999960206060021 0.000544545449502793 0.00890448014506091 0.605458365096594 0.00399999999999956 0.000999999999999446 0.0629999999999997 0.0599999999999996

 863 63 1000 3 0.6 0.00199999999999978 0.334000000000001 0.49 0.142 0.999792791241244 -0.0200953862459609 -0.00324808153664653 0.593455086943207 0.999956897349125 -0.00491707265191592 0.00787564857315567 0.593547406125037 0.999792807740412 -0.0200945832539211 -0.00324797081196462 0.593356561701929 0.999956916177854 -0.00491792345945354 0.00787272614303676 0.593449054089013 0.00399999999999956 0.00100000000000033 0.0649999999999995 0.0590000000000002

 866 66 1000 3 0.6 0.00200000000000067 0.336 0.516 0.142 0.999122240555102 0.014807593411891 -0.0391852472941132 0.595044901313437 0.998809485023831 -0.0302663382153815 0.0382565209795873 0.591191194176004 0.999122335123758 0.014804645914432 -0.0391839497268692 0.594942653282794 0.998809397564984 -0.0302697570600611 0.0382560994273837 0.591098906549948 0.00400000000000045 0.00100000000000033 0.0640000000000001 0.0569999999999995

 864 64 1000 3 0.6 0.00200000000000067 0.34 0.51 0.140000000000001 0.999825240007088 -0.0167138145283382 -0.00837483424804265 0.604087086131537 0.999900786921668 0.0109491274672616 -0.00886188022572141 0.598506797763475 0.999825170321369 -0.0167157926903727 -0.00837920441201464 0.603940038550814 0.999900724356041 0.0109525885878185 -0.00886466217582335 0.598387180919574 0.00399999999999956 0.00199999999999978 0.0659999999999998 0.0570000000000004

 858 58 1000 3 0.6 0.00299999999999923 0.337 0.519 0.141 0.999477208851206 -0.00263937867332689 -0.0322233248939584 0.603644520206212 0.999644132201483 -0.0264249544513565 -0.00365112823479806 0.598742324973636 0.999477167896494 -0.00264035541442489 -0.0322245151536555 0.603499591987601 0.999644068025724 -0.0264271557424792 -0.00365276612219489 0.598616796814503 0.00399999999999956 0.00100000000000033 0.0650000000000004 0.0659999999999998

 861 61 1000 3 0.6 0.00300000000000011 0.337999999999999 0.499000000000001 0.143 0.999806344194044 0.00536370937940183 0.0189342211625904 0.599481663266188 0.999821321573892 -0.000617386543875407 -0.0188929553032666 0.613288036043797 0.99980629804343 0.00536440152057784 0.0189364618928105 0.599354239757852 0.999821464983385 -0.000623960947756448 -0.0188851484297314 0.613081291748701 0.00399999999999956 0.00200000000000067 0.0649999999999995 0.0600000000000005

 862 62 1000 3 0.6 0.00199999999999978 0.340999999999999 0.508 0.141 0.999679210240437 0.0147377238931872 -0.02059796367375 0.603326270836323 0.999389620522259 0.0132935747051396 0.0323058394711407 0.590304708097783 0.999679077426864 0.0147357480858761 -0.0206058215881597 0.603183194249535 0.999389574256901 0.0132914704473926 0.0323081364358286 0.590217840141926 0.00300000000000011 0.000999999999999446 0.0670000000000002 0.0580000000000007

 867 67 1000 3 0.6 0.00300000000000011 0.337999999999999 0.492 0.138 0.999943592663959 0.00738453689440397 -0.00763414076042517 0.595898535670471 0.999591996043063 -0.0238841263448349 0.0156649275577019 0.576507749560532 0.999943603456451 0.00738681605084102 -0.00763052129011257 0.595791206643669 0.999591954852724 -0.023885971437096 0.0156647426476348 0.576463083526904 0.00400000000000045 0.000999999999999446 0.0640000000000001 0.0529999999999999

 870 70 1000 3 0.6 0.00300000000000011 0.337 0.508999999999999 0.136 0.999750623048615 0.0212786481367256 0.00677575437722307 0.610300773981674 0.999549281312584 -0.0068837333002934 -0.0292206851964081 0.606577847141486 0.999750666668108 0.0212736205859 0.00678509866106633 0.610113100906502 0.999549264258152 -0.00688282641295766 -0.029221482192992 0.6064126557355 0.00300000000000011 0.00100000000000033 0.0709999999999997 0.0569999999999995

 868 68 1000 3 0.6 0.00300000000000011 0.334 0.487 0.14 0.999881502669946 0.00091467950763424 -0.0153669769274798 0.621779098124704 0.999431140622849 0.0317682465470345 -0.0113213808626652 0.60802021744549 0.999881381506375 0.000899824680471508 -0.0153757351839461 0.621502804849886 0.999431138652662 0.0317681305892206 -0.0113218801579391 0.607844933040934 0.00300000000000011 0.000999999999999446 0.0739999999999998 0.0649999999999995

 865 65 1000 3 0.6 0.00199999999999978 0.337 0.516 0.136 0.999861111915378 -0.0164978165306077 -0.0023619756700238 0.584601278648937 0.999422853358115 -0.0169710044553035 -0.0294269467206708 0.605904134352229 0.999861143732604 -0.0164955141716326 -0.00236458578677815 0.584534769286979 0.999422876409338 -0.016970289281972 -0.0294265762767463 0.605745072826931 0.00300000000000011 0.000999999999999446 0.0579999999999998 0.0569999999999995

 860 60 1000 3 0.6 0.00300000000000011 0.34 0.489 0.136 0.999615439588886 -0.00637536091496633 -0.0269875472898656 0.597147127800912 0.999062306777097 0.00283817551008332 0.0432024529048931 0.600587056373717 0.999615444673058 -0.00637643990535773 -0.0269871040539248 0.597033513732836 0.999062385484761 0.00284128629668461 0.0432004282580456 0.600453633261428 0.00300000000000011 0.000999999999999446 0.0589999999999993 0.056

 872 72 1000 3 0.6 0.00300000000000011 0.34 0.483000000000001 0.14 0.999761437132636 -0.0070706783757605 0.0206657767769053 0.615047110808631 0.998853001241207 -0.0416839080488263 0.0235612758824644 0.597654495859572 0.99976150590841 -0.00708146974541793 0.0206587533504152 0.614826437258972 0.998852853192824 -0.0416849311432992 0.0235657417479914 0.597537273882225 0.00300000000000011 0.00100000000000033 0.0669999999999993 0.0529999999999999

 871 71 1000 3 0.6 0.00200000000000067 0.337 0.508999999999999 0.136 0.999953443917854 -0.00221612675833872 -0.00939142050033543 0.608790427062226 0.998958708935836 -0.0450058421822071 -0.00748144442725135 0.602917971960164 0.999953427625269 -0.00222149446113874 -0.00939188707530367 0.608611977319837 0.998958459139322 -0.0450107029951578 -0.00748555474722948 0.602770730936791 0.00300000000000011 0.00100000000000033 0.0670000000000002 0.0630000000000006

 855 55 1000 3 0.6 0.00300000000000011 0.335 0.479 0.138999999999999 0.999691504057478 -0.00338868823280822 -0.024605152049073 0.605814264365148 0.999893548049692 0.00965273555305224 0.010941538508879 0.618390776507724 0.999691408868315 -0.00338571403945775 -0.024609428585955 0.605658976098934 0.999893446183319 0.00966330253519174 0.0109415201759324 0.618142047702875 0.00300000000000011 0.00100000000000033 0.0579999999999998 0.0640000000000009

 869 69 1000 3 0.6 0.00300000000000011 0.337 0.515 0.138 0.99958283788879 0.00420221770488482 0.0285743165194337 0.594501110270483 0.999914687655675 -0.00113623751338671 0.0130125468209363 0.579527309995956 0.999582900922085 0.00419993313840812 0.0285724473194492 0.594401470638808 0.999914711087832 -0.0011360286746344 0.0130107643506668 0.579472810673017 0.00300000000000011 0.000999999999999446 0.0569999999999995 0.0539999999999994

 873 73 1000 3 0.6 0.00300000000000011 0.341 0.464 0.14 0.999728460995208 -0.0179049485010308 -0.014913654660365 0.6035489379871 0.999956270141567 0.00344423875210843 0.00869453989491449 0.623582847471702 0.999728419732575 -0.0179013429095626 -0.014920747335241 0.603402014882128 0.999956162905588 0.00344306303882744 0.00870732932895772 0.623276904691319 0.00300000000000011 0.00100000000000033 0.0680000000000005 0.0720000000000001

 879 79 1000 3 0.6 0.00299999999999967 0.339 0.487 0.136 0.999962585697194 -0.00186650468162696 0.00844650022526835 0.609620079171367 0.999043351996769 0.0233548454608366 -0.036972043824501 0.601255793083948 0.999962588079575 -0.00186982222044654 0.00844548435923325 0.609441693245936 0.99904317243797 0.0233563374324824 -0.0369759530886772 0.601117814626928 0.00399999999999956 0.000999999999999446 0.0679999999999996 0.069

 877 77 1000 3 0.6 0.00300000000000011 0.338 0.486 0.137 0.999519954719774 -0.00620630698229642 -0.0303536137984048 0.611990484368002 0.998722722873902 0.0162043735862971 -0.0478575082094312 0.593971701233263 0.999519818095294 -0.00621133469091733 -0.0303570841173339 0.611789079470816 0.998722651819837 0.0162045619012163 -0.047858927229332 0.593870620854534 0.00399999999999956 0.00100000000000033 0.0670000000000002 0.0590000000000002

 876 76 1000 3 0.6 0.00200000000000022 0.337 0.491 0.136 0.99935814453576 0.033050012162586 -0.0138201174414862 0.598133084272212 0.999466507249892 -0.0160651395256702 0.0284361069368369 0.590950298522309 0.999358065365927 0.0330502346611283 -0.013825309288275 0.598013912555755 0.999466397670049 -0.0160634829893054 0.028440893845083 0.590861574100373 0.00300000000000011 0.00100000000000033 0.0650000000000004 0.0590000000000002

 878 78 1000 3 0.6 0.00300000000000011 0.338 0.467 0.134 0.999881348923514 0.00921655139105817 -0.0123427409982288 0.597717650652659 0.99978234217383 0.0136418613272689 0.0157850529596126 0.608420658189899 0.999881394597125 0.00921451479498704 -0.0123405613973148 0.597601659686224 0.999782459021859 0.0136390890719937 0.0157800469419733 0.608238412787079 0.00300000000000011 0.00100000000000033 0.0649999999999995 0.0699999999999994

 874 74 1000 3 0.6 0.00299999999999967 0.341 0.487 0.135 0.99986307578743 0.0122069825317161 -0.0111722537731265 0.601527020615623 0.998788224497358 -0.0245835049963685 -0.0426348904948567 0.590385388004682 0.999863036474401 0.0122097138137248 -0.0111727875115172 0.601391892444052 0.998788368396931 -0.0245832170955984 -0.0426316853083236 0.590298772070686 0.00300000000000011 0.000999999999999446 0.0649999999999995 0.0590000000000002

 875 75 1000 3 0.6 0.00300000000000011 0.341 0.459000000000001 0.134 0.999371918754562 -0.0219869921701056 -0.0277910089801888 0.590035041639296 0.999341366235819 0.0360865410849972 -0.0038203772650137 0.592164508165167 0.999371996090218 -0.0219843878428923 -0.0277902882645497 0.58995195204975 0.999341457623705 0.0360840307928226 -0.00382018275370974 0.592071584322214 0.00300000000000011 0.00100000000000033 0.0609999999999999 0.0609999999999999

 880 80 1000 3 0.6 0.00199999999999978 0.342 0.468 0.136 0.999568093709219 -0.0249654469208922 -0.0155033060525047 0.609185571950478 0.998910195933341 0.0439025931446559 -0.0158424359108457 0.621313830475642 0.999568079078072 -0.0249645562670209 -0.0155056834277975 0.609006102858902 0.998910485070046 0.0438973433278373 -0.0158387520305153 0.621035903532454 0.00299999999999923 0.00199999999999978 0.0729999999999995 0.0700000000000003

 882 82 1000 3 0.6 0.00199999999999978 0.344 0.46 0.142 0.999686334320306 0.0151959534795545 -0.0199076862311059 0.593106148708822 0.999345731658045 -0.0040139267519633 -0.0359443599035609 0.585229774131118 0.999686278534331 0.0151976825479456 -0.0199091676207628 0.593011280411518 0.999345771506445 -0.00401496483235687 -0.0359431360566078 0.585161459144694 0.00300000000000011 0.000999999999999446 0.0590000000000002 0.0549999999999997

 881 81 1000 3 0.6 0.00300000000000011 0.342 0.473 0.139 0.99935297884101 0.0137095369489253 -0.0332516507597243 0.595811485885215 0.999910562149963 -0.0023641282053003 -0.0131635329138764 0.60454173678799 0.999353089506121 0.0137049027286544 -0.0332502351235171 0.595706959999737 0.999910566984793 -0.00236548735704077 -0.0131629214733115 0.604393229930078 0.00299999999999923 0.000999999999999446 0.0590000000000002 0.0589999999999993

 883 83 1000 3 0.6 0.00300000000000011 0.393 0.467 0.146999999999999 0.999911097489882 0.000352037794568902 -0.0133294105635317 0.602394279830641 0.999698662531441 0.0226822121512434 -0.00938623379067419 0.590093835360839 0.999911118901978 0.00035424456138382 -0.0133277457577906 0.602256778016216 0.999698675630641 0.022683588973617 -0.00938151019920701 0.590005735160031 0.00300000000000011 0.00100000000000033 0.0590000000000002 0.0590000000000002

 885 85 1000 3 0.6 0.00199999999999978 0.378 0.488 0.138 0.999007002729753 -0.0387969346113974 -0.0219044826844645 0.609738882179965 0.999752284041936 -0.0131416324339452 0.0179629632829314 0.595862292471381 0.999006703477476 -0.0388016143904934 -0.0219098408884702 0.609556661803249 0.999752327245943 -0.0131403037287227 0.0179615306763872 0.595749650938919 0.00299999999999923 0.00199999999999978 0.0609999999999999 0.0679999999999996

 884 84 1000 3 0.6 0.00300000000000011 0.388999999999999 0.499000000000001 0.137 0.999822961622259 0.0186683446592453 -0.00235336367320682 0.614783984211591 0.999626304862838 0.0240943293615207 -0.0129117744282971 0.608224397345235 0.999823065343239 0.0186617772166029 -0.00236137222113802 0.614566310682192 0.999626246430506 0.0240990060019326 -0.0129075697548318 0.608053617230851 0.00300000000000011 0.000999999999999446 0.0620000000000003 0.0579999999999998

 886 86 1000 3 0.6 0.00200000000000022 0.38 0.506 0.14 0.999781702657937 0.0152685814893324 -0.014262448937721 0.59964652019068 0.999878272716669 -0.010692001371492 0.0113631358261038 0.588704076081264 0.999781766015444 0.0152629368549845 -0.0142640492708024 0.599524090258408 0.999878273028898 -0.0106940106527593 0.0113612174043059 0.588623835999357 0.00300000000000011 0.00100000000000033 0.0599999999999996 0.0570000000000004

 889 89 1000 3 0.6 0.00299999999999967 0.358 0.504 0.137 0.999728668625502 0.0209254095256241 -0.0102331014099331 0.612120239468257 0.999757729642381 -0.0207647550965579 0.00730116196863301 0.606234455930756 0.999728786779148 0.0209171128112233 -0.0102385192647611 0.611918099149947 0.999757723404175 -0.0207665382883761 0.0072969432791522 0.606064723246391 0.00300000000000011 0.000999999999999446 0.0640000000000001 0.0679999999999996

 888 88 1000 3 0.6 0.00200000000000022 0.345 0.5 0.136 0.999793314795459 0.0194107400373307 0.00604573084998701 0.598944315270617 0.999527093600098 -0.00501043671141634 0.0303394904917931 0.606627492248116 0.999793361766683 0.0194081266531147 0.00604635320599897 0.598824300464477 0.999527117034649 -0.00501320219981931 0.0303382615867712 0.606457424516014 0.00300000000000011 0.00100000000000033 0.0620000000000003 0.0670000000000002

 887 87 1000 3 0.6 0.00300000000000011 0.344 0.509 0.136 0.999705521469234 -0.0219285074423852 -0.0103928295124786 0.605760757068383 0.999221905872615 -0.0386442692930939 -0.007886905293115 0.621544089963472 0.999705447314197 -0.0219310080588041 -0.0103946859425826 0.605600262817016 0.999221829060791 -0.0386468579175553 -0.00788395215031056 0.621260667818721 0.00300000000000011 0.00100000000000033 0.0629999999999997 0.069

 893 93 1000 3 0.6 0.004 0.345 0.482 0.135 0.999990428861502 0.00237222159883081 -0.00367624129730512 0.612009603690549 0.999841374823644 -0.0107806164525545 0.0141775703020322 0.597223368798025 0.999990408961925 0.00237293939334158 -0.00368118768857833 0.611816457328079 0.999841457121129 -0.0107790206222168 0.014172979091308 0.5971068265819 0.00300000000000011 0.00100000000000033 0.0609999999999999 0.0579999999999998

 890 90 1000 3 0.6 0.00200000000000022 0.345 0.49 0.136 0.999305059583983 -0.022214226951947 0.0299320231654959 0.615509931797766 0.998574464052454 -0.0114636053778524 -0.0521308497350226 0.590316829184576 0.999305202022972 -0.0222050955663304 0.0299340431735617 0.615283814266961 0.998574606297618 -0.0114630050119253 -0.0521282569596788 0.590230844379421 0.00299999999999923 0.00100000000000033 0.0700000000000003 0.056

 892 92 1000 3 0.6 0.00199999999999978 0.346 0.489999999999999 0.135 0.99988269945651 -0.0152780766704738 -0.00108060206120882 0.595832313473917 0.999177257681116 0.0018733835801042 -0.0405129382642921 0.604488014791448 0.999882733996809 -0.0152753799434175 -0.0010867486606539 0.595724119822791 0.999177488123672 0.00187502535710563 -0.0405071784598773 0.604335337405033 0.00300000000000011 0.00100000000000033 0.0619999999999994 0.0579999999999998

 896 96 1000 3 0.6 0.00299999999999967 0.348999999999999 0.476 0.135 0.999257215512279 0.024671956660134 -0.0296025640985404 0.620045230222802 0.999889702128466 -0.0100240035610905 -0.0109591482357958 0.603832575352616 0.999257408484017 0.0246738566613409 -0.0295944654836369 0.619780688728533 0.999889568776673 -0.0100278548633334 -0.010967788220019 0.603680576769247 0.00300000000000011 0.00200000000000067 0.0730000000000004 0.0659999999999998

 891 91 1000 3 0.6 0.00299999999999967 0.343 0.497 0.137 0.999910730115807 -0.00834512588514832 -0.0104350693929397 0.594585883331028 0.999419469122999 0.0110811407184661 -0.0322169684837204 0.615444488476988 0.999910721243539 -0.00834365776564398 -0.0104370933365291 0.594483764127206 0.999419313944624 0.0110838666365309 -0.0322208444153987 0.615217349365787 0.00300000000000011 0.00100000000000033 0.0609999999999999 0.0679999999999996

 894 94 1000 3 0.6 0.00200000000000022 0.339 0.498 0.138 0.999628602604892 -0.00417292479638987 -0.0269303463185185 0.59365743837544 0.999664475831204 0.0099763171073764 -0.0239041598492073 0.604906229572111 0.999628618661918 -0.00417454274709767 -0.0269294995296553 0.59356047996455 0.999664359093154 0.00998357459702432 -0.0239060117363841 0.604749484433557 0.00300000000000011 0.00100000000000033 0.0590000000000002 0.0680000000000005

 895 95 1000 3 0.6 0.00300000000000011 0.335 0.514 0.140000000000001 0.999948510730476 -0.00850303761319444 0.00553843292390133 0.617941891748767 0.999800123801883 -0.00292955098988982 -0.0197770113196622 0.600231082237976 0.999948603442614 -0.00850085767498237 0.00552502415873741 0.617694775493842 0.999800046920012 -0.00293420439610186 -0.0197802078680357 0.60009947219167 0.00300000000000011 0.00100000000000033 0.0720000000000001 0.0650000000000004

 898 98 1000 3 0.6 0.00499999999999989 0.334000000000001 0.48 0.139 0.999699900463949 0.0194560258215142 -0.0148852971620688 0.60306037621317 0.999564182963397 -0.0278840063668311 0.00969155950564625 0.617877617119707 0.999699948079226 0.0194484568717645 -0.0148919889773033 0.602920867638851 0.999564752239656 -0.0278646087494505 0.00968863557550528 0.617625560653984 0.00399999999999956 0.000999999999999446 0.0609999999999999 0.0679999999999996

 899 99 1000 3 0.6 0.00300000000000011 0.332 0.512 0.138 0.999656840535621 -0.00505930341800989 -0.0257022298500557 0.590906429409511 0.999080538989355 -0.00697718143199825 0.0423012476412415 0.602188447169297 0.999656843251435 -0.0050569144055934 -0.0257025943684814 0.590820916854453 0.999080595926031 -0.0069823365462172 0.0422990522404641 0.602049345693356 0.00400000000000045 0.00100000000000033 0.0580000000000007 0.056

 897 97 1000 3 0.6 0.00599999999999978 0.332 0.538 0.138000000000001 0.999889169539825 -0.0146386872692878 0.00271246603494128 0.606738886041058 0.998852657455951 -0.0334499501675531 0.0342705343841214 0.57847736961472 0.999889085253093 -0.0146441322003808 0.00271414513814698 0.60657275427437 0.998852763109667 -0.0334477989438734 0.0342695546220616 0.578425002404671 0.00300000000000011 0.00100000000000033 0.069 0.0539999999999994

 900 100 1000 3 0.6 0.00200000000000022 0.335 0.524 0.139 0.999955575619218 -0.00387939349890667 -0.00859052350666452 0.59796573362363 0.999914881563488 0.012787006357493 0.00259270057832694 0.601308906382496 0.999955632843232 -0.00387705015642636 -0.00858491858884645 0.597848749981013 0.999914974421938 0.0127796551157937 0.00259313360558761 0.601175997265117 0.00299999999999923 0.00100000000000033 0.0629999999999997 0.0569999999999995

 901 1 2000 3 0.6 0.016 0.372000000000001 0.99 0.309 0.999951195078354 0.0089140176261022 -0.00426001773870032 0.602538138783599 0.999922211111927 -0.0119233621158802 0.00366130589927557 0.596020855638387 0.999951160081195 0.00891779005495635 -0.00426033717079071 0.60239829456957 0.999922219349539 -0.0119220644485515 0.00366328136747002 0.595912236327232 0.00400000000000045 0.000999999999999446 0.117999999999999 0.108000000000001

 903 3 2000 3 0.6 0.0129999999999999 0.375 1.009 0.33 0.999487269673578 -0.0320092209703442 -0.000779444243145154 0.598532645544493 0.99900019516552 -0.0228241061500669 0.0384404765540514 0.595171409987502 0.999487238584563 -0.0320101741169701 -0.000780166396877774 0.598410143745094 0.999000223020012 -0.0228266547536275 0.0384382392771172 0.595063698938371 0.00300000000000011 0.00199999999999978 0.119000000000001 0.114000000000001

 902 2 2000 3 0.6 0.02 0.378 0.989 0.308 0.999696793876854 -0.00370547870486904 0.0243431661849154 0.596336284360217 0.999986584069367 0.00110363120550972 0.00506099589410296 0.586680482586176 0.999696744453684 -0.00370622328998036 0.0243450824116773 0.596228214488468 0.999986583687999 0.00110189855835867 0.00506144876221182 0.586606319774503 0.00400000000000045 0.00100000000000033 0.112 0.104999999999999

 904 4 2000 3 0.6 0.0309999999999997 0.373 1.013 0.356 0.999789627833732 -0.009608354109163 0.0181212474018912 0.599276951699106 0.999704203009529 0.00467617127729362 -0.023867130268781 0.610449867110513 0.99978960643723 -0.00960985092841717 0.0181216341763889 0.599152059478176 0.999704108052553 0.00467476472333663 -0.0238713828177251 0.61026037741871 0.00300000000000011 0.00100000000000033 0.111 0.113

 905 5 2000 3 0.6 0.0129999999999999 0.479 1 0.289 0.99997514493836 0.00691647019572342 0.00136819060750414 0.607626956097501 0.999979755941534 0.00421344334027092 0.00476808161936118 0.610640702915919 0.999975156082697 0.00691470636252602 0.00136896066611648 0.607455700192279 0.999979758132875 0.0042136941177847 0.00476740038157813 0.610446532165407 0.00400000000000045 0.00199999999999978 0.13 0.122999999999999

 907 7 2000 3 0.6 0.012 0.449 1.033 0.296 0.999995041363402 0.000621782800920132 -0.00308717261522902 0.583897544439262 0.999956921940956 0.0083497138073722 -0.00405420050122616 0.601809581927249 0.999995043582081 0.000621296541499755 -0.00308655177815967 0.583834050453624 0.999956888786232 0.00835306128540059 -0.00405548223049952 0.601674579616037 0.00199999999999978 0.00199999999999978 0.111 0.113

 908 8 2000 3 0.6 0.0110000000000001 0.455 0.993 0.287999999999999 0.999977976784541 -0.00262533596305176 -0.0060953717669428 0.60547197586836 0.999878495971568 -0.00731604337798869 -0.0137647667225405 0.611714970738678 0.999977978806877 -0.00262436716677353 -0.00609545718447761 0.605314045456413 0.999878565235567 -0.00731147750790644 -0.0137621611353898 0.611518318882368 0.00400000000000045 0.00200000000000067 0.125 0.117999999999999

 906 6 2000 3 0.6 0.0209999999999999 0.439 0.997 0.292000000000001 0.999853023025811 -0.0120296575698972 0.0122155509453579 0.597020353564896 0.999649618039741 0.00526198295134526 -0.0259413316624077 0.595081816409552 0.999853076536421 -0.0120253522490705 0.0122154101012048 0.596906346357017 0.999649619511462 0.00526395800177983 -0.0259408742478795 0.594976911556746 0.00300000000000011 0.00199999999999978 0.116000000000001 0.113

 910 10 2000 3 0.6 0.0110000000000001 0.442 0.979 0.289 0.99993709625504 -0.0104272380931043 -0.00413234059435365 0.60106014517898 0.999993108844447 0.00365883683676723 -0.000628630750702536 0.604233476739913 0.999937080024952 -0.0104293019303391 -0.00413105947894179 0.60092681728369 0.999993081710649 0.00366652070863064 -0.000627022115057411 0.604081322471654 0.00399999999999956 0.00100000000000033 0.124 0.115

 912 12 2000 3 0.6 0.0299999999999998 0.469 0.974 0.287 0.999703926496182 -0.0227490445068289 -0.00863367373385993 0.6015500092888 0.99981906588393 -0.00456876318489077 0.0184651536128666 0.60701415363264 0.99970403640886 -0.0227445708366315 -0.00863273336141769 0.601411579607982 0.99981903298598 -0.0045695446704981 0.0184667414690594 0.606846505226333 0.00400000000000045 0.00199999999999978 0.127999999999999 0.119000000000002

 911 11 2000 3 0.6 0.032 0.453 1.033 0.299 0.999791485316274 -0.0107158070975997 -0.0173826743433003 0.606662037391987 0.999791574877078 -0.0134831203898638 0.0153301098940878 0.590555745473349 0.99979159354043 -0.0107154181279623 -0.0173766884137755 0.606497258854952 0.999791573809423 -0.0134836432966388 0.0153297196036271 0.590469047332308 0.00300000000000011 0.00100000000000033 0.126 0.107999999999999

 913 13 2000 3 0.6 0.0370000000000004 0.479 1.015 0.302 0.999627586408233 -0.0267377132072855 0.00545739719054929 0.603099721048322 0.999966890409764 -0.00591991795896255 0.00558324776331303 0.604921415862943 0.999627513471033 -0.026740031332419 0.0054593988736187 0.602957156768163 0.999966881856645 -0.00591816011177251 0.00558664217489827 0.604768662366858 0.00300000000000011 0.00199999999999978 0.125 0.116999999999999

 909 9 2000 3 0.6 0.0380000000000003 0.472 1.02 0.302 0.999970580328717 -0.00702793224240983 -0.00307353956293912 0.61002875130232 0.99967087436885 -0.0215437953147606 0.0139286690697666 0.582009982774268 0.999970591982001 -0.00702641080810717 -0.00307322669535459 0.609839888410991 0.999670836240595 -0.0215448068614886 0.0139298408939586 0.581950321993668 0.00300000000000011 0.00100000000000033 0.128 0.107999999999999

 914 14 2000 3 0.6 0.0249999999999999 0.508 1.032 0.297000000000001 0.999695365706676 -0.0204307963223998 -0.0138476837856764 0.602866277176617 0.999876967446067 -0.0136483939028139 0.00773119102927948 0.610901535009859 0.999695407319084 -0.0204284100936876 -0.0138482001059987 0.602723223899965 0.999876956802281 -0.013648209300813 0.00773289329357923 0.610708383313021 0.00300000000000011 0.00200000000000067 0.124 0.116

 917 17 2000 3 0.6 0.0329999999999999 0.47 0.979 0.284 0.999942922651574 -0.008607036965625 0.00633011482530409 0.605715097321865 0.999975928907587 -0.00387397808299788 -0.00575620527952767 0.615484101379997 0.999942916773877 -0.00860702170967931 0.00633106397384272 0.60555678916259 0.999975949036844 -0.0038699553350629 -0.0057554142829416 0.615256513072686 0.00399999999999956 0.00200000000000067 0.124 0.113999999999999

 915 15 2000 3 0.6 0.0220000000000002 0.518000000000001 1.026 0.297 0.999494234586816 -0.0313810696229492 -0.0051481547212287 0.606482720185717 0.999954768391581 -0.000631158227779376 0.00949014279300691 0.602493312450999 0.999494252343819 -0.0313806525050214 -0.00514724975398594 0.606321833953873 0.999954736294893 -0.000635185149558282 0.00949325556573851 0.602352996815109 0.00299999999999923 0.00300000000000011 0.116000000000001 0.117000000000001

 916 16 2000 3 0.6 0.0109999999999997 0.462000000000001 1.006 0.283 0.999848475771495 -0.0117944359049812 0.0128029988323541 0.602164017557495 0.999756845200118 0.0170765590466262 -0.0139514016011015 0.606839576811822 0.999848459191976 -0.0117936515725618 0.0128050159709389 0.602023257759743 0.999756831591773 0.0170779983430678 -0.0139506149747615 0.606674093352143 0.00400000000000045 0.00100000000000033 0.125 0.116

 918 18 2000 3 0.6 0.0289999999999999 0.457 0.978999999999999 0.281 0.999625012427635 -0.0247503402949101 -0.0117155957738284 0.606921204691456 0.999998954038443 -0.00132575732673076 0.000578177767618998 0.592883688777132 0.999625117904801 -0.0247467396566264 -0.0117142020718277 0.6067563869793 0.999998955587067 -0.00132579515076434 0.000575405938341958 0.592787689822879 0.00400000000000045 0.00199999999999978 0.127000000000001 0.109

 922 22 2000 3 0.6 0.016 0.402 0.994 0.289 0.999984862635628 0.00304316284844223 -0.00458406582428695 0.606733545160611 0.999772432015481 0.0158103818301545 -0.0143218716736207 0.594204840467213 0.999984859355655 0.00304182780165944 -0.00458566713526406 0.606568121434143 0.999772386105656 0.0158104261149959 -0.0143250272832458 0.594103763622962 0.00300000000000011 0.00199999999999978 0.122 0.107999999999999

 919 19 2000 3 0.6 0.0300000000000002 0.443000000000001 1.009 0.287999999999999 0.999703600209602 -0.0002493772720652 -0.0243443944047985 0.604056224243917 0.999425561943061 -0.028152468925528 0.0188675549076486 0.605206336964346 0.999703567786386 -0.000252297470062608 -0.024345695741923 0.603906082279969 0.999425538930751 -0.0281534987190408 0.0188672372872999 0.605047780613453 0.00300000000000011 0.000999999999999446 0.124 0.117000000000001

 921 21 2000 3 0.6 0.0370000000000004 0.393000000000001 1.004 0.304 0.999458991308656 -0.0168628887988229 0.02823769951044 0.592825911811843 0.999910329004653 -0.0127894150811909 0.00397049262536091 0.588029321067075 0.999459030293127 -0.0168605554301052 0.0282377130113297 0.592730278245988 0.999910286581168 -0.0127920146795553 0.0039728012289002 0.587951247274579 0.00300000000000011 0.00199999999999978 0.112 0.107000000000001

 923 23 2000 3 0.6 0.056 0.393 0.985 0.287 0.999919206198153 -0.00162543886193681 -0.0126071021476692 0.603146139407041 0.999987322652743 -0.00269058791859752 0.00425620376048876 0.600905494269265 0.999919195973697 -0.00162560543500104 -0.0126078915875873 0.603000863390843 0.999987333174973 -0.0026874088775039 0.00425574002149004 0.600775170173696 0.00300000000000011 0.000999999999999446 0.123 0.109

 924 24 2000 3 0.6 0.0110000000000001 0.39 0.956 0.289 0.99985753023084 -0.0162253602439842 0.00465370020936183 0.601141184283976 0.999986847421285 -0.00443918845062631 0.00256877214647463 0.594856133337169 0.999857477303692 -0.0162280536975456 0.00465567965890339 0.601007224580072 0.999986857161564 -0.00443853870704699 0.00256610176818227 0.594752023191534 0.00400000000000045 0.00199999999999978 0.123 0.109

 920 20 2000 3 0.6 0.0430000000000001 0.401000000000001 1.017 0.303 0.999971008575182 -0.00659239728205011 -0.00381081450731624 0.611822841948566 0.999853445039045 -0.0120916967922739 -0.0121193775515082 0.595892789780671 0.999971028172723 -0.0065912809167462 -0.00380760174707549 0.611621286032101 0.999853436834792 -0.0120906650779163 -0.0121210835995518 0.595784006249647 0.00300000000000011 0.00200000000000067 0.124000000000001 0.119

 926 26 2000 3 0.6 0.0110000000000001 0.384 0.96 0.286 0.999871270884862 0.0013997921918368 0.0159838118391642 0.607935518104946 0.999869796725277 0.00893446233363943 -0.0134374469064224 0.58339037602299 0.999871322933422 0.00139929813764815 0.0159805988652004 0.607762117959187 0.999869790675327 0.00893405118592751 -0.0134381704218166 0.583325110543207 0.00399999999999956 0.000999999999999446 0.125 0.109999999999999

 925 25 2000 3 0.6 0.0110000000000001 0.388999999999999 0.981 0.285 0.999951550852982 -0.00875219879918759 0.00450499310709327 0.604218642884217 0.999915351692762 -0.0123133873761579 0.00420356282994854 0.613282168491644 0.999951534368867 -0.00875321766200515 0.00450667215475505 0.604067590248452 0.999915398498551 -0.0123104727895982 0.00420096479168878 0.613073793471822 0.00400000000000045 0.000999999999999446 0.122999999999999 0.117999999999999

 930 30 2000 3 0.6 0.0179999999999998 0.374 0.945 0.29 0.99992389696932 -0.00701758636145588 -0.010146612801768 0.586765061548629 0.999887012014455 0.00128156792227336 -0.0149773425034777 0.583714259620314 0.999923902102777 -0.00701800451379609 -0.0101458176703147 0.586691617728814 0.99988702131736 0.00128014087260751 -0.0149768434739601 0.583649181158183 0.00400000000000045 0.000999999999999446 0.11 0.109

 927 27 2000 3 0.6 0.016 0.379 1.022 0.31 0.999821828925543 -0.0188756043536619 -0.000148203463146414 0.608350458791936 0.999896613736599 -0.0115363100763139 -0.00858343683531959 0.594268774413524 0.999821878447431 -0.0188729395772125 -0.000153393500559281 0.608170740610615 0.999896642701955 -0.011532828253028 -0.00858474145474403 0.594166404647448 0.00300000000000011 0.00199999999999978 0.124000000000001 0.109

 928 28 2000 3 0.6 0.028 0.379 0.989 0.287 0.999799460489617 -0.0190909619728392 0.00604764215395841 0.608324148211119 0.999936427804929 0.00844985823184825 -0.00746593896170017 0.601004204695194 0.999799477801388 -0.0190890056872702 0.00605095446551261 0.608149605801901 0.999936422341761 0.00845270497167071 -0.00746344779711662 0.600868785086612 0.00399999999999956 0.000999999999999446 0.121 0.110000000000001

 929 29 2000 3 0.6 0.032 0.378 0.99 0.303 0.999740453628259 -0.0224126623955218 -0.00408631172425891 0.605263992594886 0.999919603460648 0.00653335747433513 0.0108674677461272 0.587811141926779 0.999740438323479 -0.0224130224181208 -0.00408808107336194 0.605106751805589 0.999919624745136 0.00653170027809667 0.010866505465119 0.587733676696036 0.00300000000000011 0.00199999999999978 0.121 0.106

 931 31 2000 3 0.6 0.016 0.380000000000001 0.947 0.286 0.99938739649564 -0.0177336664999765 -0.0301719869768914 0.610319007464443 0.999915268568727 1.40983651789093e-05 -0.0130175068414361 0.593218954746302 0.999387373350038 -0.0177371500978848 -0.0301707059068271 0.610131501909619 0.999915268304648 1.56837192962793e-05 -0.013017525312585 0.593120807955885 0.00400000000000045 0.000999999999999446 0.121 0.107000000000001

 932 32 2000 3 0.6 0.0110000000000001 0.403 1.009 0.34 0.999821234602277 -0.000362327724268867 -0.0189041677150223 0.602595499640907 0.999694241762268 0.00761944093857593 0.023523756229555 0.58561454797669 0.999821221095239 -0.000366254957209676 -0.0189048063976152 0.602454041275906 0.999694273960275 0.00761805055996805 0.0235228381940546 0.585545240883005 0.00300000000000011 0.00199999999999978 0.119999999999999 0.104000000000001

 933 33 2000 3 0.6 0.0169999999999995 0.388 0.966 0.298 0.999939845875642 -0.0109070851224011 0.00115763739150925 0.595090862115736 0.999906332026518 -0.00237165260718966 0.0134797046401389 0.597668740549132 0.999939849609649 -0.0109065568611194 0.00115938779879925 0.59498719356011 0.999906310113448 -0.00236861932908113 0.0134818632904398 0.597550563346323 0.00300000000000011 0.00199999999999978 0.108000000000001 0.113999999999999

 936 36 2000 3 0.6 0.0179999999999998 0.381 0.970000000000001 0.313 0.999858870526303 -0.0122756497279929 -0.01146941383075 0.60701332473183 0.999799765332224 0.0198998169762413 -0.00210393106850346 0.603107326856969 0.999858828212994 -0.0122830120479811 -0.0114652195603773 0.606846768441026 0.999799822916181 0.0198969849205753 -0.00210335157370193 0.602962008871982 0.00399999999999956 0.00199999999999978 0.117999999999999 0.106999999999999

 934 34 2000 3 0.6 0.0180000000000007 0.388 0.987 0.326 0.999899611666147 -0.00463389987586881 -0.0133900545864589 0.609757546225652 0.999944923876975 0.009563526826909 0.00432298129776017 0.610963238653991 0.99989966973828 -0.00462795248593227 -0.0133877747615995 0.609573499668123 0.999944969698203 0.00955977124441277 0.00432068848834664 0.610769222766184 0.00299999999999923 0.00199999999999978 0.119000000000001 0.113000000000001

 935 35 2000 3 0.6 0.0109999999999992 0.387 0.999 0.347 0.999365122645644 0.0354397332374352 -0.00365745095874928 0.597986264158545 0.999707682476366 -0.0102302188707791 -0.0219064424220394 0.596613783088517 0.999365225124426 0.0354367890977174 -0.00365797627785654 0.5978691526157 0.999707566879371 -0.0102313988976217 -0.0219111661197103 0.596501895110611 0.00299999999999923 0.00199999999999978 0.115999999999999 0.103999999999999

 937 37 2000 3 0.6 0.0190000000000001 0.42 0.954 0.290999999999999 0.999605584221927 0.0117928967744241 0.0254873219073444 0.606051616379689 0.999952819167325 0.00933368200755477 -0.00269106289436339 0.605257096045021 0.999605512273723 0.0117963673962315 0.0254885375853717 0.605887730486328 0.999952762955605 0.00933978286394434 -0.00269078306560137 0.605101368219322 0.00499999999999989 0.00199999999999978 0.122999999999999 0.118

 938 38 2000 3 0.6 0.0170000000000003 0.434 0.964 0.287 0.999926784051638 0.00912342588796591 0.00794919091572963 0.603572863940511 0.999960147237133 0.000430214052479933 0.00891733443135804 0.592660364229153 0.999926776952473 0.00912387192647723 0.00794957197019847 0.603428591014395 0.999960135689577 0.000430471953384495 0.00891861679742814 0.592565075223114 0.00300000000000011 0.00199999999999978 0.114 0.109

 940 40 2000 3 0.6 0.036 0.44 0.94 0.285 0.99982800909442 -0.00539205723752621 0.0177448006197747 0.603111664365912 0.999974959889469 0.00159860422648365 -0.00689376954801841 0.600120513912611 0.999827952595888 -0.00539684932289736 0.01774652713355 0.602967798135728 0.999974951676698 0.00160160686549306 -0.00689426389356644 0.599990157955637 0.00300000000000011 0.00199999999999978 0.122 0.115

 939 39 2000 3 0.6 0.032 0.437 0.944 0.29 0.99992152807252 -0.00319206005266189 -0.0121139774532058 0.617024549938245 0.999681877614508 0.0205350535486677 -0.0146442871074676 0.597020329584068 0.999921505382994 -0.00319063694911712 -0.0121162250088705 0.616781994927163 0.999681810135528 0.0205361675987095 -0.0146473309689019 0.596903398914854 0.00300000000000011 0.00199999999999978 0.122 0.119

 942 42 2000 3 0.6 0.0300000000000002 0.441 0.899999999999999 0.274 0.999933156991599 0.00226377376385067 -0.0113382925151986 0.608214626252714 0.999950706618603 -0.00774767905077905 0.00620949291665292 0.607541752224808 0.999933245486591 0.00225811214479479 -0.0113316150743943 0.60804200689652 0.999950652583644 -0.00775201804645454 0.00621277826349439 0.607376884204418 0.00300000000000011 0.000999999999999446 0.12 0.114

 941 41 2000 3 0.6 0.0250000000000004 0.425 0.978000000000001 0.288 0.99974767567348 -0.0217585890855931 0.00558110978917757 0.627410151889559 0.999713866575314 0.0140321521456434 -0.0193722400149511 0.585500658046379 0.999747573809588 -0.0217624254859925 0.00558439780190475 0.627069342334502 0.999713850123359 0.0140320699647463 -0.0193731485317727 0.585428126376034 0.00300000000000011 0.00199999999999978 0.124000000000001 0.116

 945 45 2000 3 0.6 0.0210000000000004 0.415 0.933 0.279000000000001 0.99991061844488 -0.0131541699415277 0.00239226552165632 0.608787481010849 0.999922835158744 0.00475879792792152 0.0114750847656943 0.608177823854971 0.999910634510291 -0.0131533743036358 0.00238992419448596 0.608607300791363 0.999922849293926 0.00476385621738213 0.0114717537393194 0.608002570955242 0.00300000000000011 0.00199999999999978 0.12 0.114

 944 44 2000 3 0.6 0.0260000000000002 0.442000000000001 0.916 0.278 0.999823344480417 -0.0117762080962195 -0.0146492578265084 0.60860135508043 0.999936253147508 0.0112108174793396 0.00134432613872928 0.613204393256873 0.999823280200093 -0.0117772679940999 -0.0146527925161652 0.608423250738427 0.999936225420248 0.011213167599138 0.00134534928546977 0.612997219385237 0.00300000000000011 0.000999999999999446 0.12 0.115

 943 43 2000 3 0.6 0.0230000000000001 0.484 0.946 0.288 0.999905123060385 -0.0133789517727051 0.00327849463306903 0.61098726536383 0.999430014617685 0.024085065885098 0.0236549251236458 0.590975669885308 0.999905106246637 -0.013381310571527 0.00327399286665145 0.610795299841157 0.999430074400107 0.0240849367521966 0.0236525306519092 0.590888393254401 0.00300000000000011 0.00199999999999978 0.117 0.104

 946 46 2000 3 0.6 0.0269999999999997 0.47 0.945 0.292 0.999993160075166 -0.00179135078862866 0.00323587163459049 0.614786074100137 0.999985093006261 -7.27874986159907e-05 0.0054597131096397 0.605442759011184 0.999993166018381 -0.00179033113920205 0.00323459903947348 0.614568488506881 0.999985080311347 -7.52362901369007e-05 0.0054620045963022 0.605285847609958 0.00299999999999923 0.00199999999999978 0.122 0.111000000000001

 948 48 2000 3 0.6 0.028 0.431 0.944 0.293 0.999812385159251 -0.00226572032789622 0.0192369694485669 0.62125273415461 0.999848693207063 0.0115455411987051 -0.0130111940481211 0.587975733635011 0.999812461024007 -0.00227031720852632 0.019232484002107 0.620980369375396 0.999848655046368 0.011547342506784 -0.0130125279250473 0.587898036130994 0.00300000000000011 0.00200000000000067 0.123 0.0999999999999996

 950 50 2000 3 0.6 0.0499999999999998 0.431 0.909000000000001 0.282999999999999 0.999810712950025 -0.019447570620319 0.000574688898121661 0.588508244516682 0.999931312173325 -0.00631143939141343 -0.00987606541800491 0.595639771824212 0.999810734595315 -0.0194465220670217 0.000572509802104145 0.588428161168729 0.999931340350845 -0.00630963719250704 -0.0098743639117705 0.595532395084904 0.00399999999999956 0.00199999999999978 0.113 0.103

 947 47 2000 3 0.6 0.0259999999999998 0.431 0.952 0.292000000000001 0.999650463489108 -0.0256050070456546 -0.00658289147740675 0.595667035739606 0.999868673129724 0.000959084747759167 0.016177658985543 0.593439787753929 0.999650481001207 -0.0256042939500446 -0.00658300580086501 0.595558841400463 0.999868685409704 0.000955879256332199 0.016177089723378 0.593340130741741 0.00300000000000011 0.00199999999999978 0.113 0.109999999999999

 949 49 2000 3 0.6 0.044 0.399999999999999 0.973000000000001 0.300000000000001 0.999781242339399 -0.0140853545145792 0.0154618968592561 0.609331480805589 0.999540072484743 0.02464829978213 -0.0176664884752479 0.604515483656116 0.999781237038695 -0.0140873570363187 0.0154604151660808 0.609147270247858 0.999539991732147 0.0246502877485202 -0.0176682835050283 0.604363712910025 0.00399999999999956 0.00199999999999978 0.122 0.109000000000001

 951 51 2000 3 0.6 0.0230000000000001 0.397 0.907 0.286 0.999982076096097 -0.00327337224663436 -0.00501323455204378 0.612879242276385 0.99984766376702 0.000917069037080165 0.0174300959266791 0.609002769689908 0.999982078570951 -0.00327018337174466 -0.00501482179501465 0.612676341758453 0.999847721177027 0.000914245240490623 0.0174269507587036 0.608822151986362 0.00300000000000011 0.00100000000000033 0.119 0.111

 953 53 2000 3 0.6 0.0310000000000001 0.387 0.894 0.279 0.999677442160819 0.0115575615403258 -0.0226149155657265 0.591384435940981 0.999691481921615 0.0247125054456871 0.0024966072902336 0.613671884282572 0.999677464681199 0.0115580446038897 -0.0226136731537421 0.591296595660877 0.999691542381893 0.0247096955007439 0.00250020766605742 0.613459075796695 0.00300000000000011 0.000999999999999446 0.108 0.109999999999999

 954 54 2000 3 0.6 0.0189999999999997 0.384 0.914 0.28 0.999906597110203 -0.0054206677822005 -0.0125464503461552 0.615698371481994 0.999816601875337 -0.0162526808323333 -0.010129806524162 0.597472552141281 0.999906601444705 -0.0054308533188534 -0.0125416992281127 0.61547359617589 0.999816636563942 -0.0162520897832785 -0.0101273307264567 0.597360065431514 0.00300000000000011 0.000999999999999446 0.117999999999999 0.103

 952 52 2000 3 0.6 0.0289999999999999 0.379 0.938 0.296 0.999661678210239 -0.0129496863222037 -0.0225573655830027 0.593121610625415 0.999921137578501 0.0118755581083378 0.00408530822981657 0.60950962139596 0.999661752545302 -0.0129480562389477 -0.0225550069316864 0.593027274000855 0.999921177220466 0.0118709314285874 0.00408905038540678 0.609323936360365 0.00399999999999956 0.00199999999999978 0.108 0.111000000000001

 956 56 2000 3 0.6 0.0329999999999999 0.371 0.934 0.29 0.999924268935005 0.00254969792930232 -0.0120397439867317 0.584746095271978 0.999581726113526 -0.0272400411691878 0.00971354605722096 0.603706548976582 0.999924300600198 0.0025512450925757 -0.0120367860196437 0.584678919765257 0.999581702939971 -0.0272397809866962 0.00971665989033839 0.603559623374641 0.00300000000000011 0.00199999999999978 0.109 0.103

 957 57 2000 3 0.6 0.0419999999999998 0.367 0.945 0.295 0.999977144334413 0.00535904556227413 -0.00412206737616947 0.594034668427296 0.999995928747526 0.00226973935455402 -0.00172938475644406 0.593800780310969 0.999977133986018 0.00536026953898681 -0.00412298624525699 0.593934636381773 0.999995927941186 0.00227094249351771 -0.00172827117012149 0.593699986804378 0.00299999999999923 0.00199999999999978 0.106 0.101999999999999

 955 55 2000 3 0.6 0.032 0.369 0.931 0.286 0.999830825280259 -0.0146300410835866 -0.0111482158792025 0.610800527374486 0.999770717157327 0.0179035061372679 0.0117463859427866 0.605744749974175 0.999830681774096 -0.0146366311193855 -0.0111524352776714 0.610609528591174 0.999770665731602 0.017905128441269 0.0117482900070935 0.605586145400725 0.00299999999999923 0.00100000000000033 0.116000000000001 0.108

 959 59 2000 3 0.6 0.0289999999999999 0.369000000000001 0.923999999999999 0.284000000000001 0.999809271013841 -0.0194342140224852 0.00193207662887456 0.587414725901911 0.999773598037225 -0.0157233517154602 0.0143362784059744 0.590941776003083 0.99980933848813 -0.0194308012237778 0.00193148536875341 0.5873399894358 0.999773554322152 -0.0157221486410018 0.0143406457372599 0.590854487978078 0.00400000000000045 0.00100000000000033 0.107 0.0979999999999999

 958 58 2000 3 0.6 0.0369999999999999 0.37 0.944999999999999 0.295 0.999883083592499 -0.00378933942866858 -0.014814184157416 0.604058535012562 0.999963291871918 -0.00754644347911413 -0.0040578441929132 0.616343533499146 0.999883096294812 -0.00378617492887771 -0.0148141359285154 0.6039090471204 0.999963212176024 -0.00755210342550824 -0.00406694338036583 0.616107413311272 0.00400000000000045 0.00199999999999978 0.115 0.11
