
 165 65 10000 10 0.8 0.048 0.841 0 1.233 0.999996363206599 -0.000325605459874345 -0.000964753066774103 0.00142050971441138 -0.000265685368339959 0.000854867727333476 0.00111032251311388 -0.000853700504061319 -0.000152170026424416 -0.0011969939155877 0.802049023484764 0.999986115206107 -0.00290163074988288 -0.0017719511363442 -0.00118358855327412 0.00101015150082209 0.00100436797915545 0.000706796133107612 0.00104608330124818 -0.00308010475153763 0.00130352747500097 0.79903003032732 0.999996363036772 -0.000325575168779946 -0.000964921774287721 0.00142058198824304 -0.000265687789159994 0.000854878100754082 0.00111029216618575 -0.000853665253513166 -0.000152324176079049 -0.00119694801006318 0.802025957145933 0.999986115323986 -0.00290169158556603 -0.00177191549868837 -0.00118360769777292 0.0010101313814397 0.00100436972319501 0.000706836008814585 0.00104614712964426 -0.00308003707869097 0.00130343398536344 0.799011716189846 0.016 0.0149999999999988 0.450000000000001 0.428000000000001

 191 91 10000 10 0.8 1.661 1.515 0 4.155 0.99999093157959 0.00129689955589542 0.000913972578459555 0.00290194737734227 0.000411629129914341 -0.000935668840031769 -0.000752280056204249 0.00201234658601768 0.000550716305478589 0.00111107985230622 0.801684741946508 0.999984047204297 -0.00133408747236397 0.000270721130269088 0.00131585137831239 0.00119210370379974 0.00196787947289004 -0.00375964756962912 -8.71032853867162e-05 0.000231291494304048 0.00297171655857537 0.802068122504113 0.999990932410501 0.00129673301932651 0.000913892693449253 0.00290198541995533 0.000411582372703979 -0.000935657552059276 -0.00075229946144319 0.0020121864859351 0.000550540599770508 0.00111088344573445 0.801662282982108 0.999984047229666 -0.00133407330204648 0.000270625888365715 0.00131582878617891 0.00119198528123676 0.00196782358033424 -0.00375970022844297 -8.7106760960087e-05 0.000231355287424795 0.00297174588697243 0.802045046426576 2.318 3.558 107.233 131.655

 194 94 10000 10 0.8 2.422 3.167 0 2.781 0.999983610924653 0.000833699364678023 0.000635558520355886 0.000649220527270505 0.000796544646386354 0.00112524097198737 -0.0044665383048035 -0.00077711790268465 -0.00241042548355392 -0.00172995006916153 0.799621349858546 0.999994034402457 -0.000340206484739641 0.000599219737162336 0.000640015678994859 0.000947481398790243 -0.00174459048357114 0.000305003813883631 -0.000822192289186089 0.00195020916949791 -0.00159156351870293 0.799706844360208 0.999983610425316 0.000833713212981884 0.000635569661185083 0.000649240102730784 0.000796524517608854 0.0011252736436774 -0.0044665994572751 -0.000777170655678809 -0.00241042545172583 -0.0017300270646214 0.799602185348677 0.99999403418781 -0.000340208998296516 0.000599208356439427 0.000640044233721108 0.000947482428684974 -0.00174462014412257 0.000305029741276718 -0.000822207800296035 0.00195028708124024 -0.00159154906973841 0.799687562076253 0.547000000000001 1.014 112.874 146.856

 174 74 10000 10 0.8 1.294 5.004 0 4.798 0.999982109827183 -0.00255571841810188 -0.00293676231798099 -0.00151191989100117 -0.000163262756600537 -0.000269605230143203 -0.000391700975570621 0.00325989551591603 -0.00270690798938011 0.000361681177874341 0.800317955178424 0.999979680489971 0.00211454005597664 -0.00460177436755003 0.00249215031671918 0.00112716932112472 -0.000250110960927931 0.00181403042457563 0.000457828363095969 0.00136880711840239 -0.00143985232119871 0.798786344212311 0.999982109204415 -0.00255572710191133 -0.00293691396241201 -0.00151194285634685 -0.000163250882666278 -0.00026954101632446 -0.000391676085531716 0.00325995729238299 -0.00270689048845586 0.000361668654105149 0.800297742548827 0.999979680267493 0.00211457056134575 -0.00460172654486651 0.00249228943443866 0.00112707295546877 -0.000250162402490833 0.00181411458354963 0.000457787224702047 0.00136883059244831 -0.00143982530674601 0.798768427722826 2.507 3.47 98.796 149.753

 192 92 10000 10 0.8 2.726 1.924 0 2.682 0.999986280470336 0.000790922149057132 0.00140809810991125 -0.00151270158611052 0.000135870395086708 -0.0030427494445421 0.000667482918557082 0.00353312267289613 0.000531103592444541 0.00023443898875089 0.801174289768372 0.999990392736363 -0.00226085831016949 0.000463284531702794 -0.00029584711243321 0.000466935614777634 -0.000523684966489091 0.00267472469263264 0.00139909219888556 -0.00192729374438273 -0.000694585813967958 0.800826492386107 0.999986281017719 0.000790996720071638 0.00140801288527285 -0.00151258618990145 0.000135793186363603 -0.00304266371093412 0.00066751311733819 0.00353310417833292 0.000531127833088654 0.000234404252370603 0.801152718329648 0.99999039274097 -0.00226079151809881 0.000463384506959842 -0.000295776669526097 0.000466982657042727 -0.00052370892536091 0.00267480301292498 0.00139906071558425 -0.00192730321880921 -0.000694445714426682 0.80080542687574 0.497999999999998 0.421999999999997 131.771 145.85

 190 90 10000 10 0.8 3.067 1.541 0 7.254 0.999985921937924 -0.000492337473899764 0.00110549038860931 0.00131442163734345 0.00250720957191358 0.000288890760017758 0.000425298042663979 -0.00120326370263911 -0.00329642617833303 0.00246961764463766 0.800927654066158 0.999967789870681 0.00185232344180312 0.00049134092348719 -0.00326048234905779 0.00241819244403726 0.00514067000552887 -0.0010551325904016 0.00116648495028822 -0.00312165020679039 -0.00237131255280957 0.799513093111547 0.999985921787311 -0.00049234002702988 0.00110546022229487 0.00131436629770135 0.00250716236014608 0.000288979830638385 0.000425366972845886 -0.0012032998241918 -0.00329654106169632 0.0024695757670525 0.800906355536692 0.999967789919993 0.00185227379209867 0.000491274636230314 -0.00326054223620305 0.00241812826287331 0.00514069144060934 -0.00105514272070841 0.00116647908070511 -0.00312165415145714 -0.00237127409852849 0.799494127619019 3.72 4.28 112.928 132.494

 195 95 10000 10 0.8 1.872 2.183 0 2.904 0.999987939255385 0.00182644479653345 -0.000339766641999596 -0.000687088301096577 -0.000185692781994282 -0.00236419586938022 -0.000620465493967614 -0.00056495693454135 -0.0022986292736371 -0.0029302145393563 0.800533539439966 0.999972671281588 0.00294323690272086 0.00016194231627898 0.00371050044722836 -0.00207534863332132 -0.000565472189927859 0.00281933292168995 0.00090314182726964 0.00122493652183575 0.00416033701797834 0.799844276861719 0.999987939175863 0.00182645877923318 -0.00033978534135513 -0.00068706952405153 -0.000185789762473147 -0.00236421808256675 -0.000620384881349783 -0.000564920539283662 -0.00229861357985214 -0.00293024752285884 0.800513023367885 0.999972671546508 0.00294324329504975 0.000161939284237852 0.00371045426740655 -0.00207539320799019 -0.000565464844989281 0.00281928858097601 0.00090313317512539 0.00122493041065772 0.00416032261236402 0.799824741574096 1.003 1.611 148.785 127.897

 167 67 10000 10 0.8 2.162 1.786 0 2.621 0.999990002736515 0.00133537138119705 -0.000493873084151916 -0.00245468148759765 0.00215603610752482 0.000891895193987897 -0.00230337266622243 0.00021993624692471 -0.000245090180713211 -0.00104110659720098 0.802011711506573 0.999990378640488 0.00131376768564975 0.000933359814794999 -0.0013640699463776 7.62791525336858e-05 0.00307650762731278 -0.000952586414119272 -0.00044041778558561 -0.001809101578624 -0.000969452755513268 0.80015189053887 0.999990002574359 0.00133537622131767 -0.000493830472407328 -0.00245466860275476 0.00215604781852767 0.000891854388967561 -0.00230343977032485 0.000219899162591409 -0.00024517724661397 -0.00104115630378101 0.801988785270803 0.999990378924525 0.00131383437418532 0.000933283343681488 -0.00136405859768915 7.61846106500789e-05 0.00307643909746387 -0.0009526176687629 -0.000440355995067494 -0.0018091156577494 -0.000969354971474221 0.800131931338376 0.734000000000002 1.658 145.542 134.72

 181 81 10000 10 0.8 3.837 2.392 0 3.927 0.999981316959517 -0.00337758719523313 -0.000450251147729033 -0.00195431081050455 0.0039258370674227 -0.000194722119059398 0.000134594532596794 0.00154654170760841 0.00137720925217524 0.00147609422405371 0.80111139499838 0.99999611745516 -0.000822468000910084 -0.00124487812077354 -0.000578613370956846 0.000429220050918918 0.000488815895528554 -0.00148520082205968 -9.93527931192611e-05 -0.00109291067065819 -0.00117080698617635 0.801319792321981 0.999981317609315 -0.00337755810688898 -0.000450318730715154 -0.00195440109732562 0.00392571021395863 -0.000194722160352137 0.00013462560024348 0.00154647796724785 0.00137714205354637 0.00147604443351135 0.8010899800679 0.99999611736943 -0.000822448630354594 -0.00124484042297677 -0.000578628290117184 0.000429376634190071 0.000488895775821443 -0.00148524407089475 -9.94606370724483e-05 -0.00109294957440034 -0.00117073542073566 0.801298007171597 1.642 0.709 136.532 136.971

 180 80 10000 10 0.8 3.668 2.4 0 3.393 0.999986438662263 0.00302220120757408 -0.000726602571887006 -0.000926373740096676 0.00235356317293071 0.00270019205326697 8.65457666343221e-05 0.000708481369548619 -0.000195142120856108 0.0017957891357518 0.799537671949396 0.999986478508478 -0.00139894592411991 0.00133877553234721 -0.000246594518797739 0.000562243168972601 0.00176060798211755 0.00341046104196502 -0.00200626573348215 0.00105049238977763 -0.00174839438108199 0.799359172908277 0.999986438673421 0.00302219586584835 -0.000726624906644298 -0.000926371931858558 0.00235352807350703 0.00270019487273405 8.6503399988012e-05 0.000708474197827515 -0.000195153075959288 0.00179582924937321 0.799518519796717 0.999986478611667 -0.00139903188830719 0.00133873968710439 -0.000246640656839779 0.000562233804945332 0.00176057530126712 0.00341045827525049 -0.00200618825042454 0.00105049467491894 -0.00174841636997299 0.799340316289141 0.805 0.749000000000002 145.182 137.622

 166 66 10000 10 0.8 2.299 1.928 0 2.725 0.999984385034182 -0.00247955698876263 0.00208877527178371 -0.00214021966232761 -0.000220253593499598 0.00029307097607602 -0.000332288309847679 0.00113306855940112 -0.00371720424463179 0.000889771368793721 0.80096334562486 0.999989861499174 0.00240511418125937 -0.000108378360469368 0.000868391631941757 5.70113503233322e-05 -0.00215936331928221 -0.00012709037456285 0.00189258901500009 -0.00196379700528496 0.00126721374747439 0.798777270866094 0.999984385100396 -0.00247947520315759 0.00208879350550422 -0.00214024582996976 -0.000220186805921342 0.000293149900448988 -0.000332243337154082 0.001133075565814 -0.00371721852923608 0.000889757842226798 0.80094218555441 0.999989861500956 0.00240512742751446 -0.000108310247382664 0.000868374495190398 5.69707949398254e-05 -0.00215935487900233 -0.000127098285666329 0.00189257630433585 -0.00196377024381098 0.00126728063421414 0.798759309826612 0.698 1.421 142.848 141.1

 196 96 10000 10 0.8 3.216 1.773 0 6.927 0.999990455030683 -9.40884192389123e-05 -0.00132743087024867 -0.0010663321105551 0.000205116311744838 0.001593843940658 0.00106084685307612 0.000525610079088314 -0.00325368674519674 0.0012693728239398 0.800214837101169 0.999991773972464 0.00210437391854395 4.2337322306082e-05 -0.000341215929565653 -7.44644151470328e-06 -0.00132530200043004 -0.00084779087653435 0.00263728223266168 0.000197024574655376 -0.00156079165336263 0.798537485073908 0.999990455376855 -9.40083001777521e-05 -0.00132737247878503 -0.0010663661038693 0.00020512423337268 0.00159368885971958 0.00106081418413856 0.000525548763994683 -0.0032536876768864 0.00126938228926136 0.800194795043108 0.999991773946636 0.00210436122599986 4.23617229161772e-05 -0.000341249641968574 -7.42234880350092e-06 -0.00132544376710886 -0.000847824408165468 0.00263726266803663 0.000197094517676185 -0.00156070302439863 0.798519836217271 2.52 3.809 153.553 109.135

 182 82 10000 10 0.8 3.728 1.553 0 17.442 0.999981102291652 -8.8346500696184e-05 0.00176426441906769 0.002476210344721 0.000771584207571222 0.000379259160221433 0.00202044781032566 -0.00292715157826939 -0.00325224713583046 -0.00213922673153823 0.798254562206749 0.999990161838304 -0.00345297379235499 2.8654166002525e-05 0.00121529908541537 0.000890298332908816 -0.000505561322078676 -0.000149974391396073 0.000920096465116835 -0.00208755562753547 -1.56195329435897e-05 0.800944530228803 0.999981102364895 -8.83284240427528e-05 0.0017641956372499 0.00247621227053073 0.000771546635386321 0.000379193509218773 0.00202049258322435 -0.00292713698282858 -0.00325220716612344 -0.00213931137271939 0.798237318787899 0.999990162457344 -0.00345288467825391 2.86325523268425e-05 0.00121525150479682 0.000890279111841331 -0.00050549360869522 -0.000149876646905455 0.000920055794627865 -0.00208748389804436 -1.56366729542367e-05 0.800923330210947 4.09 4.23 117.002 134.08

 187 87 10000 10 0.8 2.869 3.613 0 3.258 0.999978659938768 0.000430518962914447 -4.05964703008511e-05 -0.00326596507112161 -0.00288433989695856 0.00125057690900749 0.00115237019097446 -0.000221081023029184 -0.00382563868441779 0.00243524949522871 0.798866695023597 0.999990247074209 0.000934864616424574 0.00113219118656136 0.00119478809845967 -0.00243942964817549 0.00169962396607808 -0.00138937201766328 0.000659147007377466 0.000354625145144375 -0.00214296106327608 0.800712881307886 0.999978659924714 0.000430441130880636 -4.06575175186289e-05 -0.00326590165450858 -0.00288439265080629 0.00125052271670474 0.0011523618192699 -0.000221003517654966 -0.00382568055681655 0.00243526361744523 0.798848548830913 0.999990246887751 0.000934899577877108 0.00113225519019157 0.00119477242075753 -0.00243940713563011 0.00169967691330522 -0.00138937526054392 0.000659116062143919 0.000354694049440774 -0.00214298738949501 0.800692012967412 1.585 1.673 152.615 126.22

 193 93 10000 10 0.8 2.101 2.631 0 4.178 0.999988935160841 0.00219153175992929 0.00284660982253651 0.00165906792870547 -0.000806513721137663 0.000396253562131 -0.00144177745983311 -0.000175782300714849 -0.00132749907759754 -0.00133854168022256 0.800144865256661 0.99997961411735 -0.000574909684149544 0.00235022524152434 0.000970066794498557 0.00102106247273531 0.00104672207567674 -0.000451898366616904 -0.00103600777119009 7.74050182886567e-05 0.00552761511412423 0.800874294606687 0.999988934964382 0.00219158544996259 0.00284657181224681 0.00165908794915553 -0.000806546482651928 0.000396266035870412 -0.00144180805112831 -0.000175801481424924 -0.00132749375180781 -0.00133860294083455 0.800124885237487 0.999979613272503 -0.000574908227705508 0.00235038206682212 0.000970034410313839 0.00102106455183315 0.00104669791953727 -0.000451839668448245 -0.0010360141828071 7.74097256843276e-05 0.00552771482586589 0.800853250596675 1.593 2.911 146.131 128.92

 169 69 10000 10 0.8 1.159 5.66 0 5.055 0.999982420445596 -0.00199932941822391 0.00128482614137569 -0.00325975909147878 0.00161729373003933 -0.00103507802610649 0.00166328223836495 -0.00197473591124024 -0.00257360160539151 -0.00138135209833067 0.799561039327169 0.999993613484029 0.00222182089664193 0.000323662726410771 -7.74227361060079e-05 -0.000196344869589419 -0.0015553443455232 -0.000796335036856287 -0.000911538420261209 0.000779274311782164 0.00178767548495966 0.798798831633788 0.999982420289124 -0.00199926266327029 0.00128476123605702 -0.0032597951358805 0.00161732813730363 -0.00103501570913401 0.00166320827559706 -0.00197477651372729 -0.00257370038148409 -0.00138139068539399 0.799542018574594 0.999993613405511 0.00222185555455154 0.000323546167589224 -7.73729834248449e-05 -0.000196372743722903 -0.00155539768944163 -0.000796351813460123 -0.000911495594683227 0.000779296082355287 0.00178765498388896 0.798780809630316 1.318 0.448 141.39 146.301

 168 68 10000 10 0.8 2.791 1.712 0 3.534 0.999992669276321 -2.09631673281995e-05 0.00211999480331255 0.00137600205646415 -0.00143172074887111 0.000694573003976231 0.000664616620695058 -0.00104488806848484 -0.00104757054590037 -0.00176352720447217 0.802055209774727 0.999987941497073 -0.000518646557087699 -0.000835420424361282 0.00209056592077438 0.00173499913566758 0.000806613105296486 0.00140325888975838 -0.00321805866441756 0.00166939841524121 -8.18424696720854e-05 0.797994969002474 0.999992669496839 -2.08469101550245e-05 0.0021198759390598 0.00137593561702755 -0.0014317971144577 0.000694599656688753 0.000664733049574267 -0.00104477067863669 -0.00104762003293244 -0.00176352203886113 0.802032139054202 0.99998794135886 -0.00051860615660092 -0.000835416030599127 0.00209063246907523 0.00173494680148824 0.000806590161915395 0.00140328830339816 -0.00321806697973727 0.00166943413579292 -8.19077689073036e-05 0.797978043213712 1.438 2.712 138.457 146.081

 171 71 10000 10 0.8 3.147 3.894 0 3.563 0.999970298478412 0.0048247619820915 0.000416793846954894 -0.00163521788109441 -0.00104652132833743 -0.000480890628206811 -0.00108451636640835 -0.00257632229915541 -0.00221504485910172 -0.00438516583836953 0.799447331198375 0.999987870166279 0.00323222143425255 0.00131256200167661 0.00127227820536467 0.00116057003320652 -0.000131291761937193 0.000865018927244542 -0.000568224264002738 0.00180943514048891 -0.00218206362297404 0.798528952221951 0.999970298330553 0.00482483331689135 0.000416774164727373 -0.00163500742860752 -0.00104644033428018 -0.000480902129294059 -0.00108456133661176 -0.00257643471048795 -0.00221508453585063 -0.00438512227089603 0.799428409914186 0.999987869752973 0.00323225829844142 0.00131256474966827 0.00127229863033633 0.0011605542849016 -0.000131289513058857 0.000865058026361299 -0.000568212927187571 0.00180952409743418 -0.00218210705806074 0.798511385357082 0.852 0.670000000000002 146.367 148.442

 175 75 10000 10 0.8 3.029 2.273 0 3.12 0.999986739096214 -0.000131261843365591 0.000489485401657714 -0.000636635117645021 -0.00303799679989387 0.00353922655208931 0.000724262580299004 -0.001455385592473 0.00102974073823834 -0.000633153360912074 0.800168625076199 0.999964844468379 0.00291631377928659 -0.00474852109490575 -0.00190370906386931 -0.00115755499504338 0.00219947648423875 -0.00438257837891032 -0.000344251477742435 -0.00296725744976378 -0.00115092615354366 0.800871773959138 0.999986738740356 -0.000131340505062278 0.000489399155830382 -0.000636653480489152 -0.0030381764122733 0.00353915852495072 0.00072436250516059 -0.0014553697578368 0.00102976496829936 -0.00063314838072071 0.800148627130455 0.999964844977012 0.00291640833494469 -0.00474852761389208 -0.00190364577878599 -0.00115755013527136 0.0021994646288566 -0.00438243265241247 -0.000344150260054454 -0.00296727721242862 -0.00115088417887791 0.800850723923627 1.017 1.625 149.37 144.801

 170 70 10000 10 0.8 1.469 2.115 0 14.665 0.99999331924618 -0.00209478875396224 0.00181997475275977 -0.000965049169565272 -0.000271858408565493 -0.000838599482219046 0.000839348287093194 0.00170431771794273 0.000175842237444531 -0.000558940135567947 0.800126578098828 0.999991688526978 0.00231361767849248 2.18937405655375e-06 -0.00174473848521106 -0.00146198234021012 4.5734429617e-05 -0.000631257329825472 -0.00234737874061325 0.000208483126386962 -0.000366484710169731 0.79844400837066 0.999993319438809 -0.00209480656566773 0.00181987520713489 -0.000965022596111884 -0.000271862931890378 -0.00083853172461259 0.000839449987956326 0.00170430984027643 0.000175824888043124 -0.000558874952100354 0.800106666828549 0.999991688543151 0.00231364745425651 2.07894918522458e-06 -0.00174472008352123 -0.00146195419132848 4.57038262202335e-05 -0.000631255803643893 -0.00234737774582126 0.000208504723959487 -0.000366453672919456 0.798426586110937 4.439 4.652 126.285 129.253

 179 79 10000 10 0.8 2.363 2.912 0 3.493 0.999988433407426 -0.00245772029082699 0.00240526448432704 -0.00128138809849378 0.00198475075493842 -0.00145468161849907 2.19078148818239e-05 -0.000168539909577397 0.00139187701168971 -0.00128213423499755 0.800693104035177 0.999979882007618 -0.00046420014222756 0.00307046415182642 0.0023371528985694 0.00305278169243093 0.00315170783642683 0.0022684211633376 -0.000241659831680942 -0.000352649857832703 -0.000740830723707317 0.799317220517421 0.999988433727633 -0.00245765009275434 0.00240515941617649 -0.00128140580604966 0.0019848105698731 -0.00145467619609865 2.19321938961969e-05 -0.000168636359651368 0.00139183062986599 -0.00128214926597483 0.800672255929318 0.999979882384625 -0.000464186945261161 0.00307036150617365 0.00233720859568491 0.0030526672298199 0.00315173848596165 0.0022684435571036 -0.000241734192539489 -0.000352718214359576 -0.000740795709546498 0.799298551743219 1.489 1.41 150.321 139.886

 197 97 10000 10 0.8 3.625 2.444 0 3.364 0.999992895740217 -0.000705363388391221 0.00178262983214138 0.000480731090992101 0.0011260034744183 0.00172563151962387 -0.0013471082878874 -0.00180073895619318 0.000960435754061558 0.000276719630037265 0.800626366655252 0.999989475706302 -0.000446126492841843 -0.00137987824209955 -0.000264009279655511 0.000933269433083234 0.001973730367147 0.00313474475402766 -0.000476321274719288 0.0020026056482803 0.000212470034544756 0.802527500643213 0.999992895403345 -0.000705377568414803 0.00178269063631346 0.000480840128430754 0.0011260184923534 0.00172571056793207 -0.00134710692246267 -0.00180080189959899 0.000960369369817018 0.000276593039294961 0.800605647080825 0.999989475722642 -0.000446177202697859 -0.00137990249633459 -0.000264118361781378 0.00093329853168551 0.00197360444836235 0.00313477461134169 -0.000476337386351614 0.00200261039181594 0.000212514075267473 0.802503627425638 1.523 2.381 144.13 148.103

 189 89 10000 10 0.8 1.85 2.586 0 3.019 0.999997315581312 0.000483755121872688 0.000708110757367845 -0.00023068522062141 0.000192094867060241 -0.00088918601236342 -0.00187053328598419 -0.000462504017691306 -0.000168733922798857 0.000106520219820627 0.80178314811442 0.999973506637537 0.000361257094009328 0.00415743849108279 -0.00287863617184472 0.000273731847884261 0.00012910018908727 -6.43484255911903e-05 -1.81967612788764e-05 -0.00520943969870414 -0.000224378080839947 0.801099477426988 0.999997315828533 0.000483812812622873 0.000708065663809951 -0.000230659870710836 0.000192167579240981 -0.000889104788735677 -0.00187041136424284 -0.000462613969289029 -0.000168683546847166 0.000106582043626994 0.801760585566909 0.999973506811374 0.000361251899709724 0.00415740304749434 -0.00287862926048458 0.000273725170704882 0.000129200474708254 -6.43190786296796e-05 -1.82086206075607e-05 -0.00520944016941162 -0.000224304037447508 0.80107799834929 0.59 1.431 148.682 147.418

 177 77 10000 10 0.8 2.844 4.478 0 10.89 0.999985824849642 0.000714084413481012 0.0015392852515882 0.000796811034771207 0.00149573201447048 0.00432776970948606 -0.00182437745477649 -7.28030642567338e-05 -0.000724254146922821 0.000104278235752713 0.80064477133183 0.999987670290695 -0.000682516254666419 -0.000485877410220808 -1.14162694703078e-05 -0.0035907811581081 -0.000444023484569558 0.00274704559279525 -0.000530359162745231 -0.000600336668373174 -0.00163658801616085 0.797867448173541 0.999985824430258 0.000714195247144726 0.00153924559980948 0.000796828857891943 0.00149566839850347 0.00432785714893375 -0.00182440818124799 -7.275371719529e-05 -0.00072433349460479 0.000104219264636859 0.800623953433185 0.999987669986058 -0.000682528664113894 -0.000485877061413374 -1.14873466326462e-05 -0.00359081210726073 -0.000444051381629774 0.00274709437970934 -0.000530438298357832 -0.00060033004317143 -0.00163658800565435 0.797850805317323 4.075 4.038 137.586 130.53

 172 72 10000 10 0.8 4.336 2.684 0 8.08 0.999989539393663 0.00215718628150199 -0.00136674770627401 0.000708083333076701 0.00185860225398038 -0.00131517044298298 0.0010881302393113 -0.00161567905637658 0.00163248939945823 -0.00150157443877262 0.801435971478575 0.999982357253994 0.00201320591901259 -0.000795627893855491 3.71697600271132e-05 0.000537653861459086 -0.00168703690904479 0.00414973556992787 0.00253605022592 0.0011367953580934 0.00158696326184854 0.800151846784067 0.999989539176432 0.00215724925786456 -0.00136673204420324 0.000708032768182002 0.00185863406049636 -0.001315198949039 0.00108822583219192 -0.00161573471490159 0.00163246854733023 -0.00150149589710931 0.801413953233815 0.999982357897554 0.00201316721728605 -0.000795630597837187 3.73043032791193e-05 0.000537592579599089 -0.00168709399279298 0.0041496339342487 0.00253604292951039 0.00113682969493616 0.00158681521882862 0.800131891802631 3.065 2.255 149.416 125.05

 178 78 10000 10 0.8 3.978 1.66 0 13.063 0.999989089592141 -0.000272665694235921 0.000981548653816972 -0.000246240145278165 -0.00151700372627762 0.00134411751186908 0.000245624540469497 -0.000938607349379027 -0.000820505373186354 -0.00387295516381417 0.800111987930514 0.999977506487353 -0.000449805784569502 -0.00293338399060603 0.00231787965868242 0.00283699320650808 0.00235792836315665 0.0013464664238369 -0.00238622371011515 -0.00114774295042042 0.00289381762007039 0.798170690761972 0.999989089476523 -0.000272608100820412 0.000981493852533504 -0.000246229089704343 -0.00151698306045366 0.00134418699233955 0.000245662783911118 -0.000938533781844073 -0.000820581066738424 -0.00387298700809652 0.800092081177373 0.999977506204402 -0.000449810648476864 -0.00293348423407159 0.00231783750570602 0.00283700468469632 0.00235793746569166 0.00134643792438933 -0.00238622093826783 -0.00114780887616499 0.00289381751507988 0.798153589883576 3.511 4.41 129.533 139.245

 173 73 10000 10 0.8 3.728 1.685 0 24.821 0.999980506035619 0.00106700530210295 0.000142778587360881 0.00173354462483494 0.0015497144487445 -0.000768556399507656 -0.00181399506526056 0.00287913948377357 0.00310103500126519 -0.00326109668468214 0.801207846162764 0.999972730179256 -0.00343909059928328 0.00158938486300776 -0.000617086952679609 -0.00205343742490667 -0.00242935207054428 -0.00226830365592772 0.000231863704133002 -0.00366030105324597 0.00333008864020294 0.799226517249341 0.999980506189395 0.0010670733482832 0.000142781131971324 0.00173350898841445 0.00154968145512219 -0.000768473953022585 -0.00181396200216413 0.00287913395204359 0.00310108207776475 -0.00326105971499484 0.801186309118268 0.999972730941301 -0.0034389612702085 0.00158935509533181 -0.000617123752466803 -0.00205349415466632 -0.00242929050629385 -0.00226828763739046 0.00023187109637428 -0.00366026758366033 0.00333005787215243 0.799207835380556 4.677 5.82299999999999 108.888 126.975

 185 85 10000 10 0.8 3.635 2.272 0 21.112 0.999992803925908 -0.000609686040949706 0.000184921498301631 -0.00247580786740176 0.000500607976912742 -0.000815314088158294 0.00055323944550633 -0.000934241720862419 -0.00207179380111397 -0.0012124365283924 0.798318601631465 0.999986307951246 -0.00140773004343947 -0.000730173347400968 0.00162698006160866 0.00317284692119849 0.00299891582202344 0.00145266510813499 -0.000742124922511265 0.000558993355533167 0.000433677691817966 0.799684304515984 0.999992803714988 -0.000609682289098476 0.000184961823331402 -0.00247582861910514 0.000500542265708808 -0.00081536279818472 0.000553288647386496 -0.000934302397409084 -0.00207178836540553 -0.00121249830379357 0.798301281205439 0.999986307826649 -0.00140782747400947 -0.00073018525642467 0.00162692037937404 0.00317282511196035 0.00299896714994746 0.00145264259299653 -0.000742211863143776 0.000558917565728604 0.000433681501802734 0.799665038979251 4.696 5.254 137.497 108.352

 183 83 10000 10 0.8 3.078 1.61 0 12.558 0.999991411759343 0.00242653740061148 0.000813529575530451 -0.00163517517865426 0.00223911535634255 -0.000234818813242617 0.00115557738994699 -0.000833503556999357 0.000217799061675715 -0.00089799465234997 0.802181379158765 0.999986008766272 0.000693131028249312 -0.00215872373130671 -0.00273278588243053 -0.000382801798962042 0.000225868438512045 -0.00216895962492546 -0.00260530254754164 -0.00071872184517037 -0.00177975621211561 0.802268626030053 0.999991411863432 0.00242657380708475 0.000813606298150529 -0.0016351401302269 0.00223902037659839 -0.000234833876398685 0.00115555615912702 -0.00083361000928377 0.000217944899114836 -0.000897900676626995 0.802158053293432 0.999986008607113 0.00069322371652843 -0.00215868777032155 -0.00273282586759182 -0.000382791181761308 0.000225752765201148 -0.00216900096861715 -0.00260534556488446 -0.000718655343296975 -0.00177972221563269 0.80224532393604 3.47499999999999 4.603 143.243 117.162

 188 88 10000 10 0.8 1.705 1.546 0 29.821 0.999985780542913 -1.37350579594507e-05 0.00205714624146766 -0.00266035018016917 -0.00250940196213267 -0.000445930588915457 -0.000256583748565845 0.00012002633165892 -0.00318732035631973 0.000627697934344505 0.799935136412241 0.999979066703644 0.00240046425737043 0.00275139107481758 0.00287877636393777 -0.00123816925541016 0.00257020424334062 -0.00326465848201519 0.00107501276968513 -0.000382099777353402 0.000384394330691469 0.79789835568186 0.999985780633766 -1.37541394726276e-05 0.00205708385895255 -0.00266031341555801 -0.00250945176154171 -0.000445902938834245 -0.000256534841480236 0.000119899609530556 -0.00318733006196262 0.000627728516873778 0.799915509989995 0.999979067167691 0.00240049416523485 0.00275137411607345 0.002878655309893 -0.00123815752707165 0.00257012555722462 -0.00326469268661641 0.00107500199651932 -0.000382047170752257 0.000384384137218445 0.797881673699444 4.84 5.259 143.503 101.433

 184 84 10000 10 0.8 3.789 2.336 0 14.667 0.999990441069669 -0.000367325711073422 -0.00166185639748263 0.000379220440992095 -0.000408803252127447 0.000726281737235552 -0.00173677348769689 0.00269247226367381 -0.00201619879332065 -0.00102558003562771 0.799397145678938 0.999983121298311 -0.00229290824779787 0.00216288575029005 -0.0037701536683547 -0.000585789118730677 0.00108066947382789 -0.00253671415699258 0.00033627901227206 -0.000740621740021432 -0.00100001927448631 0.799455988043849 0.99999044102413 -0.000367332321547235 -0.00166189567225054 0.000379193659749867 -0.000408818139981426 0.000726274072106824 -0.00173678881944714 0.00269247053541884 -0.00201614767948714 -0.00102564687951709 0.799378319116964 0.999983121392345 -0.00229287340591455 0.00216284192688249 -0.00377023547148531 -0.000585720913093285 0.00108056847511551 -0.00253669183478941 0.000336190490818922 -0.000740617212047366 -0.00100003033550077 0.799437070350637 3.526 4.306 143.65 112.644

 176 76 10000 10 0.8 4.403 1.629 0 34.852 0.999985378858935 0.000586412847783255 -0.000682635318440198 -0.00235995221830671 -0.000404343639092098 0.0032547953866652 0.00156910308405934 -0.00155025353576372 -0.000788333315351742 -0.0025727021119996 0.801109671004371 0.999986374671466 0.00267573878838292 0.000965592216444102 -0.0020471911386548 1.50891191580894e-05 -0.000437145650297233 0.00299105587200269 0.000473270380412749 -0.00174170716259908 0.00160382840230295 0.802252318870036 0.999985379030562 0.000586436931981067 -0.000682655363897897 -0.00235993484075873 -0.000404415898691887 0.00325477890257969 0.00156907859186013 -0.00155023635127483 -0.000788289275987038 -0.00257268881730245 0.80108830173398 0.999986374599311 0.00267577840859396 0.000965521009978114 -0.00204714755745692 1.51154630480929e-05 -0.000437256443218548 0.00299100813131759 0.000473110692905657 -0.00174188423309642 0.0016038191815596 0.80222897104618 6.128 5.399 149.603 79.3

 186 86 10000 10 0.8 2.944 1.523 0 24.682 0.99995950966708 0.00215185057802291 -0.00225400521134723 0.00223826951348751 -0.000109140726229368 0.000965867215520036 0.00387358531798338 0.000958919753050354 -0.0063560925245387 -0.00299820978069531 0.798902351096304 0.999987318747686 -0.000417769486307319 0.000736543098220189 0.00243914736654364 -0.00197127617703012 0.00149462814009632 0.00291600255247302 0.000219506878620013 0.00182948860318938 0.000823256406796447 0.801524640934351 0.999959509970671 0.00215190615238759 -0.0022539585862889 0.00223828628677005 -0.000109102096041555 0.000965856704535877 0.00387359455038067 0.000958981590411581 -0.0063560511852133 -0.00299815189330265 0.798884166929465 0.999987318643093 -0.000417770120806949 0.000736491386463026 0.00243919158161689 -0.00197123658289358 0.00149474478288549 0.00291596153662968 0.00021951451529488 0.0018295177361868 0.000823259925465927 0.801502484057708 4.683 5.429 166.944 85.075
