
 3007 7 100 3 0.7 0.00199999999999978 0.269 0.0739999999999998 0.0149999999999997 0.999846452575615 0.012375963708446 -0.0124059177107395 0.722464675300779 0.999427904756697 0.0337960209492977 -0.00130083113148429 0.664336626766066 0.999847357965791 0.0123337432587353 -0.0123749564061987 0.722803036150479 0.999427899530164 0.0337961970168098 -0.00130027225052052 0.664341652784758 0.00100000000000033 0.00100000000000033 0.0260000000000007 0.0180000000000007

 3006 6 100 3 0.7 0.00199999999999978 0.261 0.0820000000000003 0.0150000000000006 0.999499328066675 0.0072504855783899 -0.0307981111944034 0.738038065383526 0.996860619470105 0.0482787636725829 -0.0627540144367381 0.647602557975609 0.999499341641811 0.00725237618147564 -0.0307972254806961 0.737893969722929 0.9968625803629 0.048209875706702 -0.062775821432818 0.647978275986035 0.00200000000000067 0.00100000000000033 0.0230000000000006 0.0219999999999994

 3002 2 100 3 0.7 0.00199999999999978 0.26 0.0830000000000002 0.0149999999999997 0.995562074901203 0.0386151467010526 -0.0858197265415598 0.674670130742618 0.999612204704598 0.00630393230538229 0.0271238021505441 0.683861566967835 0.995562045181516 0.0386174588701079 -0.085819030898816 0.674667940203366 0.999612180319109 0.00630225418375324 0.0271250907810671 0.683858881289115 0.00100000000000033 0.00100000000000033 0.0190000000000001 0.0179999999999998

 3004 4 100 3 0.7 0.00200000000000022 0.264 0.085 0.0150000000000006 0.999164578437747 0.000416264122369046 -0.0408652899108763 0.756595540798132 0.998191430946854 0.0369786031442404 -0.0473967308342306 0.729639929244365 0.999164689951489 0.000412705033014624 -0.0408625993874543 0.756538734718523 0.998187082636094 0.0370012965561161 -0.0474705394072017 0.729228943970546 0.00100000000000033 0 0.0229999999999997 0.0229999999999997

 3009 9 100 3 0.7 0.00100000000000033 0.26 0.073 0.0149999999999997 0.998454728314582 -0.0256054596523654 -0.0493205428016092 0.763581910807685 0.997557668409955 -0.0686371002678246 0.0129478439640825 0.695671934382068 0.998454374229106 -0.0255817334472349 -0.0493400192196959 0.76333833441393 0.997557664300278 -0.068637237185731 0.0129474347762092 0.69566845540266 0.000999999999999446 0 0.024 0.0179999999999998

 3001 1 100 3 0.7 0.00200000000000022 0.257 0.0700000000000003 0.0149999999999997 0.997450402243969 0.00478554847239697 -0.0712024830266716 0.724454897012389 0.999529497536211 -0.0306319479516092 0.00157077041611912 0.669281620078311 0.997448316573593 0.00477699818844848 -0.0712322683396639 0.72490606782881 0.999529500902795 -0.0306318087568801 0.00157134251213645 0.669278825269453 0.00199999999999978 0.00100000000000033 0.024 0.0170000000000003

 3003 3 100 3 0.7 0.00200000000000022 0.259 0.0899999999999999 0.016 0.999360943997662 -0.0335220985532032 -0.0124085664236595 0.669313319621511 0.999756697400701 -0.0029448501203108 0.0218603261689408 0.683672526214822 0.999360885743782 -0.0335241227897494 -0.0124077893511291 0.669311496371018 0.999756643584859 -0.00294542352790225 0.0218627099916256 0.683668870014154 0.00199999999999978 0.00100000000000033 0.0170000000000003 0.0179999999999998

 3005 5 100 3 0.7 0.00099999999999989 0.257 0.0710000000000002 0.0149999999999997 0.996599897401185 0.079091891424429 0.0230893311045112 0.734749056238311 0.997738917021411 0.0498821480802268 0.0450424773280039 0.735165377100675 0.996601128376118 0.0790854612721183 0.0230582032002822 0.734521494360962 0.997741436037505 0.0498638365918204 0.0450069396222535 0.734910239981456 0.00200000000000067 0.00100000000000033 0.0220000000000002 0.024

 3008 8 100 3 0.7 0.00200000000000022 0.258 0.0779999999999998 0.016 0.995743421702467 0.0535179872594185 0.0750390776593346 0.751849266452904 0.999361251143783 -0.0067567566550784 -0.0350918217229699 0.699953025968205 0.995743570508496 0.053517420681653 0.0750375071186004 0.751843627499153 0.999361209461343 -0.006756393767693 -0.0350930786226826 0.699949796753215 0.00199999999999978 0 0.0190000000000001 0.0179999999999998

 3011 11 100 3 0.7 0.00200000000000022 0.256 0.0889999999999995 0.0170000000000003 0.997119948323812 -0.00760905694219402 -0.0754580075748675 0.730500569916203 0.998777109395592 0.0363040896076284 -0.0335603758195013 0.710246604251908 0.997124358751591 -0.00765583903671223 -0.075394968750385 0.730105794523764 0.998777116300975 0.0363041871334123 -0.0335600648105911 0.710243164786865 0.00199999999999978 0 0.0259999999999998 0.0190000000000001

 3012 12 100 3 0.7 0.00300000000000011 0.253 0.0700000000000003 0.0179999999999998 0.998405537432883 -0.0433583097847149 -0.0361447063339826 0.708786234941698 0.998264029652582 -0.0462327349568781 -0.0364891945676605 0.643254224742992 0.998405578560608 -0.0433573190155377 -0.0361447587741685 0.708783831211492 0.998263035651763 -0.0462440277131857 -0.0365020759983558 0.643714579270032 0.00199999999999978 0 0.0190000000000001 0.0210000000000008

 3014 14 100 3 0.7 0.00199999999999978 0.252 0.0699999999999998 0.0170000000000003 0.999705154251471 0.00947577029724847 -0.0223565279128147 0.69026514208935 0.99613995804966 -0.0772696124392844 -0.0416484209821146 0.733654390488539 0.999705225655326 0.00947563193447984 -0.0223533934085076 0.690263314908216 0.996141396008592 -0.0772390815844414 -0.0416706543510546 0.733365024673756 0.00199999999999978 0.00100000000000033 0.0180000000000007 0.0229999999999997

 3010 10 100 3 0.7 0.00199999999999978 0.255 0.0810000000000004 0.016 0.998606678176159 -0.00949303273646909 -0.0519093886637174 0.7019639607602 0.995705015244928 -0.0780582231822227 0.0497838970926616 0.719114303101699 0.99860665684269 -0.00949242697671711 -0.0519099098396247 0.701961896169283 0.995703736334936 -0.0780665487373222 0.0497964197196144 0.71930526291234 0.00199999999999978 0 0.0179999999999998 0.0229999999999997

 3015 15 100 3 0.7 0.00199999999999978 0.253 0.102 0.0170000000000003 0.994989477821016 0.0195934738133346 -0.0980409853550488 0.7014359048486 0.998649934230095 0.0290978717940805 0.0430304859289494 0.698153202652472 0.994989564740652 0.0195915773840119 -0.0980404822143121 0.70143255440864 0.998649962171507 0.02909560391526 0.04303137097112 0.698151090195794 0.00199999999999978 0 0.0190000000000001 0.016

 3024 24 100 3 0.7 0.00200000000000022 0.255 0.081 0.016 0.997349639726615 -0.072045519049271 -0.0101557531533812 0.724610510168833 0.999256177608745 -0.0354983081226757 -0.0150652458057827 0.707643680417849 0.997349514691189 -0.0720500305859732 -0.0101360069953478 0.725009923202952 0.999256146827757 -0.0354987090809196 -0.0150663426395857 0.707641229484152 0.00199999999999978 0.00100000000000033 0.0230000000000006 0.0170000000000003

 3019 19 100 3 0.7 0.00200000000000022 0.252 0.0870000000000006 0.0170000000000003 0.998334095139553 0.0327472618311026 0.0475042242801142 0.741219543963657 0.995081351128988 -0.0648443768989531 0.0748886601555507 0.706687107851764 0.998334738908197 0.0327381431812749 0.0474969795897038 0.741134731601672 0.995081371884815 -0.0648449922347015 0.0748878515509458 0.706685179888951 0.00200000000000067 0 0.0229999999999997 0.016

 3026 26 100 3 0.7 0.00200000000000022 0.252 0.0839999999999996 0.0170000000000003 0.998573935966249 -0.0500597632979581 0.0185503236474918 0.715020202249923 0.999052252954147 0.0433798321778713 -0.00357575550929182 0.657789970619308 0.998573930457877 -0.0500600680545546 0.0185497977422958 0.715018322102901 0.999052863890097 0.0433677066899729 -0.00355206551850541 0.657970445992122 0.00199999999999978 0.000999999999999446 0.0199999999999996 0.0209999999999999

 3030 30 100 3 0.7 0.00200000000000022 0.25 0.0750000000000002 0.016 0.99863931888068 0.0221032093227362 -0.0472330278848158 0.733880800943687 0.999694824749075 0.00677813128854146 -0.0237553005906232 0.702049370349858 0.998636936573222 0.0220993191389532 -0.0472851880111046 0.733602989113714 0.999694818092371 0.00677675403620185 -0.0237559736486329 0.702046207800028 0.00100000000000033 0.00100000000000033 0.0270000000000001 0.0190000000000001

 3018 18 100 3 0.7 0.00199999999999978 0.251 0.0739999999999998 0.0169999999999995 0.999288475344627 -0.0331360326973196 0.0180151708427264 0.688471479847652 0.999008702786637 -0.00138340381993509 0.0444937967635046 0.704940307719524 0.999288519984162 -0.0331356877801035 0.0180133290427365 0.688469007375421 0.999008679578983 -0.0013812907610249 0.0444943834847681 0.704937649247541 0.00199999999999978 0.00100000000000033 0.0200000000000005 0.0169999999999995

 3025 25 100 3 0.7 0.00199999999999978 0.248 0.0760000000000005 0.0170000000000003 0.996801892004342 0.0731133083900668 0.0322557317824816 0.717533273996483 0.999546897978457 -0.0300298876069195 0.00205051017066038 0.734525582311806 0.996802121031551 0.0731101887070264 0.0322557252937217 0.717625551650939 0.999546258087418 -0.0300515256744212 0.0020454212477793 0.734266819099105 0.00199999999999978 0.00100000000000033 0.0229999999999997 0.0229999999999997

 3031 31 100 3 0.7 0.00199999999999978 0.254 0.0809999999999995 0.016 0.99915102909438 0.0321643787108842 -0.0257424513553746 0.736333315153072 0.998713127334934 0.0500881137030286 0.00795425386490304 0.717961251902035 0.999150877351107 0.0321658852191603 -0.0257464583308108 0.736136934290313 0.99871361360996 0.0500784896601816 0.00795379553987231 0.71807257633872 0.00200000000000067 0.000999999999999446 0.0229999999999997 0.0200000000000005

 3016 16 100 3 0.7 0.00199999999999978 0.248 0.0759999999999996 0.016 0.998757115102465 0.0416725968175956 0.0273426353279892 0.69618548478898 0.996841453408255 0.00439501501222756 0.0792956531592952 0.708632846677539 0.998757169227918 0.0416721477580544 0.0273413426346767 0.696182131549486 0.996841500367291 0.00439419091996073 0.0792951084976107 0.708628967256516 0.00199999999999978 0.000999999999999446 0.0209999999999999 0.0190000000000001

 3021 21 100 3 0.7 0.00200000000000022 0.251 0.0739999999999998 0.016 0.998887438671068 0.0291276860416968 -0.0370872319135459 0.735909447068636 0.997137768673654 0.0747796452756934 0.0111478669245811 0.710994936037764 0.998887239732179 0.0291131716567905 -0.0371039827553787 0.735690449477407 0.997137678263451 0.0747806998517801 0.0111488796321201 0.710993460718576 0.00199999999999978 0.000999999999999446 0.024 0.016

 3023 23 100 3 0.7 0.00199999999999978 0.252 0.0890000000000004 0.016 0.998753789108367 0.0115495712383366 -0.0485538478999366 0.738122839006676 0.996948123094047 -0.0299829054543363 0.0720795757463426 0.601957273166552 0.998753720451299 0.0115489693875375 -0.0485554033118251 0.737974690486042 0.996948296855714 -0.0299899233826965 0.0720742526287323 0.601820122549034 0.00200000000000067 0 0.0230000000000006 0.0170000000000003

 3027 27 100 3 0.7 0.00200000000000022 0.25 0.0680000000000005 0.016 0.997127432711156 -0.00392571177792917 -0.0756404106407173 0.723031780948118 0.998770712842563 0.0475664193571734 -0.0139462868713096 0.6734759169622 0.99713152319905 -0.00392356389083093 -0.0755865800862647 0.723417482742299 0.998770707209754 0.0475665623505085 -0.0139462025613643 0.673473618192933 0.000999999999999446 0 0.024 0.0149999999999997

 3032 32 100 3 0.7 0.00200000000000022 0.255 0.0880000000000001 0.016 0.996916427579944 0.064609245167757 -0.0445340528146158 0.726304881268257 0.99546779926918 0.042633214040727 0.0850074683703352 0.709670208859266 0.996917423017017 0.0645946601421018 -0.0445329267647656 0.726875520704249 0.995467746235313 0.0426331721710676 0.0850081104119956 0.709667613356548 0.00199999999999978 0.00100000000000033 0.0259999999999998 0.0170000000000003

 3017 17 100 3 0.7 0.00199999999999978 0.251 0.0870000000000006 0.016 0.999747128039691 -0.0112903541826155 -0.0194475674268014 0.743553180566811 0.99782505656439 -0.0058907401495898 -0.0656540605961458 0.690092049846337 0.999747163737823 -0.0112921299485513 -0.0194447010623112 0.743507349959813 0.99782510436993 -0.00589091162879253 -0.0656533186466569 0.690089161323193 0.00199999999999978 0 0.0209999999999999 0.016

 3022 22 100 3 0.7 0.00099999999999989 0.252 0.0939999999999994 0.016 0.999703477598238 0.0238089302845335 -0.00510800515823148 0.720742670652146 0.999895012317059 -0.0118767503234343 0.00830103278057108 0.72756805458148 0.99970336218099 0.023818819363218 -0.00508443587505047 0.721001314660249 0.99989551442404 -0.011846619973502 0.00828358798390578 0.727103097669369 0.00100000000000033 0 0.0229999999999997 0.0190000000000001

 3020 20 100 3 0.7 0.00100000000000033 0.251 0.0860000000000003 0.0150000000000006 0.999818953732634 0.00135931218527655 -0.0189792525502131 0.745725551807849 0.999678133934042 0.0248940694433699 0.00489017798239652 0.673505673903341 0.999818942604782 0.00135794018207682 -0.0189799369629552 0.745703700465702 0.999678123883589 0.0248945692818357 0.00488968801260336 0.673502174324281 0.00199999999999978 0.00100000000000033 0.0209999999999999 0.016

 3029 29 100 3 0.7 0.00100000000000033 0.255 0.0840000000000005 0.0149999999999997 0.99974620739873 -0.00091555739916056 -0.0225096100922447 0.747858763707938 0.993266932615978 0.0369901825988369 0.109784001397979 0.677816410037852 0.999746186941794 -0.00091628172903536 -0.022510489180289 0.747851644684224 0.993266934065648 0.036990449106511 0.109783898485737 0.677814802924066 0.00199999999999978 0 0.0209999999999999 0.0149999999999997

 3028 28 100 3 0.7 0.00199999999999978 0.25 0.0900000000000007 0.016 0.999746238447055 0.00382663871675401 0.0221994492520627 0.716205211545896 0.998976346905923 0.030445170939186 0.0334566867603467 0.65823637628952 0.999746216417682 0.00382263385753471 0.0222011312531837 0.716215277250162 0.998976913415289 0.0304239665297467 0.0334590604150668 0.658397779104531 0.00199999999999978 0.000999999999999446 0.0179999999999998 0.0179999999999998

 3013 13 100 3 0.7 0.00200000000000022 0.255 0.0720000000000001 0.0170000000000003 0.994564879097475 -0.10356831996124 -0.0106913220057773 0.696391272720097 0.998779373343419 0.0405585928905033 -0.0281915577162729 0.726446729985335 0.994564872514737 -0.103568505385939 -0.0106901380658565 0.696387405418637 0.998779059393908 0.0405631004842003 -0.0281961946958886 0.726694605990196 0.00200000000000067 0 0.0220000000000002 0.249

 3033 33 100 3 0.7 0.00199999999999978 0.264 0.0699999999999998 0.016 0.997487808023759 0.0546707582248359 0.0450464320349334 0.734546504260608 0.999374971050183 0.0311079359423159 0.0167917705991627 0.697666630294674 0.997488119372559 0.0546699363803206 0.0450405347078411 0.734305694974948 0.999374907425034 0.0311101615172545 0.016791434113088 0.697664372131837 0.000999999999999446 0.000999999999999446 0.0219999999999994 0.016

 3034 34 100 3 0.7 0.00199999999999978 0.263 0.077 0.0149999999999997 0.99763155627376 0.0105963031711276 -0.067963198025851 0.706666805070822 0.998449894305946 -0.0506881530610469 0.0229895563181475 0.655550408550791 0.997631481691571 0.0105957948505364 -0.0679643720589354 0.706664254975447 0.998450079145598 -0.0506896772714609 0.0229781651196028 0.655773103250451 0.00199999999999978 0.00100000000000033 0.0190000000000001 0.0209999999999999

 3035 35 100 3 0.7 0.00200000000000022 0.26 0.0810000000000004 0.016 0.99666465406984 -0.00207526743121759 -0.0815797805398791 0.714430308718371 0.998788692573043 0.00649961660334198 -0.0487739948357758 0.697658713826878 0.996664601571669 -0.00207640642313955 -0.0815803929284057 0.714427477478525 0.998788622773444 0.00650049054069122 -0.0487753076982354 0.697655091126695 0.00100000000000033 0.00100000000000033 0.0209999999999999 0.0180000000000007

 3037 37 100 3 0.7 0.00099999999999989 0.262 0.0679999999999996 0.016 0.999328855551615 -0.0278205144164355 -0.0238297595351679 0.724650841412451 0.997968275981128 0.0631311694871256 0.00858927089125839 0.757144589038111 0.999329235050695 -0.027809126101434 -0.0238271374375521 0.725078915371941 0.997968455223841 0.0631286129983306 0.00858723465660259 0.757081147214996 0.00199999999999978 0.00100000000000033 0.024 0.0200000000000005

 3036 36 100 3 0.7 0.00199999999999978 0.261 0.0820000000000003 0.016 0.999461679287195 -0.018537811775943 0.0270684534279211 0.753015109641321 0.990927982738166 0.0852583724382878 -0.103888127115873 0.696755381435904 0.999461729793365 -0.0185369897995271 0.0270671514501587 0.753002136308348 0.990928073735702 0.0852583680672947 -0.103887262727209 0.696752850150176 0.00199999999999978 0 0.0209999999999999 0.0170000000000003

 3038 38 100 3 0.7 0.00199999999999978 0.263 0.0819999999999999 0.016 0.997958233031841 0.056968466883191 0.0288783466449327 0.699590745400515 0.996948579958644 0.00241499245706292 -0.0780236933878114 0.759171397699445 0.997958303118896 0.0569677573519959 0.0288773242932605 0.699586703349056 0.996949706122033 0.00242071150425725 -0.0780091252290744 0.75906050349895 0.00199999999999978 0 0.0219999999999994 0.0230000000000006

 3039 39 100 3 0.7 0.00199999999999978 0.263 0.073 0.016 0.99930774536949 0.0365491815925666 -0.00694171228595568 0.746605750372431 0.998846769484351 -0.0165721690523108 -0.045061006464323 0.696491049856769 0.999307782939924 0.0365475248607655 -0.0069450257195942 0.74659189574516 0.998846712280874 -0.016574539992627 -0.0450614024384727 0.696487847070614 0.00199999999999978 0 0.0219999999999994 0.0190000000000001

 3041 41 100 3 0.7 0.00099999999999989 0.261 0.0759999999999996 0.016 0.996596074311761 0.00428471367987068 -0.0823280383288048 0.694266078237972 0.999924112633267 0.0122195044013566 -0.00156610560246022 0.636543014578933 0.996596067696907 0.0042877635368452 -0.0823279596183135 0.694263650879051 0.999922340582371 0.0123634829202851 -0.0015675121541434 0.636052841936551 0.00200000000000067 0.00100000000000033 0.0190000000000001 0.024

 3040 40 100 3 0.7 0.00300000000000011 0.263 0.0669999999999997 0.0150000000000006 0.999470130890737 0.0270567116526494 0.0180939716977162 0.712800696063774 0.999539812348696 -0.0270090564888498 -0.0138084900519636 0.745533638360325 0.999470139849954 0.0270566452736848 0.0180935760657605 0.712798162812834 0.99953982489653 -0.0270088495630593 -0.0138079864967129 0.74551208387258 0.00200000000000067 0 0.0189999999999992 0.0189999999999992

 3042 42 100 3 0.7 0.00200000000000022 0.258 0.0910000000000002 0.0149999999999997 0.999148014608666 -0.0260624756555561 -0.031999879160152 0.701995074356813 0.995912779776816 -0.0680752839628728 -0.0593589992384335 0.715167312289855 0.999148005956755 -0.0260614674438213 -0.0320009704120874 0.701992107920363 0.995912702915718 -0.0680769083649781 -0.0593584258431433 0.715164747549904 0.00199999999999978 0.00100000000000033 0.0190000000000001 0.0170000000000003

 3046 46 100 3 0.7 0.00199999999999978 0.259 0.0879999999999996 0.0179999999999998 0.999844887181091 -0.0106955708119324 0.0139930819635172 0.708907553519018 0.998042522269925 0.0126570448006266 0.0612447790264637 0.68793913887175 0.999844905019789 -0.0106944081162285 0.0139926959880021 0.708905070319723 0.998042469785249 0.0126571618588536 0.0612456101172869 0.6879365775504 0.00199999999999978 0 0.0199999999999996 0.0169999999999995

 3045 45 100 3 0.7 0.00199999999999978 0.256 0.0800000000000001 0.016 0.999198820466754 0.0386960010597857 -0.0102145327758446 0.727349790026449 0.996310632077532 0.0348295635907402 0.0784348513694416 0.733165359752489 0.99920105093093 0.0386583913795836 -0.0101384710123556 0.726804431032428 0.99630811216524 0.0349098590632039 0.0784311632829927 0.732852511117585 0.00199999999999978 0.00100000000000033 0.0250000000000004 0.0250000000000004

 3044 44 100 3 0.7 0.00200000000000022 0.255 0.0830000000000002 0.016 0.998802500736752 0.0411266023970746 -0.0264984357516256 0.727011728321049 0.999436542392377 -0.0330253028424057 -0.00599392216642778 0.731119947111203 0.998801777348135 0.0411455839018758 -0.0264962354227857 0.726517900663492 0.999435162782723 -0.0330610612088347 -0.00602674250465521 0.730787179518175 0.00200000000000067 0.000999999999999446 0.0199999999999996 0.0200000000000005

 3043 43 100 3 0.7 0.00100000000000033 0.254 0.089 0.016 0.999165206924343 0.0401080324293372 -0.00776112147065843 0.747318512385475 0.999642328245978 0.0137937606002507 0.0229117382025986 0.675850101804097 0.999165172200141 0.0401085296939316 -0.00776302183776258 0.747309117849304 0.99964233392729 0.0137936256931684 0.0229115715444562 0.675847279795349 0.00200000000000067 0.000999999999999446 0.0209999999999999 0.0169999999999995

 3048 48 100 3 0.7 0.00199999999999978 0.256 0.0960000000000001 0.0170000000000003 0.996063276909195 0.0884218758701762 -0.00628651417841117 0.729342363708874 0.998753225186007 0.0465915757975388 -0.0179226182588371 0.671441430775285 0.996067672067214 0.0883740754787493 -0.00626222371663965 0.728903463924979 0.998753268790408 0.0465910932187264 -0.0179214428314066 0.67143899982882 0.00100000000000033 0.000999999999999446 0.024 0.0169999999999995

 3047 47 100 3 0.7 0.00200000000000022 0.255 0.0720000000000001 0.0150000000000006 0.999667250812627 0.0237687198899449 -0.0100217567081992 0.689565288154738 0.999266461589676 0.038112990093244 0.00373346061985931 0.668875006357364 0.999667211593555 0.0237689003742897 -0.0100252401349172 0.689561881939482 0.999266461777206 0.0381131429818138 0.00373184931524932 0.668872153636994 0.00100000000000033 0.00100000000000033 0.0209999999999999 0.0169999999999995

 3049 49 100 3 0.7 0.00099999999999989 0.254 0.089 0.016 0.99810919449852 0.0407890792889897 0.0459813752325125 0.688627750999761 0.998853651633563 0.0475059903965386 0.00587907260897102 0.694148987795376 0.998109153664338 0.0407901550054469 0.045981307355176 0.688625269199767 0.998853628737349 0.0475064920835948 0.00587890875436446 0.6941454427515 0.00200000000000067 0 0.0180000000000007 0.0179999999999998

 3050 50 100 3 0.7 0.00199999999999978 0.257 0.0749999999999997 0.016 0.997870421917585 -0.0607047952946962 -0.0238652234485632 0.702973078931589 0.996555315986662 -0.0193177482361977 -0.080649406580625 0.653713759781668 0.997870431296942 -0.0607055911609729 -0.0238628067304 0.702971112326814 0.996555080385113 -0.0193226455062075 -0.0806511446246247 0.653962255623133 0.00199999999999978 0 0.0190000000000001 0.0190000000000001

 3052 52 100 3 0.7 0.00199999999999978 0.259 0.0939999999999999 0.0150000000000006 0.997152372851643 -0.00818403409290356 -0.0749677724245795 0.70917198059916 0.993436075192248 0.0855912033958358 -0.0758874851861254 0.683317967368614 0.997152432559165 -0.00818067241320852 -0.0749673451591225 0.709169750383359 0.993436068501376 0.0855914203772996 -0.0758873280484049 0.683315638332696 0.00199999999999978 0.000999999999999446 0.0190000000000001 0.016

 3053 53 100 3 0.7 0.00100000000000033 0.254 0.0760000000000001 0.0170000000000003 0.99663116795878 0.0105515912713763 -0.0813325210156408 0.691594093537161 0.999605271662814 0.0016703985647482 -0.0280447968890385 0.719962718438072 0.996631226656802 0.0105510569236335 -0.0813318710614281 0.691591309373216 0.999605243801024 0.00170768086531313 -0.0280435445612473 0.720173397809156 0.00199999999999978 0 0.0179999999999998 0.0209999999999999

 3063 63 100 3 0.7 0.00199999999999978 0.255 0.0739999999999998 0.0179999999999998 0.995627959981838 0.0820417456937902 -0.0446555401481016 0.698955301320269 0.995922831880117 -0.0743413969098908 0.0510986266486151 0.688747957396488 0.995627900186271 0.0820421137851971 -0.0446561970652865 0.698951939536155 0.995922889037242 -0.0743408126364996 0.0510983626768887 0.68874535051665 0.00200000000000067 0.00100000000000033 0.0190000000000001 0.0170000000000003

 3060 60 100 3 0.7 0.00099999999999989 0.255 0.0800000000000001 0.016 0.998259650007369 -0.0260273517262923 -0.0529173707706657 0.693820428269833 0.999884365203147 -0.0141976130927811 -0.00544830292547836 0.665584297387276 0.998259780233731 -0.026026095238646 -0.0529155320707571 0.693818563618348 0.999884380332705 -0.014197031479109 -0.00544704175345736 0.665581164596636 0.000999999999999446 0 0.0169999999999995 0.0169999999999995

 3055 55 100 3 0.7 0.00199999999999978 0.25 0.073 0.0169999999999995 0.997292425201439 -0.0259093858618245 -0.0688223972271729 0.717327339308898 0.999324193016944 0.0366516264917985 -0.00279562632324219 0.733584461723929 0.997292513635473 -0.0259055403573345 -0.0688225633454242 0.717377262729816 0.999324806537532 0.036635534263942 -0.00278723302230168 0.733332737366653 0.00199999999999978 0 0.0220000000000002 0.0190000000000001

 3054 54 100 3 0.7 0.00099999999999989 0.25 0.081 0.016 0.999591301975665 -0.0199342131190945 0.0204903919415275 0.720951827063195 0.999955621952185 0.00417805903684655 -0.00844381127827702 0.716242882061458 0.99959126085704 -0.0199332262140521 0.0204933577271494 0.721192146012583 0.999955619789804 0.00417667578522862 -0.00844475163488533 0.716253000382839 0.00199999999999978 0.00100000000000033 0.0199999999999996 0.016

 3064 64 100 3 0.7 0.00199999999999978 0.253 0.0739999999999998 0.016 0.995282508746757 0.0480124640495587 -0.0843061746175875 0.705384148394529 0.999271756611347 0.03771997741235 -0.00575844969451678 0.711164395928051 0.995282419056421 0.0480109661961824 -0.0843080864574003 0.705381283972317 0.999271747488898 0.0377202195397889 -0.00575844669621872 0.71116163518186 0.000999999999999446 0.00100000000000033 0.0199999999999996 0.0179999999999998

 3051 51 100 3 0.7 0.00200000000000022 0.25 0.077 0.016 0.996949675927951 0.0584703455263592 -0.0516968312489448 0.691224641275881 0.998791399491075 -0.00457532870952817 0.0489367619470268 0.713657519556999 0.99694957230856 0.0584707043382544 -0.0516984236507133 0.691222403876604 0.998791378463203 -0.00457645774056791 0.0489370855499594 0.71365560448831 0.00200000000000067 0 0.0169999999999995 0.016

 3056 56 100 3 0.7 0.00100000000000033 0.253 0.0779999999999998 0.016 0.99971300208753 -0.0238841514895812 0.00186031308125762 0.680855584220233 0.996783727534522 0.0129713218048052 0.0790818900445624 0.739730570514942 0.999713018926297 -0.0238834740344357 0.00185996164349021 0.680851758545862 0.996784753847877 0.012964973238589 0.0790699940897363 0.739617342998531 0.00199999999999978 0.000999999999999446 0.0200000000000005 0.0200000000000005

 3057 57 100 3 0.7 0.00100000000000033 0.251 0.0859999999999999 0.016 0.995153173239058 -0.0977550034112102 -0.0106827477883019 0.707509461751176 0.997331480894973 -0.0419995728916342 -0.0597156017533081 0.666911659973219 0.995153316310506 -0.0977535595395162 -0.0106826323327711 0.707507058641013 0.997331467576046 -0.0420000564054022 -0.059715484127261 0.666909709878391 0.00100000000000033 0 0.0190000000000001 0.0150000000000006

 3062 62 100 3 0.7 0.00200000000000022 0.252 0.0779999999999998 0.016 0.998220837840256 -0.0292379035207959 0.0519644484162512 0.790992201669775 0.996651823600612 -0.0393668893073203 0.0716616392489079 0.668787935951314 0.998221253134495 -0.0292347126002368 0.0519582656540908 0.790910641426118 0.996651658865556 -0.0393690726558468 0.0716627308909803 0.668784805180549 0.00200000000000067 0 0.0230000000000006 0.0170000000000003

 3059 59 100 3 0.7 0.00200000000000022 0.253 0.0809999999999995 0.016 0.999753139705457 0.0219531487567233 0.00342328917070078 0.714421288818078 0.997885635440071 0.0572338852704706 -0.0307983921530258 0.699828133231652 0.99975315256474 0.0219525611559619 0.00342330185004803 0.71441909492512 0.997885678811495 0.0572337064435292 -0.0307973191959665 0.699825399214593 0.00199999999999978 0 0.0180000000000007 0.016

 3058 58 100 3 0.7 0.00200000000000022 0.252 0.0939999999999999 0.016 0.999352931787336 0.0313096756908628 -0.0177037266186867 0.705754940749967 0.998724326206824 -0.0496387879758016 -0.00925802198198678 0.656572546594558 0.999352865799314 0.0313118167503658 -0.0177036648886684 0.705750733186109 0.9987244116521 -0.0496333571637289 -0.00927789991456101 0.656788699072148 0.00199999999999978 0.000999999999999446 0.0209999999999999 0.0199999999999996

 3061 61 100 3 0.7 0.00099999999999989 0.252 0.101 0.016 0.999249805303548 0.0384415336712652 0.00469841354315665 0.724463414848723 0.997349968360828 0.0705663512834615 -0.0177039734860279 0.749031023036274 0.999248403478397 0.0384770990841134 0.00470542154808015 0.724910649051665 0.997350252731688 0.0705618385569734 -0.017705940118998 0.749184213220901 0.00100000000000033 0.000999999999999446 0.024 0.222

 3065 65 100 3 0.7 0.00200000000000022 0.256 0.0829999999999997 0.0149999999999997 0.999575983794028 -0.0255432328548767 -0.0139784075460453 0.748355007661672 0.997589636842065 -0.0551306216081733 -0.0421370505186707 0.644760861427281 0.999575866191293 -0.0255436682411477 -0.013986019473485 0.748432086745798 0.997590530258209 -0.0550955021668648 -0.0421618261004616 0.645165861921881 0.00199999999999978 0 0.0259999999999998 0.0219999999999994

 3067 67 100 3 0.7 0.00200000000000022 0.258 0.0710000000000002 0.0150000000000006 0.99920406526211 0.0290876793474197 0.0272973052489712 0.713969377254669 0.997534090725819 -0.0623844702477689 0.0321545597344932 0.693074486920647 0.999204029489772 0.029087304133534 0.027299014444582 0.713966991570722 0.997534144151034 -0.0623832117094636 0.0321553440298344 0.693072019712752 0.00200000000000067 0.00100000000000033 0.0190000000000001 0.0179999999999998

 3066 66 100 3 0.7 0.00199999999999978 0.259 0.081 0.0150000000000006 0.994264542718233 0.0568046067309905 -0.0906159795369478 0.713614425330135 0.992230912520973 -0.0994007060403647 -0.0748152115313037 0.670268653613802 0.994264657790892 0.0568037628415659 -0.0906152459302499 0.713612542044588 0.992230878398879 -0.0994012929296765 -0.0748148843192123 0.670264793786323 0.00100000000000033 0 0.0190000000000001 0.0200000000000005

 3069 69 100 3 0.7 0.00199999999999978 0.259 0.0760000000000001 0.0150000000000006 0.996909843383611 -0.0721060676340148 -0.0311685606857774 0.730742357220428 0.999857921879025 0.0120144005051452 -0.0118232921075058 0.70024051422907 0.996912585617349 -0.072069271811709 -0.0311659541529104 0.730367558340351 0.999857935133914 0.012012886527791 -0.011823709528605 0.700238129868759 0.00199999999999978 0.000999999999999446 0.024 0.0179999999999998

 3068 68 100 3 0.7 0.00199999999999978 0.26 0.0790000000000002 0.0149999999999997 0.999921952813168 -0.00578674276599155 -0.0110725737956571 0.702756229005106 0.996827536927212 -0.0787418284160395 -0.0116011241406143 0.676563162322456 0.999921940920033 -0.00578717956254507 -0.0110734195000449 0.702753507841252 0.996827590193738 -0.0787412885565652 -0.0116002114203553 0.676559792836633 0.00200000000000067 0.00100000000000033 0.0200000000000005 0.0190000000000001

 3070 70 100 3 0.7 0.00099999999999989 0.26 0.107 0.0150000000000006 0.999350927334367 -0.0360235954730101 0.000156860245757632 0.741392786124973 0.999048391823954 -0.00382272572281609 -0.043447641616309 0.658850209458686 0.999350838647247 -0.0360260535469054 0.000157355900814506 0.741319269933963 0.999048140937432 -0.00381875179955923 -0.0434537596089746 0.659006162212951 0.00199999999999978 0.000999999999999446 0.0229999999999997 0.0209999999999999

 3071 71 100 3 0.7 0.00200000000000022 0.263 0.0800000000000001 0.0149999999999997 0.99767496664253 0.00826312108932132 -0.0676489598197207 0.722794227351974 0.987087054664834 -0.156482484962361 0.0342400118736375 0.693798649379026 0.99767324762995 0.00819673328491084 -0.0676823797377498 0.72315175124733 0.987086778328388 -0.156484262780521 0.0342398532607861 0.693795778970523 0.00199999999999978 0.00100000000000033 0.0259999999999998 0.0169999999999995

 3072 72 100 3 0.7 0.00199999999999978 0.263 0.0779999999999998 0.016 0.997267179862638 0.0419410035767289 -0.0608204257449525 0.70125525760955 0.99601349234031 -0.0578335787350909 -0.0679146541384988 0.668050350445579 0.997267094737377 0.0419402186999772 -0.0608223627415845 0.701252365936043 0.996013533653519 -0.0578334279868128 -0.0679141766225958 0.668047561433629 0.00199999999999978 0.000999999999999446 0.0209999999999999 0.0170000000000003

 3073 73 100 3 0.7 0.00199999999999978 0.261 0.0779999999999998 0.016 0.999760832413005 -0.00369130667121628 0.0215557933724286 0.746076488316308 0.99990987752214 0.00947633690029432 0.00950977773717057 0.694694419562069 0.99976088038643 -0.00369152117378542 0.0215535315058443 0.746057653741762 0.999909878844044 0.00947459694280827 0.00951137229112138 0.694690737732371 0.00100000000000033 0.000999999999999446 0.0200000000000005 0.0190000000000001

 3074 74 100 3 0.7 0.00199999999999978 0.265 0.0819999999999999 0.0150000000000006 0.99483947747568 -0.00179887659467639 -0.101445443953451 0.695688552104657 0.992168129768526 -0.0666691340185521 -0.105629677841232 0.694098471535087 0.99483959061822 -0.00179825280550518 -0.101444345458086 0.69568558542635 0.992168010644392 -0.0666699631583042 -0.105630273437208 0.694095381629084 0.00199999999999978 0 0.0200000000000005 0.0170000000000003

 3075 75 100 3 0.7 0.00200000000000022 0.26 0.0990000000000002 0.016 0.997924966045152 0.0441884574824465 -0.0468309979511822 0.713299398397483 0.996862143002192 0.00209647494570681 -0.079129467595068 0.722345796628414 0.997924971962205 0.0441913394312309 -0.0468281523605749 0.71329764199214 0.996857363503535 0.00211416345505142 -0.0791891857621112 0.722685125004503 0.00200000000000067 0.00100000000000033 0.0190000000000001 0.0229999999999997

 3079 79 100 3 0.7 0.00199999999999978 0.259 0.0779999999999998 0.016 0.999386492729891 0.0209719012006865 -0.0280502675401875 0.715067991550548 0.996417660492456 0.0485254795920544 -0.0692612712062205 0.704803333910987 0.999386438996025 0.020972303080084 -0.0280518814763158 0.715065237036305 0.996417815344993 0.0485254320620358 -0.0692590767069899 0.704800976921105 0.00199999999999978 0.000999999999999446 0.0190000000000001 0.0170000000000003

 3076 76 100 3 0.7 0.00199999999999978 0.26 0.0869999999999997 0.0170000000000003 0.996462959583779 0.0610638419380972 -0.0577302120669445 0.738374731102858 0.999996373134848 0.00268116982437114 0.000255040238511177 0.737730207061906 0.996462600610047 0.0610648123965428 -0.0577353814609102 0.738229283484522 0.999996375715325 0.00267801046728277 0.000277157270009352 0.737575695002457 0.00100000000000033 0 0.0229999999999997 0.0209999999999999

 3077 77 100 3 0.7 0.00099999999999989 0.257 0.0770000000000004 0.016 0.9972316485764 0.0345423647446348 -0.0658472787246721 0.719157142310212 0.998489609795956 -0.0467481985031836 0.0288635594864145 0.709926576055181 0.997231497008944 0.034540467647376 -0.0658505692306521 0.719334842587429 0.998489596463069 -0.0467481355422215 0.0288641226844773 0.70992387244555 0.00199999999999978 0.00100000000000033 0.0220000000000002 0.0169999999999995

 3081 81 100 3 0.7 0.00300000000000011 0.256 0.0670000000000002 0.0149999999999997 0.994585707526077 -0.0399466992660693 -0.0959350384510185 0.685020214823661 0.999823282864575 -0.0185545936246066 0.00302160509164966 0.718613245685907 0.994585946293367 -0.0399463802682011 -0.0959326958820361 0.685017757869014 0.999823255069828 -0.0185551269956185 0.00302752105684408 0.718747542360863 0.00200000000000067 0 0.0170000000000003 0.0190000000000001

 3080 80 100 3 0.7 0.00200000000000022 0.257 0.0840000000000001 0.0149999999999997 0.99928423069282 -0.0378060339997776 0.00131532576435057 0.721141432153051 0.998595988779997 -0.026522473806154 -0.0458542209147829 0.72536489323777 0.999284279817821 -0.0378045833411175 0.00131969215441824 0.721385132865599 0.998596313655579 -0.0264631273837347 -0.045881425899384 0.725863362915729 0.00200000000000067 0 0.0199999999999996 0.0229999999999997

 3078 78 100 3 0.7 0.00199999999999978 0.259 0.0749999999999997 0.016 0.996733185720287 0.0418214171742425 -0.0690935999165264 0.769603117926607 0.998230443782932 0.000684079594813753 0.0594601811302249 0.708718462933682 0.996730438478381 0.0418351837506798 -0.0691248899546335 0.769133043387071 0.99823039014816 0.000686449736208802 0.059461054240676 0.708715765602875 0.00199999999999978 0 0.0229999999999997 0.0179999999999998

 3083 83 100 3 0.7 0.00199999999999978 0.256 0.0840000000000001 0.016 0.998190308005629 -0.0548915139060178 -0.0245566835043389 0.751796839253428 0.998561968479415 -0.0482177180495134 -0.0234317471097255 0.72559470671859 0.998190358374435 -0.0548907143997511 -0.024556423212726 0.75179056096986 0.998561276460141 -0.0482077028995853 -0.0234817915721728 0.726125725448865 0.00199999999999978 0.00100000000000033 0.0199999999999996 0.024

 3087 87 100 3 0.7 0.00099999999999989 0.251 0.0699999999999998 0.0170000000000003 0.998857021501651 0.0135726958215089 -0.0458304759411012 0.729555419983123 0.998348312912275 -0.0421047934734938 -0.0390874976401354 0.746040928124238 0.998857671848248 0.0135518187353149 -0.0458224791872187 0.729111003322274 0.998348290509023 -0.0421054134213324 -0.0390874020411925 0.746021455352208 0.00200000000000067 0 0.0249999999999995 0.0200000000000005

 3085 85 100 3 0.7 0.00200000000000022 0.252 0.077 0.016 0.993361130267888 0.0871930760818934 0.0750402049323021 0.718344745546221 0.999864353137813 -0.0155323259891944 0.00547924937080731 0.658216956260019 0.993360614954918 0.087195156121518 0.0750446094355351 0.71848231107472 0.999864351400833 -0.0155270428924732 0.00549451879670434 0.658382551980606 0.00199999999999978 0.000999999999999446 0.0220000000000002 0.0190000000000001

 3082 82 100 3 0.7 0.00099999999999989 0.255 0.0920000000000001 0.0170000000000003 0.998367318538969 0.0566310031839322 0.00745833437777841 0.710950028117567 0.998992182114212 0.0381966850535954 -0.023571875733626 0.709402576634762 0.998367384104384 0.0566299222904795 0.00745776494295742 0.710947395097518 0.998992195630223 0.0381974696136068 -0.023570031502381 0.709399576737542 0.00100000000000033 0 0.0190000000000001 0.016

 3086 86 100 3 0.7 0.00099999999999989 0.254 0.0909999999999997 0.016 0.999221343978226 0.00272029301102837 -0.0393612213260895 0.689589385344493 0.999677429038165 0.0219543796149964 0.0127688326547107 0.665739005018961 0.999221447426586 0.00271972561418059 -0.0393586343170372 0.689587335698243 0.999677465677477 0.0219544331527156 0.0127658717524637 0.665735908344958 0.00199999999999978 0.00100000000000033 0.0170000000000003 0.0180000000000007

 3089 89 100 3 0.7 0.00099999999999989 0.253 0.0720000000000001 0.0170000000000003 0.997831999787049 0.0359864425433131 -0.0551024151381427 0.708999046836613 0.999799229486373 -0.015451953996294 0.0127568740744449 0.728611638172245 0.997831948387785 0.035987285400221 -0.0551027954477872 0.7089960274014 0.999800257671633 -0.0154502460504404 0.0126781172386277 0.728155363965205 0.00200000000000067 0.00100000000000033 0.0180000000000007 0.0209999999999999

 3084 84 100 3 0.7 0.00200000000000022 0.255 0.0709999999999997 0.0150000000000006 0.999968026244673 0.00673392519178783 -0.00431285750344768 0.697483115172267 0.999925807042944 0.0121487939070082 -0.000887252005874931 0.685453057438958 0.9999680271247 0.00673407376246821 -0.00431242146553844 0.697480347388071 0.99992577809412 0.0121512239912514 -0.000886599335872521 0.685450094592794 0.00200000000000067 0.00100000000000033 0.0179999999999998 0.0179999999999998

 3094 94 100 3 0.7 0.00200000000000022 0.256 0.0659999999999998 0.0170000000000003 0.999984496114945 -0.00553862853113181 -0.000575433518730531 0.703215596301586 0.998523830918271 -0.0416515787849976 -0.034861225925333 0.689681835945195 0.99998449187236 -0.00553964309663311 -0.000573035025123158 0.703213007108736 0.998523764394134 -0.0416534054149577 -0.0348609488899043 0.689679525330608 0.00199999999999978 0.000999999999999446 0.0179999999999998 0.0149999999999997

 3088 88 100 3 0.7 0.00300000000000011 0.253 0.089 0.016 0.999940675928099 -0.00869960513200325 -0.00655450188832102 0.728678228189035 0.999220587510797 0.00578154396980226 0.0390485754401138 0.753980930441114 0.999940764953993 -0.00867596042601169 -0.00657223659872121 0.728250836301422 0.999220685080137 0.00577929762336488 0.0390464111918364 0.753959853729232 0.00100000000000033 0.00100000000000033 0.0209999999999999 0.0189999999999992

 3090 90 100 3 0.7 0.00200000000000022 0.254 0.0790000000000002 0.016 0.999663063887534 -0.00984668173539403 -0.0240166933150534 0.667065376380388 0.999104812331986 0.0380567997686339 -0.0184730605595348 0.717951695502076 0.999663071999913 -0.00984613165258843 -0.0240165811716985 0.667062783762759 0.999104597295137 0.0380625552601748 -0.0184728327764878 0.718022898765443 0.00199999999999978 0.00100000000000033 0.0179999999999998 0.0179999999999998

 3093 93 100 3 0.7 0.00099999999999989 0.253 0.0840000000000001 0.016 0.998531742625536 -0.00955450247317924 -0.0533204505954267 0.741671490534429 0.999814079189374 0.0154599010270766 -0.0115238237984214 0.688479399824483 0.998531695488609 -0.00956459210199673 -0.0533195244030352 0.741600149161156 0.999814053931421 0.0154609559121439 -0.0115245999280069 0.688476044209103 0.00199999999999978 0 0.0209999999999999 0.0179999999999998

 3092 92 100 3 0.7 0.00200000000000022 0.255 0.077 0.016 0.998745412192056 0.00519501203759778 -0.0498057574508254 0.712699117183157 0.997999470790731 0.0068745948504295 -0.0628474044576525 0.700495183329907 0.998745459293458 0.00519433203791347 -0.0498048838506677 0.712696798472228 0.997999366734157 0.00687588691737663 -0.0628489154824494 0.70049200211488 0.00200000000000067 0 0.0179999999999998 0.0169999999999995

 3091 91 100 3 0.7 0.00099999999999989 0.256 0.0819999999999999 0.016 0.999339953481678 -0.0241750126919605 -0.0271150536894447 0.738422023936802 0.998416555067507 -0.05341724512543 0.0176346389342541 0.775605012135011 0.999339743606751 -0.024184864486625 -0.0271140033517065 0.73828019301147 0.998417076843645 -0.0533980184751976 0.0176633034824585 0.775801102531235 0.00199999999999978 0 0.0220000000000002 0.0220000000000002

 3095 95 100 3 0.7 0.00099999999999989 0.255 0.085 0.0169999999999995 0.999449099942861 0.0257087536082183 -0.0209894404717567 0.726980691898013 0.99791146722193 0.0529602240899609 0.0369853788856703 0.70362112795494 0.999447111613574 0.0257339672497619 -0.0210531236844365 0.726465199483569 0.997911399233229 0.0529613918856962 0.0369855410925599 0.703617793281658 0.000999999999999446 0.00100000000000033 0.0209999999999999 0.0169999999999995

 3096 96 100 3 0.7 0.00100000000000033 0.259 0.0950000000000002 0.0149999999999997 0.998871978205152 -0.0468946171174464 -0.0074609678953148 0.730069844297781 0.995269691963492 -0.0929762316812187 0.0281719825581521 0.65478395781105 0.998872077780845 -0.0468929045562056 -0.00745840010059171 0.729697724765853 0.995266192212922 -0.0930101214725055 0.0281837531507371 0.655052376798635 0.00200000000000067 0.00100000000000033 0.0209999999999999 0.0209999999999999

 3097 97 100 3 0.7 0.00200000000000022 0.255 0.0819999999999999 0.0140000000000002 0.99759003648388 -0.00745656405200703 -0.0689820176613393 0.682515933381136 0.997841294923314 -0.0192705684299765 0.0627805331145705 0.726238379589348 0.997590001428155 -0.00745766358838919 -0.0689824057595549 0.6825133869194 0.997839782418817 -0.0192623522115597 0.0628070888486869 0.726799356742799 0.00199999999999978 0 0.0170000000000003 0.024

 3098 98 100 3 0.7 0.00200000000000022 0.251 0.0859999999999999 0.0139999999999998 0.999677266278105 0.0105641768403013 0.0231032780016685 0.712367571540252 0.999162390063669 -0.00730954423120257 -0.0402627476134912 0.683099300226018 0.999677292641478 0.0105643770130316 0.0231020456957914 0.712365571963292 0.999162351416593 -0.00730913899072089 -0.0402637802358343 0.683095720862729 0.000999999999999446 0 0.0179999999999998 0.0179999999999998

 3100 100 100 3 0.7 0.00200000000000022 0.256 0.0800000000000001 0.0150000000000001 0.998604895528373 0.0458815800338143 0.0261370090172685 0.704510790783425 0.996206448093392 0.0616012871130475 0.061465390287251 0.649955545331993 0.998604988768686 0.0458802290259865 0.026135818158526 0.704508279658584 0.996207519542972 0.0616199217937225 0.0614293353714175 0.650296206079912 0.00199999999999978 0.00100000000000033 0.0199999999999996 0.0199999999999996

 3099 99 100 3 0.7 0.00200000000000022 0.256 0.0830000000000002 0.0150000000000001 0.998763266919453 0.0027338960677445 0.049643352673558 0.720036306667187 0.997448136215914 -0.0677140229992493 0.0226280058479731 0.702202912999984 0.99876199655056 0.00275142239183739 0.0496679365502683 0.720251346489681 0.997448161244634 -0.0677136459754355 0.0226280308116486 0.70220086916356 0.00100000000000033 0.000999999999999446 0.0220000000000002 0.016

 3101 1 500 3 0.7 0.00199999999999978 0.274 0.396 0.0659999999999998 0.999692045591276 0.00876420093992517 -0.0232164330467737 0.71371344665153 0.999524787373853 -0.0213631231171112 0.0222219800183736 0.696446803653401 0.999692038346896 0.00876448778074187 -0.0232166367023481 0.713712168298485 0.999524787901782 -0.0213631720604763 0.0222219092206993 0.696445276693597 0.00199999999999978 0.000999999999999446 0.0339999999999998 0.032

 3102 2 500 3 0.7 0.00199999999999978 0.278 0.374000000000001 0.0659999999999998 0.999457118646624 -0.01735112864444 -0.0280072547985657 0.690682806284102 0.999459037874598 0.00578740623142499 0.0323749523535733 0.671447347129366 0.999457125683455 -0.017351060473278 -0.0280070459174018 0.690681325914719 0.999459038630339 0.00578705516995732 0.032374991777263 0.671445808914082 0.00199999999999978 0.00100000000000033 0.0330000000000004 0.0330000000000004

 3103 3 500 3 0.7 0.00200000000000022 0.275 0.419 0.0649999999999995 0.999934754143844 -0.0113056352997568 0.00163403358577127 0.695318695450822 0.999234013965258 0.00490503310260825 0.0388242963251191 0.682934373304096 0.999934755430562 -0.0113055728461962 0.00163367825490845 0.69531733735655 0.999234010404773 0.00490502085517164 0.0388243895097309 0.682932971232364 0.000999999999999446 0 0.0329999999999995 0.0310000000000006

 3105 5 500 3 0.7 0.00300000000000011 0.274 0.389 0.0659999999999998 0.99979561212223 0.00274250961330206 0.0200302926128551 0.707828869210314 0.999924860277013 -0.00490672503425796 0.011233781617654 0.720707571607707 0.999795617614702 0.00274236558319451 0.0200300381788173 0.707827571495057 0.999924629473325 -0.00492439836940416 0.0112465849631514 0.720992566859067 0.00200000000000067 0 0.0340000000000007 0.0430000000000001

 3104 4 500 3 0.7 0.00199999999999978 0.278 0.425 0.0650000000000004 0.999547777758369 0.0135752039280894 -0.0268319551396826 0.692865816538771 0.999558903093695 0.019376302215333 -0.0225068469268832 0.712804721243956 0.999547772160736 0.0135752223914991 -0.0268321543214821 0.69286438019204 0.999558892923675 0.0193764260282805 -0.022507191996538 0.712803572072045 0.00199999999999978 0 0.0330000000000004 0.0309999999999997

 3106 6 500 3 0.7 0.00199999999999978 0.282 0.4 0.0659999999999998 0.999759528401189 -0.0199906150157695 -0.00901447071783504 0.707113729880775 0.998393562294979 -0.0164830771802172 -0.0542088824327998 0.697922265243326 0.999759533479837 -0.0199903719681529 -0.00901444644746992 0.707112353166383 0.998393556666973 -0.0164827122578566 -0.0542090970455781 0.697920652998267 0.00199999999999978 0.000999999999999446 0.032 0.0309999999999997

 3107 7 500 3 0.7 0.00200000000000022 0.276 0.393 0.0699999999999994 0.999506046491402 -0.0183402551417313 -0.0255205420879825 0.709611710835305 0.999945434238032 -0.00169530014316664 -0.010307982534796 0.686377311303716 0.999506051960898 -0.01834023453281 -0.0255203426861831 0.709610535595561 0.999945434427183 -0.00169527426057225 -0.0103079684426051 0.686375776746532 0.00199999999999978 0.00100000000000033 0.0339999999999998 0.0329999999999995

 3109 9 500 3 0.7 0.00300000000000011 0.279 0.375 0.069 0.999963218795984 -0.00853690913793931 0.000825976721622533 0.691435574670225 0.99961053393446 -0.0274504153677022 0.00502544957242794 0.69111215126496 0.999963219475338 -0.00853684544103142 0.000825812589822815 0.691434166833993 0.999610526668003 -0.0274506901476848 0.00502539400769989 0.691110651065981 0.00199999999999978 0.00100000000000033 0.0330000000000004 0.0330000000000004

 3108 8 500 3 0.7 0.00200000000000022 0.275 0.389 0.0679999999999996 0.999873042594081 0.00208506858744089 0.0157971890740088 0.701977379253664 0.999873927039109 -0.0032163499604038 -0.015549441157867 0.710347051463142 0.999873043105008 0.00208497869901241 0.0157971685993044 0.701976024543931 0.999873927326974 -0.00321647630315752 -0.0155493965131681 0.710345769839082 0.00200000000000067 0.00100000000000033 0.0330000000000004 0.0329999999999995

 3112 12 500 3 0.7 0.00200000000000022 0.276 0.39 0.0670000000000002 0.999857598022469 -0.016631350986246 0.00286039177590102 0.701576150475716 0.9994802123638 0.025613988301226 0.0195762278418919 0.698276699483071 0.999857602493941 -0.0166311079361258 0.00286024192763651 0.701574796897863 0.999480211858357 0.0256140605355587 0.019576159134401 0.698275229034259 0.00199999999999978 0.000999999999999446 0.032 0.0309999999999997

 3110 10 500 3 0.7 0.00199999999999978 0.275 0.394 0.0670000000000002 0.99989240485954 0.0123584859484582 -0.00790231164068244 0.708071236326745 0.999456598028518 -0.0323937805955498 0.00609521418729266 0.712618684125606 0.999892402392821 0.0123585873609469 -0.00790246515688635 0.70806967561853 0.999456603094202 -0.0323935835601292 0.00609543070923447 0.712617454577481 0.00300000000000011 0.000999999999999446 0.032 0.0329999999999995

 3113 13 500 3 0.7 0.00199999999999978 0.276 0.407 0.0669999999999993 0.999495066176535 0.0313198489783279 0.00535534767670535 0.70556892087201 0.999961326601385 -0.00645752512813216 -0.00597039955262067 0.695879610351983 0.999495063736676 0.0313198844102254 0.00535559581630428 0.705567649453356 0.999961327375838 -0.00645770231918606 -0.00597007818276162 0.695878214229697 0.00100000000000033 0.00100000000000033 0.032 0.0300000000000002

 3111 11 500 3 0.7 0.00199999999999978 0.274 0.397 0.0679999999999996 0.99991848450462 -0.0124922408624441 0.00263974699885349 0.711489615432447 0.999957917685687 0.00815048396866394 -0.00421099379982077 0.6920781643233 0.999918485093793 -0.0124921944800203 0.00263974332211235 0.711488359854875 0.999957916327594 0.00815053953775407 -0.00421120873630032 0.692076419231397 0.00200000000000067 0.00100000000000033 0.0309999999999997 0.032

 3117 17 500 3 0.7 0.00199999999999978 0.273 0.39 0.0679999999999996 0.99964666586185 0.010334535436395 -0.0244896061340492 0.700026459896499 0.999650958780021 -0.00990348422547002 -0.024492480690611 0.716233503843951 0.999646666138367 0.0103344592859167 -0.0244896269819673 0.70002495598773 0.999650949195306 -0.00990381077659457 -0.0244927398431812 0.716251175396271 0.00200000000000067 0.000999999999999446 0.0330000000000004 0.0339999999999998

 3119 19 500 3 0.7 0.00200000000000022 0.272 0.396 0.0669999999999993 0.999925406980552 0.00271648373462035 0.0119080305213781 0.708189310973616 0.999055595441038 -0.0259387161170466 0.0348582877398081 0.704641592794341 0.999925405132668 0.00271677262090892 0.0119081197842748 0.70818810876949 0.999055585102784 -0.0259388789509462 0.0348584628706017 0.704640257981548 0.00299999999999923 0.000999999999999446 0.0330000000000004 0.0310000000000006

 3115 15 500 3 0.7 0.00200000000000022 0.272 0.386 0.0680000000000005 0.999992950753084 -0.000631107611635986 -0.00370137100580018 0.715927027345931 0.999747301695242 -0.00463324109610342 0.021996950471089 0.698698687214559 0.99999294987238 -0.000631045155694591 -0.00370161958434473 0.715926877812164 0.99974729799324 -0.00463347464885386 0.0219970695296845 0.698697293104344 0.00200000000000067 0.00100000000000033 0.032 0.0300000000000002

 3116 16 500 3 0.7 0.00200000000000022 0.271 0.404 0.0670000000000002 0.999932667421929 -0.0092470694433809 0.00701087221218037 0.694232706185149 0.999291546626725 0.02820090226051 -0.024922157853228 0.713401546932877 0.999932666625644 -0.00924733700806765 0.00701063286650728 0.694231206442255 0.999291547141824 0.028200973947168 -0.024922056081511 0.713400421352531 0.00300000000000011 0.00100000000000033 0.0309999999999997 0.0309999999999997

 3118 18 500 3 0.7 0.00199999999999978 0.272 0.403 0.0669999999999993 0.9999206655008 0.00876739566484665 0.00904408523253538 0.681579590625566 0.999967043083835 -0.00789276428187937 -0.00190184598802281 0.699056913840072 0.999920659818477 0.00876741923101682 0.00904469060885511 0.681578142578852 0.999967044502405 -0.00789262329801209 -0.00190168520043513 0.69905539019261 0.00199999999999978 0 0.0330000000000004 0.0310000000000006

 3114 14 500 3 0.7 0.00199999999999978 0.271 0.413 0.0679999999999996 0.999817916585198 -0.014645611553126 0.0122327322160424 0.724665388952861 0.999885356454002 0.015112408047723 -0.000942906067794342 0.708166782990942 0.999817528850736 -0.014650906518427 0.0122580561670991 0.725108211173934 0.999885352231211 0.0151126891374753 -0.000942878837264814 0.708165549359327 0.00199999999999978 0.000999999999999446 0.0410000000000004 0.0309999999999997
