
 3720 20 500 5 0.7 0.00199999999999978 0.276 2.223 0.0629999999999997 0.999750892625841 0.00158999288212532 0.0194331505263373 -0.00385240948766667 -0.01015560033814 0.704149949403168 0.999719490669371 -0.0155364686724662 -0.00740968893579141 -0.0142767724180651 0.00779925612863024 0.708109943764557 0.999750895628646 0.00159000801391631 0.0194329953972193 -0.00385223904340708 -0.0101556638621011 0.704149214417646 0.999719491509257 -0.0155364459222442 -0.00740970674421351 -0.0142767229515772 0.00779926742115452 0.708109400141616 0.00199999999999978 0 0.0260000000000007 0.024

 3721 21 500 5 0.7 0.00199999999999978 0.288 2.042 0.0630000000000006 0.999455669432005 -0.0230222623092263 0.0159438436948561 -0.00327894391450403 -0.0171284165475562 0.703208085502863 0.999515784667524 -0.000864821560796797 0.0194672647402456 -0.00488687858887599 0.0237611511783832 0.704590026844272 0.999455671984863 -0.0230222356091778 0.0159438139640044 -0.00327886531485384 -0.0171283461948152 0.703207521881948 0.999515779787781 -0.000864909032323776 0.0194673869796268 -0.0048868613768521 0.0237612566514835 0.704589447116165 0.00300000000000011 0.00100000000000033 0.0290000000000008 0.0289999999999999

 3732 32 500 5 0.7 0.00300000000000011 0.284 2.067 0.0650000000000004 0.999695194907928 -0.0154390951599311 -0.00320110131813697 0.0174287010863513 0.00755942771876627 0.698655626891272 0.999373056853794 0.016016903598398 -0.00301528384058521 -0.0211449362801678 0.0232540698995375 0.710292204601086 0.99969519526583 -0.0154389549965692 -0.00320104265607717 0.0174288061198553 0.00755944933031488 0.698655078691391 0.999373085700101 0.016017002192087 -0.00301514750350094 -0.0211447480629195 0.023252951079926 0.71031400530417 0.000999999999999446 0.00100000000000033 0.0299999999999994 0.0300000000000002

 3724 24 500 5 0.7 0.00300000000000011 0.291 2.115 0.0649999999999995 0.99973088442725 0.00812759753297603 0.0162774546125345 0.00539339325013056 -0.0133437873648204 0.719501415668103 0.999934937695387 0.00829159489049527 -0.00277928087072152 -0.00688772255534854 -0.00249092475523588 0.679520001411964 0.999730792177131 0.00811975452097118 0.0162875010246586 0.00539219594931305 -0.0133436986109719 0.719813433002934 0.999934903123102 0.00828403673466291 -0.00279244890880804 -0.00688998069092444 -0.00250891345862333 0.679792306691738 0.00199999999999978 0.000999999999999446 0.0359999999999996 0.0339999999999998

 3726 26 500 5 0.7 0.00200000000000022 0.292 2.132 0.0650000000000004 0.999705422332295 -0.00303214529518078 0.0232260218994105 -1.25631107799017e-06 0.00635818837926507 0.709583954504002 0.999123516346032 -0.0104380728233702 -0.038617775685761 -0.00405469302814415 0.0116392691181655 0.689750604662233 0.999705422970968 -0.003032101474069 0.0232260183828262 -1.17637444851205e-06 0.00635812171838922 0.709583424056851 0.999123340939901 -0.0104351153558503 -0.0386239647828436 -0.00405290526156741 0.0116370640625463 0.689873467431102 0.00199999999999978 0.00100000000000033 0.0310000000000006 0.0310000000000006

 3743 43 500 5 0.7 0.00300000000000011 0.293 1.916 0.0650000000000004 0.999265312941285 0.0133675913895884 -0.00415955681158917 -0.00836710237596111 -0.0346818617977406 0.70689715788099 0.999627681650189 0.00939518923372865 1.05326363780723e-05 -0.0249347790904725 -0.00587240825421486 0.694596472849733 0.999265309739435 0.0133677132400361 -0.00415954607815481 -0.00836695311987411 -0.0346819443802765 0.706896507428791 0.999627653892063 0.0093926526638968 1.06023581738333e-05 -0.0249366734904444 -0.00587314677212952 0.694636511549664 0.00199999999999978 0.00100000000000033 0.0330000000000004 0.0289999999999999

 3727 27 500 5 0.7 0.00300000000000011 0.294 2.155 0.0650000000000004 0.999590818761482 0.0152804964899777 -0.00758219777557652 -0.0116216172917293 0.0198027716036547 0.709804821325134 0.999808891512775 0.00440990568571391 0.00733466692234687 0.00341812708354323 -0.0172410049654146 0.709603586186112 0.999590818607061 0.0152806014698656 -0.00758204058923124 -0.011621461013726 0.0198028502896681 0.709809001844044 0.999808890465724 0.00440987339168789 0.0073346598022485 0.00341813372870489 -0.0172410756557226 0.709603097765677 0.00199999999999978 0.00100000000000033 0.0300000000000002 0.0280000000000005

 3739 39 500 5 0.7 0.00199999999999978 0.277 2.022 0.0640000000000001 0.998700927865922 0.0284940912632612 -0.0189834853431281 0.0319040826454326 -0.0201568905738809 0.704864824264882 0.999560799897446 -0.00680063256251524 -0.0131101815434729 0.020227875072802 -0.0158402940333766 0.690637608608557 0.998700929904137 0.0284940300979481 -0.0189833787271849 0.0319041305612899 -0.0201569006203237 0.704864174356403 0.999560883322792 -0.0067977562995783 -0.0131081279197429 0.0202264433173815 -0.0158397920888824 0.690748652160114 0.000999999999999446 0.00100000000000033 0.0289999999999999 0.0300000000000002

 3745 45 500 5 0.7 0.00300000000000011 0.278 1.945 0.0650000000000004 0.999860596454713 -0.0103151091338771 -0.00719653311684609 -0.0101475164537413 0.00419809500853265 0.709225901875788 0.999809936859439 -0.00696773958698591 0.00801292806996093 -0.0140514433321542 0.00836006496391635 0.68466873356471 0.999860596579016 -0.010315135112373 -0.00719648360702151 -0.0101475131404929 0.00419809445173758 0.709225420595148 0.999810006904732 -0.00695647682182348 0.00801498528069742 -0.0140494267174823 0.00836248427486655 0.68487368973825 0.000999999999999446 0.00100000000000033 0.0289999999999999 0.032

 3748 48 500 5 0.7 0.00300000000000011 0.282 1.938 0.0649999999999995 0.998641611000163 0.00224285523484479 0.0200621486584264 -0.0149592288264871 -0.0456468404549473 0.711887870432885 0.999797862815708 -0.00689257223251485 0.00955309132161632 0.0085561483212433 0.0138656672853437 0.706759296444212 0.998641633453889 0.00224271716586274 0.0200606017295883 -0.0149604191204701 -0.0456466457721632 0.711963236797506 0.999797863462837 -0.0068925581327948 0.00955316603958498 0.00855618573937691 0.0138655530631054 0.706758726918742 0.00199999999999978 0.000999999999999446 0.0339999999999998 0.0270000000000001

 3728 28 500 5 0.7 0.00199999999999978 0.285 2.139 0.0649999999999995 0.999348901678443 -0.0165683708649418 0.0319026343729814 0.00290460259143271 -0.00102323253513754 0.719162275436205 0.999405308675143 -0.00939099454512315 0.0124057871408283 -0.0188696697693088 -0.0243078222309246 0.717267096150264 0.999348887210628 -0.0165694523552 0.0319031425460062 0.00289520775516596 -0.00103060529370817 0.719464719463573 0.999405478753363 -0.00939562008466612 0.0123968833607922 -0.0188780563303208 -0.0242970704636069 0.717515672548634 0.00199999999999978 0.000999999999999446 0.0350000000000001 0.0329999999999995

 3730 30 500 5 0.7 0.00299999999999967 0.289 2.159 0.0709999999999997 0.999656974122009 -0.0064300911691347 -0.018858095708393 -0.00408353726928614 -0.0165010595541389 0.697723425427514 0.999929167946384 0.00910938150426732 0.00224236562877465 -0.00727767947681697 0.000827910914458027 0.682449201247038 0.999656977725409 -0.0064300389729759 -0.018858100384287 -0.00408355679611573 -0.0165008514172938 0.697722962374124 0.999929237373458 0.00910182372233099 0.00224825933366307 -0.00727670506294965 0.000819721939755851 0.682693793199855 0.00199999999999978 0 0.0289999999999999 0.0330000000000004

 3735 35 500 5 0.7 0.00300000000000011 0.285 2.196 0.0750000000000002 0.99927071200503 0.00642974281735005 0.0233532890776361 0.0190233546373029 -0.0225707422089285 0.716051622205706 0.999858450342178 -0.000297028324075075 0.00072676500455973 -0.0167703009857949 -0.00110447769880056 0.718007371014653 0.999270789484682 0.00643345518218713 0.0233492347935955 0.0190186087439052 -0.0225744477912447 0.71625618834142 0.999858412612633 -0.000289568685731793 0.000726297129353572 -0.01677206910573 -0.00111403236716218 0.718278251219102 0.00199999999999978 0.000999999999999446 0.0350000000000001 0.0329999999999995

 3736 36 500 5 0.7 0.00199999999999978 0.276 2.062 0.0649999999999995 0.999795275806206 0.00175227118375945 0.0181197392118569 -0.00829277735017766 0.00303988749875847 0.71201635451063 0.999543474888965 0.0256935728167888 -0.00829826557184577 0.0078201219610718 0.0110754956464697 0.718833571518571 0.99979531162059 0.00175049688204895 0.0181188485992292 -0.00829237586221749 0.00303553127982832 0.71209278312118 0.99954378255035 0.0256869683532288 -0.00829483597665629 0.00781478589967668 0.0110693829647827 0.719123934067754 0.00199999999999978 0.00100000000000033 0.0329999999999995 0.032

 3737 37 500 5 0.7 0.00300000000000011 0.281 2.073 0.0650000000000004 0.999373751048546 0.0126409444355901 -0.0307948860540192 0.0118069315897503 0.00214093397589742 0.710994386090837 0.999737156863545 -0.004029674971759 0.00718222493153018 -0.0187651751390572 -0.0102792389334507 0.713054662042114 0.999373741298623 0.0126395236495665 -0.0307958641986823 0.0118067346605014 0.00214088991242189 0.711039626693071 0.999737094802995 -0.0040278275565404 0.00718808358040536 -0.0187681762475449 -0.0102764242236227 0.713167065345124 0.00199999999999978 0 0.032 0.0310000000000006

 3722 22 500 5 0.7 0.00199999999999978 0.292 2.213 0.0649999999999995 0.999188728916156 -0.037533080952268 -0.0131900480630034 -0.000111020891848078 -0.00625796673080012 0.726273236838006 0.999437045227523 0.018138904687864 -0.0144028382119804 0.0228182987809324 0.00827382957201746 0.694771047150688 0.999189450896911 -0.0375148190743516 -0.0131917865274487 -0.000104890032879488 -0.00624862644446226 0.725964206728613 0.999437066752638 0.0181381709121156 -0.0144022350369553 0.022817913631637 0.00827495016821734 0.694808761755116 0.00199999999999978 0.000999999999999446 0.0359999999999996 0.0289999999999999

 3746 46 500 5 0.7 0.00200000000000022 0.281 2.052 0.0680000000000005 0.999869117022403 0.0134378458796969 0.00593317088177264 -0.0045715803303738 0.00500712088166687 0.688664322806894 0.999884743164129 0.0138486626334051 -0.0043229019542758 -0.00446765612821645 -0.000259804318778187 0.692865877191903 0.999869021292849 0.0134469428847635 0.00593335346832527 -0.00456873419507611 0.00500419528077549 0.688803717567377 0.999884786682956 0.0138464042871696 -0.00432113837545395 -0.00446667596414143 -0.000258876933029958 0.692937771602301 0.00199999999999978 0.00100000000000033 0.0329999999999995 0.0300000000000002

 3731 31 500 5 0.7 0.00300000000000011 0.288 2.258 0.0660000000000007 0.999720081781608 0.00367163160157792 0.0196969849944344 -5.29325109204914e-06 0.0125819695623457 0.707189747561207 0.999871941352182 -0.0050155073905214 0.012911410397533 -0.00174327167689049 0.00782317503587473 0.684840245031296 0.999720080573422 0.00367152739522895 0.0196970864512769 -5.24967196326224e-06 0.0125819371572445 0.707189208604539 0.999871821805858 -0.00501317627683179 0.0129158025471097 -0.00174596619705399 0.00783209223992461 0.685038491548275 0.00199999999999978 0.000999999999999446 0.0289999999999999 0.0309999999999997

 3750 50 500 5 0.7 0.00300000000000011 0.278 2.063 0.0659999999999998 0.998995078437176 -0.0262726961420716 0.0280334050832221 -0.0146480529561866 -0.0178365198332033 0.71846744278837 0.999443391099079 0.0304586367880687 -0.00409709405361626 -0.0114825604923944 0.0060451681729927 0.695482010633772 0.998995303449968 -0.0262689339507018 0.0280274273464099 -0.0146452267904636 -0.0178411726799771 0.718748694706313 0.999443348958411 0.0304601255584304 -0.00409667376787879 -0.0114824927766121 0.00604504734762581 0.695506460017143 0.00199999999999978 0.00100000000000033 0.0360000000000005 0.0279999999999996

 3741 41 500 5 0.7 0.004 0.285 2.112 0.0639999999999992 0.999694307435245 -0.0218854834309259 -0.00239216518930385 -0.00833208537417154 0.00756116363965596 0.707558811449591 0.999824647367435 0.0169340130190597 0.00752237490898441 0.00213217800396286 0.00166775667960426 0.688061281919027 0.999694310141455 -0.0218854331699295 -0.00239209200723852 -0.00833194228466681 0.00756113214791823 0.707558266853962 0.999824549497705 0.0169392377888426 0.00752266810152781 0.00213324257172973 0.00167068417370479 0.688217316118603 0.00200000000000067 0.00100000000000033 0.0300000000000002 0.0309999999999997

 3723 23 500 5 0.7 0.00200000000000022 0.286 2.297 0.0759999999999996 0.999743367814537 0.019944570594449 -0.00689160914392807 -0.0023530601751056 -0.0078981925698091 0.708661991622897 0.999224408275416 -0.0137904015163887 0.00675487455319887 -0.0338541227597084 -0.0129875623041074 0.690714834783846 0.999743366607433 0.0199446444217357 -0.00689153337514227 -0.00235311437020545 -0.00789820889990757 0.708661513523719 0.999224523869702 -0.0137880795136016 0.00675438989234752 -0.0338518768166684 -0.0129872404253124 0.690826437875547 0.00200000000000067 0.000999999999999446 0.0289999999999999 0.0300000000000002

 3751 51 500 5 0.7 0.00199999999999978 0.286 2.102 0.0650000000000004 0.999496191768463 0.018012379211819 0.00806377423031865 -0.022793701106794 -0.00991663100483924 0.695000600948121 0.999798089201962 -0.00398004325866758 0.0133813999122637 0.00952276663494891 0.0108717586327472 0.710616310016162 0.999496186311179 0.0180113179285623 0.00806344353008186 -0.0227943456206535 -0.00991789604948517 0.695033307333495 0.999798103906641 -0.00397798948391214 0.0133819423975174 0.00952182090720559 0.0108713186242942 0.710649312411489 0.00199999999999978 0.00100000000000033 0.0329999999999995 0.0300000000000002

 3749 49 500 5 0.7 0.00299999999999967 0.303 2.124 0.0640000000000001 0.999107814106017 -0.0249952967550538 0.0133326960412117 0.0262884662106547 0.0170284084102623 0.71382389779753 0.999894307043806 -0.00460171605524437 -0.0119035718468217 -0.00284040875004029 0.00635893121167665 0.716718108689338 0.999107684889387 -0.0249955614688256 0.0133300146286534 0.0262947799466385 0.0170279522957393 0.713955736192675 0.999894264084577 -0.00459967629911844 -0.0119084281736007 -0.00283954699146814 0.00635845421643239 0.716942074229242 0.00199999999999978 0 0.032 0.0300000000000002

 3725 25 500 5 0.7 0.00300000000000011 0.29 2.275 0.0760000000000005 0.999878795758333 -0.0114618461908001 0.00904931547956683 0.00236837788688332 -0.00484979899594992 0.706810947734233 0.999166917100507 0.0232979121027161 0.0255737193591999 -0.00427285802349969 0.0212227855375039 0.694391283646356 0.999878795316546 -0.0114618033166249 0.00904945345016062 0.00236827430642315 -0.00484978454429003 0.706810404254407 0.999166872482858 0.0232972693014193 0.0255744420224931 -0.00427383796688883 0.0212245235562965 0.694435455551799 0.00199999999999978 0.00100000000000033 0.0289999999999999 0.0279999999999996

 3734 34 500 5 0.7 0.00300000000000011 0.28 2.113 0.0630000000000006 0.999918951894605 0.0066051155835711 0.0102088974532729 0.00196607692715455 -0.0032210315781802 0.707856194353261 0.99969125415103 -0.00702397239297223 0.00123094739197931 0.0100410487773618 -0.0215805999391122 0.700837999210214 0.999918952156185 0.00660510740382975 0.0102088336893048 0.0019661302660516 -0.00322113668492746 0.707855617928021 0.999691253053711 -0.00702402145518845 0.00123095281294096 0.0100410858525296 -0.0215806172426263 0.700837357882906 0.00200000000000067 0.00100000000000033 0.0299999999999994 0.0259999999999998

 3729 29 500 5 0.7 0.00200000000000022 0.283 2.301 0.0710000000000006 0.999301777986431 -0.0135813256405637 0.00193446750494269 -0.00498846810134268 -0.0343929808024286 0.72061274385134 0.999080706590715 0.0215254041015456 -0.0169669561447596 -0.0178729646688829 -0.0276961771656155 0.691046313674591 0.999301835881306 -0.0135753136309346 0.00193252818587755 -0.00498925829737153 -0.0343936665757899 0.720949683016763 0.999080714263348 0.0215291789738504 -0.0169641597353009 -0.0178713428278059 -0.0276957258391458 0.691131004394893 0.00199999999999978 0.00100000000000033 0.0359999999999996 0.0279999999999996

 3733 33 500 5 0.7 0.00299999999999967 0.276 2.15 0.0750000000000002 0.999898958136115 0.0106967401054256 0.00426970595668473 0.00435251607717357 -0.0071048211990202 0.706134120611166 0.999701985242988 -0.00499947136101959 -0.0211735202683458 -0.0105133101158286 0.00347826640640677 0.706260902477917 0.99989895730283 0.0106967243057956 0.00426983557803339 0.00435257414870619 -0.00710484878487518 0.70613349313357 0.999701985267462 -0.00499949309317394 -0.0211735302968596 -0.0105133138561155 0.00347815578106343 0.706260317722667 0.00200000000000067 0.00100000000000033 0.0330000000000004 0.0259999999999998

 3752 52 500 5 0.7 0.00300000000000011 0.278 2.176 0.0750000000000002 0.999686827821574 -0.0168822651490053 -0.00620493533223798 -0.00723243511645145 -0.0158248558694057 0.69534063140071 0.999774582869383 0.0190864461863733 -0.00732981656747168 0.000853053445652431 -0.00566013332274339 0.690896000116091 0.999686826796158 -0.0168820440184276 -0.00620484534125883 -0.00723289220835495 -0.0158249829251715 0.695366585349814 0.999774573151543 0.0190854503203539 -0.00733200532088762 0.00084992989989828 -0.00566284229507754 0.691001742247522 0.00199999999999978 0.000999999999999446 0.0309999999999997 0.0300000000000002

 3738 38 500 5 0.7 0.00200000000000022 0.277 2.176 0.0759999999999996 0.999821448251768 -0.00977469535670412 0.00906164863224947 0.0109532686788588 -0.00770969362142807 0.714856015930855 0.999090973692572 -0.0189155193833619 0.0152473598607228 0.0197223530360033 0.0289478189245212 0.705749371669237 0.999821378206923 -0.00977888292034751 0.00906730791180961 0.0109536521093377 -0.00770626770482573 0.715022540133234 0.999090976562085 -0.0189154849834542 0.0152473525231748 0.019722393236963 0.0289477188410672 0.70574876628251 0.00300000000000011 0.000999999999999446 0.0359999999999996 0.0250000000000004

 3747 47 500 5 0.7 0.004 0.299 2.192 0.0750000000000002 0.999817208107497 -0.0119486000670408 0.014307350899025 -0.00197295564716172 0.00376676052247797 0.71614919888638 0.999866141382616 0.00300240394395977 -0.00318575197596044 0.00334753491063475 0.0154055146478873 0.694538645298299 0.99981706467209 -0.0119535772604936 0.0143118147931301 -0.00198047525264534 0.00376813697515681 0.716358502008832 0.999866116066325 0.00300113399782719 -0.0031854823805137 0.00334823326938709 0.015407309081936 0.694580805373151 0.00199999999999978 0.00100000000000033 0.0359999999999996 0.0279999999999996

 3742 42 500 5 0.7 0.00199999999999978 0.281 2.164 0.0739999999999998 0.999306890422444 -0.00178417366504338 0.0234718825543414 0.00721375573076561 -0.0279211019870486 0.712250130071411 0.999381024704963 0.0137590162959792 0.0276795582918533 -0.00962285349797282 0.0137658880406955 0.699569806154499 0.999306757643135 -0.00178689114458191 0.0234739807703048 0.00721219784116531 -0.0279243187543975 0.712334021503649 0.99938102452777 0.013758993347458 0.0276795974509702 -0.00962280679054501 0.0137658777530839 0.699569198884286 0.00199999999999978 0 0.0329999999999995 0.0250000000000004

 3740 40 500 5 0.7 0.00299999999999967 0.28 2.205 0.0710000000000006 0.999779828998954 -0.00570673576832755 0.00812882851190961 -0.014584749616402 0.0113549072803136 0.707003028360694 0.999936265100126 -0.0034596326128931 -0.00908938945644925 -0.00573348326349583 8.27572996374635e-05 0.685598100745297 0.999779829091651 -0.00570668683895293 0.00812889289472875 -0.014584757497788 0.0113548674949315 0.707002494305024 0.999936230655503 -0.00346350051907356 -0.00908888481856966 -0.00573794223327548 8.35362298788391e-05 0.685782284391661 0.00199999999999978 0.000999999999999446 0.0280000000000005 0.0289999999999999

 3744 44 500 5 0.7 0.00300000000000011 0.284 2.337 0.0659999999999998 0.999721980557146 -0.00304452277155563 0.00386458652080584 0.02292698427461 -0.00247201033284506 0.711605215434061 0.999349421461236 -0.00950471963366126 0.0267446270527241 0.00800741985489413 0.0207605462562286 0.700221963633753 0.999721977923199 -0.00304718212048872 0.00386376511103259 0.0229270421315303 -0.00247054583386646 0.711670608810867 0.999349420362569 -0.00950466387005026 0.0267445683697369 0.00800745696887098 0.0207606859550153 0.700221363612062 0.00199999999999978 0 0.0309999999999997 0.0249999999999995

 3753 53 500 5 0.7 0.00199999999999978 0.296 2.12 0.0640000000000001 0.999977598531334 0.00237385007552536 -0.000453485560907381 0.00560393616233144 -0.00274909469811965 0.721595360879301 0.998356182662655 0.0246760128191631 -0.0285220277923726 0.0427810460760238 -0.00568356911213343 0.701514582673557 0.999977543278651 0.00237018520376554 -0.000460285713529045 0.00561325120715041 -0.0027522188212663 0.721956430245602 0.998356188288192 0.0246759655206851 -0.0285220352416501 0.042780938796868 -0.00568355642419383 0.701513969833641 0.00200000000000067 0.00100000000000033 0.0350000000000001 0.0289999999999999

 3757 57 500 5 0.7 0.00199999999999978 0.303 2.02 0.0639999999999992 0.999929798602054 0.00331659411776857 -0.00346121353666703 0.00545210784648689 -0.00936443228374749 0.709755278265179 0.999269390007204 -0.00075304743917262 0.00362229090757732 0.0154645365128567 0.034754082252435 0.704819428558883 0.999929799164947 0.00331667237806762 -0.00346089162720003 0.00545208427946334 -0.00936447715780633 0.709757987584472 0.999269392413035 -0.000753086386362884 0.00362229108327796 0.0154645294452617 0.0347540153611414 0.704818808044805 0.00199999999999978 0.00100000000000033 0.0270000000000001 0.0270000000000001

 3755 55 500 5 0.7 0.00199999999999978 0.294 2.088 0.0720000000000001 0.999204752412479 -0.0165131536036924 0.024790660049195 -0.0141862456459412 -0.0223908937556049 0.697296652076544 0.999857561994706 0.012630812699859 -0.00793787095006673 0.0023488628448001 -0.00753600296310483 0.691495588220037 0.999204751006117 -0.0165131641700503 0.0247906112227177 -0.0141862289006983 -0.0223910133910185 0.69729617516104 0.999857529024167 0.0126337075659291 -0.00793657658350809 0.00235107549367566 -0.00753619817832885 0.691589349565386 0.00200000000000067 0.00100000000000033 0.0289999999999999 0.0300000000000002

 3756 56 500 5 0.7 0.00299999999999967 0.294 2.115 0.0649999999999995 0.999338034537016 -0.0218956914522179 0.0193424115852597 0.0127843714577416 -0.0175072094869613 0.708378246077458 0.999737729740767 -0.0115709117713035 0.012561844717977 -0.0148251915942719 0.00360547986153319 0.704014267674845 0.999338032167564 -0.0218957277151867 0.0193424899172911 0.0127843846793953 -0.0175072031875999 0.708377721833651 0.999737728643286 -0.0115709362867199 0.012561929292483 -0.014825149050766 0.00360558576186426 0.704013599627592 0.000999999999999446 0 0.0289999999999999 0.0279999999999996

 3758 58 500 5 0.7 0.00300000000000011 0.292 2.124 0.0640000000000001 0.999874903147406 0.00798571052219616 -0.0129405254110137 0.00417500543391868 0.00123232103589346 0.709438104370288 0.999602958830511 -0.0246652085774981 0.0069472031702556 -0.0100784739251079 -0.00597602832728947 0.701074466150656 0.999874903375778 0.00798572270609978 -0.0129405279649043 0.00417493918460634 0.00123225441159696 0.709437612171053 0.999602960329104 -0.0246651343831364 0.00694725322485911 -0.0100784908476707 -0.00597599715664691 0.701073801052085 0.00199999999999978 0 0.0300000000000002 0.0270000000000001

 3760 60 500 5 0.7 0.00200000000000022 0.291 2.133 0.0640000000000001 0.999923533377991 0.00653259740414819 0.0102901117851382 -0.00033460189426515 -0.00206257340489995 0.697095558074342 0.999063347798524 0.0381608171683172 0.0185837498403334 -0.00231034061491403 0.00809232270531516 0.707338995091234 0.999923533757154 0.00653258187884325 0.0102900780506674 -0.000334598016063829 -0.00206260768965701 0.697095066232679 0.999063349442308 0.038160792538648 0.0185837573245184 -0.00231025524418904 0.00809224309752173 0.707338415967948 0.00200000000000067 0.00100000000000033 0.0289999999999999 0.0270000000000001

 3768 68 500 5 0.7 0.00199999999999978 0.29 1.994 0.0680000000000005 0.999788531029262 0.013186410975815 -0.0129433003800574 -0.00752850923780724 -0.0049803927410305 0.715291501934391 0.999917662845613 -0.00552051719031543 0.0088575602449479 0.000649614517778262 0.00743727415150227 0.700378791360114 0.999788504820409 0.0131827241887266 -0.012944658297522 -0.00753506622142975 -0.00498196854006117 0.715468930122963 0.999917663040802 -0.00552044942461672 0.00885756550972756 0.000649596156946661 0.00743729354308687 0.700378245102373 0.00199999999999978 0 0.0339999999999998 0.0270000000000001

 3754 54 500 5 0.7 0.00199999999999978 0.302 2.285 0.0749999999999993 0.999408988115286 -0.0228943001927824 -0.0119593966617855 0.0184747148908189 0.0131599101156708 0.725227782524274 0.999812554375898 -0.0150119279180164 -0.00755657255984198 0.00954206605317543 0.00115987892082934 0.712729983460901 0.999408776528987 -0.0228979601371142 -0.0119552984510128 0.0184844957248791 0.0131596001131147 0.724898778413981 0.999812621239616 -0.0150080570871825 -0.0075570412388925 0.00954066651013488 0.0011607939916949 0.71283605251506 0.00199999999999978 0.000999999999999446 0.0350000000000001 0.032

 3764 64 500 5 0.7 0.00200000000000022 0.283 2.081 0.0650000000000004 0.999499023475386 0.00256981186695638 -0.00802307483269773 0.0256643894254208 0.0164944695084982 0.697868909426947 0.999503298424367 -0.00759528454159275 -0.0267170025309442 -0.00704027488702814 -0.0131188565362482 0.690471194363395 0.999499024316962 0.00256988416876013 -0.00802316089288639 0.0256643731540365 0.0164943907040319 0.697868460198066 0.999503482976886 -0.00759636853802079 -0.0267133662302988 -0.00703688771325565 -0.0131133892669007 0.690583346819617 0.00200000000000067 0.00100000000000033 0.0280000000000005 0.0300000000000002

 3763 63 500 5 0.7 0.00199999999999978 0.285 2.134 0.0659999999999998 0.999762433294242 0.000681683658209897 0.0123138232322472 0.01597894249284 0.00822529240710407 0.698623204334689 0.999630730578917 0.0257452266274977 0.00254852531123824 -0.00827386255817794 -0.000796244475823812 0.695633387704502 0.999762432124944 0.000681769055356641 0.0123138261696161 0.0159790314668441 0.00822525021001102 0.698622663832271 0.999630729229974 0.0257454446543268 0.00254845392448902 -0.00827342061219533 -0.00079570890989751 0.695651134611673 0.00199999999999978 0.000999999999999446 0.0300000000000002 0.0279999999999996

 3769 69 500 5 0.7 0.00199999999999978 0.283 2.107 0.0649999999999995 0.999690583470336 -0.0236267351782869 0.00470769101681031 -0.00492648692911245 0.0037526094096865 0.716033290834985 0.999756646426325 -0.00311534086360001 -7.30013264319618e-05 -0.0166984841598299 0.0140747246957501 0.700791602961516 0.999690577372085 -0.0236275864179712 0.00470512912801823 -0.00493256931396676 0.00374408779011947 0.716239682605598 0.999756645146214 -0.00311548762438126 -7.29823065816e-05 -0.0166985003170891 0.0140747640687984 0.700791063359269 0.00200000000000067 0.000999999999999446 0.0350000000000001 0.0259999999999998

 3761 61 500 5 0.7 0.00200000000000022 0.284 2.229 0.0659999999999998 0.999806208112999 -0.00303214405330347 0.0122048399207852 0.00197018386623545 -0.0150170762529607 0.696283059377092 0.999653135150038 0.0193554298554888 -0.0144874706000317 0.00731778824136311 0.0074525090188443 0.7016618003599 0.999806215231565 -0.00303204123160725 0.0122044149335174 0.00197020396126999 -0.0150169658315175 0.696290612974846 0.99965313574696 0.01935546512368 -0.0144873533373107 0.00731780477659236 0.00745254907047019 0.70166118806281 0.00200000000000067 0.00100000000000033 0.0289999999999999 0.0270000000000001

 3778 78 500 5 0.7 0.00300000000000011 0.282 1.954 0.0660000000000007 0.999471992737341 0.010304644986271 0.00335774991504335 -0.00255797283932587 -0.0305242905866321 0.734425956833691 0.999601604254002 -0.0143003200273285 -0.00509768667130464 0.0235643506308489 -0.00329675444774527 0.679879036638464 0.999472112407573 0.0103076999249697 0.00335469686414012 -0.00255337973080605 -0.030520060660183 0.734288351171854 0.99960200944726 -0.0142932660379172 -0.00509738962796258 0.0235508522076445 -0.00330139883149616 0.680152123619518 0.00299999999999923 0 0.0339999999999998 0.032

 3762 62 500 5 0.7 0.00300000000000011 0.291 2.232 0.0659999999999998 0.999713370239682 0.00285975109899509 -0.00115658947236337 -0.00415095150245429 -0.0233758655472965 0.70982099646413 0.999403538395994 -0.00433253091578258 0.0127262701509533 -0.015646407917546 0.0276952809112701 0.701045660992746 0.999713362202999 0.00285997225192126 -0.00115694792875057 -0.00415071667675777 -0.0233762061518257 0.709825614944309 0.999403535829216 -0.00433249142574385 0.0127264847976661 -0.0156463833885337 0.0276952949372526 0.701045103759636 0.00199999999999978 0.000999999999999446 0.0279999999999996 0.0259999999999998

 3767 67 500 5 0.7 0.00300000000000011 0.284 2.179 0.0650000000000004 0.999335732413582 -0.0180197378480539 0.0112995799245223 -0.029045176800291 -0.00566393568699097 0.712913535010198 0.999465314171648 -0.00392915497592347 -0.0226773993006551 0.0123849037207703 -0.01964681220277 0.705078210695156 0.999335591093652 -0.0180220909393034 0.0112997279161483 -0.0290483574860198 -0.00566477608217869 0.713018931161284 0.999465316750987 -0.00392921746532639 -0.0226773048181475 0.0123848734216164 -0.0196467966466513 0.705077534981353 0.00199999999999978 0.00100000000000033 0.032 0.0270000000000001

 3765 65 500 5 0.7 0.00300000000000011 0.303 2.141 0.0650000000000004 0.999687158376409 -0.00585383701808435 -0.00430537424785112 0.00998961863473804 0.0217483158333105 0.711103139615473 0.999648212287251 -0.00215161572572825 0.0185086065404567 -0.0143936416773164 0.0122097004004266 0.708573430799297 0.999687158547296 -0.00585321115684421 -0.00430706422858265 0.00998919575662498 0.0217483360433586 0.711151744575019 0.999648215011671 -0.00215155893004214 0.0185085498239051 -0.0143935664308666 0.0122096620332792 0.708572881222086 0.00100000000000033 0.00100000000000033 0.032 0.0259999999999998

 3780 80 500 5 0.7 0.00299999999999967 0.284 2.035 0.0650000000000004 0.999723395565255 0.023124566195953 0.0041765758728296 0.000665255893843654 0.000707422291906418 0.699962878101483 0.999596214834925 0.0107010545333129 -0.0101762029687801 0.0201758586402147 0.0135009014822312 0.710667968821043 0.99972339592265 0.0231245430843068 0.00417661877872872 0.00066527132920899 0.000707404878894679 0.699962387148552 0.999596236877363 0.0106995753369548 -0.0101755248621718 0.0201752623501894 0.0135018439890511 0.710702256915935 0.00199999999999978 0.000999999999999446 0.0270000000000001 0.0289999999999999

 3777 77 500 5 0.7 0.00199999999999978 0.282 2.074 0.0649999999999995 0.999504694122264 0.0147068397955175 0.00197231351595788 -0.00942442637972325 0.0261029779449923 0.696069187549394 0.998987793982402 0.0271549395930214 -0.0295738550025257 -0.0198877516506911 0.00398260774410545 0.712248405529426 0.999504692421967 0.0147068522490946 0.00197272549001541 -0.00942437081275915 0.0261030249648651 0.696080146389211 0.99898788381515 0.0271524002541689 -0.029575559546851 -0.0198839902238825 0.00398351116903406 0.712334643373484 0.00199999999999978 0.000999999999999446 0.0279999999999996 0.0300000000000002

 3781 81 500 5 0.7 0.00300000000000011 0.283 2.013 0.0649999999999995 0.999823745661294 -0.00855633319298719 0.000602278268831786 -0.0131677664393468 -0.010271998928982 0.718342754729471 0.998849521134876 -0.00381177559941671 0.0082888890328895 0.0452602291511481 -0.012958027287928 0.711244103709379 0.999823778907038 -0.00855881531562963 0.00060162634901774 -0.0131607269464909 -0.0102757542019893 0.718612517405037 0.998849571549273 -0.0038098815207834 0.00828733800906531 0.0452591125388853 -0.0129595902538158 0.711298732553693 0.00199999999999978 0.000999999999999446 0.0330000000000004 0.0299999999999994

 3774 74 500 5 0.7 0.00300000000000011 0.285 2.062 0.0649999999999995 0.999520745242599 -7.3695071755524e-05 0.0249514096864144 -0.00798708866335629 0.0164896321384277 0.711469831426064 0.999659847970918 -0.0088352979615448 0.01520444962142 0.0175501017867828 0.00793375722316431 0.696489656469833 0.99952069954601 -7.48222195346804e-05 0.0249542969365757 -0.00798608750421034 0.0164885127124222 0.711529964609883 0.999659844483167 -0.00883529696677461 0.015204560842488 0.0175502152812193 0.00793373358315886 0.696494123868034 0.00200000000000067 0.000999999999999446 0.032 0.0250000000000004

 3770 70 500 5 0.7 0.00200000000000022 0.297 2.144 0.0650000000000004 0.999823743818229 0.00429249729814734 0.00458523173786463 -0.0053593093394514 0.0168614713936707 0.710238731238414 0.99952233261935 -0.00436182849215584 -0.00185478956278942 0.0119452837515302 -0.0281060669456088 0.69156033240552 0.999823731516243 0.00429242267160869 0.00458509661292038 -0.00535930048290273 0.0168622593957286 0.710254742711284 0.999522355413032 -0.00436235142458192 -0.0018572648822925 0.0119415944125088 -0.0281065794730967 0.691651358910155 0.00199999999999978 0.00100000000000033 0.0300000000000002 0.0289999999999999

 3775 75 500 5 0.7 0.00200000000000022 0.282 2.118 0.0650000000000004 0.999424112760478 -0.0204851054260394 0.0103701647687693 -0.0239854125557472 0.00699735348640445 0.711623635111068 0.999582063055834 0.021624359951137 0.0121917919076232 -0.0134839200011472 0.00613436102860001 0.681265906345099 0.999424089086674 -0.020487060255993 0.010369452523256 -0.0239848190334213 0.00699810157413326 0.711688568591382 0.999581765875918 0.0216385972940279 0.0121954878891746 -0.0134832378798583 0.0061267288947085 0.681508230001871 0.00200000000000067 0.00100000000000033 0.032 0.0289999999999999

 3782 82 500 5 0.7 0.00300000000000011 0.286 2.099 0.0640000000000001 0.999382086666983 -0.016326527001862 0.00957119349952196 -0.0293848771794774 0.00371626335807396 0.710027660227673 0.9995736666351 0.00611731004883129 -0.0106810613418435 0.00159639089362329 0.0264278253391177 0.709115455464739 0.999382083291044 -0.0163266667829479 0.00957066532971122 -0.0293851052751513 0.00371611379349816 0.710037903042894 0.999573660901411 0.006117377973364 -0.0106812264501763 0.00159629761244264 0.0264279653839482 0.7091149327917 0.00199999999999978 0.00100000000000033 0.0280000000000005 0.0249999999999995

 3766 66 500 5 0.7 0.00200000000000022 0.279 2.271 0.077 0.999717178320077 -0.0159884435080139 0.00771476268941255 0.00396713255691768 0.0153191821536191 0.714396671665051 0.999834624358324 -0.00497083392430304 -0.0101423224106009 0.00874993709524482 0.011251072895282 0.710453361056526 0.999717159643001 -0.0159893410720523 0.00771835565343551 0.00396654198193961 0.0153178072230867 0.714551109934173 0.999834626098036 -0.0049713940153383 -0.0101416308938512 0.00874949421864686 0.0112516385773446 0.710480316867399 0.00199999999999978 0.000999999999999446 0.0329999999999995 0.0279999999999996

 3776 76 500 5 0.7 0.00199999999999978 0.298 2.129 0.0640000000000001 0.999089600913665 -0.0267468276115406 0.00871510500007443 -0.0293161671547927 -0.0130071460006662 0.708454933056041 0.99952994950691 -0.0222889033056271 -0.0035918215501487 0.00437677292017208 0.0202738132797838 0.686418917169572 0.999089601586178 -0.0267468037224313 0.00871515643804403 -0.0293161317741234 -0.0130071887457538 0.708454329172004 0.999529823898389 -0.0222913443520881 -0.00359678748599965 0.00437912047810129 0.0202759347071958 0.686595419150846 0.00199999999999978 0.00100000000000033 0.0300000000000002 0.0300000000000002

 3779 79 500 5 0.7 0.00300000000000011 0.284 2.101 0.0640000000000001 0.99866612433051 -0.00223312609954708 0.0390797607158165 0.0089242077375509 -0.0324671538813043 0.712044025540615 0.99928544318131 0.0136305895721939 0.0304218053039932 -0.00909328627741951 -0.0153178321106718 0.695303218129122 0.998665957713983 -0.0022364474181301 0.0390843182764144 0.00892295644251886 -0.0324669080657855 0.71212388434597 0.999285462704919 0.0136300611839927 0.030421676519516 -0.00909348757947541 -0.0153171648851999 0.695330291055419 0.00199999999999978 0.000999999999999446 0.032 0.0269999999999992

 3759 59 500 5 0.7 0.00200000000000022 0.29 2.076 0.0649999999999995 0.999770124381326 -0.00488461139198997 -0.00193816638068726 -0.000954926384860134 -0.0207646476680401 0.722558846777515 0.999730680459598 -0.0128068433848778 0.00581649914545552 0.00497576326109798 -0.0177753038782407 0.697219062709923 0.999770116550234 -0.00488013821445433 -0.00194652292851076 -0.000956248870866437 -0.0207652339434247 0.722954330053079 0.999730678470969 -0.0128068882365654 0.00581648520904331 0.00497578316919194 -0.0177753823964265 0.697218560206102 0.00199999999999978 0.00100000000000033 0.398 0.0250000000000004

 3784 84 500 5 0.7 0.00199999999999978 0.291 2.044 0.0669999999999993 0.999714455576822 -0.000669404513580127 0.0211486100765449 -0.00310466365285516 -0.0106609832458537 0.709351999901971 0.999765960248235 0.0215188719979632 -0.000202162634866792 0.00220635882381322 -0.000232352899550787 0.710789958542343 0.999714455096325 -0.00066927473613425 0.0211485618117712 -0.00310468767077791 -0.0106611252007326 0.709351571610673 0.999765986752122 0.0215176407631275 -0.000204465603008193 0.00220620459553328 -0.000231785771358175 0.710827420248608 0.00300000000000011 0.00100000000000033 0.0280000000000005 0.0280000000000005

 3783 83 500 5 0.7 0.00300000000000011 0.284 2.154 0.0659999999999998 0.999402445876931 0.0319051429126819 -0.0123415489717245 -0.00225521510063059 -0.00440604184708678 0.71206309562881 0.999617788663963 0.00128818386436335 0.00343568236172483 -0.0093872039732719 -0.0257428370071074 0.71794682999792 0.999402335618826 0.0319086448785853 -0.0123404070941583 -0.00225892948837906 -0.00440698672159955 0.712140127180209 0.999617673603109 0.0012939105533806 0.00344352393978193 -0.00938254275509046 -0.0257476688287307 0.718214872066538 0.00200000000000067 0.000999999999999446 0.0309999999999997 0.0310000000000006

 3773 73 500 5 0.7 0.00200000000000022 0.287 2.292 0.0719999999999992 0.999584944564918 -0.00886793914436901 0.00893426704435203 0.00928185213985876 -0.0241934773795722 0.716353799877793 0.999701882842414 -0.00050543082517411 0.00762189419707168 -0.0142611059980068 -0.0182870874000032 0.715164298221436 0.999584678310507 -0.00887289371124357 0.00894507883046161 0.00927903659785253 -0.024199745630941 0.716565656118729 0.999701795376442 -0.000502841482327641 0.00761879271410212 -0.0142616132562421 -0.0182928362063229 0.715341677096898 0.00200000000000067 0.000999999999999446 0.0330000000000004 0.0289999999999999

 3771 71 500 5 0.7 0.00199999999999978 0.299 2.293 0.0680000000000005 0.999423260359723 -0.0223827680806816 -0.00829115421182418 -0.00459639019675256 -0.0237126190873772 0.702605868866378 0.999508506078126 -0.0263778225913903 0.00446287191025006 -0.0108551023064361 0.0122150022938696 0.707617760856653 0.999423260946191 -0.0223827909328981 -0.00829118476211778 -0.00459636431549411 -0.0237125671334014 0.702605303741634 0.999508505932408 -0.0263777786086143 0.00446291518295235 -0.0108551700886997 0.0122150331500304 0.707617111064911 0.00199999999999978 0.000999999999999446 0.0270000000000001 0.0260000000000007

 3772 72 500 5 0.7 0.00300000000000011 0.289 2.097 0.0640000000000001 0.999747095660162 -0.0157655603579676 0.00992764446479921 0.00572044548145751 -0.0112209716399161 0.72282414549849 0.999460554088776 0.00687616051117241 -0.028079425121836 -0.011920924451837 0.0100377628096417 0.697821727878717 0.999747084974853 -0.0157659724599953 0.00992764506228952 0.0057205971007151 -0.0112212668181581 0.722625058245409 0.999460550952858 0.00687610068334289 -0.028079510515311 -0.0119209446905056 0.0100378531224627 0.697821185995151 0.00199999999999978 0.00100000000000033 0.386 0.0249999999999995

 3785 85 500 5 0.7 0.00200000000000022 0.293 2.035 0.0640000000000001 0.999523727813011 -0.00583706920330106 0.0102227674472588 -0.0284400423080227 0.00221476435198504 0.723075433836648 0.999801323205889 0.00343111408844816 0.017218964666295 -0.00844018916891155 0.00422043060345543 0.695492052821449 0.999523689859342 -0.00583614990357093 0.0102265892848361 -0.0284391734397723 0.00222779036942739 0.72269837947203 0.999801324399006 0.00343119061286019 0.0172189912496971 -0.0084401988031423 0.00421995799483409 0.695516574623406 0.00199999999999978 0.00100000000000033 0.032 0.0279999999999996

 3786 86 500 5 0.7 0.00199999999999978 0.297 2.198 0.0629999999999997 0.999486843506363 0.0113710116490388 0.0289467649612474 -0.0032800719209061 0.00693366268556031 0.715469303598804 0.999143253635326 -0.00829163115282787 0.00447089675619181 -0.0401619191685156 0.00332248382057579 0.723669180418616 0.999486539154605 0.0113661186659533 0.0289576566683187 -0.00328668059168394 0.00693694790167105 0.71565698307226 0.999143779820069 -0.0082901487319885 0.00446985976262199 -0.0401485453589065 0.00333096684652151 0.723302389035499 0.00199999999999978 0 0.0329999999999995 0.0309999999999997

 3787 87 500 5 0.7 0.00199999999999978 0.421 2.038 0.0640000000000001 0.999710378415311 -0.0195388244628023 -0.00552516231575094 0.0070901110476025 -0.0107979874997245 0.704583411193964 0.999422889567299 0.0049838615020478 -0.0293067754858383 -0.00785271372482772 -0.0144394158904375 0.720263399462845 0.999710377574579 -0.0195388698626646 -0.00552520800928024 0.00709019927225288 -0.0107979018756673 0.704582850390671 0.999422696982869 0.00499469419557541 -0.0293110689505656 -0.0078519524684242 -0.0144407016723581 0.720587268280034 0.00199999999999978 0.00100000000000033 0.0280000000000005 0.032

 3791 91 500 5 0.7 0.00299999999999967 0.45 1.898 0.0640000000000001 0.999258345674509 -0.00569485242954533 0.0155589687997666 -0.0234055185066842 -0.0256987830250907 0.702908257927847 0.999841171651049 -0.00326788707084714 0.0133906328037377 -0.00192084468885025 0.0111334493462888 0.706380795027529 0.999258344538065 -0.0056947933025265 0.0155589869895196 -0.0234055738910276 -0.0256987788616477 0.702907671246021 0.999841171451045 -0.00326787484336776 0.013390546045093 -0.00192076135103681 0.0111335896213082 0.706380200152226 0.00199999999999978 0.00100000000000033 0.0280000000000005 0.0259999999999998

 3788 88 500 5 0.7 0.00199999999999978 0.463 2.056 0.0630000000000006 0.999270462319031 -0.0214246588388308 0.0306727126872591 0.00618727726986732 -0.00451989233727722 0.711063386642505 0.999506553254588 -0.0237352627702129 -0.012345315219857 -0.00391151069816255 -0.0159868877066011 0.709859466498654 0.999270425739511 -0.0214250510088549 0.0306737905802679 0.00618631657934982 -0.00452012060274144 0.711110453103612 0.99950655661503 -0.023735132317163 -0.0123453343834971 -0.00391152783299038 -0.0159868522988385 0.709865386535533 0.00199999999999978 0 0.0309999999999997 0.0259999999999998

 3789 89 500 5 0.7 0.00199999999999978 0.439 2.156 0.0630000000000006 0.999464503516391 -0.00186416497984314 -0.0291841816253203 0.0113183884366837 -0.00934926337840978 0.71767443116309 0.999657291823381 0.0186124487473163 0.00801656142611279 0.00954076417056963 -0.0135493253674978 0.674605685182089 0.999464216465428 -0.00187440702297413 -0.0291928000689382 0.0113227869642348 -0.009345668673659 0.717924398242066 0.999657297040229 0.0186132431709639 0.00802363892708676 0.00954298822440193 -0.0135420916773646 0.674936760580521 0.00199999999999978 0.000999999999999446 0.0330000000000004 0.0300000000000002

 3796 96 500 5 0.7 0.00300000000000011 0.369 2.054 0.0650000000000004 0.999582727210986 -0.0178776291462213 0.0109778157112993 -0.0151075173623683 -0.0128845767843765 0.713441273788821 0.999361680926644 -0.0135488482441409 0.0180515842901863 -0.0110677028650488 0.0253831768034464 0.696169398165166 0.999582547711412 -0.0178812105996789 0.0109785916701013 -0.0151090981579892 -0.0128910160982906 0.713564715466836 0.999361687975983 -0.013548672898699 0.0180514419855349 -0.0110677406977679 0.0253830775629846 0.69617882912 0.00199999999999978 0 0.0330000000000004 0.0279999999999996

 3794 94 500 5 0.7 0.00299999999999967 0.402 2.127 0.0640000000000001 0.999640207010772 -0.0187536032880409 -0.00709203743942334 0.0117682412112087 -0.0133779817210445 0.716485579715289 0.999054020383521 0.0341554833387126 -0.0249502034087752 -0.00139288163451031 0.0100007271752743 0.700896120456079 0.999640202400486 -0.0187607816066365 -0.00709496216090718 0.0117641301572057 -0.0133703242968743 0.716701113858292 0.999054017708813 0.0341555665735499 -0.0249502067386818 -0.00139279222094055 0.0100007142467209 0.700895564156479 0.00199999999999978 0.00100000000000033 0.0329999999999995 0.0259999999999998

 3793 93 500 5 0.7 0.00300000000000011 0.437 2.12 0.0629999999999997 0.999788003513931 -0.00763575083640864 -0.00846731592145367 -0.00719424522635367 -0.0155624784498388 0.72454636126367 0.999917686803161 -0.00355167120522091 -7.58135982355469e-05 -0.00906704953222271 0.00835392811458226 0.710322189427162 0.999788211306261 -0.00763682553013441 -0.00846461238622627 -0.00720256793589801 -0.0155462143664772 0.724202241365453 0.999917682248593 -0.00355170693736712 -7.62543319086429e-05 -0.00906701995916501 0.00835448614636981 0.710344601427648 0.00200000000000067 0 0.0330000000000004 0.0280000000000005

 3795 95 500 5 0.7 0.00300000000000011 0.381 2.099 0.0630000000000006 0.999949731095618 0.00857861884826938 0.000877551383270171 0.00285407805152278 0.00424578879628184 0.712013134128595 0.999935890814 -0.00406180632041604 -0.00896691728967297 0.00472450997095173 -0.00299823135908869 0.698695995582756 0.999949708948705 0.00858231190054019 0.000874815506506218 0.00285378609169753 0.00424430189940588 0.712076481848793 0.999935890853735 -0.00406190973213625 -0.0089669584874584 0.00472438077235965 -0.00299815838097267 0.698695480013077 0.00199999999999978 0 0.0299999999999994 0.0259999999999998

 3790 90 500 5 0.7 0.00300000000000011 0.431 2.174 0.0640000000000001 0.999528057296274 0.0150956531668811 0.0223644130281372 -0.0146432688551797 -0.00109162271107183 0.713323157368436 0.999350907560568 -0.0244049794991826 0.00495659252699144 -0.0176450715304022 0.0191375070142693 0.692311872337606 0.999528108008122 0.0150980196037216 0.0223615319439232 -0.0146414690797945 -0.00109561765999152 0.713441114447378 0.999350864453458 -0.0244063885305997 0.00495817110554627 -0.0176450672599672 0.0191375561579674 0.692392295417159 0.00200000000000067 0.000999999999999446 0.032 0.0279999999999996

 3792 92 500 5 0.7 0.00200000000000022 0.364 2.158 0.0629999999999997 0.999428954705574 0.00884067420544543 -0.00497913093307694 -0.0231314176098034 -0.0224444369550307 0.697069706799582 0.999420833033428 -0.0213776227711981 0.00291044744711489 0.000873097499560814 0.0263013828502483 0.711089587827669 0.999428956711461 0.00884065576634961 -0.00497908567790683 -0.0231313883629834 -0.0224443950792847 0.697069210331557 0.999420848710934 -0.021377566480194 0.00291012838216888 0.000872115900437916 0.0263009007442148 0.711128204356467 0.00100000000000033 0.00100000000000033 0.0270000000000001 0.0280000000000005

 3800 100 500 5 0.7 0.00200000000000022 0.323 2.03 0.0640000000000001 0.999219815275361 0.000724196284919557 0.0370062274523675 0.0137695757367957 0.000417390207872641 0.713490024309746 0.999362704438915 0.0187322689416068 0.027608526443721 -0.0108677514134321 -0.0065534970556531 0.689870915123863 0.999219753074744 0.000723149487982355 0.0370076322711681 0.0137705358922727 0.000411843402151012 0.713615093978111 0.99936286926373 0.0187266549896051 0.0276041680284366 -0.0108716810216405 -0.00655624809531364 0.689993507115265 0.00199999999999978 0.00100000000000033 0.032 0.0289999999999999

 3797 97 500 5 0.7 0.004 0.313 2.082 0.0630000000000006 0.999899337309313 0.00333132668427587 0.00646242948780764 -0.00768091057527875 -0.00945823074196615 0.708602826182297 0.999463900194352 -0.0224861170614632 -0.0212644579951508 0.00532713815606947 -0.00925911297211026 0.684083637080069 0.999899338401186 0.00333133926165346 0.00646246896989699 -0.00768082640330656 -0.00945815225981449 0.708602303788562 0.999463884537737 -0.0224878430896632 -0.0212635911877777 0.00533192410134204 -0.00925584642744737 0.684293934763195 0.00199999999999978 0 0.0279999999999996 0.0299999999999994

 3798 98 500 5 0.7 0.00299999999999967 0.31 2.115 0.0640000000000001 0.999824911146361 0.0064502172725782 0.00593692052888129 -0.0158536075074531 -0.00468592060752601 0.71384225873682 0.999768471339374 -0.00984697596912604 -0.0132318592353236 -0.013476540114256 0.00305639456215443 0.700752518106221 0.999824889456214 0.00644966800477159 0.00593703717210456 -0.0158541127065248 -0.00468944627904518 0.713976324407611 0.999768472714149 -0.00984688437608087 -0.0132318592817276 -0.0134765166118505 0.00305634338082503 0.700751949826763 0.00199999999999978 0 0.0309999999999997 0.0259999999999998

 3799 99 500 5 0.7 0.00299999999999967 0.31 2.135 0.0620000000000003 0.99905095083663 0.0243830881740678 0.0239570640592424 -0.00984984061566451 -0.025133689841088 0.703621984396095 0.999680827118229 -0.019007332581539 -0.00914082493730093 0.0138079125067854 -0.00165893701480333 0.71030848280603 0.999050949483714 0.0243831380250891 0.0239570893191777 -0.00984982225509838 -0.0251336783745391 0.703621450960995 0.999680822695237 -0.0190073164726031 -0.00914076447518591 0.0138083035824745 -0.00165886493353738 0.710330867547679 0.00199999999999978 0 0.0270000000000001 0.0279999999999996

 3803 3 1000 5 0.7 0.0740000000000003 0.328 4.14 0.126999999999999 0.999645487630192 -0.013412039821561 0.00678504228901801 -0.00744362231102915 -0.0206778126610823 0.704608721631038 0.9996859333775 0.0156774284256655 -0.00704578447051913 -0.0120609924164338 -0.013679993722237 0.702250345276986 0.999645487765785 -0.0134120411291944 0.00678509028166535 -0.00744363604365388 -0.0206777845663965 0.704608177562555 0.999685932629741 0.0156774341691462 -0.00704587361292925 -0.0120609658415139 -0.013680019301048 0.702249806273995 0.00300000000000011 0.000999999999999446 0.0440000000000005 0.0419999999999998

 3802 2 1000 5 0.7 0.0169999999999999 0.341 4.26 0.127000000000001 0.999667180191837 0.0225562844387511 -0.0120168676783221 -0.000785184026381937 -0.00342363211593585 0.706343943219574 0.999827689114869 -0.0139609831890128 -0.0102640090838466 -0.00612906491692247 0.00260148195998239 0.702998049422465 0.999667179853863 0.022556287497517 -0.0120168884331017 -0.000785178504560453 -0.00342363906615146 0.706343452327921 0.99982768825297 -0.0139610519508043 -0.0102640008178671 -0.00612907088230365 0.00260146275774969 0.702997519982366 0.00300000000000011 0.00199999999999889 0.0449999999999999 0.0429999999999993

 3813 13 1000 5 0.7 0.0350000000000001 0.338 4.068 0.126000000000001 0.999853160793955 0.0143627372660324 -0.00871857561565071 -0.00131704126715617 -0.00310168826587778 0.704777209968725 0.999817642024953 0.0025768122842662 0.0134270575372238 0.00822630672592788 0.0104921274133359 0.703083994482203 0.999853161479577 0.0143627139954571 -0.00871852798153192 -0.00131704072078382 -0.00310170913456826 0.704776676202858 0.999817642011595 0.00257681683936888 0.0134270577157368 0.00822631971641543 0.0104921171539781 0.703083455502358 0.00299999999999834 0.000999999999999446 0.0429999999999993 0.0429999999999993

 3811 11 1000 5 0.7 0.0590000000000002 0.322 4.146 0.126999999999999 0.999499808303294 -0.000731937301121282 0.030251798451096 -0.00872806224658758 0.00287177460115782 0.706678497216238 0.999869148853142 -0.00966052176753299 0.000556811303118204 -0.0107823186094351 0.00719660040916118 0.70034331421841 0.999499807835513 -0.000731994624651894 0.0302517948905412 -0.00872810946659364 0.00287181679114077 0.70667799765223 0.99986914864538 -0.00966055135760356 0.00055678465454653 -0.0107823218226735 0.00719658680150862 0.700342814099398 0.00200000000000067 0.00100000000000122 0.0429999999999993 0.0440000000000005

 3805 5 1000 5 0.7 0.0249999999999999 0.322 4.161 0.128 0.999838575329147 0.00280585526079515 -0.0120910852716759 -0.00351219865798094 0.012506821241931 0.712732143620824 0.999857047621127 -0.000463015829026859 0.000197595303228035 0.00093177421323233 0.0168749130847331 0.693517026155075 0.999838569075196 0.00280559364133371 -0.0120918077935189 -0.00351028462148088 0.0125072187213889 0.712831236993751 0.999857031035826 -0.000464482699508143 0.000198901467101953 0.000932396741381886 0.0168758057160907 0.693576119952372 0.00300000000000011 0.000999999999999446 0.0500000000000007 0.0460000000000012

 3814 14 1000 5 0.7 0.069 0.324 4.147 0.125999999999999 0.999404935756802 0.00513752882036114 -0.0299361127215294 0.0125528209888596 -0.0104707221769619 0.71266086498144 0.999923962215155 -0.00230834553907113 0.00598664970773457 -0.00423020556047523 0.00964399891177246 0.695443280030126 0.999404838422115 0.00513954319148641 -0.0299383913541102 0.0125547337829178 -0.0104702157101642 0.712760138402406 0.999923969580891 -0.0023080146590076 0.00598590359393126 -0.00423018160295598 0.00964378803669213 0.695468482334092 0.00300000000000011 0.000999999999999446 0.0519999999999996 0.0459999999999994

 3804 4 1000 5 0.7 0.052 0.324 4.265 0.125 0.999641581933666 0.00326970167511024 0.0204168248805637 0.00559320746251175 0.0160588297266813 0.703020237292104 0.999792835027847 0.0108593492645755 0.00369090806577383 0.016133458385027 -0.00473817250839601 0.702952221281647 0.999641582399716 0.00326968438720542 0.020416797094333 0.00559322903163628 0.0160588320499609 0.703019715625618 0.999792835779473 0.0108593418213919 0.0036908905577943 0.0161334285610039 -0.00473814615686463 0.702951705446337 0.00199999999999889 0.00100000000000122 0.0449999999999999 0.043000000000001

 3807 7 1000 5 0.7 0.0169999999999999 0.359 4.345 0.129 0.999908623089277 0.00352050444414713 -0.00633252644536116 0.000522402518592592 0.011400777367931 0.711491042080595 0.999794014362788 -0.00929868201335069 -0.000220579811691113 0.00899500339528701 -0.0156366433617399 0.687426983087299 0.999908628097307 0.00352174588412159 -0.00633104078443245 0.000522271444308052 0.0114007858331346 0.711552010420676 0.999793930152784 -0.00929839979926019 -0.000221198346742026 0.00899842116328261 -0.0156402199052057 0.687587764767013 0.00199999999999889 0.000999999999999446 0.0489999999999995 0.048

 3806 6 1000 5 0.7 0.0539999999999998 0.326 4.308 0.127000000000001 0.999685003306088 -0.00671019834100537 -0.00498523513498226 0.021052267490015 0.0108081851995842 0.694124134268421 0.999854024553796 0.00193319177094122 -0.00132361110661833 -0.00446490496116536 -0.0163249817911262 0.70446960161862 0.999684999592853 -0.00671009394669627 -0.00498578032718387 0.0210519366028806 0.0108089864493398 0.694172268379203 0.999854024625324 0.00193320835617565 -0.00132359568070407 -0.00446494296373427 -0.0163249663031515 0.704469055900476 0.00200000000000067 0.00100000000000122 0.0469999999999988 0.0419999999999998

 3816 16 1000 5 0.7 0.0169999999999999 0.328 4.204 0.128 0.999762562915139 -0.0108828039568781 0.00255655144311944 -0.018677586068004 0.000997093164640481 0.710450213481139 0.999643979187671 -0.00256684414654735 -0.00695884737940293 -0.000238444432435382 0.0256289635445726 0.700003810561223 0.999762558813471 -0.0108841857311079 0.00255687443408045 -0.0186769416366452 0.000997366503247039 0.710476824126603 0.999643978982292 -0.00256688203750982 -0.00695889268579369 -0.000238423755481982 0.0256289556509267 0.700003322486568 0.00300000000000011 0.000999999999999446 0.0490000000000013 0.0410000000000004

 3809 9 1000 5 0.7 0.0569999999999999 0.346 4.33 0.132000000000001 0.999499778503369 0.0228858393836498 -0.00981361684515934 0.0194778851895429 -0.000857927957988504 0.696694264789541 0.999974041149215 -0.00179998992941444 0.000179957957479744 -0.00686285457966056 -0.001243344728806 0.704771013140231 0.999499780129944 0.0228857904230185 -0.00981362055982502 0.019477855697489 -0.000857966107673752 0.696695368945821 0.999974040994195 -0.00179998216046923 0.000179933131001188 -0.00686287648471682 -0.00124336333653689 0.70477048747731 0.00200000000000067 0.000999999999999446 0.0440000000000005 0.0409999999999986

 3815 15 1000 5 0.7 0.0100000000000002 0.32 4.31 0.122999999999999 0.999827361833272 0.00756595234168544 0.0105770850918696 0.00820461586562997 -0.0104313203450185 0.70627750770963 0.999708669557753 0.00595227294786837 -0.00693305294627318 0.00143884690171238 0.0222936976354168 0.706860935244635 0.999827362873555 0.00756593266792437 0.0105770552343186 0.00820459183626446 -0.0104312840795181 0.706277015810514 0.999708669878091 0.00595221961601198 -0.00693301536023769 0.00143889130572363 0.0222937063326271 0.706860442064781 0.00200000000000067 0.00100000000000122 0.0439999999999987 0.0409999999999986

 3801 1 1000 5 0.7 0.0180000000000002 0.35 4.435 0.141999999999999 0.999925090268201 0.00629977430903288 -0.000418396623658029 -0.00458365220916059 -0.00943089457454033 0.712618223506914 0.999649096767573 -0.00686521534233319 0.0143506572366648 0.00926879976953961 0.0190446879151693 0.692162053663465 0.999925089567097 0.00629961088657858 -0.000419785390692815 -0.00458372538618397 -0.00943098079313866 0.712715496573052 0.999649064294949 -0.00686587091634183 0.0143495562431097 0.00926960874677437 0.0190465918237258 0.692247278559959 0.00300000000000011 0.000999999999999446 0.0510000000000002 0.048

 3812 12 1000 5 0.7 0.0680000000000001 0.328 4.366 0.140000000000001 0.999585747723074 -0.00978993753012128 -0.0126977720892483 0.0166884270881253 -0.0171100279763963 0.7033103857861 0.999628611607895 -0.0222123580221907 0.0157536968743989 0.000483573500306692 -0.000914984932156782 0.69874418304764 0.999585748536033 -0.00978997181792549 -0.0126977845332056 0.0166884146246273 -0.0171099637851288 0.703309861229475 0.999628612315005 -0.0222123379673035 0.015753680111265 0.000483589772728506 -0.000914979282199932 0.698743723831218 0.00199999999999889 0.000999999999999446 0.0440000000000005 0.0419999999999998

 3808 8 1000 5 0.7 0.048 0.327 4.485 0.125999999999999 0.999360019002338 0.0176248188632567 -0.0156759408965685 -0.0242611288972909 -0.0116008914019708 0.708834775916047 0.99974141339745 -0.00090490966644618 -0.000891096135685609 -0.020082341413941 0.0105921191258456 0.705078401958237 0.999360016846125 0.0176248476559616 -0.0156759667931172 -0.0242611631763216 -0.0116009267237767 0.70883430567001 0.999741412877472 -0.000904866533036621 -0.000891107491457256 -0.0200823798450545 0.0105920980693468 0.70507790310789 0.00200000000000067 0.000999999999999446 0.0439999999999987 0.0400000000000009

 3810 10 1000 5 0.7 0.0590000000000002 0.323 4.508 0.126000000000001 0.999922317305541 -0.00147277508104002 -0.00404137773596533 0.011650825711138 -0.00105632103136006 0.711437602204331 0.999553078719578 -0.00793415185959329 0.0258078254489213 0.0122452993141778 0.00383416833044047 0.693268121249123 0.999922309644829 -0.0014725222706184 -0.00404162677391005 0.011651515439573 -0.00105536424789863 0.711496290118177 0.9995530410112 -0.00793554647331018 0.0258090389382451 0.0122450854304224 0.00383362743586799 0.693332619820836 0.00300000000000011 0.00100000000000122 0.048 0.0449999999999999

 3817 17 1000 5 0.7 0.0179999999999998 0.439 4.033 0.125999999999999 0.999886919041322 -0.00488048933350634 0.0125298704856978 0.00308855323399407 -0.00598273670237912 0.69320721630378 0.999870964673303 0.00764135340531323 0.00943177527584558 0.00955774724284826 -0.00439940952876417 0.695471436632705 0.999886885101451 -0.00488063433699519 0.0125318961596132 0.00308736451195314 -0.00598466119353093 0.693271429876623 0.999870960528518 0.00764086711030385 0.00943188703443677 0.00955844947209224 -0.00439943089965065 0.695495872502342 0.00200000000000067 0.000999999999999446 0.048 0.0439999999999987

 3821 21 1000 5 0.7 0.0430000000000001 0.364 3.964 0.126000000000001 0.999861308825794 0.0130029627656629 -0.007558193067681 0.0068760866440016 0.00196957419259135 0.688395272305075 0.999787937990351 0.0039151017936866 0.00336060304471494 -0.0132554130021468 0.0148913196280537 0.697007494019854 0.999861306232538 0.0130041508564331 -0.00755827235381075 0.00687484601576097 0.0019670716180046 0.688537399069807 0.999787937818608 0.00391511866160259 0.00336065311785822 -0.0132554207052588 0.0148913085667324 0.697007067922973 0.00200000000000067 0.00199999999999889 0.052999999999999 0.0409999999999986

 3818 18 1000 5 0.7 0.0259999999999998 0.37 4.247 0.120999999999999 0.999457528830454 0.0214309393226614 -0.0165268666460607 0.000879900876165537 -0.0187470359572538 0.717588183082062 0.999751519009563 0.00375195912862292 0.0177067963944789 0.0128203640853618 -0.00222051051149185 0.687638584029474 0.999457575562788 0.0214299955170874 -0.0165278085208913 0.000881104605236034 -0.0187447363935133 0.717840381576824 0.999751526332265 0.00375309036131672 0.0177066554028198 0.0128202433428038 -0.00221712068328519 0.687796340368763 0.00300000000000011 0.000999999999999446 0.0499999999999989 0.0470000000000006

 3819 19 1000 5 0.7 0.0299999999999998 0.35 4.31 0.124000000000001 0.999811550807284 -0.0159750844252785 -9.99050354250829e-06 0.00917698327964224 0.00611902181833671 0.70950341023922 0.999918275240179 -0.00293182085196444 0.00548009170263135 0.00933713032243135 -0.00613464420078329 0.688790744214898 0.999811551732326 -0.0159750317577144 -9.97505758845338e-06 0.00917695063149976 0.00611905716135397 0.709502987037611 0.999918288115211 -0.00293538354726647 0.00547846327785432 0.00933530146116725 -0.00613507969939491 0.688933710242123 0.00300000000000011 0.000999999999999446 0.0429999999999993 0.0469999999999988

 3824 24 1000 5 0.7 0.0350000000000001 0.313 4.111 0.129 0.999965937024274 0.00628518640093286 -0.00402775038215118 -0.00343854180882109 -0.000758208520113021 0.708247181142414 0.999787481894523 0.0108435704998903 -0.00988583455360973 0.00518209263372229 0.0135212505685408 0.686110401469085 0.999965937239806 0.00628515010370429 -0.00402772811394558 -0.00343856905306496 -0.000758219887252927 0.70824668996357 0.999787550963797 0.0108398056585432 -0.00989072300814477 0.00518076947241674 0.0135160932649869 0.686291524597338 0.00199999999999889 0.00200000000000067 0.0439999999999987 0.0490000000000013

 3828 28 1000 5 0.7 0.0110000000000001 0.311 4.1 0.128 0.99986465495299 0.00238881928800327 -0.00643144119796265 0.0111884179831285 0.00992074519873682 0.710701068585662 0.999776921323391 -0.0107059273739168 0.0114672363318023 -0.00884440240117989 -0.0110349329523961 0.704287014257499 0.999864635004192 0.00238928591789026 -0.00643200759307537 0.0111895443015247 0.00992100586547099 0.71073649667101 0.999776920984918 -0.0107058997882731 0.0114672789685858 -0.00884435648947882 -0.0110349828719866 0.704286460355314 0.00199999999999889 0.000999999999999446 0.048 0.0419999999999998

 3820 20 1000 5 0.7 0.0530000000000004 0.373 4.309 0.121 0.999656595674173 0.0112398616177198 -0.0045841771576107 0.0184862028315617 -0.0140570928927293 0.712066379540958 0.99989510217691 -0.00609598773786383 0.00593520897975307 0.00111814262810363 -0.0116681887007716 0.70104001935831 0.999656564784451 0.0112390283960419 -0.0045837730639176 0.0184883815715973 -0.014057222180265 0.712145114978141 0.999895102865696 -0.00609593297161011 0.00593518899575875 0.00111816181961182 -0.0116681666141427 0.701039556916561 0.00300000000000011 0.000999999999999446 0.0470000000000006 0.0399999999999991

 3826 26 1000 5 0.7 0.0209999999999999 0.309 4.213 0.122 0.999859379484871 0.000459019557254714 0.00894193592316493 0.0141735084876828 -0.000404964530873348 0.69947718232607 0.999787256468597 -0.010037983467483 -0.0134153392832422 0.00231071670962808 0.0118055051186372 0.690981615700346 0.999859379735842 0.000459004007193594 0.00894194684059526 0.0141734851759819 -0.000404937333666046 0.699476733442914 0.99978725582976 -0.0100360695017181 -0.0134181555374566 0.00231071885439559 0.0118039853313926 0.691084593282437 0.00300000000000011 0.00100000000000122 0.0419999999999998 0.0459999999999994

 3823 23 1000 5 0.7 0.0150000000000001 0.32 4.323 0.121 0.999884848521789 -0.000268337068780592 -2.18162428177861e-05 -0.0116585939181662 -0.00971053055607171 0.709378574399777 0.999791491042145 -0.00884749866192068 0.00295931679789068 -0.0176719435342295 0.00420012654147503 0.699847708742354 0.999884848267285 -0.000268337733403298 -2.18226215019944e-05 -0.0116586105832719 -0.00971053672100446 0.709378146346311 0.999791490478045 -0.00884750902765207 0.00295935480860257 -0.0176719764741108 0.00420007360761927 0.699847093166749 0.00300000000000011 0.00100000000000122 0.0419999999999998 0.0410000000000004

 3822 22 1000 5 0.7 0.02 0.336 4.337 0.122 0.999883539082246 0.00804027025035492 -0.00124357648191694 -0.0108257563234003 -0.00703696271302533 0.71599243088218 0.999965439801287 0.00394437182822125 0.000295622959162298 0.00589448716334399 -0.00432767397653844 0.692009402375042 0.99988352633822 0.00804022533590638 -0.00125239417870996 -0.0108245384249659 -0.00703913422958316 0.716193885287643 0.999965449645425 0.00394273126274763 0.000297172681773245 0.00589528240116646 -0.00432570449994764 0.692096233784626 0.00200000000000067 0.000999999999999446 0.0499999999999989 0.0449999999999999

 3827 27 1000 5 0.7 0.0419999999999998 0.313 4.276 0.123999999999999 0.999885930191803 -0.00200212221033666 0.00985328627902426 0.00241260297202505 0.0110095507415417 0.699636213585406 0.999803159392387 0.0115424786846847 0.00136765345247444 0.00886941514194625 -0.0134118102390992 0.693924543616933 0.99988592987783 -0.00200219434269547 0.00985329364275124 0.0024125667641609 0.0110095674828842 0.699635750457427 0.999803158809173 0.0115428426677971 0.00136777077369182 0.00886947520767773 -0.0134114887688266 0.693977564939582 0.00199999999999889 0.00100000000000122 0.0429999999999993 0.0449999999999999

 3830 30 1000 5 0.7 0.024 0.313 4.221 0.125999999999999 0.999949302324479 0.00426477649747327 -0.00853232286812014 -0.000745052186062234 -0.00313828391466115 0.704712556274665 0.999923690593972 0.00475827080153717 0.00660890002087883 -0.00374766989654406 -0.00849995639818035 0.697275657817058 0.999949302843619 0.00426472844050478 -0.00853230792401528 -0.00074504271592284 -0.00313822668576157 0.704712024834598 0.999923690785689 0.00475829625117017 0.00660887504785268 -0.00374765932471625 -0.00849994367628404 0.697275155772004 0.00200000000000067 0.000999999999999446 0.043000000000001 0.0410000000000004

 3832 32 1000 5 0.7 0.0220000000000002 0.307 4.243 0.126000000000001 0.999793884762268 -0.00148295722831346 -0.00371800844618539 -0.000245155972882979 0.019902390348264 0.702013742852289 0.999915034449363 0.00951823284649242 -0.00233293428324136 -0.00846551811002386 -0.00148981420582222 0.702824495875891 0.999793885547201 -0.0014829618002344 -0.00371803791788748 -0.000245165092750169 0.0199023449585247 0.702013248351435 0.999915034752514 0.0095181834320336 -0.00233295927012785 -0.00846553378884879 -0.00148979822369303 0.702823985112327 0.00200000000000067 0.00100000000000122 0.0429999999999993 0.0400000000000009

 3829 29 1000 5 0.7 0.0209999999999999 0.309 4.4 0.124000000000001 0.999670411651726 -0.0129996274223815 -0.0215387269355987 0.00256927951661844 0.00442264623360418 0.701570988139307 0.999719780568661 0.0128435337441412 -0.00449460443562229 0.000998695314664345 -0.019344382113373 0.694368463913861 0.999670412249747 -0.0129996293030249 -0.0215387078994542 0.00256926381288041 0.00442260736289835 0.701570496718215 0.99971977499039 0.0128414408698582 -0.00449502270739035 0.000997374576611338 -0.0193460307133872 0.694413528079729 0.00200000000000067 0.000999999999999446 0.0419999999999998 0.0449999999999999

 3825 25 1000 5 0.7 0.0449999999999999 0.308 4.45 0.136000000000001 0.999532183337144 -0.0127562651287631 0.0256084622749542 -0.00767230118101025 -0.00761804618954871 0.701608573846332 0.999681736398224 0.00340570642419331 0.0203863581596967 0.00276810104003783 0.0141972213196928 0.693926867761553 0.999532184913299 -0.0127562934602726 0.025608378890772 -0.0076722984519798 -0.00761807499643922 0.701608126879835 0.999681717078962 0.00340527467231599 0.0203869390706868 0.00276646847598635 0.0141981692469067 0.693979429740313 0.00300000000000011 0.000999999999999446 0.0410000000000004 0.0429999999999993

 3831 31 1000 5 0.7 0.0259999999999998 0.309 4.477 0.141999999999999 0.999850351017415 0.00918649543479289 0.0119338164822504 0.00520488211877728 -0.00673625253945507 0.714713452947253 0.99995804464176 -0.00768703473161382 -0.00111620863244033 -0.00368893894650774 -0.00315662177036909 0.690640010562952 0.999850256752214 0.00918550691720479 0.0119414976520526 0.0052056160200979 -0.00673741277368352 0.714878512363848 0.999958074135835 -0.00768419146647267 -0.0011164558368897 -0.00368950071632252 -0.00315345570569671 0.690747426501643 0.00300000000000011 0.000999999999999446 0.048 0.0440000000000005

 3834 34 1000 5 0.7 0.0219999999999998 0.31 3.979 0.125 0.999282733436233 0.00540581558924413 0.016584375117565 -0.00694842549963303 0.0328857674239377 0.709486153975476 0.99988020882188 -0.00155036744264599 0.0144865174815008 0.00483644956256639 -0.00197836649597056 0.694451401801905 0.9992827348817 0.00540583174387592 0.0165843404382972 -0.00694839750825831 0.0328857442488505 0.709485728528434 0.999880204392705 -0.00155048844475599 0.0144866546923788 0.0048368759546579 -0.00197846304169115 0.694486613095503 0.00199999999999889 0.000999999999999446 0.0459999999999994 0.0439999999999987

 3837 37 1000 5 0.7 0.0230000000000001 0.308 3.973 0.125 0.999830439075276 -0.00213135708841361 0.00266522104854573 -0.013259885779283 -0.0123135064618389 0.702347957954199 0.999939618278874 8.2297235011641e-06 0.00773935511398137 -0.00398613799700382 -0.00670617736561147 0.698944611820244 0.999830438626485 -0.0021313968505579 0.00266529711848508 -0.0132598901662225 -0.0123135148307044 0.702347477573294 0.999939618507658 8.19408725841445e-06 0.00773928917046853 -0.0039861002991948 -0.00670624180567281 0.698944148656092 0.00200000000000067 0.00100000000000122 0.0460000000000012 0.0399999999999991

 3833 33 1000 5 0.7 0.0209999999999999 0.306 4.109 0.127000000000001 0.999763573759571 -0.00107789702240794 -0.0129705767031865 0.0120978051086305 -0.0125316388808687 0.706674417892179 0.99971539095596 -0.00524234649591718 -0.0152055886150535 0.00121907502146064 0.017577224466662 0.707094976952908 0.999763574850614 -0.001077929012256 -0.0129705521593043 0.0120977744729057 -0.0125316040653949 0.706673947835657 0.999715390929226 -0.00524232498588153 -0.0152055928840954 0.00121907755664117 0.0175772285335938 0.707094461945843 0.00200000000000067 0.00200000000000067 0.0449999999999999 0.0419999999999998

 3835 35 1000 5 0.7 0.0249999999999999 0.311 4.138 0.125 0.999934805384985 0.0098243605146876 0.00207355988856409 0.00114644237891755 -0.00531534941746069 0.697047380882881 0.999926896299014 -0.00411635256262692 -0.00194428486544839 0.0107198930602281 0.00324982284756392 0.705091307060709 0.999934804784298 0.00982439895102471 0.00207358196363553 0.0011464542478408 -0.00531538020627714 0.697046962629158 0.999926896064045 -0.00411637341161272 -0.00194426182866434 0.0107198907467982 0.0032498901489169 0.705090764442865 0.00200000000000067 0.00100000000000122 0.0460000000000012 0.0410000000000004

 3836 36 1000 5 0.7 0.0110000000000001 0.305 4.137 0.125 0.999694227848014 -0.00240573270904898 -0.0130754645075722 0.0184070379526543 -0.0097916515060711 0.705379955572893 0.999936230863174 0.00227698699528735 0.00865147488187539 0.00512834285960032 0.00460452160992069 0.707022127667711 0.999694228112588 -0.00240573654544598 -0.0130754487258653 0.018407039127098 -0.00979164241798728 0.705379390451631 0.999936230960633 0.00227700798163159 0.00865143460025872 0.00512833820000842 0.00460457094179304 0.707021651739146 0.00199999999999889 0.000999999999999446 0.0439999999999987 0.0389999999999997

 3839 39 1000 5 0.7 0.024 0.309 4.139 0.125 0.999782165118878 0.002290036688582 0.00676242797411883 -0.00808505772775479 -0.0178683925300248 0.706067943934243 0.999761359549634 -0.0044101299988279 0.00392722099480401 0.00880123459470001 -0.0191020917631484 0.694298171051633 0.999782165084389 0.00229001529006821 0.00676243359785944 -0.0080850135685258 -0.0178684150548949 0.706067450706581 0.99976134899691 -0.00441019648799869 0.0039273620010107 0.00880136097326313 -0.0191025414944573 0.694344986715959 0.00200000000000067 0.00100000000000122 0.0449999999999999 0.0439999999999987

 3838 38 1000 5 0.7 0.032 0.309 4.354 0.119 0.999797748352551 -0.012410009484205 0.00189456407923949 -0.00917455816522226 0.0127550838176264 0.706382555529635 0.999782358106529 0.0031887487905296 0.00814338831205894 0.0095211538282141 0.0163737948160428 0.702487189503078 0.999797748033671 -0.01241002846757 0.00189453866920293 -0.00917460801136533 0.0127550582634036 0.706382083680168 0.999782358914574 0.00318880557872542 0.00814339985434893 0.00952113293977836 0.0163737408232289 0.702486687893686 0.00300000000000011 0.000999999999999446 0.0410000000000004 0.0389999999999997
