
 950 5 100 10 0.95 0.0219999999999998 3.215 0 0.077 0.999872295769067 -0.0111821552267193 0.0022723391421581 0.0039797829438557 -0.00351517237089822 -0.0022228662211659 -0.00363201158835462 0.000656368940971985 -0.00374537037524621 0.00802506460262819 0.947811719134235 0.999926604150623 -0.00294874963469902 0.00891996215082683 0.000635916057671534 -0.00363950694776069 -0.000967533684963172 0.00562693530952028 -0.000195903736812944 0.00325290895204551 0.00128714615910402 0.954765743792556 0.999872204607367 -0.0111860863512286 0.00228547891297939 0.00397131746238452 -0.0035087014765017 -0.00222306365445882 -0.00364064904666166 0.000656748716905069 -0.00374599944117143 0.00802994366501654 0.948102833910257 0.99992660964431 -0.00294842001778229 0.0089194270766794 0.000634033124003905 -0.00363606677327627 -0.000966624355457562 0.00562997171515981 -0.000194325972552482 0.00325160866899826 0.00128892202979687 0.954698588952691 0.968 0.483000000000001 0.126000000000001 0.181000000000001

 952 7 100 10 0.95 0.0460000000000003 2.567 0 0.0689999999999991 0.99993100624187 0.00103266763611824 0.00162782953288857 0.00396043860276096 -0.00087484885269823 0.00711402618348813 0.00357202883909264 0.00567165607141187 -0.00112172591865526 0.00458490785615471 0.949105298280475 0.999855850636544 -0.00310370941013408 0.00706989162311677 0.00883346750920885 0.0104672371204902 0.00199817337121882 -0.00301992739652391 -0.00370835598216884 -0.000906634057774902 0.00365811691015534 0.949473204671076 0.999931065324055 0.00102067852466975 0.00162406213422516 0.00394653921224685 -0.000872677098412938 0.00711790650338562 0.00356697632705365 0.00566701050518517 -0.00112251882407224 0.00459189837398792 0.949308482142501 0.99985581921438 -0.00310946401694729 0.0070712288616205 0.00883616848955312 0.010470200300344 0.00199676775390871 -0.0030168233077126 -0.00370150352876076 -0.000904320035722921 0.00365507095918587 0.94962870036703 0.656000000000001 1.146 0.0829999999999984 0.0790000000000006

 947 2 100 10 0.95 0.0190000000000001 3.207 0 0.328999999999999 0.999851392298909 -0.00604474369658639 -0.00103555552002911 0.000342272091502981 -0.00606482328399012 -0.0112314558464746 -0.00262137820346418 0.00831607239433232 -0.00303261535848672 0.00336329371195433 0.950668148574141 0.999954407451256 0.00111125548174532 -0.00384161016649749 -4.77916932728236e-06 -0.00248424170325145 0.00279227934565547 -0.00402554112794585 -0.00153470033786206 -0.00522892409066885 -0.00391406746483193 0.949317595506538 0.999851368957333 -0.00604496814081791 -0.00103393178365422 0.000343786659229983 -0.00606621858026526 -0.0112316213196797 -0.00262227768529157 0.00831689861804807 -0.00303280019555584 0.00336419453700346 0.950712575083456 0.999954346506106 0.00111970430585586 -0.00384768473667885 -8.72840044202847e-07 -0.00248822272122288 0.00279703268479359 -0.0040321267997835 -0.00154024618466251 -0.00522899271807337 -0.00390628639291614 0.949495422319301 1.151 1.097 0.362000000000002 0.0519999999999996

 953 8 100 10 0.95 0.117 2.232 0 0.0229999999999997 0.999822514473919 0.0101132147478842 -0.00269027022515126 -0.00295200925977834 -0.00202445405078098 0.00676380636836004 -0.0114892733706851 0.0070674623273511 -0.00220726729715249 -0.000196417695095734 0.948266663797973 0.999945078973497 0.00185327016948387 0.00335372696311107 -0.00281463415704291 -0.00464961630341713 0.00528540620286428 0.000584306195952287 0.00299292727945987 0.00231043927121201 -0.00480033007516673 0.949868086036845 0.999822458624597 0.0101340141117165 -0.00270054279740959 -0.0029484739204111 -0.00203411209211742 0.00674189911094313 -0.0114829891048088 0.00706927397553667 -0.00221412518274333 -0.000199295553063845 0.948538274189276 0.9999450275405 0.00185272548495878 0.00335606912883443 -0.00280700726424359 -0.0046520338524465 0.00528741387582307 0.000587477670336587 0.0029941798942969 0.0023161445272599 -0.00480560946652571 0.94999098539731 0.811999999999999 1.264 0.0259999999999998 0.0139999999999993

 951 6 100 10 0.95 0.0350000000000001 2.093 0 0.123000000000001 0.999834140966283 -0.00732431909473267 0.000588135992508867 0.00847496310730787 -0.0063311451575006 -0.00773800420269708 -0.00115512386093918 -0.00832169864923793 0.00345270411344817 0.0048381557553244 0.945909096278791 0.999906274729383 -0.00146713346242603 -0.0066301070822984 0.00275992892039983 -0.00276282631221444 -0.0084933067746863 -0.0034727785656794 0.00414216817228779 0.00258236512792719 0.00424946133690792 0.958216663023032 0.999834081414066 -0.00731851608328574 0.000587328772931122 0.00847492030575364 -0.00632883384563416 -0.00774751921417796 -0.00115529733666811 -0.00832553749980857 0.00346085901609412 0.00483474015927111 0.945685949284165 0.999906395529298 -0.00146665436363977 -0.00662913388620121 0.00274942074435647 -0.00276074737149647 -0.00849161731576099 -0.00346975304485276 0.00413777358779541 0.00258995331259718 0.0042363744840696 0.958072564228989 1.057 0.947000000000001 0.0919999999999987 0.0489999999999995

 954 9 100 10 0.95 0.0170000000000003 2.58 0 0.032 0.999765860854467 -0.00319249112410599 0.00499001027596709 -0.014099050085952 -0.00347602733236459 0.000864361848434735 0.00501431388123777 -0.00773904555912759 0.0107081245888048 -0.0046709811574703 0.946293545214948 0.999840252867055 -0.0033091796921394 -3.98833705063143e-06 0.00347912965950115 -0.00717497722064822 0.00590056669185706 0.0118374326990578 -0.00783020570733372 0.00261315496446879 0.00136059502411407 0.954819445172504 0.99976569933529 -0.00318098860968884 0.00498508567089529 -0.0141073637167706 -0.00347302368047178 0.000868437483128487 0.00501952762547191 -0.00773665352091585 0.0107174883975635 -0.00467192186532118 0.946052318823771 0.999840280476932 -0.00331357847663221 -6.9584217465741e-06 0.00348421207462361 -0.00717158330408033 0.00589992761610753 0.0118381730927755 -0.007825931217229 0.0026131976108403 0.00135530623193518 0.95475061202906 1.156 1.006 0.199999999999999 0.0289999999999999

 946 1 100 10 0.95 0.102 3.055 0 0.385 0.999945962134145 0.0012891733905601 0.00348473272414168 -0.00283511179095106 -0.00250010177665704 -0.00412466464902042 -0.00654442910121349 -0.00286562346987945 0.00330866640999603 -0.000988752576250508 0.944346566303656 0.999891186826236 -0.0071922057551293 0.00159372018419565 0.00944682024993948 -0.00632353447765718 -0.00235691280642836 0.00153769586511631 -0.00485575496047866 0.00157635394827117 0.000366665911200933 0.955055575355483 0.999945871353655 0.00128847500250422 0.00349050552979862 -0.0028467567901056 -0.00249599321801085 -0.00412952644939273 -0.006549020301525 -0.00286591215471424 0.0033071727868932 -0.000991493722081661 0.944202788202275 0.999891212945939 -0.00718924639215437 0.00159667273499632 0.00944735342051431 -0.0063215698509848 -0.00235685780247298 0.00153854838968566 -0.00485436900881821 0.00157825870114539 0.000367702470945804 0.954984238696284 0.805 0.667999999999999 0.0299999999999976 0.0190000000000019

 956 11 100 10 0.95 0.142000000000001 2.144 0 0.133000000000001 0.999898922779618 -0.000283180461050494 -0.00784849217787461 0.00386265794758377 0.00506299698222285 0.00519504136935546 -0.00779091517053628 -0.00158461519742282 0.00293492178265217 -0.00104859593728509 0.952729183237847 0.999726862927088 0.00602652172604314 -0.00505360664983866 -0.00213136928628928 0.0111115555035454 0.00552353136401335 0.00432713735592227 -0.00235475775709411 -0.000199736101728395 0.0173641568151977 0.950988852211902 0.999898940219644 -0.000283215356375979 -0.00784721326678874 0.00386123986237422 0.00506250606920213 0.00519496659993587 -0.00779230130248133 -0.00158224144979284 0.00293308012183289 -0.00104792895556296 0.952687170579725 0.999726885105845 0.00602702502552981 -0.00505275310179022 -0.00213213386435495 0.0111109340269952 0.00552359349806537 0.00432677951945448 -0.00235469689930198 -0.000200224117506557 0.0173633294302949 0.951001810207719 0.995999999999999 0.827000000000002 0.141000000000002 0.0279999999999987

 948 3 100 10 0.95 0.0229999999999997 2.924 0 0.288 0.99989000874738 0.00997736343757612 -0.00643158458265524 0.000254598781645692 0.00492111093833731 0.00419209363668693 -0.00263771581772535 -0.0029092227698385 -0.0012094964872 0.00450749816160777 0.957026938761087 0.999900291093177 0.00223783520637233 -0.00665486989726065 0.00529027306632725 0.00741441873423283 -0.00149295459248301 -0.0040959234044254 -0.00618556264893916 0.0021394528857107 0.00230393833531877 0.952445870072507 0.999890086807358 0.00997344183357851 -0.00642862153287031 0.000256980345739529 0.00492011331994651 0.00419658668440582 -0.0026366841513758 -0.00291091158592448 -0.0012076073790563 0.00449987428908238 0.956916805314781 0.999900308352753 0.00223978717110629 -0.0066559312577739 0.00528848125077266 0.00741373777869089 -0.00149295491478949 -0.004094423293739 -0.00618521760019441 0.00213790892544774 0.00230281544577853 0.952404526081882 0.931999999999999 1.148 0.0789999999999971 0.014999999999997

 949 4 100 10 0.95 0.0110000000000001 2.649 0 0.270999999999999 0.999931986152087 0.00242942090539793 -0.000109953693963964 4.33611239373733e-05 0.00557095939769596 0.0087704797753179 -0.00297510391027612 0.000522974152346725 -0.0027080405355641 -0.0023857663593752 0.955572650324796 0.99987997395333 0.00714659877124728 0.00128528279728858 0.00391485023577704 -0.00888637507443786 -0.00185479649197531 0.00438160273278622 0.00340825342059832 0.0060609126179938 -0.0046934615384568 0.953792712673811 0.999931987661868 0.00242886308016269 -0.000113967596688886 4.14126505109376e-05 0.00556553014545352 0.00877514701063889 -0.00297362825211984 0.000525244572290609 -0.00270594136541991 -0.00238477980738319 0.955490876498574 0.999879949259623 0.00714678999387043 0.00128222588398089 0.00391643199756497 -0.00888511470975966 -0.00185628331965296 0.00438435249376227 0.00340849745556271 0.00606150095948874 -0.00469624017737038 0.953738478360588 0.702999999999999 0.486999999999998 0.100000000000001 0.0159999999999982

 955 10 100 10 0.95 0.0750000000000002 4.301 0 0.309000000000001 0.99985206200036 0.00189635101112462 0.0101026003975616 0.00345957696277757 -0.0100383530897362 0.00507395826633951 -0.00457400870438374 0.00458383491974455 0.00252857407374336 0.00184021428888653 0.956342833671322 0.999711406470049 -0.00948672093536027 0.00524134892176293 -0.0146082098430579 -0.00463581043034096 0.000888480191546704 -0.00725465522967096 0.000283476899572609 0.00355451910855606 -0.0125940161619699 0.952221376275551 0.999852035086855 0.00189118545289759 0.0101023035869378 0.00346627416150115 -0.0100359603451917 0.00507187836313597 -0.0045751510089788 0.00459263125819131 0.00253057887597374 0.0018404368163428 0.956246537874286 0.999711407409718 -0.00948652583736756 0.00524108522867803 -0.0146076020518539 -0.00463585089198318 0.000889065569841218 -0.00725566652449193 0.000282290329956805 0.00355499995030862 -0.0125941553931053 0.952185356148498 1.236 0.505000000000003 0.102 0.0139999999999993
