
 5881 81 5000 3 0.8 2.116 0.49 9.854 0.785 0.999988048559566 -0.000936800984088446 0.00479845203652773 0.798409525544066 0.99998929099568 0.00462444436770823 0.000180022907571701 0.800226584495265 0.999988042090126 -0.000934656991873917 0.00480021802255639 0.798270261545014 0.999989283946728 0.00462595803486463 0.000180288573538526 0.800067916675149 0.777999999999999 1.03 46.784 50.955

 5886 86 5000 3 0.8 1.997 0.562 10.128 0.781000000000002 0.999974812625371 0.000146750132160839 0.00709595513322051 0.797548366599997 0.999993474790298 0.00182355705801268 -0.00311849586848377 0.796893259956815 0.999974802947067 0.00014567321185447 0.00709734107182079 0.797417496806443 0.999993472012303 0.0018224661861439 -0.00312002400304099 0.796769471601475 1.09 0.962 47.733 50.375

 5885 85 5000 3 0.8 2.102 0.673 10.191 0.824999999999999 0.999993828896258 -0.00342407159413947 0.00078606813974445 0.793644795459581 0.99997978983479 0.00635518381423608 0.000177653193789616 0.797562127200155 0.999993827102519 -0.00342441716391225 0.000786844295474994 0.793549035338032 0.999979784226524 0.00635599844663907 0.000180061160610198 0.797428948371745 1.167 1.055 46.466 51.712

 5888 88 5000 3 0.8 2.202 0.489 10.149 0.775000000000002 0.999958268860859 0.00851621121818314 0.00330676326349055 0.798635291993387 0.999998539755907 0.0017011983608692 -0.000162512126142618 0.799552120033211 0.999958265468464 0.00851650078345437 0.0033070433480273 0.79849463273451 0.999998542282074 0.00169989680762921 -0.000160575746456168 0.799400411348811 1.193 1.072 47.246 51.887

 5895 95 5000 3 0.8 1.744 0.597 9.909 0.786999999999999 0.99999906668952 0.000523910417736778 0.00126179949410416 0.80408214428236 0.999988965208066 -0.00378956445899059 0.00277644796697973 0.798587786536831 0.999999063687709 0.000518925592104359 0.00126623060082456 0.803873468839963 0.99998895009927 -0.00379330782820823 0.00277677782314429 0.798445361902747 0.503999999999998 1.167 49.433 52.197

 5890 90 5000 3 0.8 2.105 0.537999999999999 10.08 0.798999999999999 0.99998080891758 -0.00507763474732128 0.00354956644033159 0.801489769005557 0.999979042063547 -0.00134137021508334 -0.00633373188700798 0.797025447307225 0.999980811349046 -0.00507776940314486 0.00354868871455324 0.801315054895667 0.999979036741324 -0.00134298554085296 -0.00633422984508482 0.796899959371379 1.065 0.736000000000001 48.437 51.571

 5889 89 5000 3 0.8 1.343 0.502 9.944 0.782 0.999982319365964 -0.00557136057453959 -0.00207867669793693 0.797921462545831 0.999972250068206 -0.00371577717781354 0.00645694149695432 0.801673702578847 0.99998231038064 -0.00557335554174132 -0.00207765103030574 0.797788240413757 0.999972272403502 -0.00371596047385506 0.00645337601044207 0.801496968973264 0.988000000000003 0.931999999999999 47.132 52.603

 5900 100 5000 3 0.8 1.848 0.494 10.164 0.791 0.999940901373959 0.00782137631372317 0.00755114772695223 0.800415292156973 0.99999211489496 0.0026280047296408 -0.0029772032255987 0.801370621870451 0.999940887336656 0.00782108349062063 0.00755330956689641 0.800252631226492 0.999992110498191 0.00262582975224528 -0.00298059716939865 0.801199351214631 1.049 0.979000000000003 48.189 51.204

 5892 92 5000 3 0.8 1.984 0.487 9.896 0.774999999999999 0.999960947705215 -0.00519681411436342 0.00714815973162146 0.802216797069991 0.999986354729314 0.00212833109264891 -0.00477080307066621 0.799676629828747 0.999960945068105 -0.00519693888715302 0.00714843792065773 0.802030695433468 0.999986360313625 0.00212822735315028 -0.00476967871480965 0.799520483037489 1.15 0.971 48.319 52.767

 5884 84 5000 3 0.8 2.008 0.731 10.165 0.776999999999997 0.999999750454861 2.06116681467788e-05 0.000706162428500807 0.80259898590991 0.999996402864904 -0.00259705087665894 0.000670510251323496 0.800550695892021 0.999999748736528 2.0233528233704e-05 0.000708602487911063 0.802412291663594 0.999996409130077 -0.00259466883836196 0.000670388373545343 0.800387908295348 1.265 1.126 47.798 53.567

 5897 97 5000 3 0.8 2.083 0.628 10.148 0.794 0.999995577433676 -0.00196817436292499 -0.00222966427217884 0.79759740443004 0.999983695913895 -0.00541089627297271 0.00182485832603302 0.803745150234732 0.999995581795673 -0.00196686005713804 -0.00222886757095643 0.797465392701067 0.999983699968441 -0.00541083133605218 0.00182282793449501 0.80354050437933 1.146 1.132 48.013 51.902

 5894 94 5000 3 0.8 2.151 0.505 10.116 0.800000000000001 0.999976182967084 0.00649106892050031 -0.00234510614904554 0.795027089665108 0.999988091928546 0.000343194370948559 0.00486808162719809 0.800789427693462 0.999976184507175 0.00649115457059617 -0.00234421219441446 0.794918269427197 0.999988085501567 0.000343499324541702 0.00486938015808463 0.800623399711284 1.253 1.136 47.714 53.233

 5891 91 5000 3 0.8 1.313 0.584 10.137 0.783000000000001 0.99997934973635 0.00170451927302909 0.00619634690069573 0.797202006424212 0.99997262988593 0.00582641212965019 -0.00455986849725333 0.802021988594061 0.999979349011238 0.00170575832819665 0.0061961229479943 0.79707558744872 0.999972637738918 0.00582530744387556 -0.00455955772585586 0.801839734624265 1.259 1.015 47.818 53.82

 5893 93 5000 3 0.8 1.767 0.488 10.27 0.758999999999997 0.999989542863693 0.00101356715676836 -0.00445946688296425 0.795192921122174 0.999996226138755 -0.00238113784165199 -0.00137036156775191 0.79951168933357 0.999989552823799 0.0010130371477929 -0.00445735336224895 0.795083891755089 0.999996227242047 -0.00238038537866865 -0.00137086364061672 0.799361900115427 1.11 1.137 46.782 52.34

 5899 99 5000 3 0.8 2.155 0.489 10.129 1.178 0.999994466736433 0.0017160654808629 -0.00284984486977292 0.796979311095899 0.999984947675787 -9.35252548691656e-05 0.00548595250439204 0.801908939888617 0.999994469769261 0.00171410438045826 -0.00284996088864044 0.796854441921678 0.999984953817793 -9.50119066365484e-05 0.00548480726764253 0.801730990443653 1.126 1.16 47.199 52.955

 5883 83 5000 3 0.8 2.092 0.539000000000001 9.992 0.782 0.999988236240591 0.00296654678176956 -0.00383757483622196 0.798180303051923 0.999990898424461 -0.0013851773136293 -0.00403538747204887 0.802784631514079 0.999988235410445 0.00296726580853994 -0.00383723524511999 0.798043234657119 0.999990909046387 -0.00138391948820145 -0.00403318626280273 0.802594170441518 0.492999999999999 1.032 48.692 52.568

 5896 96 5000 3 0.8 2.034 0.492 9.984 0.795000000000002 0.999961032762577 0.0018720453227714 -0.00862718973421194 0.798338208150821 0.999978474659287 -0.00649479957854198 -0.0009315559676964 0.797097247310248 0.999961052166687 0.00187170251086158 -0.00862501474804265 0.798196718294337 0.999978461305531 -0.00649673174819262 -0.000932417081705488 0.796971454060735 1.128 1.025 49.838 51.115

 5898 98 5000 3 0.8 1.4 0.487 10.132 1.22 0.999997257372845 -0.00130040824024507 0.00194786683245351 0.794444416696397 0.999984378839314 -0.00490951184107829 -0.00267184783115125 0.799038248450779 0.999997253678334 -0.00130084513354869 0.00194947114040187 0.794341311644521 0.999984393564952 -0.00490729269497063 -0.00267041287823766 0.798890636025802 1.233 1.053 48.797 52.804

 5882 82 5000 3 0.8 1.339 0.495 10.036 0.794999999999998 0.99999305286212 0.00355862020731802 0.00110925638022481 0.79620074685943 0.99995517071205 0.00942494180034145 0.00090941645901561 0.798019074298259 0.999993053764544 0.00355835658019644 0.00110928856029788 0.796081393138076 0.999955161198447 0.00942611090006579 0.000907758716481717 0.797882891111791 1.225 0.876999999999999 48.712 50.928

 5887 87 5000 3 0.8 2.122 0.49 10.314 0.990000000000002 0.999982766028082 0.00490697470504615 0.00322323534215265 0.797768594018527 0.999978251854131 -0.00433828813590571 -0.00496740121253766 0.803897251132156 0.999982759567989 0.00490778448659887 0.00322400654812224 0.797634137608946 0.999978271316952 -0.0043367647981073 -0.00496481268996116 0.803688143674305 1.056 0.901 48.755 52.92

 5911 11 10000 3 0.8 2.558 0.707000000000001 63.249 11.296 0.999997760729265 -0.00203400124744603 -0.000584273378408932 0.802122484151799 0.999997075594069 -0.00221073612380204 0.000980535109213435 0.802692998283856 0.999997765767178 -0.00203193091822217 -0.000582852807928981 0.801940777192859 0.99999707489359 -0.00221058947089228 0.000981579571175002 0.802504034059708 1.489 1.505 116.46 109.289

 5909 9 10000 3 0.8 2.531 0.713 71.363 19.882 0.999991374459257 0.0011032241642715 0.00400423569863014 0.800949053827314 0.999997756421667 -0.000612524931448293 0.00202779802746052 0.796503179041626 0.999991378468004 0.00110275718064073 0.00400336311891209 0.800783120456057 0.999997756529727 -0.000612638522176565 0.0020277104216467 0.796382990234246 1.587 2.021 106.295 111.354

 5902 2 10000 3 0.8 2.631 0.715 69.087 24.226 0.999998434462738 -0.000550184203679296 -0.00168177567319802 0.798016410722229 0.999992065998507 -0.0037518793418184 -0.00133841004295022 0.799102851834283 0.999998434041857 -0.000550209751412915 -0.00168201755745411 0.797880733911375 0.999992068625982 -0.00375176792458347 -0.00133675823169168 0.798956666746718 1.562 1.77200000000001 103.665 115.54

 5903 3 10000 3 0.8 2.56 0.706 74.465 18.509 0.999997345259767 0.00122094018639144 -0.00195416951129939 0.798757707419398 0.999997437193445 -0.00140531083251875 0.0017750233818298 0.799692969876494 0.999997342428571 0.00122061223476775 -0.00195582247849689 0.798614937546756 0.999997432677823 -0.00140697019114531 0.0017762524155197 0.799540586295821 1.7 1.80799999999999 104.294 117.72

 5904 4 10000 3 0.8 2.37 0.829000000000001 69.171 20.041 0.999998340594008 -0.000119028789180223 0.00181786726070756 0.800938576381469 0.999999211912819 -0.000971263235977718 0.000795500764911373 0.801070049714348 0.999998344295135 -0.00012066693990394 0.00181572202661232 0.800772193152515 0.999999209264021 -0.00097426140986993 0.000795164158449422 0.80090056842808 1.667 1.61699999999999 107.895 122.461

 5901 1 10000 3 0.8 2.693 0.704000000000001 72.69 23.263 0.999995284470309 -0.00288012147614878 0.00106580365349917 0.800301975549151 0.999996130188742 -0.000907495919817216 -0.00262984005136804 0.802136847310964 0.99999528145709 -0.00288070365870023 0.00106705669297169 0.800140600798174 0.99999612856533 -0.000908138209817841 -0.00263023560610663 0.801955726750724 1.636 1.705 104.841 124.18

 5912 12 10000 3 0.8 2.593 0.704 77.097 19.39 0.999966852028521 0.00805159614849657 0.00121105063135341 0.803309372103653 0.999987560378823 0.00274158525284306 0.00416686907766928 0.798835829776571 0.999966855338395 0.00805144184470271 0.00120934232658349 0.80311180205595 0.999987568309515 0.00274244029667289 0.00416440243529561 0.798691483461878 1.938 2.08 104.973 124.972

 5908 8 10000 3 0.8 2.565 0.704 76.232 20.762 0.999969882384071 0.00760126273693537 0.00156688531512481 0.799626812104635 0.999991202849581 0.00140547877157374 0.00395206944155438 0.80096627506947 0.99996988138583 0.00760132465522688 0.0015672219672092 0.799474122332658 0.999991195801331 0.00140695713216549 0.00395332663115188 0.800799160097069 1.67 1.94499999999999 105.507 125.649

 5906 6 10000 3 0.8 2.635 0.699 76.541 19.6 0.999983904627734 0.00252102185217273 0.00508280771746013 0.800652560882409 0.999996747007025 -0.00215933345356012 -0.00135766505583949 0.799159490172037 0.999983919224364 0.0025220397382696 0.00507942991283681 0.800489014111243 0.999996749449297 -0.00215843172946854 -0.00135730000698652 0.799012558799704 1.50700000000001 1.925 105.471 124.191

 5910 10 10000 3 0.8 2.667 0.709000000000001 79.193 20.767 0.999994809002633 -0.00140781642057148 -0.00289827892271954 0.800931035516492 0.999991574704992 -0.00404859402983347 0.00067779452036228 0.80296750072371 0.99999480423113 -0.00140746997332925 -0.00290009293274329 0.800764960818156 0.999991574119801 -0.00404875742702335 0.000677681857323989 0.802775459711153 1.931 1.66500000000001 99.068 126.164

 5905 5 10000 3 0.8 2.505 0.709000000000001 82.757 19.549 0.999979692998683 -0.00470283867037797 0.00430080209971886 0.800681547020658 0.999999342500224 0.000835868533213283 0.000785062363552226 0.801431650724702 0.999979703436148 -0.00470298587363256 0.00429821353885067 0.800518097027203 0.999999339207686 0.000838183481973275 0.000786786274827344 0.801257898395285 1.84399999999999 2.24300000000001 101.416 127.461

 5907 7 10000 3 0.8 2.556 0.713 115.727 6.307 0.999998281259837 -0.000547781582302704 -0.00177127431788665 0.801840783379125 0.999992652160244 0.00372482423968139 -0.000906261499050823 0.799808583702215 0.999998278963236 -0.000547895632679806 -0.00177253517378829 0.801663494841041 0.999992645215374 0.00372623957490522 -0.000908104503762229 0.799653515779044 1.01999999999998 1.14700000000002 97.952 136.046

 5880 80 5000 3 0.8 0.738000000000001 1.964 25.211 2.305 0.99998257478001 -0.00438546974317582 0.00395193515547274 0.800517042157566 0.999979660996607 0.00430949596233562 -0.00470168455574219 0.799305761395963 0.999982574655016 -0.00438396860767444 0.00395363194701444 0.800355141615108 0.999979669967083 0.00430832100876103 -0.00470085339155041 0.799158615998632 0.963000000000001 1.221 37.256 26.945

 5930 30 10000 3 0.8 2.359 5.06 103.161 14.667 0.999991120112241 0.000759730093926046 0.00414517874752142 0.79940149789932 0.999994407157316 -0.000779886878430922 0.00325229619574632 0.795223621921806 0.999991122114614 0.000761658495299999 0.00414434172000478 0.799251159442895 0.999994404759489 -0.000780378041922529 0.0032529155887726 0.79511437729185 1.167 1.08599999999998 162.006 153.743

 5917 17 10000 3 0.8 1.837 6.003 123.256 11.892 0.999997796092843 -0.00011179048009949 -0.00209650002273637 0.801563696540413 0.999992668942018 -0.00229431033937978 -0.00306564875466359 0.801218858171662 0.999997795478645 -0.000111264127486117 -0.00209682096120347 0.80139040475435 0.999992670080821 -0.00229561920114599 -0.00306429716463655 0.801048049116407 1.07300000000001 1.06300000000002 163.998 159.534

 5913 13 10000 3 0.8 1.607 4.408 130.531 9.19200000000001 0.999996542463981 -0.00257204552007833 -0.000547395584861673 0.801579643309722 0.999996810354496 0.00240167637044278 -0.000781812922055391 0.80063849123557 0.999996541481038 -0.00257220101158201 -0.000548459587163153 0.801403879528668 0.999996814746297 0.00240019335110167 -0.000780749087930531 0.800476739900745 1.18899999999999 1.285 165.186 160.967

 5915 15 10000 3 0.8 1.682 7.577 131.867 8.27199999999999 0.999995506672626 0.000416700160458994 -0.00296866898346901 0.801027084739171 0.999998922738591 -0.000269766566040524 0.00144282627393673 0.800263830786589 0.999995503287628 0.000415222705900822 -0.00297001593055677 0.800857409617507 0.999998921923025 -0.000271071826918197 0.00144314685773037 0.800104856004319 1.25 1.16399999999999 164.45 165.17

 5921 21 10000 3 0.8 2.075 4.392 127.582 14.825 0.99998666078161 0.00085648350390454 -0.00509359351072379 0.799000436760299 0.999999623183946 0.000454564052429719 0.000739596841291092 0.799578757967327 0.999986658049295 0.000855595693723661 -0.00509427908646456 0.798856025478027 0.99999962442263 0.000452442471287529 0.000739222840659677 0.799425576430069 1.28899999999999 1.45399999999998 161.542 168.706

 5929 29 10000 3 0.8 1.874 5.937 135.798 6.71600000000001 0.99998956178778 -0.00443839798843123 -0.00108486809346913 0.801357669275821 0.999998886420301 -0.00145953215018258 -0.000311326291205191 0.797286254221177 0.99998955484226 -0.00443952919367919 -0.00108664019658642 0.801186914492988 0.999998887235229 -0.00145910774226878 -0.000310697441860256 0.797159095684254 1.648 1.81299999999999 161.96 162.921

 5924 24 10000 3 0.8 2.138 4.623 125.139 13.971 0.999998236518943 0.00155148822799625 -0.00105822648003562 0.799060981277324 0.999995900105131 0.00139197637796026 -0.00250243375358763 0.798950627785771 0.999998235893811 0.00155163531701833 -0.00105860148746098 0.798913495671101 0.999995900659268 0.00139194467046594 -0.0025022299441779 0.798805185904744 1.17600000000002 1.29400000000001 168.831 169.203

 5916 16 10000 3 0.8 2.005 4.884 134.7 10.758 0.999999656290382 -0.000518658868750348 0.000646847815695026 0.799117284137009 0.999998854865702 0.000337522171637043 -0.00147524440961636 0.798617036708277 0.999999656362997 -0.000518378300206951 0.00064696045202072 0.798970285359156 0.999998854691168 0.000336711946380195 -0.00147554783669164 0.798475586728717 1.39600000000002 1.244 165.817 164.861

 5919 19 10000 3 0.8 1.831 4.362 132.647 8.71000000000001 0.999991840830758 -0.00396942986013258 -0.000749598890541295 0.800909059515787 0.999999712979693 -0.000421257688475398 0.000629747958736326 0.800114067356539 0.99999184099445 -0.00396943702417146 -0.00074934253928457 0.800741736646424 0.999999712590659 -0.000419736388522765 0.000631379413427553 0.799955256383743 1.215 1.375 170.884 168.72

 5931 31 10000 3 0.8 1.787 4.906 124.512 12.945 0.999999249785882 0.0010737558149214 0.000589471054428859 0.800194256296907 0.999998774288703 0.00133915259079069 -0.000811228346631208 0.799192451505233 0.999999251042716 0.00107248106041354 0.00058965954820367 0.800035786656528 0.999998774611969 0.00133926195883122 -0.000810649102129659 0.79904588815616 1.465 1.58600000000001 168.52 166.607

 5918 18 10000 3 0.8 1.792 6.191 136.669 17.516 0.999996003976662 -0.00216043187665022 -0.00182333891906944 0.803440708621825 0.999996423616724 -0.00247021414807843 0.00102508332582725 0.797760382097353 0.999996008134618 -0.00215987827162617 -0.00182171366581878 0.803240969312917 0.999996424574346 -0.00246932230301367 0.00102629717377938 0.797628386309967 1.80699999999999 1.863 168.467 163.09

 5923 23 10000 3 0.8 1.797 6.596 128.15 13.712 0.999992924249757 -0.00354815020115933 0.0012498322168466 0.798537404966798 0.999995995435803 0.000840366149222858 -0.00270238729515749 0.798803950632798 0.999992921700342 -0.003548684271563 0.00125035561103517 0.798396918638386 0.999995992632927 0.00084200484502061 -0.00270291433974628 0.798660407577461 1.499 1.518 161.613 169.341

 5922 22 10000 3 0.8 2.132 5.44 135.585 13.647 0.999997675019156 4.04393525901173e-05 0.00215599650761836 0.799420528628242 0.99999910310035 0.000161901352768512 0.00132950609184163 0.800966570001118 0.999997675529673 3.85867612182944e-05 0.00215579366184612 0.799271821486126 0.999999102834197 0.000163327544595462 0.00132953184053859 0.80079865620504 1.66899999999998 1.989 160.183 168.669

 5914 14 10000 3 0.8 1.659 5.303 139.407 12.565 0.999999000005797 -0.00141253221069835 6.8848821967583e-05 0.804967707834475 0.999999251570919 0.000725186092292101 -0.000985374412916377 0.802443548658165 0.999999000088929 -0.00141247853058262 6.87425896774121e-05 0.804747334352404 0.999999252443525 0.000725091712277317 -0.000984557971688613 0.802256957619588 1.77600000000001 1.89600000000002 167.108 170.66

 5925 25 10000 3 0.8 1.691 4.118 135.177 16.707 0.999989881335983 0.00212552519666794 0.00396476585504647 0.799586250973554 0.999997664711643 -0.001727477168832 -0.0012986122944719 0.804618228066234 0.999989890044192 0.00212662879412896 0.00396197670070957 0.799433900312429 0.999997668985562 -0.00172472533441649 -0.00129897881551232 0.804403631639683 1.54400000000001 1.89099999999999 164.863 171.674

 5920 20 10000 3 0.8 2.029 3.373 143.17 18.68 0.999997509639068 0.000529266362020837 0.00216808504926366 0.798693492664192 0.999988068119982 0.00158990390921238 -0.00461907168437957 0.801507400833471 0.999997512251129 0.000528308606953976 0.00216711364927351 0.798551582050746 0.999988070952378 0.0015892024831042 -0.00461869986136241 0.801333626332804 2.071 1.73499999999999 162.166 168.87

 5927 27 10000 3 0.8 2.044 4.713 149.25 24.845 0.999990665943227 0.00175665416360115 -0.00394742860226005 0.797428769172325 0.999991209436011 0.00196056500237978 0.00370637768909028 0.797446281325976 0.99999066197805 0.00175705894091378 -0.00394825285161656 0.797299091473633 0.999991212546898 0.00196164915724903 0.00370496444907433 0.797316854801139 1.89400000000001 2.06799999999998 153.545 165.96

 5926 26 10000 3 0.8 1.724 4.767 149.285 19.928 0.999992061914137 -0.00169924818146471 0.00360397895799561 0.801707406847099 0.999981060303167 0.00518276837010524 -0.00331932929601707 0.793852220286843 0.999992069611185 -0.00169896687738929 0.00360197533136484 0.801530608511998 0.999981057085713 0.00518344086636749 -0.00331924848791138 0.79375393325541 2.047 1.958 156.531 165.315

 5932 32 10000 3 0.8 1.756 4.986 148.248 18.898 0.999998345831709 0.00155791817603835 -0.000938735746583183 0.800581364267316 0.999989751002434 -0.00442617903139853 -0.000952275838330496 0.797685479377052 0.999998343540369 0.00155898275387801 -0.000939409012187063 0.800418596068266 0.999989746711755 -0.0044272346245629 -0.000951874435068318 0.797554172127191 1.786 1.988 156.671 165.129

 5928 28 10000 3 0.8 2.152 6.866 143.936 32.73 0.999999318282484 0.000892793423821758 -0.000752565259740051 0.803255540622184 0.999998055261669 -0.00143427756433323 0.0013536324272993 0.799406506652799 0.999999316706545 0.000892046161984235 -0.000755539600005283 0.803056878360044 0.999998053590146 -0.00143463822196438 0.00135448480708594 0.799257022052291 2.119 2.19299999999998 156.468 164.891

 5936 36 10000 3 0.8 2.486 5.553 142.912 22.658 0.999998572608811 0.00118405022652503 -0.00120532377441553 0.799262324429335 0.999998345355712 0.000954167637414968 -0.00154882211953783 0.79944448921081 0.999998573339442 0.00118373331038144 -0.00120502885023679 0.799115049559716 0.999998346178024 0.000954507962474542 -0.00154808131779837 0.799296050737777 1.607 1.50099999999998 143.729 95.33

 5934 34 10000 3 0.8 2.69 5.283 167.378 15.217 0.999975119506385 0.00705409795384707 8.38138404094822e-06 0.797649823793851 0.999995924314563 0.00188621673064875 0.00214325469963284 0.799145756667351 0.999975113854886 0.00705489886273737 8.54074220877611e-06 0.797518317699285 0.999995923808833 0.00188638976553282 0.0021433383706815 0.799001242195355 1.571 1.625 141.64 94.532

 5935 35 10000 3 0.8 2.591 9.42 160.218 17.189 0.999999174730059 -0.00101661741968665 0.00078551143980429 0.800945921451568 0.999994661472073 -0.00132557856281409 0.00298661494467536 0.799014400358623 0.999999176100698 -0.0010169454572035 0.00078333891985646 0.800778572791215 0.999994663986506 -0.0013251574421784 0.00298595985708489 0.798868761348864 1.69399999999999 1.72199999999998 141.865 96.2670000000001

 5938 38 10000 3 0.8 2.523 5.965 168.276 15.133 0.999993677886975 -0.00296575242176311 0.0019617590712833 0.799624361888135 0.99999373663606 -0.00276445502053495 0.00221008531292648 0.802189718732187 0.99999368112536 -0.00296600944446666 0.00195971868571571 0.799473430552501 0.999993735681702 -0.0027636505021032 0.00221152283638048 0.802008367167615 1.68000000000001 1.63000000000002 134.485 101.438

 5933 33 10000 3 0.8 2.517 6.45 188.551 16.527 0.999988764748688 -0.00235615547380573 -0.00411325999384287 0.803362759807395 0.999991336780039 0.000988936927109531 -0.00404331159128108 0.803548809911127 0.999988759097627 -0.0023543131859727 -0.00411568801191504 0.803163079842851 0.999991346459232 0.000990974535514298 -0.00404041781521475 0.803348484503201 1.887 1.87199999999996 135.026 108.694

 5941 41 10000 3 0.8 2.483 5.071 177.685 7.566 0.999987739071754 0.00284307652046611 0.00405445706100787 0.801946005912119 0.99999993989942 -5.70362630303999e-05 0.000341976639265278 0.800808643902701 0.999987745977659 0.00284433828430721 0.00405186799456049 0.801767907662799 0.999999939392576 -5.75671628351528e-05 0.000343366953880215 0.800640763860775 1.655 1.65599999999998 137.974 110.323

 5942 42 10000 3 0.8 2.707 6.444 171.993 21.358 0.999993963168989 6.03154022093497e-05 -0.00347418877319322 0.799922236360923 0.999985771619693 0.00520606044793027 -0.00116339708586064 0.800433232898947 0.99999395892118 6.10630346685037e-05 -0.00347539817161747 0.799768194979986 0.999985769365015 0.00520680001107457 -0.00116202457079627 0.800272089632612 1.54999999999998 1.82499999999999 126.278 108.583

 5939 39 10000 3 0.8 2.469 7.529 182.537 19.341 0.999988189119828 0.00396590567515701 0.00280948625613158 0.798429623544358 0.999999293413738 -0.000843263754963644 -0.000837901106199995 0.80181673039355 0.999988189368613 0.00396665952940758 0.00280833321751703 0.798290726516791 0.999999293252203 -0.000842901449424334 -0.000838458252820313 0.801637442257195 1.87800000000001 2.10500000000002 126.589 112.644

 5944 44 10000 3 0.8 2.462 4.095 170.176 21.262 0.999990024704585 0.00353682179899358 0.00272788982300049 0.801934674194883 0.999998101007075 -0.00185410181104977 -0.000600240550893304 0.799251666667086 0.999990025168307 0.00353778796698761 0.00272646661265958 0.801755006550833 0.999998103059632 -0.0018533372282501 -0.000599181321737095 0.799104382983889 2.101 1.809 119.52 116.516

 5937 37 10000 3 0.8 2.623 5.391 195.629 24.132 0.999999157468495 0.000466159240845066 0.00121151057068121 0.801774583396105 0.999997526664768 0.000423567749113069 -0.00218340438516264 0.80157403429429 0.999999159182713 0.000463801664535576 0.00121100036446902 0.80159549239361 0.999997524350191 0.000424721867275081 -0.00218424010251648 0.801397677594963 2.16999999999996 1.976 117.836 125.569

 5940 40 10000 3 0.8 2.382 5.595 201.98 30.315 0.999988329890253 0.00175221846670211 0.0045022009891959 0.798763827465886 0.999956997635691 -0.00769875700294695 -0.00517030173433265 0.798254240914374 0.999988329890182 0.0017526206894714 0.00450204444270239 0.798621264131041 0.999956995334244 -0.00769831034054072 -0.00517141180053215 0.79811539800718 1.93299999999999 1.92199999999997 107.268 129.179

 5943 43 10000 3 0.8 2.781 7.788 235.802 12.918 0.999998575086596 -0.00140823761358915 -0.00093096272802785 0.799588128167887 0.999993525306481 -0.00243926311722989 0.00264562668575932 0.801840236530214 0.999998573778443 -0.00140908264898588 -0.000931089237753096 0.799437437611616 0.999993522953632 -0.00243913830216157 0.00264663090112973 0.801661401574698 1.37400000000002 1.57599999999996 97.213 136.362

 5946 46 10000 3 0.8 2.311 5.279 120.717 11.629 0.999995650908923 -0.000975740122834086 -0.00278318063606167 0.801018441101687 0.999991636726401 0.00043367040228935 -0.00406674405842849 0.802165850893566 0.999995649829174 -0.0009745627753174 -0.00278398098495541 0.800851675425688 0.999991637684428 0.000431880828870327 -0.00406669892732577 0.801984861657155 1.13 1.05500000000001 152.801 169.018

 5953 53 10000 3 0.8 1.915 3.287 115.782 5.887 0.99998392214796 0.00304376117518778 0.00478445017658274 0.80281529026536 0.999999793805009 -0.000399523385877287 0.000502763366675231 0.799209834575046 0.999983927036909 0.0030437588685633 0.00478342971022612 0.802625416037214 0.99999979422264 -0.000399332540697583 0.00050208385735767 0.799061128279466 1.08199999999999 1.124 157.987 173.104

 5945 45 10000 3 0.8 2.953 2.205 134.533 10.193 0.999994917318343 0.00250652507180232 0.00197044907175608 0.802869556575477 0.999999436696975 0.000431389614214219 0.000969798295259477 0.800253669541655 0.999994919182515 0.00250649677157884 0.00196953880117247 0.802677049819537 0.999999435379073 0.000433519813298496 0.00097020724925177 0.800092972611207 1.23899999999998 0.941999999999979 161.083 175.012

 5950 50 10000 3 0.8 1.722 4.903 126.222 8.25399999999999 0.9999944585143 -0.000627662444227445 0.00326940064042563 0.800169603300812 0.999996146366897 -0.00274820738646034 -0.000393201623416788 0.798552021910872 0.999994454946007 -0.000626922610843681 0.00327063377314958 0.800011205493303 0.999996149710103 -0.00274717943011193 -0.000391880272131084 0.798411575195944 1.429 1.35300000000001 161.662 170.768

 5954 54 10000 3 0.8 1.914 3.037 121.315 13.348 0.999995200866181 0.00276936797485534 -0.00138882886885574 0.798641305012019 0.999997541702511 -0.00220782578448146 -0.000205168807723364 0.801863333125523 0.999995200708502 0.00276846594363529 -0.00139073947298666 0.798500969531941 0.999997539796861 -0.00220881187742155 -0.000203838943769305 0.801685102027703 1.22900000000001 1.285 158.767 175.97

 5956 56 10000 3 0.8 1.517 3.942 122.693 6.31200000000001 0.999996326282432 -0.000860244082103455 0.00257048667765101 0.801259298454556 0.999991773515298 -0.00315039606875844 -0.00255497677845282 0.796851996451742 0.999996325584339 -0.000861381641046791 0.00257037730468637 0.801086923388767 0.999991774307004 -0.00314934625960216 -0.00255596096745009 0.796729256455894 1.28999999999999 1.26000000000002 160.588 170.06

 5949 49 10000 3 0.8 2.193 4.95 128.2 8.59299999999999 0.999995641158885 0.00134554584432519 0.00262814946514423 0.80202620227227 0.999979331561857 0.00478755090397155 -0.00429136405393624 0.803809884434649 0.999995641200599 0.00134638696294044 0.0026277027894648 0.80184538727998 0.999979316478357 0.00478893590044859 -0.004293333019798 0.803605617538021 1.173 1.45600000000002 160.447 176.961

 5952 52 10000 3 0.8 1.755 2.279 126.526 9.69900000000001 0.999999783970871 -0.000482097219503669 -0.000446811460456862 0.799504054337544 0.999995684613592 0.00198134540773321 -0.00216910685982043 0.801202096467104 0.999999783614271 -0.000482131324610897 -0.000447572114641025 0.799354950155966 0.999995687518831 0.00198087655146017 -0.00216819552354291 0.80103119209316 1.25900000000001 1.447 157.351 176.574

 5947 47 10000 3 0.8 1.975 3.533 137.67 6.387 0.999998851516123 -0.00147482254567792 -0.00034909152764731 0.799710940455801 0.999999892132292 -0.000386618555571193 0.00025741308720062 0.800548867180887 0.999998851506802 -0.00147471644338519 -0.00034956614251548 0.799557767907748 0.999999891979633 -0.000386331447872966 0.000258435166975609 0.800386910975072 1.196 1.316 162.431 175.726

 5957 57 10000 3 0.8 1.78 4.028 117.957 11.422 0.999997850294225 0.00193942989497705 -0.000733497519111856 0.803162103285147 0.999992818888885 0.00266435301531463 -0.00269506839820643 0.797176710167564 0.999997851950971 0.00193862480787247 -0.000733367096147779 0.802964559490224 0.99999282017724 0.00266541069490613 -0.00269354409620839 0.79705069977159 1.161 1.18799999999999 163.623 172.634

 5958 58 10000 3 0.8 1.548 5.239 116.669 7.57299999999998 0.999994875637004 0.00304676459527954 0.000982814953772608 0.800885730298774 0.999987387594782 -0.00347754723261093 0.00362371585638639 0.802137032343993 0.999994874742391 0.00304727387737769 0.000982146051570424 0.800719224690915 0.999987389328947 -0.00347771523932911 0.00362307601229615 0.801955174730774 1.46100000000001 1.29299999999998 161.452 180.609

 5959 59 10000 3 0.8 1.591 6.22 125.419 10.757 0.999998352249607 0.00146045967656273 0.00107821871786925 0.801640414111576 0.99999031159063 -0.00409238260785159 -0.00162145905481062 0.800147966225504 0.999998352836954 0.00146131955043705 0.00107650757092791 0.801464690778673 0.999990317081478 -0.00409121896191834 -0.00162100915843039 0.799990598988763 1.678 1.80600000000001 159.501 173.22

 5948 48 10000 3 0.8 2.271 3.609 156.176 12.303 0.999995696495656 0.00168301783057028 -0.00240300668970612 0.799342129475097 0.999999358886571 0.000371963046245648 -0.00106951855472028 0.797954518836341 0.999995703828785 0.00168173384240004 -0.00240085302661417 0.799193633601784 0.999999358046173 0.000372233365148832 -0.00107021005592964 0.797821345292341 1.541 1.62900000000002 155.038 170.327

 5960 60 10000 3 0.8 1.654 7.076 128.265 18.657 0.99999979966131 0.000513136653175975 0.000370632047703213 0.79849385667408 0.999976483116333 -0.0059660332208931 0.00338225692348721 0.800556610922943 0.999999799808476 0.000513916731477547 0.000369151189037761 0.798354829645565 0.999976487913128 -0.00596584616073231 0.0033811685129915 0.80039323890192 1.578 1.524 154.273 175.38

 5955 55 10000 3 0.8 1.776 4.301 137.025 14.218 0.999999851333603 0.000545098227438336 1.41666782838175e-05 0.799569446175689 0.999999513569444 0.000976640303932138 -0.00013796590658798 0.798155335901168 0.999999849975558 0.000547617478461659 1.28046473492681e-05 0.799418548648356 0.999999514233333 0.000976101296578583 -0.000136964802066703 0.798019819274294 1.33800000000002 1.51499999999999 154.246 173.261

 5951 51 10000 3 0.8 2.005 3.631 137.627 9.994 0.999999500386164 -0.000997641517373726 -6.27600604613211e-05 0.804415756543565 0.999993838186328 -0.000271121440401414 -0.00350001179139574 0.800398600925124 0.999999501098906 -0.000996800871731632 -6.47299029745747e-05 0.804200666622777 0.999993841857018 -0.000270597139327662 -0.00349900346239516 0.800237757173819 1.32299999999998 1.33000000000001 168.565 177.359

 5963 63 10000 3 0.8 1.594 6.594 122.178 14.1 0.999993434341844 0.00306924584078918 0.00192639642180875 0.801789968216772 0.999997534904615 -0.00165054275250176 -0.00148522500520317 0.798070984428806 0.999993440830396 0.00306794653126276 0.00192509746933842 0.801611945374645 0.999997532987699 -0.00165137695277506 -0.00148558832676329 0.797935688658976 1.44499999999999 1.761 160.311 172.084

 5964 64 10000 3 0.8 1.544 3.702 112.144 16.312 0.999992906519151 0.00126839916881511 -0.0035465581807193 0.801808382439059 0.999987250939915 -0.00298584686368533 0.00407218321513242 0.801288758552013 0.999992904048902 0.00126708488480419 -0.00354772430421401 0.801632661250663 0.99998724939459 -0.00298483902865959 0.00407330139014135 0.80111870651453 1.435 1.55599999999998 157.653 175.308

 5961 61 10000 3 0.8 1.916 6.147 136.003 8.773 0.999986301656209 0.000421732581550824 -0.00521714879676144 0.801179099768188 0.999995399623014 -0.00298152808925292 0.00055787369620621 0.798429066861589 0.999986297478639 0.000421442101242657 -0.0052179729319887 0.801007943013822 0.999995400848477 -0.00298106485743101 0.0005581524965583 0.798290726499385 1.70099999999999 1.553 159.692 173.566

 5962 62 10000 3 0.8 1.906 5.292 139.665 13.14 0.999997372534879 0.00227553744787056 -0.000277223128096669 0.799913178743456 0.999990615188878 0.00253247963480209 -0.00351512177145392 0.797612688614925 0.999997371703152 0.00227604546049676 -0.000276050447404916 0.799757715483273 0.999990612227891 0.00253215184863027 -0.0035162000944223 0.797481490810983 1.61499999999998 1.38999999999999 156.363 168.534

 5965 65 10000 3 0.8 2.456 3.867 145.883 14.248 0.999999515894232 0.000797575199049304 0.000576268255876785 0.801051522151553 0.999994131797651 0.000334411813723596 -0.00340947781933021 0.801199976217236 0.999999517983665 0.00079750319460132 0.000572731255578857 0.800883718639279 0.99999413805501 0.000333986841347912 -0.00340768373050342 0.801029101852066 1.55300000000003 1.767 175.465 97.814

 5967 67 10000 3 0.8 2.672 7.79500000000001 163.706 25.972 0.999988759538977 -0.00473416388353371 -0.000261702162704445 0.800167937509195 0.999974959010833 -0.00670710880012464 0.00225744165494705 0.796383562350354 0.999988760424779 -0.004733935426005 -0.000262449034868947 0.80000920671422 0.999974955706055 -0.00670769672324635 0.00225715868770558 0.796266187050649 1.541 1.613 161.023 92.192

 5966 66 10000 3 0.8 2.731 6.955 170.005 14.612 0.999986200756559 0.00501962046178718 0.00154974413481103 0.802039170535969 0.999997122393937 -0.00212452061525563 0.00111427824230736 0.80019093284597 0.999986221435978 0.00501605329812505 0.00154794945177054 0.801856639169865 0.999997121241136 -0.00212437684382283 0.0011155861532257 0.800031737744133 1.571 1.79499999999999 167.677 97.237

 5968 68 10000 3 0.8 2.764 5.104 166.069 16.008 0.999995693296901 -0.00292316066783697 -0.000261762029005708 0.801944739844562 0.999985797147327 0.00355085188792598 -0.00397453827449837 0.799244917961411 0.9999956923286 -0.00292331950471953 -0.000263680330120017 0.801764043615137 0.999985803276325 0.00354979790338543 -0.00397393767547863 0.79909643769196 1.958 1.68299999999999 155.532 94.513

 5969 69 10000 3 0.8 2.686 9.956 159.035 23.258 0.999999691455071 0.000151080684903942 0.000770885458016509 0.800653696880185 0.999999362304145 -0.00111848282033125 0.000156164927906808 0.798236878616546 0.999999693227023 0.000148647740359817 0.000769057676548978 0.800490796962434 0.999999360944601 -0.00111954759708926 0.000157237295650134 0.798100384118954 1.64600000000002 1.845 149.98 92.622

 5971 71 10000 3 0.8 3.049 3.563 174.717 12.338 0.999997652163776 -0.000212477603268421 -0.00215650648130964 0.800371085522986 0.999999343509625 -0.000975118166899537 0.000601768128394704 0.801669708666875 0.999997648962402 -0.000213214957398152 -0.00215791775827624 0.800209587757539 0.99999934424875 -0.000974893631491283 0.000600903052173014 0.801491492428017 1.917 1.965 145.231 95.902

 5970 70 10000 3 0.8 2.941 8.832 188.627 29.132 0.999979964833832 -0.00371464262948036 -0.00512555958539967 0.802097470449207 0.999993597443528 0.00355736561092924 0.000387584651309497 0.803059297920493 0.999979973547333 -0.003713553667463 -0.00512464861559811 0.801914805962375 0.999993592391848 0.00355866761492655 0.000388664446739502 0.80286444256532 1.49900000000002 1.84199999999998 131.694 98.601

 5973 73 10000 3 0.8 2.439 6.771 191.357 16.677 0.99999435044422 0.00323594840265699 0.000909789853542735 0.799791135107057 0.999993075294795 -0.00115606818979877 -0.00353735336087596 0.805667627060288 0.99999434862788 0.00323666987131509 0.000909219690512129 0.799638670367964 0.999993070943189 -0.00115537030938796 -0.00353881124924675 0.805435836733195 1.875 1.92000000000002 117.528 99.912

 5972 72 10000 3 0.8 2.735 4.774 221.242 20.783 0.999994702024746 -0.00128839698811493 -0.00298930688281498 0.799235228206914 0.99999955560892 0.000575574868838596 -0.000746656234928857 0.796399554081659 0.999994694941239 -0.00128971497496434 -0.00299110759769456 0.799088472401678 0.999999555189365 0.000575841172838697 -0.000747012728291853 0.796278492736475 2.108 1.95100000000002 111.943 109.386

 5975 75 10000 3 0.8 2.495 8.694 216.575 16.109 0.999999634684847 -0.000320810382261617 0.000792282065444263 0.802174523996615 0.999997415290512 0.000486955952822561 -0.00222087509684141 0.798335054667527 0.999999634700612 -0.000321189010622415 0.000792108743346642 0.801991770272724 0.999997419102141 0.000486683094502758 -0.00221921802068729 0.798198046153835 1.38500000000005 1.38100000000003 103.114 110.471

 5976 76 10000 3 0.8 2.596 8.276 229.777 13.495 0.999990468392565 -0.00250803715766191 -0.00357391572847735 0.80137649352741 0.999993544452717 0.00138655572037587 0.00331489307917689 0.800042180679404 0.999990472063161 -0.00250751989523078 -0.00357325158249281 0.801204448633957 0.999993542585375 0.00138685346152476 0.00331533181264759 0.799884955004451 0.963000000000022 1.37 99.402 129.417

 5974 74 10000 3 0.8 2.667 9.82 250.524 12.099 0.999995003436016 -0.00035236724925217 -0.00314148696063669 0.801204613247667 0.999981460045288 -0.00392587136075097 -0.00465479320206241 0.799221974452492 0.999995002690733 -0.000353766645433013 -0.00314156692125211 0.801033212028103 0.999981464681914 -0.00392554523820875 -0.00465407210910494 0.799074180596036 0.873999999999967 1.04000000000002 98.905 130.022

 5979 79 10000 3 0.8 2.212 4.174 108.083 4.685 0.99997451455143 -0.00266038363812336 -0.00662514954781734 0.80357148187144 0.999998298904972 -0.000171511856208045 0.00183651050785321 0.802645589689596 0.999974511134706 -0.00265933521252658 -0.00662608610963931 0.803370022894518 0.99999830325943 -0.000169721118045935 0.00183430450098488 0.802457259246911 0.91500000000002 0.926999999999992 139.17 163.564

 5986 86 10000 3 0.8 1.602 1.684 104.786 11.961 0.999992586629119 0.00385043748780445 -2.85999454241297e-05 0.800284858161696 0.999996966268594 0.00216501205363156 0.00117480909797359 0.796533098080197 0.999992577196566 0.00385288966607791 -2.81600819242829e-05 0.800125781359963 0.999996966175204 0.00216526471515627 0.00117442287988555 0.796412771276688 0.783999999999992 0.865000000000009 144.269 161.064

 5982 82 10000 3 0.8 2.11 2.949 119.653 9.46100000000001 0.999999827016895 0.000587388604820056 3.06725562327892e-05 0.80159145849264 0.999994812271521 0.00240452089978852 -0.00214329402724385 0.800420843255321 0.999999825626701 0.000589734121804594 3.09876268668792e-05 0.801416310212605 0.99999480998072 0.00240503786151354 -0.00214378275656354 0.800258653426853 0.913999999999987 1.02799999999999 149.795 168.502

 5983 83 10000 3 0.8 1.557 3.734 120.521 4.90199999999999 0.999989686528616 0.0028666740046386 0.00352264340406991 0.798359256120229 0.999987127769919 -0.00495062561242132 -0.00111157568916887 0.801731061362241 0.999989685953164 0.00286699293554943 0.0035225472034135 0.798221013303342 0.999987138616394 -0.00494868997186568 -0.00111043656233142 0.801553605900013 0.930999999999983 1.047 149.815 167.015

 5977 77 10000 3 0.8 2.573 2.827 132.383 14.62 0.999996276773679 0.0026477945982728 0.000660017079355544 0.797371576107956 0.999954858128884 0.000584861139043513 -0.0094836512953817 0.799686330247045 0.999996283104984 0.00264523538016181 0.000660686007350897 0.797243770381339 0.999954854694201 0.000585347329290416 -0.00948398344595627 0.799533849079575 0.97999999999999 0.927999999999997 149.977 163.169

 5981 81 10000 3 0.8 2.09 4.94 123.987 8.714 0.999993953044978 0.00296187787510627 -0.00182240306489621 0.802019685689893 0.999995332955397 0.00290981523324833 0.000931151294488824 0.800386194281893 0.999993953515827 0.00296187197454588 -0.00182215427265857 0.801839008323863 0.999995330565773 0.00291047934949305 0.000931641886996238 0.800225890228528 0.838999999999999 1.13999999999999 154.739 162.678

 5985 85 10000 3 0.8 1.895 4.078 125.047 5.45599999999999 0.99999159871908 -0.00161010272342605 -0.00376962338690954 0.801926633859389 0.999998128794827 0.00162702958630583 -0.00104650923030737 0.798853803626496 0.999991596091314 -0.00160942945278578 -0.00377060785312298 0.801747935800841 0.999998128295273 0.00162804979828973 -0.00104539935200436 0.798708833444776 1.06700000000001 1.05799999999999 156.684 164.879

 5988 88 10000 3 0.8 1.623 1.684 127.45 5.53700000000001 0.999976539189292 -0.00467368944532705 0.00500776376993955 0.80177595869928 0.99996842882485 0.00787765794014871 0.00104108546163673 0.799570223610906 0.999976549126854 -0.00467434941294231 0.00500516272600291 0.801599735241381 0.999968435307041 0.00787649963904504 0.0010436201531082 0.799418418366414 1.12100000000001 0.990000000000009 155.912 165.636

 5995 95 10000 3 0.8 1.573 5.997 104.264 9.375 0.999985831988836 0.00529474502509385 -0.000549087164255957 0.801830831154762 0.999998135435538 -0.00154242479900654 -0.00116191703100612 0.798962378967498 0.99998583575997 0.00529380427475366 -0.000551285529026578 0.801650909766476 0.999998132316197 -0.00154460600404518 -0.00116170409733407 0.79881682037849 1.01600000000002 0.99799999999999 158.083 164.327

 5993 93 10000 3 0.8 1.547 5.592 114.087 11.474 0.999999496772434 -0.000986718778697434 -0.000181220665378013 0.800615904235014 0.999997812047684 -0.00205667504466365 -0.000382083243394434 0.79847927657073 0.999999497311999 -0.000986305430120305 -0.0001804919604867 0.800452164225905 0.999997810905296 -0.00205722650104289 -0.000382104356271649 0.798339512565009 1.30199999999999 1.38400000000001 158.187 158.853

 5984 84 10000 3 0.8 1.778 3.637 133.789 6.61799999999999 0.999997010935605 0.00139993722264951 0.00200456868862048 0.797894780875048 0.999997793514614 0.000858103588311505 0.00191745251191714 0.801497866620244 0.999997011146722 0.00140072277246484 0.00200391450360239 0.797761022803876 0.999997792874409 0.000858474003394182 0.00191762058161047 0.801323726192051 1.221 1.38400000000001 154.156 162.43

 5992 92 10000 3 0.8 1.615 3.108 114.934 9.99699999999999 0.999999799798871 -0.000576723945861871 0.000260368407412695 0.799860010794152 0.999996730962765 0.00166368931859482 -0.0019417007066366 0.799975859886345 0.999999799644647 -0.000577955235414712 0.000258221632435688 0.799705818261734 0.999996730937286 0.00166448190063202 -0.00194103445177838 0.799818602355311 1.35600000000002 1.42400000000001 152.759 164.218

 5987 87 10000 3 0.8 1.445 3.17 123.674 10.632 0.999984578509622 0.0022551410972216 -0.00507514350195504 0.799089292003134 0.999992279454737 -0.000290001664399736 -0.00391879189967488 0.800046842870771 0.999984568654263 0.00225593220956285 -0.00507673351800513 0.798942250241575 0.999992282727467 -0.000290026342523463 -0.00391795485306864 0.799889551739693 1.126 1.333 157.7 163.47

 5989 89 10000 3 0.8 1.864 5.543 118.528 8.56999999999999 0.999977522039255 -0.00356332593478537 -0.00567962362430845 0.798988600401637 0.999972136703603 -0.00101076851625051 0.00739622629708404 0.801710897380943 0.999977510191323 -0.00356380068083867 -0.00568141146817183 0.798842948083278 0.999972157503823 -0.00101243374619139 0.0073931857179205 0.801533757649934 1.41999999999999 1.37200000000001 156.17 161.488

 5990 90 10000 3 0.8 1.728 4.434 126.131 10.241 0.99997458427219 0.00442816805084651 0.00558767727892848 0.797685404279043 0.9999789632495 0.00298541054392579 -0.00575850521749314 0.798970578970331 0.999974585238202 0.0044272446449621 0.00558823608487433 0.79755437390849 0.999978968137611 0.00298297511607935 -0.00575891846580194 0.798825732938934 1.34300000000002 1.273 152.349 157.501

 5978 78 10000 3 0.8 2.367 7.115 140.391 13.138 0.999998682385748 -0.00133415060311707 0.000924807512584677 0.802657004908405 0.999997594827946 -0.00149572616742667 0.00160410147892972 0.798359288292092 0.999998680847791 -0.00133332692811639 0.000927654019511462 0.802468089986519 0.999997594116562 -0.0014966930969571 0.00160364299710572 0.798219492815196 1.47300000000001 1.518 157.485 156.195

 5996 96 10000 3 0.8 1.636 7.231 118.329 12.081 0.999995872478466 0.00273915549434697 0.000867210014469576 0.799701633125263 0.999996397403885 -0.00264100037851656 -0.000479891916485078 0.799137244576734 0.999995872386587 0.00273906639128474 0.000867597309853616 0.799547875766423 0.999996392023866 -0.00264293972641194 -0.000480425700436167 0.798991568905694 1.559 1.68100000000001 154.684 150.779

 5980 80 10000 3 0.8 1.946 4.035 144.819 10.932 0.999988129018106 -0.00135368844577744 -0.00468074251161671 0.804144999610051 0.99999871865029 0.00149839385194575 0.000563483489800184 0.79782654647889 0.999988132959791 -0.00135218581748352 -0.00468033472150052 0.803935145594709 0.999998718049556 0.00149841265919974 0.000564498669306418 0.797694518169149 1.381 1.74900000000002 160.87 148.802

 5994 94 10000 3 0.8 1.589 4.514 129.328 15.231 0.999998414139125 0.00100853605544407 0.00146784681055179 0.799259120086854 0.999999672785094 -0.000533622811145904 0.00060801019837428 0.800021022068165 0.999998415823863 0.0010077943773642 0.00146720832117485 0.799112989752464 0.999999673549748 -0.000533204335063621 0.000607119044297411 0.799864195725991 1.477 1.59899999999999 153.87 143.529

 5991 91 10000 3 0.8 1.578 6.421 127.995 8.381 0.999999989977799 -0.000123003634946817 -7.01035434520336e-05 0.799876606738581 0.999987973590727 -0.000401450404180067 -0.00488789438147096 0.801952460651619 0.999999989663916 -0.00012485709686099 -7.1294277240207e-05 0.799721466847844 0.999987965673485 -0.000400690037952005 -0.00488957622896923 0.801770818899824 1.76300000000001 1.68199999999999 158.706 144.533

 5997 97 10000 3 0.8 1.401 2.928 152.883 7.26300000000001 0.999996798357877 -0.000857309398289556 0.00238081805075365 0.79843606210647 0.999999099655452 -0.00128172674345605 -0.000397322087796618 0.801937438841106 0.999996801090383 -0.000857033097546442 0.00237976958341914 0.798297128988732 0.999999098334599 -0.00128249499880893 -0.000398166507682938 0.801755785231248 1.34799999999998 1.423 159.583 41.525

 5999 99 10000 3 0.8 1.592 4.734 157.335 9.524 0.999998326564445 0.000538155593862745 0.00174850132044279 0.79951921282286 0.999992112032518 -0.00226020925782211 0.0032660873924319 0.803360218822643 0.999998327958458 0.000538852130263777 0.00174748924752477 0.799368137434439 0.999992111338393 -0.00226118647522256 0.00326562347923168 0.803162418627206 1.72399999999999 1.69 155.604 24.863

 5998 98 10000 3 0.8 1.53 3.876 156.868 12.277 0.999991811852148 6.84115060071843e-05 0.00404617702575001 0.802299113001747 0.999998754596569 -0.00147033183169736 0.000573523857971983 0.799656283107063 0.999991809211275 6.84176030965722e-05 0.0040468295482826 0.802114782214417 0.999998758814531 -0.00146739429583961 0.000573692756145889 0.799502738650615 1.64400000000001 1.458 153.619 24.478
