
 10094 94 5000 2 0.95 5.679 2.089 20.451 3.977 0.999999890001223 0.000469038956521946 0.950350257895308 0.99999988986477 0.000469329785531039 0.950839135019675 0.999999890713198 0.000467518546247957 0.950246059339894 0.999999889157972 0.0004708333495257 0.950721084087327 0.763999999999996 0.683 35.598 56.61

 10095 95 5000 2 0.95 4.13 1.675 20.954 1.58 0.999999610808418 -0.000882260172473085 0.950154106273335 0.999998739224657 -0.00158793863111368 0.949886996061833 0.999999611131572 -0.000881893817323499 0.950054331089908 0.999998739288939 -0.00158789814960747 0.949817537704659 0.347999999999999 0.532000000000004 111.154 34.157

 10092 92 5000 2 0.95 6.569 1.52 21.089 1.582 0.999999802423478 0.000628611967422872 0.949734413707864 0.999999785525709 -0.000654941628102951 0.949965568394363 0.999999802430029 0.000628601546184861 0.949707709117463 0.999999786229908 -0.000653865535588441 0.94987381594373 0.376999999999995 0.341999999999999 86.643 124.13

 10090 90 5000 2 0.95 7.567 1.943 19.684 1.822 0.999999438532063 0.00105968653782233 0.947970655575697 0.999999656912694 -0.000828356501856859 0.948626603049891 0.999999426258989 0.00107120571915223 0.948407190720094 0.999999657161558 -0.000828056016787147 0.948896161617709 0.707000000000001 0.607999999999997 127.099 102.925

 10081 81 5000 2 0.95 6.476 1.29 21.969 1.577 0.999999867930696 -0.000513944151641079 0.949558370937827 0.999999241564154 0.00123161321710549 0.950388565336509 0.99999986812998 -0.000513556251085119 0.949580453265949 0.999999243638192 0.00122992806460501 0.950284129971637 0.466999999999999 0.481999999999999 92.319 142.246

 10085 85 5000 2 0.95 8.221 2.419 20.155 4.686 0.999999101704821 0.00134036918464424 0.949902913632671 0.999999204454183 0.00126138455722729 0.951073587900514 0.999999100993452 0.00134089980504847 0.949829200716635 0.999999207393262 0.00125905236094242 0.95094820563628 1.278 1.539 90.826 135.614

 10083 83 5000 2 0.95 7.212 1.359 20.158 1.71 0.99999759938772 0.00219116836364664 0.949412348189604 0.999999288733871 0.00119269935502128 0.950832179083002 0.999997602771139 0.00218962370631968 0.949474558089566 0.999999289039557 0.00119244303062003 0.950712823033303 0.666000000000004 0.487000000000002 100.457 146.53

 10097 97 5000 2 0.95 7.303 3.421 18.265 4.968 0.999998987991935 -0.00142267884821476 0.949779647794565 0.999998789407178 0.0015560154810718 0.949359216747392 0.999998987401953 -0.00142309348540346 0.94974047086461 0.999998790243565 0.00155547787089471 0.949435662156774 1.643 1.441 115.375 119.371

 10093 93 5000 2 0.95 8.867 3.768 20.777 4.269 0.999999969733872 -0.000246033034831955 0.949664202683145 0.999999980130316 0.000199347353671699 0.950177347933822 0.99999996971054 -0.00024612785146581 0.949657176258794 0.999999979892014 0.000200539204202546 0.950078219333333 1.522 1.447 105.171 133.343

 10082 82 5000 2 0.95 9.292 1.544 19.645 2.787 0.999999967279025 0.000255816242674249 0.948770280720931 0.999999868011134 0.000513787615712982 0.95048925448033 0.999999967619027 0.0002544836830447 0.949000285745492 0.999999867381507 0.000515011618807891 0.950382606872331 0.677 0.771999999999998 121.198 128.821

 10091 91 5000 2 0.95 8.548 2.844 21.104 3.727 0.999999746674724 -0.000711793852100114 0.951451175868025 0.999999893169787 0.000462234156367067 0.950270508698128 0.999999744590345 -0.000714716198126221 0.951310316176125 0.999999894010836 0.000460411030938445 0.950167276530153 0.765000000000001 1.168 135.614 122.474

 10096 96 5000 2 0.95 7.82 1.533 19.26 3.828 0.99999955330683 -0.000945191060663586 0.9514992211534 0.999999490159326 -0.00100979259600524 0.95041154191738 0.999999552649679 -0.00094588606188588 0.951358590300731 0.999999487711214 -0.00101221406284751 0.950305083332653 1.006 1.47300000000001 132.961 124.094

 10084 84 5000 2 0.95 9.126 3.107 20.421 10.493 0.999999997219887 7.45669163235051e-05 0.949331510688868 0.999999689422411 -0.000788133923624119 0.950362558281526 0.999999997081691 7.63977597478248e-05 0.949416117086799 0.999999688612413 -0.000789160995867068 0.950258234887101 1.911 2.13500000000001 123.196 124.126

 10086 86 5000 2 0.95 8.479 1.429 19.733 4.041 0.999999999704339 -2.43171354698668e-05 0.950175799810148 0.999999043008445 -0.00138346745317986 0.950879938221634 0.999999999693498 -2.47589241505655e-05 0.950076304608411 0.999999044474266 -0.00138240752160185 0.950757918753605 0.731999999999999 1.176 131.403 132.229

 10089 89 5000 2 0.95 7.844 5.121 18.89 3.531 0.999999987403481 0.000158723150839338 0.950319129817536 0.999999799863595 -0.000632671139463546 0.951254153569565 0.999999987450993 0.000158423525349821 0.950217057194674 0.9999998004926 -0.000631676150923079 0.951120309649091 0.881 1.362 133.472 127.563

 10088 88 5000 2 0.95 7.669 1.859 22.531 4.878 0.999999476517503 -0.00102321293968959 0.950274027066396 0.999999969593746 0.000246601919350802 0.950220131514414 0.999999479446976 -0.00102034591000427 0.950171214850762 0.999999970423255 0.000243214903137722 0.950117897115728 1.117 1.358 127.613 134.975

 10098 98 5000 2 0.95 6.235 3.26 24.956 4.033 0.999999828103482 0.000586338645398576 0.950891791498929 0.999998829250276 -0.00153019543743895 0.947844197678472 0.999999827296871 0.000587712708901408 0.950770919732881 0.999998837925774 -0.00152451536610059 0.948307187022357 1.612 1.647 138.615 124.375

 10100 100 5000 2 0.95 9.611 3.78 19.442 19.161 0.999999976078266 0.000218731494947931 0.949429168584482 0.999997239606296 0.00234963396876853 0.949995798912544 0.999999975972549 0.000219214279914009 0.949487142404023 0.999997238842224 0.00234995913316422 0.949901015947871 2.16800000000001 2.282 119.826 127.263

 10099 99 5000 2 0.95 9.238 3.38 20.926 17.597 0.999998642385566 0.00164779459447074 0.950832450460619 0.999999703073629 -0.000770618358509375 0.949192991189074 0.999998641076163 0.00164858904159594 0.950714176993131 0.99999970296037 -0.000770765315255 0.949314708824355 1.933 2.111 142.845 108.097

 10087 87 5000 2 0.95 8.762 2.256 20.181 4.892 0.999999939953134 0.000346545420879454 0.951098110502802 0.999996533347373 -0.00263311474048396 0.951454694609026 0.999999939415334 0.000348093849116286 0.950971313228124 0.99999653462274 -0.00263263034094313 0.951315786448626 1.471 1.633 142.823 129.206

 10080 80 5000 2 0.95 0.949 1.988 88.045 7.373 0.999999898248253 -0.000451113602882062 0.948535096160046 0.999999420941936 -0.00107615788423089 0.950508344606503 0.999999899043201 -0.00044934795868502 0.948825327425177 0.999999421242124 -0.00107587890419932 0.950399384692596 0.640999999999991 0.545000000000002 54.196 61.261

 10131 31 10000 2 0.95 4.946 2.308 102.894 11.997 0.999999869452961 -0.000510973639703481 0.949586263131576 0.999999195006462 -0.00126885240567934 0.94967850080071 0.999999869428886 -0.000511020754893267 0.949600606794204 0.999999195080548 -0.00126879401655683 0.949667558647791 0.943999999999988 2.03300000000002 150.487 140.525

 10116 16 10000 2 0.95 4.061 3.127 79.661 9.428 0.999999890668798 -0.000467613506767882 0.949514983850734 0.999999093357401 -0.00134658248017968 0.949760231368538 0.999999890791705 -0.000467350593898219 0.94954897899264 0.999999093120748 -0.00134675821190689 0.949726628975166 0.88300000000001 0.696999999999989 221.941 179.343

 10110 10 10000 2 0.95 13.332 1.086 66.712 9.386 0.999999936985787 0.000355004819644679 0.949812860454342 0.99999985907607 -0.000530893436418836 0.94980920326172 0.999999937121034 0.000354623641708592 0.949764724380253 0.999999859358653 -0.000530360890116642 0.949762189954698 2.24600000000001 1.83 292.304 432.744

 10115 15 10000 2 0.95 5.314 1.922 80.773 8.58500000000001 0.999999832373295 -0.000579010691366715 0.950391479509825 0.99999997231783 0.000235296279115338 0.949871134611257 0.999999832605611 -0.00057860932345168 0.95028674366029 0.999999972492734 0.000234551766067857 0.949806124550268 0.640000000000001 1.27500000000001 334.712 133.677

 10112 12 10000 2 0.95 13.062 2.018 67.762 9.71600000000001 0.999999939341778 0.000348305097536837 0.949675512028863 0.99999988260612 0.000484549014050804 0.950175038407656 0.999999939341064 0.000348307145702569 0.949665439708209 0.999999881801033 0.000486207692137942 0.950077309779589 2.148 1.968 280.125 481.04

 10111 11 10000 2 0.95 12.823 1.73 69.628 8.584 0.999999940968486 0.000343603003580657 0.950639486201777 0.999999016038974 -0.00140282610602692 0.949685813212237 0.999999940743045 0.000344258488089341 0.950527018452719 0.999999016138843 -0.0014027549129111 0.949672791610128 2.134 1.82100000000001 361.526 414.516

 10120 20 10000 2 0.95 4.382 2.287 92.103 7.92099999999999 0.999999981214978 -0.00019382993491533 0.950286876065836 0.99999951180903 -0.000988120286969916 0.950522489821057 0.999999981249448 -0.000193652014850879 0.950185595839882 0.999999511997689 -0.000987929341929638 0.950413344120988 1.34800000000001 0.807000000000002 218.399 315.863

 10102 2 10000 2 0.95 11.402 1.007 75.239 8.84400000000001 0.999999988394967 0.000152348504433979 0.951544000602601 0.999999682284933 0.00079713865294705 0.952320500269132 0.999999988239926 0.000153362795673341 0.951402180093033 0.999999683346973 0.000795805223946094 0.952147682019068 1.97199999999999 2.15799999999999 342.399 524.908

 10105 5 10000 2 0.95 12.347 2.912 60.581 8.23299999999999 0.999999948552535 0.000320772391066926 0.950519633754278 0.999999998847565 -4.80090587111892e-05 0.952087896664534 0.999999948712157 0.000320274386228779 0.950410966513516 0.999999998895795 -4.69937309047705e-05 0.951921883284457 2.051 1.60799999999999 369.715 522.107

 10114 14 10000 2 0.95 13.01 2.693 68.706 6.72199999999999 0.999999624224037 0.000866920864055265 0.950161769101146 0.99999916174867 0.00129479803770393 0.949618629791565 0.999999624172683 0.000866980099759211 0.950063769114997 0.999999161823836 0.00129473998401138 0.949624210143986 1.974 1.741 402.592 380.929

 10104 4 10000 2 0.95 12.047 0.960999999999999 250.004 27.034 0.999999506569206 0.000993408950725359 0.950251612197671 0.999999981789843 -0.000190841066323032 0.94940149084257 0.99999950742618 0.000992545917420754 0.950149987106865 0.999999981713745 -0.000191239401394062 0.949466093956119 2.01900000000001 1.86799999999999 433.365 451.012

 10130 30 10000 2 0.95 10.405 4.057 86.042 11.017 0.999998702716066 0.00161076571357086 0.950939576560306 0.999999999982622 -5.89548076966768e-06 0.9495633319076 0.999998706474162 0.00160843091353551 0.950817197587043 0.999999999981718 -6.04676262662041e-06 0.949584362801248 2.14899999999999 1.13999999999999 363.475 410.034

 10106 6 10000 2 0.95 12.991 2.607 257.348 43.688 0.999999891108825 0.00046667155265965 0.95053446680677 0.999999706184065 -0.000766571447932717 0.948662597307562 0.999999890914123 0.000467088579685641 0.950424551673779 0.999999705758784 -0.000767126029244177 0.948924605746535 1.40800000000002 1.47899999999998 417.837 504.976

 10109 9 10000 2 0.95 11.878 0.942999999999998 235.561 49.125 0.999999981146871 0.000194180993731075 0.950206951647312 0.999999967237874 -0.000255977050468344 0.950492234350635 0.999999981280127 0.000193493529348526 0.950106387663169 0.99999996734878 -0.000255543419717067 0.950384956172418 1.27800000000002 1.41300000000001 452.234 548.638

 10118 18 10000 2 0.95 5.005 1.928 84.778 12.876 0.99999969193307 -0.000784941885986801 0.950473356230245 0.999999687062379 -0.000791122710800109 0.950771197351895 0.999999691891331 -0.000784995059771762 0.950365538035156 0.999999688534159 -0.000789260150403469 0.9506533118158 0.876999999999995 0.915999999999997 408.711 524.843

 10121 21 10000 2 0.95 4.215 1.429 92.33 10.404 0.999999983147266 -0.000183590490031735 0.951780374418458 0.999999942942792 0.000337808247195802 0.949815670625675 0.999999983505329 -0.00018162968216884 0.951629661519657 0.999999943017185 0.000337587953440577 0.949766378048254 0.931999999999988 0.703000000000003 460.661 461.141

 10129 29 10000 2 0.95 8.308 1.545 102.042 9.29900000000001 0.999999423235126 0.00107402486720289 0.949624228240893 0.999999999878119 1.5612880664415e-05 0.950532020405459 0.999999423242209 0.00107401827214644 0.949628270152096 0.999999999891517 1.47297966386879e-05 0.950423748136482 2.46799999999999 2.12700000000001 360.358 529.985

 10117 17 10000 2 0.95 4.863 2.478 79.249 10.432 0.99999990974827 -0.000424856977119941 0.950361640454167 0.999999865249366 -0.000519135098261012 0.949997574527495 0.999999909461989 -0.000425530273841034 0.950257966606394 0.999999864811867 -0.00051997715991446 0.949902755273374 1.129 0.728000000000009 458.719 503.89

 10103 3 10000 2 0.95 11.451 1.088 271.7 35.927 0.999999459395569 -0.00103981179538499 0.951010591097684 0.999999929564537 0.000375327750522665 0.950794066268599 0.999999460492532 -0.00103875629737835 0.950886430589145 0.999999929778077 0.000374758375680664 0.950676037366305 1.30500000000001 1.142 471.861 564.454

 10127 27 10000 2 0.95 6.998 1.695 96.663 12.05 0.999999268000466 -0.00120995807042613 0.949941130821249 0.99999879823047 0.0015503346788266 0.948918816572724 0.999999267607316 -0.00121028295543094 0.949856890496326 0.999998794639132 0.0015526494396459 0.949110271153686 2.12599999999998 1.81200000000001 435.374 500.518

 10107 7 10000 2 0.95 11.877 0.959 260.219 48.229 0.999999947001507 -0.000325571779525407 0.95085045216622 0.999999758856766 0.000694468436351817 0.950335801015632 0.999999947622826 -0.000323657759605764 0.95073299902296 0.999999759858968 0.000693023812982314 0.950232473207824 1.64300000000003 1.64800000000002 501.753 557.823

 10108 8 10000 2 0.95 8.358 1.035 276.73 30.931 0.999999996949399 7.81101961366762e-05 0.950431851069136 0.999998819296906 0.00153668630281116 0.950627770216728 0.999999996929553 7.83638614222386e-05 0.950326029612189 0.999998819793116 0.00153636336017861 0.950516323830575 1.673 1.58499999999998 492.439 567.067

 10101 1 10000 2 0.95 12.605 0.931999999999999 288.214 25.718 0.99999970962455 -0.000762070085265198 0.950365515686117 0.999999998995024 4.48324969252338e-05 0.9505765733024 0.999999709837215 -0.000761790972832443 0.950261822998432 0.999999998980348 4.51586511223506e-05 0.950466692204417 1.62100000000004 1.48700000000002 495.866 557.476

 10123 23 10000 2 0.95 7.226 2.405 88.981 11.179 0.99999997644905 0.000217029720293749 0.950931021554284 0.999999827904053 -0.00058667867279424 0.949867595129189 0.999999976761466 0.000215585406741658 0.950808950398469 0.999999827892636 -0.00058669813297037 0.949803704234934 1.818 1.129 524.401 460.886

 10128 28 10000 2 0.95 6.055 2.996 90.554 8.753 0.99999999991706 1.28794142196491e-05 0.950630794239447 0.999999894813269 0.00045866485709354 0.950390635559158 0.999999999928712 1.19404849621176e-05 0.950518559621186 0.999999894469993 0.000459412670856153 0.950285524980949 2.09999999999999 1.25200000000001 519.368 529.526

 10125 25 10000 2 0.95 6.386 2.091 83.801 7.86500000000001 0.999999981607713 -0.000191793047602866 0.951417709137587 0.999999663495561 -0.000820371114320101 0.950008985538786 0.999999981516928 -0.000192265816583584 0.951281569836997 0.999999662717509 -0.000821318980740979 0.949913188765583 1.179 2.01700000000001 527.331 533.048

 10126 26 10000 2 0.95 7.086 1.929 92.416 8.607 0.999999881366005 0.000487101607794052 0.950364888044015 0.999999636952291 -0.000852112250098886 0.950391290599672 0.999999881389123 0.000487054144770749 0.950259895826468 0.999999636869044 -0.000852209939086128 0.950285132734624 2.452 1.619 511.187 551.78

 10136 36 10000 2 0.95 5.422 1.673 86.577 8.96100000000001 0.999999998490236 -5.49502380827777e-05 0.949631495583133 0.999999984468087 0.000176249330572625 0.950086379083044 0.99999999849024 -5.49501665536222e-05 0.949633498019475 0.9999999844514 0.000176343981389895 0.949990149658694 1.24299999999999 0.906000000000006 184.129 477.066

 10135 35 10000 2 0.95 6.038 1.624 87.418 13.621 0.999999996649318 -8.18618522896547e-05 0.950250261950918 0.999999417231832 0.00107959992421321 0.949074615312919 0.999999996596633 -8.25029345092181e-05 0.950149100755291 0.999999419611775 0.00107739320255666 0.949227030171845 0.939000000000007 0.958999999999989 260.508 412.027

 10133 33 10000 2 0.95 5.715 2.422 83.37 8.98399999999999 0.999999697623379 -0.000777658762832163 0.95005048937783 0.999999984150724 -0.000178040871177176 0.950230021132998 0.999999697221053 -0.000778175944967408 0.949954814131267 0.999999984238685 -0.000177546132007903 0.950129345550704 0.849999999999994 0.835999999999999 269.907 492.114

 10113 13 10000 2 0.95 17.124 10.394 578.263 102.876 0.999999904525692 -0.000436976666538683 0.950572411907311 0.999999460076396 0.00103915682966528 0.949444788721381 0.999999903894663 -0.000438418366723383 0.950462072835735 0.9999994595706 0.00103964345238052 0.94949794930351 1.673 1.40300000000002 379.964 412.592

 10141 41 10000 2 0.95 7.588 3.726 102.996 8.608 0.999999989461147 -0.000145181626767661 0.950104246295989 0.999998886764417 0.00149213602850482 0.950092317159587 0.999999989549768 -0.000144569926484806 0.950007323491246 0.999998886673687 0.00149219683258632 0.949995889297595 1.17699999999999 0.926999999999992 190.979 375.379

 10134 34 10000 2 0.95 7.918 1.722 77.168 11.022 0.999999726541483 -0.000739538342072223 0.950858313538739 0.99999996239413 -0.0002742475878353 0.949492630319541 0.999999726338556 -0.000739812687731136 0.950738343641128 0.999999962412872 -0.000274179238342611 0.949532816818286 1.042 0.516000000000005 472.105 385.477

 10138 38 10000 2 0.95 4.778 2.527 115.854 8 0.999999982987478 -0.000184458787657061 0.950063787145718 0.999999226127393 -0.00124408384576522 0.950779577599892 0.999999982951994 -0.000184651052331698 0.94996883599206 0.999999226951807 -0.00124342100213395 0.950661987157471 1.32300000000001 1.148 326.408 454.83

 10139 39 10000 2 0.95 8.195 4.583 124.631 9.48000000000002 0.999999939458393 0.000347970128362015 0.950133544631348 0.999999971377358 0.000239259867253857 0.949698140838052 0.99999993910931 0.000348971883435415 0.950036142089872 0.999999971329848 0.000239458355061989 0.949681762105892 1.05500000000001 1.374 359.438 375.253

 10124 24 10000 2 0.95 9.724 7.419 605.916 8.75999999999999 0.999999443129496 -0.00105533913916595 0.949999406873009 0.99999983968115 -0.000566248773747323 0.948251252056599 0.999999443396324 -0.00105508627267911 0.949906511484704 0.999999839403867 -0.000566738246288313 0.948615637338564 2.21400000000006 2.16700000000003 429.251 458.447

 10143 43 10000 2 0.95 9.209 4.329 129.923 7.42700000000002 0.999999397657816 0.00109758097868955 0.951105407657621 0.999999999998076 1.96164640035414e-06 0.94972287367374 0.999999397422959 0.0010977949348459 0.950977505784655 0.999999999998297 1.84566738867021e-06 0.94969971494885 0.829000000000008 1.23000000000002 277.818 268.323

 10140 40 10000 2 0.95 7.001 6.603 105.949 12.436 0.999999894279924 -0.00045982620703615 0.950107380797568 0.999999708953749 -0.000762949813003772 0.95055117880121 0.999999894633735 -0.000459056117135868 0.950011214064332 0.999999708380566 -0.000763700715369897 0.950441609260305 1.05600000000001 1.23500000000001 310.766 487.765

 10132 32 10000 2 0.95 11.364 12.939 587.402 52.131 0.999999504492626 0.000995497113422717 0.950441498697348 0.99999877218323 -0.00156704563841621 0.950010446489032 0.999999504656357 0.000995332628009661 0.950334150448547 0.999998771395758 -0.00156754807747376 0.949915947404178 2.50800000000004 2.36900000000003 485.448 484.637

 10122 22 10000 2 0.95 10.246 7.255 615.72 57.325 0.999999983672399 0.000180707501172551 0.950735205301416 0.999999830961943 0.000581443106570141 0.950387894906592 0.999999983767516 0.000180180374686279 0.950620231333176 0.999999830431817 0.000582354133879324 0.950282598984852 2.10000000000002 2.53099999999995 485.67 497.471

 10137 37 10000 2 0.95 14.098 3.154 97.043 12.884 0.999999646832687 -0.000840437089844998 0.951481965680368 0.999999985574617 0.00016985513510582 0.948469189247045 0.999999646474708 -0.000840862925623785 0.951342068630699 0.999999985913522 0.000167848012076481 0.948782412144391 3.084 1.76400000000001 538.298 467.067

 10119 19 10000 2 0.95 11.979 6.9 668.483 31.875 0.999999922388138 -0.000393984414445511 0.951256633230167 0.999999943572407 0.00033593925328772 0.951100032379438 0.999999921971934 -0.000395039399144653 0.951124602010635 0.999999943566349 0.000335957286841736 0.950972019486065 2.78199999999993 2.09500000000003 460.356 513.918

 10145 45 10000 2 0.95 9.365 3.445 124.124 7.953 0.999999557189982 0.000941073769129503 0.949905309359561 0.999999412995305 -0.00108351697967908 0.949392482825937 0.999999557137144 0.000941129914978686 0.949831092196543 0.999999413328443 -0.00108320947629456 0.949460112057299 1.29399999999998 1.00399999999999 232.586 406.099

 10150 50 10000 2 0.95 6.067 2.431 108.101 9.423 0.999999858170747 0.000532595987414718 0.950642762483914 0.999999989837113 -0.000142568485924111 0.949825074400308 0.999999858019335 0.00053288020290461 0.950532159324626 0.999999989818477 -0.00014269914638365 0.949773604547307 1.16299999999998 1.13299999999998 263.651 341.627

 10148 48 10000 2 0.95 6.524 2.559 94.351 9.099 0.999999999983363 5.76840140609949e-06 0.950013049434588 0.999999904178278 -0.000437770984393623 0.949239203044574 0.9999999999808 6.19671773684845e-06 0.949918127714312 0.999999904827177 -0.000436286187864837 0.949348057600639 1.053 1.14500000000001 246.166 419.794

 10158 58 10000 2 0.95 5.25 1.445 125.424 12.574 0.999999531044385 -0.000968458058014047 0.949510264608095 0.999999908702298 -0.000427311825765607 0.950196148625159 0.999999531056089 -0.000968445972345921 0.949545357559918 0.999999908600159 -0.000427550784931177 0.950096070290409 0.972000000000008 1.24000000000001 190.618 321.474

 10142 42 10000 2 0.95 17.027 2.198 145.35 10.967 0.999999009774048 0.00140728494766501 0.95016172463793 0.999999974859886 0.000224232528819189 0.950361963815158 0.999999010504899 0.00140676551777331 0.950062756388147 0.999999974799698 0.000224500786962028 0.95025772127505 2.14499999999998 1.82399999999998 424.966 492.228

 10149 49 10000 2 0.95 13.147 1.676 108.961 12.104 0.999999974044011 0.000227841999866526 0.949873010128438 0.999999997064601 -7.66211373804303e-05 0.949479236758789 0.999999974001392 0.000228028977334951 0.949807755848421 0.999999997081235 -7.64037286480665e-05 0.94952286418126 1.79999999999998 1.35300000000001 366.951 396.882

 10154 54 10000 2 0.95 6.789 2.264 99.948 12.527 0.999999998307098 5.81876636679096e-05 0.949982650174109 0.999999506635865 -0.000993341847962394 0.950330527129875 0.999999998271168 5.88019034311422e-05 0.949888222477922 0.999999506390375 -0.000993588952577567 0.950226768061754 1.452 1.22799999999998 257.469 494.264

 10144 44 10000 2 0.95 8.042 2.182 131.977 10.085 0.999999690670538 -0.000786548682108089 0.950741846710663 0.999999406147943 0.00108981822360101 0.950412940786034 0.99999968989626 -0.000787532464805263 0.950627470239752 0.99999940588446 0.00109005996467612 0.950307409241545 0.981999999999999 0.837999999999994 430.333 486.492

 10160 60 10000 2 0.95 7.955 5.852 123.308 8.196 0.999999801539404 0.00063001678707232 0.949385652481367 0.999999996500425 -8.36609210122165e-05 0.949131432637035 0.99999980179845 0.000629605480668565 0.949454907983398 0.999999996554511 -8.30119139839947e-05 0.949269128789298 0.984999999999985 1.095 204.254 437.68

 10152 52 10000 2 0.95 6.513 4.281 101.365 10.809 0.999999274288223 0.00120475019295743 0.950755654412464 0.999999876728634 -0.000496530681304553 0.9499122232823 0.999999272932028 0.00120587537338994 0.950638983711849 0.999999876512314 -0.000496966151774483 0.949835707943841 0.963999999999999 1.327 477.199 427.829

 10159 59 10000 2 0.95 5.39 2.742 138.574 12.424 0.999999159865277 0.00129625180455845 0.950016399810845 0.999999608235162 -0.000885172029904284 0.949924664888781 0.999999160018643 0.00129613348381997 0.949921919836639 0.999999607949522 -0.000885494665032859 0.949844467204973 0.90300000000002 1.07300000000001 412.785 342.247

 10157 57 10000 2 0.95 7.413 2.272 128.253 14.768 0.999999870689668 0.000508547585744629 0.950173077544956 0.999999995213087 -9.78459295695328e-05 0.95009045338696 0.999999871046795 0.00050784485191139 0.950074478773386 0.999999995204093 -9.7937804661442e-05 0.949992862593825 1.75900000000001 1.69800000000001 309.806 495.025

 10161 61 10000 2 0.95 9.316 4.229 113.306 15.14 0.999998451021271 -0.0017601008661354 0.95091774034461 0.999999895265686 0.000457677416331955 0.948900535798839 0.999998448634757 -0.00176145623844145 0.950797009643064 0.999999894846738 0.000458591880916169 0.949098321644756 1.26499999999999 1.374 258.274 445.173

 10151 51 10000 2 0.95 11.325 3.957 96.852 7.175 0.999999759467999 0.000693587733191014 0.950969660819603 0.999999828405658 0.000585823056970486 0.950696340035799 0.999999759324078 0.000693795205032222 0.950847141952222 0.999999828399524 0.000585833528616576 0.950582069946185 1.80500000000001 1.71100000000001 497.14 509.071

 10153 53 10000 2 0.95 7.29 4.272 106.857 12.845 0.999999714737156 -0.000755331455036013 0.950107512463556 0.999999870191476 0.000509526281900857 0.951018851400024 0.999999715434073 -0.000754408227607545 0.950010353414737 0.999999870449332 0.000509019959651011 0.950895368917559 1.108 1.268 478.121 515.548

 10165 65 10000 2 0.95 7.846 6.141 131.634 15.049 0.9999986230481 -0.00165948844663188 0.951030336031447 0.999999207149881 -0.00125924565102306 0.950020378984666 0.999998622306343 -0.00165993536531233 0.950906461175484 0.999999206462501 -0.0012597913989985 0.949925563563304 1.023 1.06300000000002 340.335 518.256

 10155 55 10000 2 0.95 13.033 11.245 441.701 44.735 0.999999158778003 -0.00129709031540985 0.949403879207757 0.99999966522752 0.000818257201456777 0.948887578901772 0.999999159929324 -0.00129620239435618 0.94946837874202 0.999999663996158 0.000819760678625301 0.949089010045592 2.524 2.38400000000001 350.409 487.31

 10172 72 10000 2 0.95 6.243 2.315 129.816 10.054 0.999999992282516 0.000124237550557293 0.950169610337304 0.999999803418688 0.00062702678243058 0.949763493909556 0.99999999225839 0.000124431587273381 0.950070615163179 0.999999803588562 0.000626755803157927 0.949728931026725 1.06799999999998 0.794999999999987 231.569 390.328

 10162 62 10000 2 0.95 11.014 2.587 135.056 9.239 0.999999966660771 0.000258221721747003 0.950897005594679 0.999999999297071 3.74947762549218e-05 0.951145633290369 0.999999966340385 0.000259459495275925 0.950777171367956 0.999999999261372 3.84350864393744e-05 0.951017552534055 1.345 1.13199999999998 454.76 539.687

 10146 46 10000 2 0.95 17.747 26.728 396.263 32.69 0.999999936585168 -0.00035613152105695 0.95058460239102 0.999999818700389 0.000602162095315549 0.951083830146058 0.999999936034108 -0.000357675522620332 0.950472557382554 0.999999817997561 0.00060332814042399 0.950957677224586 2.35599999999999 2.36799999999999 463.984 552.524

 10173 73 10000 2 0.95 8.763 2.883 117.316 9.15200000000002 0.999999921749678 0.000395601614802467 0.949681791706603 0.999999954501209 0.00030165804949885 0.94877834918395 0.999999921734223 0.000395640679911904 0.949669954726123 0.999999954548191 0.000301502264028033 0.949006960937674 1.14499999999998 1.416 215.459 474.392

 10167 67 10000 2 0.95 13.832 5.929 110.167 14.025 0.999999997541854 -7.01162750608009e-05 0.950339020371929 0.999999999924799 1.22638515158299e-05 0.949687450316079 0.99999999755171 -6.9975569451774e-05 0.950235645699549 0.999999999923337 1.23824911145739e-05 0.949673934376717 1.44899999999998 2.226 452.74 427.122

 10163 63 10000 2 0.95 13.334 3.452 132.548 14.337 0.999999812184172 0.000612887935615421 0.950792578182154 0.999999994385881 -0.000105963377890896 0.950696209265301 0.99999981215137 0.000612941452826722 0.950675569986404 0.999999994487196 -0.000105002897807581 0.950580494984591 1.75999999999999 1.13899999999998 497.368 547.321

 10147 47 10000 2 0.95 18.523 12.919 482.161 18.668 0.999999889868913 -0.000469320958129869 0.950703387527932 0.999999997804389 6.62662988942444e-05 0.950012445940477 0.999999890622579 -0.000467712336931928 0.950588711265134 0.999999997848099 6.56033732417426e-05 0.949917651856794 2.28399999999999 2.53300000000002 492.254 529.456

 10156 56 10000 2 0.95 14.787 16.149 576.585 19.7869999999999 0.999999912615722 -0.000418053285018871 0.950307504656418 0.999999897954303 0.000451764742483753 0.94977031255901 0.999999911926644 -0.000419698349678319 0.950204339197732 0.999999897828196 0.000452043800635508 0.949733809748147 2.61000000000001 2.28000000000009 407.516 452.874

 10166 66 10000 2 0.95 8.893 4.368 138.802 15.05 0.99999943547494 0.00106256755167513 0.950045448093918 0.999999996737027 -8.07833250197223e-05 0.950464424057172 0.999999433625159 0.00106430698601072 0.94995003344233 0.999999996754713 -8.05640931715066e-05 0.950356014387824 1.67099999999999 1.13200000000001 421.624 543.837

 10179 79 10000 2 0.95 7.684 3.117 116.319 15.023 0.999999942647891 0.000338680107866527 0.950696465384308 0.999999778381531 0.000665760383934473 0.949510051365917 0.999999942661585 0.000338639670214731 0.950581791633633 0.999999778392838 0.000665743399422009 0.949545621138126 0.984999999999985 1.178 190.478 428.462

 10171 71 10000 2 0.95 7.911 3.068 115.051 13.024 0.999999908186148 -0.000428518022465344 0.949905792779687 0.999999376033653 -0.00111710890480034 0.948240028620512 0.999999908048081 -0.000428840097212538 0.949831452515752 0.999999371407694 -0.00112124226468262 0.948608756131788 1.547 1.411 316.55 511.889

 10168 68 10000 2 0.95 8.804 3.097 102.097 7.81999999999999 0.9999998768106 0.000496365576165775 0.950488608474423 0.999999863726271 0.00052206076141215 0.950463928060229 0.999999876396733 0.00049719867035134 0.950381623954938 0.9999998637445 0.000522025842760344 0.95035755732149 0.967000000000013 0.871000000000009 458.527 524.122

 10170 70 10000 2 0.95 8.009 4.831 114.256 9.53899999999999 0.999999941393069 -0.000342365094471173 0.950988380039431 0.999999895244919 -0.000457722788884791 0.949697537262948 0.999999941406592 -0.000342325594861863 0.950865328806911 0.999999895199798 -0.000457821355637308 0.949681363328521 1.29000000000002 1.40700000000001 513.097 426.374

 10169 69 10000 2 0.95 9.703 5.343 108.396 16.921 0.999999750765763 0.000706022954026018 0.95196248546667 0.999999535146024 -0.000964213531747446 0.950742610112259 0.999999751452145 0.000705050103311053 0.951804043528034 0.99999953570864 -0.000963629858614898 0.950626177232493 1.333 1.20500000000001 443.619 534.608

 10182 82 10000 2 0.95 8.655 4.771 108.579 4.37100000000001 0.999999999509287 3.13277130699201e-05 0.951853207798158 0.999999999269545 -3.82218602323717e-05 0.950162576815733 0.9999999994996 3.16354283488946e-05 0.951700487588443 0.99999999927961 -3.79575927058763e-05 0.9500641703603 1.28900000000002 1.249 210.27 418.651

 10177 77 10000 2 0.95 7.413 3.393 118.444 8.14499999999998 0.999999641530594 0.000846722318269215 0.95068785026476 0.999999802555512 0.000628401891767264 0.950091352235596 0.999999641274763 0.00084702440593499 0.95057466157541 0.999999802321255 0.000628774562685366 0.949993509583947 1.108 0.597000000000008 344.298 502.272

 10180 80 10000 2 0.95 5.397 2.389 132.827 9.785 0.999999999961643 -8.75862654077384e-06 0.951191501691502 0.999999972240762 -0.000235623589805265 0.950767806326303 0.999999999965272 -8.3340741632276e-06 0.951061492466678 0.99999997227921 -0.000235460354162439 0.95065136719533 0.846000000000004 1.01300000000001 225.045 510.636

 10175 75 10000 2 0.95 8.153 3.47 134.57 6.952 0.999999705507578 0.000767453423114137 0.94982080527177 0.999999955713354 -0.000297612652013893 0.950033086777561 0.999999705353756 0.000767653828390206 0.949770158318 0.999999955666713 -0.000297769325740479 0.949938136892442 2.297 2.291 435.661 498.123

 10183 83 10000 2 0.95 8.78 2.384 96.297 13.147 0.999999811858743 -0.000613418681867631 0.951341075976408 0.999999999928949 -1.19206368832767e-05 0.951212778984603 0.999999812084131 -0.000613051142201794 0.95120585222985 0.999999999945059 -1.04824321243469e-05 0.951080769986625 1.179 1.15000000000001 200.54 426.472

 10164 64 10000 2 0.95 17.97 17.59 488.451 11.287 0.999999983676203 -0.000180686450927913 0.950608518874208 0.999999442666321 0.00105577793438566 0.950588126435673 0.999999983702006 -0.000180543589003425 0.950498152307206 0.999999442039513 0.00105637146099019 0.950477557920746 2.72000000000003 3.06200000000001 555.862 477.483

 10185 85 10000 2 0.95 9.901 4.522 104.431 12.324 0.999999835528175 -0.000573536068895512 0.950319259528289 0.999999998610444 -5.2717286167852e-05 0.950934988173489 0.999999835804659 -0.000573053798127412 0.950216783005791 0.999999998544531 -5.39531158368042e-05 0.9508140202954 1.50700000000001 1.375 298.117 449.086

 10189 89 10000 2 0.95 8.65 1.698 122.534 13.996 0.999999852151902 -0.000543779527064399 0.949695279903295 0.99999989798006 -0.000451707725789829 0.95145848492316 0.999999852131217 -0.00054381756517388 0.949679753642404 0.999999898780181 -0.000449932914975589 0.951317590929177 2.24199999999999 1.126 171.328 450.547

 10188 88 10000 2 0.95 7.952 2.725 124.531 4.36800000000002 0.999999978653036 0.00020662508858394 0.949890912189592 0.999999811452545 0.00061408051184408 0.950476048784605 0.99999997860449 0.00020685990385822 0.949820438605585 0.999999812162756 0.000612922876199384 0.950366941615148 1.602 1.226 223.667 448.454

 10181 81 10000 2 0.95 12.304 5.37 122.48 4.88499999999999 0.999999696082694 0.000779637428508131 0.949901014722953 0.999999981707635 0.00019127134935578 0.950480947052794 0.99999969524352 0.000780713050321691 0.949827980916171 0.99999998173262 0.000191140682940768 0.950373785891931 1.94400000000002 1.74200000000002 448.753 442.281

 10199 99 10000 2 0.95 11.347 4.584 119.087 6.49600000000001 0.999999999738019 2.2890209383572e-05 0.949456713194279 0.999999811586499 -0.000613862335794943 0.949828678467173 0.999999999731165 2.31877156383605e-05 0.949506609222018 0.999999811550507 -0.000613920963809186 0.949776182699061 1.73700000000002 1.22499999999999 180.697 75.996

 10186 86 10000 2 0.95 17.593 2.548 84.396 18.389 0.999999680407493 -0.000799490407650273 0.94962528068114 0.999999887162448 0.000475052725528065 0.949939047687714 0.999999680420557 -0.000799474066786994 0.949629037967109 0.999999886795902 0.000475823687990276 0.949854801009674 2.02199999999999 2.60000000000002 390.75 374.759

 10198 98 10000 2 0.95 7.358 4.19 130.656 6.45000000000002 0.999999240989658 -0.00123207958686727 0.950254844210148 0.999999565796845 -0.000931883105538655 0.948640750457184 0.999999241490846 -0.0012316727375196 0.950154495264727 0.999999564973701 -0.000932765999215374 0.948905446305881 0.818000000000012 1.136 184.769 132.831

 10174 74 10000 2 0.95 8.186 11.471 587.496 52.7090000000001 0.999999999149321 4.12475260812828e-05 0.950186991131051 0.999999940228306 0.000345750465413492 0.950293551823817 0.99999999913517 4.15891790713694e-05 0.950088591256378 0.999999940286855 0.000345581085042595 0.950191283428132 1.74699999999996 1.58699999999999 267.569 418.343

 10194 94 10000 2 0.95 8.466 3.996 119.288 8.28899999999999 0.999999887419381 -0.000474511564714696 0.950354129648041 0.999999980519417 -0.000197385828484948 0.951179241077516 0.999999887643897 -0.000474038176740904 0.950250632685369 0.999999980814761 -0.000195883836200107 0.95105047052216 0.692000000000007 1.042 250.231 164.815

 10184 84 10000 2 0.95 7.013 1.554 93.255 7.938 0.999999654616299 -0.000831124107508616 0.950390733439793 0.999999930132957 0.000373810222238067 0.950406149095119 0.999999653759696 -0.000832154125119687 0.95028607542929 0.999999930050223 0.000374031481557404 0.950299844520691 1.685 1.21899999999999 495.965 395.264

 10192 92 10000 2 0.95 8.317 4.045 95.432 12.036 0.999999089495996 0.00134944699006693 0.950152597935357 0.999999992392742 0.000123347136695518 0.950012553280473 0.999999088707887 0.0013500308868169 0.950056397143288 0.99999999233666 0.000123800969809107 0.949917084811142 1.173 1.15000000000001 250.53 281.368

 10193 93 10000 2 0.95 5.638 2.157 109.146 9.923 0.999999797149429 -0.000636946701258955 0.94954736561881 0.999999993177526 -0.000116811592595793 0.950522143818065 0.999999796895918 -0.000637344587200179 0.949572465820823 0.999999993341337 -0.000115400716099106 0.950412993263987 1.648 1.24600000000001 205.614 316.76

 10187 87 10000 2 0.95 18.342 1.24 111.33 7.72299999999998 0.999999926675361 -0.000382948133375758 0.95005014938223 0.999999943619121 -0.000335800171959741 0.950929491279565 0.999999927117511 -0.000381791793746789 0.949954795170503 0.999999943679854 -0.000335619260639822 0.950808184550433 2.452 2.392 515.506 324.728

 10190 90 10000 2 0.95 9.615 3.724 95.85 7.238 0.999999404406307 0.00109141515052288 0.950093149267847 0.999999840547086 -0.000564717452849074 0.948828618577718 0.999999403891122 0.00109188708267693 0.949996415144784 0.99999984008437 -0.000565536236273209 0.949046147385946 1.179 1.17700000000002 310.078 260.442

 10191 91 10000 2 0.95 9.327 4.319 104.417 12.852 0.999999857697221 0.000533484337315157 0.949341991329225 0.999999998557921 -5.37043506192687e-05 0.950038901409689 0.999999858197007 0.000532546679983888 0.949422963196011 0.999999998491738 -5.49228988162771e-05 0.94994247426401 1.12300000000002 1.17099999999999 271.716 284.957

 10195 95 10000 2 0.95 7.647 2.256 141.359 16.779 0.999999960524508 0.00028098217561029 0.950461307610771 0.999999956813621 -0.000293892423372444 0.949142931333199 0.999999960282165 0.000281843340703746 0.950353056136919 0.999999956892767 -0.000293622997822469 0.949278901892497 1.32999999999998 1.38300000000001 258.485 194.182

 10176 76 10000 2 0.95 17.364 18.007 601.352 42.891 0.999999999952543 9.74239512406009e-06 0.949528339043758 0.999999729352222 -0.000735727858788395 0.950273273729653 0.999999999951277 9.87142871952142e-06 0.949558645320054 0.999999729926977 -0.000734946237989282 0.950172064725329 2.91499999999996 2.68899999999996 400.747 272.189

 10178 78 10000 2 0.95 14.297 24.191 577.916 60.0409999999999 0.999999988651113 -0.00015065780380664 0.951167931583594 0.999999644856737 -0.000842784907347293 0.950029980188147 0.999999988888549 -0.000149073474808232 0.951038507331312 0.999999645257426 -0.000842309338403933 0.949933725679244 1.57499999999993 1.6640000000001 381.603 263.627

 10196 96 10000 2 0.95 9.808 24.438 412.408 30.606 0.999999982092435 -0.000189248855302149 0.94946334654671 0.999999749384212 -0.000707977057578602 0.949854346165405 0.99999998201186 -0.000189674141932213 0.949510815750259 0.999999748584902 -0.000709105163404439 0.949794275148869 0.738 0.783999999999992 101.038 34.7670000000001

 10197 97 10000 2 0.95 10.412 3.231 141.829 6.71099999999998 0.999999984016012 0.000178795907490967 0.950232140501885 0.999999376897329 0.00111633550215148 0.949318126052197 0.999999983940581 0.000179217294417846 0.950131883370113 0.999999377873948 0.00111546031631705 0.949405977285257 2.52600000000001 2.07900000000001 361.128 78.864
