
 1570 70 2000 5 0.6 0.0779999999999998 0.600000000000001 2.672 0.276 0.999807137165666 0.010146532141367 0.0133581209839506 0.007406549384117 -0.00703135748614096 0.597951110588179 0.999591798479254 -0.0045792421207191 0.00538594166723619 -0.00289310789016922 -0.0275297750390964 0.600790719047247 0.999807128798564 0.0101460267906818 0.0133590110824594 0.00740637488222214 -0.00703176918970087 0.597915602594821 0.999591797476705 -0.0045794855535229 0.00538569809274956 -0.00289253416605697 -0.0275298788865225 0.600750790807334 0.341000000000001 1.297 50.542 51.014

 1564 64 2000 5 0.6 0.148 0.366 2.665 0.275 0.999712149612489 -0.00234018058980061 -0.00331657108131185 -0.0198868030249123 0.0127928454103713 0.601509067085174 0.999667898056223 0.00926055574798574 -0.00646446100158027 0.0139554380860211 -0.0184876227481375 0.597606971230301 0.999712150037475 -0.00234077004067922 -0.00331697115084676 -0.0198866707971559 0.0127928061837898 0.601467559987521 0.999667883992861 0.00926128435068953 -0.00646416356589358 0.0139558570156601 -0.0184878059748664 0.59757077357931 0.615 1.138 52.406 51.137

 1569 69 2000 5 0.6 0.0880000000000001 0.608 2.783 0.275 0.999741955308003 0.00651263946448451 0.00131801069746869 -0.0216607816574354 -0.00163759272291551 0.597574573683056 0.999681341440841 -0.0012091076590443 -0.00234820955271997 0.010965687599659 0.022583029935593 0.599864327958884 0.999741947091706 0.00651209552588524 0.00131798971829603 -0.0216613301117379 -0.00163753413382982 0.597539199911637 0.999681308928797 -0.00120910677387984 -0.00234789363099489 0.0109658124003294 0.0225844413947727 0.599825110942762 0.782 1.132 53.304 52.137

 1584 84 2000 5 0.6 0.129 0.384 2.718 0.279 0.999708772302125 0.0152464960550979 0.00361151495327532 0.0132170275367456 0.0127350729505387 0.605553211259722 0.99991714373758 0.0055281999259831 0.00892930521692722 -0.00695949039837212 -0.00264152739848751 0.598522701864602 0.999708788670779 0.0152461283530741 0.00361206374842946 0.0132160092289859 0.0127351293744189 0.605504594764018 0.999917133897287 0.00552814159965935 0.00893035401415988 -0.0069595514070126 -0.00264166812506836 0.598485609240088 0.686 1.187 53.141 52.941

 1572 72 2000 5 0.6 0.0790000000000002 0.381 2.707 0.28 0.999847793406752 0.00741389187985748 -0.000475326733549678 -0.00718052190144651 0.0140583923889498 0.602811180078955 0.999960284586622 0.000150936674567469 5.70496900891598e-05 -0.00292831885167606 0.00841594686277798 0.604428619255229 0.999847804136624 0.00741374133610845 -0.000475058073862571 -0.00718053526698992 0.0140577108975584 0.602767870341656 0.999960274258271 0.000151974990662187 5.67893115899661e-05 -0.00292827946693213 0.00841717073977824 0.604380712915666 0.639000000000001 1.308 52.319 54.448

 1574 74 2000 5 0.6 0.137 0.364 2.739 0.279 0.999654904459805 0.0113445284105869 0.0226572876677031 -0.00534652616004923 0.00440858686682119 0.594980195748615 0.999972474725015 -0.000550514060986223 -0.00630880757360745 -0.00372841268374593 0.0010220628434908 0.600102086544212 0.999654911304817 0.0113439142302489 0.0226571518499317 -0.00534702611865588 0.00440870682057961 0.594948378856829 0.999972476425282 -0.000550306319532368 -0.00630883103993678 -0.00372799581807427 0.00102188694723673 0.60006265283659 0.946000000000002 0.965000000000002 52.365 53.709

 1580 80 2000 5 0.6 0.113 0.362 2.772 0.320000000000001 0.99975360720204 0.0014448548272237 -0.0208079371608379 0.00664005836600923 0.00368465154988551 0.592455894105838 0.999841848986209 -0.00842490422191001 -0.000905505409592963 0.0128020844247147 0.00897689807375219 0.606655865781279 0.999753619404954 0.00144405053532183 -0.0208074866867482 0.0066400069227058 0.00368429241417399 0.592427523772263 0.999841858750807 -0.00842501126006035 -0.000906045318763593 0.0128013324281178 0.00897672796430948 0.606604189908641 1.156 1.021 51.633 55.453

 1586 86 2000 5 0.6 0.104 0.367 2.712 0.297 0.999618157419805 -0.013579636291231 -0.00559961915537587 -0.00689621705888449 0.0223655827204062 0.601271764057241 0.99972313661427 -0.0141501016943351 0.00198232843744176 -0.00549528646974932 0.0178688819109102 0.610315742656248 0.999618139539074 -0.0135801422248254 -0.00559926298314475 -0.00689664562861025 0.0223660317158047 0.601230969775763 0.999723147896887 -0.0141491287729709 0.00198265669131553 -0.00549411279420623 0.017869345571504 0.61025698328283 1.029 1.267 52.791 55.378

 1589 89 2000 5 0.6 0.134 0.372 2.726 0.615 0.999935213855064 -0.00587418565338403 -0.000623785697427875 0.00503298500090265 0.00832718373286778 0.600585974329281 0.999939982274615 0.000262028476198483 -0.00260505853601695 0.00947760209016139 -0.00483238226595456 0.58096985467778 0.999935206106038 -0.0058744247183237 -0.000622965929984722 0.00503313888774408 0.00832791392191856 0.600546033711534 0.999939982527809 0.00026206324588721 -0.00260510762316108 0.00947758338045726 -0.00483233822064411 0.580952555281685 1.267 1.043 52.311 52.34

 1576 76 2000 5 0.6 0.121 0.374000000000001 2.851 0.355 0.999650264502176 -0.0084890228564263 0.0172820912644278 -0.0176548810627509 0.00411335238716027 0.593461193398019 0.999681485101632 -0.0141936393168425 0.00866105243341566 -0.0019439184906544 0.0188858756637209 0.591730765899848 0.999650266237249 -0.00848882816986411 0.0172822060386149 -0.0176547538299403 0.00411339637559416 0.593431652976415 0.999681495666828 -0.0141934627868466 0.00866138712701472 -0.00194443476571883 0.0188852424376685 0.591702803810758 1.292 0.897 51.3 52.985

 1581 81 2000 5 0.6 0.0979999999999999 0.366 2.768 0.484 0.999776914291777 -0.00764974247753792 -0.0104663289756289 -0.00746754096916917 0.0149095566295113 0.598146848689788 0.999617316804598 -0.00970105663558571 0.0208836714785038 0.0153216490961593 0.000478308563563377 0.59285503215889 0.999776916640331 -0.00764961050285857 -0.0104663139482407 -0.00746782463773839 0.014909335324694 0.59811051132536 0.999617301736866 -0.00970148831398688 0.0208837632842023 0.0153222134689633 0.000478955427901618 0.5928253884013 1.165 1.004 53.297 53.933

 1577 77 2000 5 0.6 0.118 0.364000000000001 2.719 0.327 0.999971648692761 -0.00150048346553881 -0.00159455460233507 -0.00412643155547795 0.00590595617063129 0.596199302420635 0.999855054897347 0.0120146609818401 -0.00967375996096434 -0.00718030472694371 0.000615394150443203 0.60928382337661 0.999971647642536 -0.00150024281153708 -0.00159469031841645 -0.00412696000477765 0.00590578923482045 0.5961659015752 0.99985504990105 0.0120158596250338 -0.00967240840260308 -0.00718085558448225 0.000614925692833112 0.609226572517768 1.194 1.059 53.153 55.558

 1578 78 2000 5 0.6 0.127 0.371 2.631 0.292 0.999725832342256 -0.00196699546625902 0.00843243569018369 -0.0123535160308733 0.0179074215459564 0.601738296599406 0.999399163079124 -0.028518947845558 -0.0050066443425568 0.0190231210355748 -0.00101824801592832 0.595518805569799 0.999725836284137 -0.00196748888927906 0.00843260293759425 -0.0123541321847024 0.0179066434351358 0.601696621222942 0.999399156063717 -0.0285186996323168 -0.00500747139934081 0.0190236574942522 -0.00101799613872081 0.595485283634902 1.069 1.11 54.082 54.645

 1583 83 2000 5 0.6 0.105 0.364999999999999 2.716 0.275 0.999645874222197 0.00159930365706786 -0.0212538705847893 -0.0157167717665621 0.00261236459077778 0.598584668668087 0.999470761491521 -0.00945593468331788 0.0305270362934306 -0.00580557411297719 -0.00178257880098243 0.607696435555682 0.999645867775997 0.00159921247338974 -0.0212535194362596 -0.015717540686056 0.00261311771517389 0.598548132654735 0.999470767325955 -0.00945652481328159 0.0305267397106962 -0.00580521026349295 -0.00178244095403875 0.607642308648884 0.975 1.265 53.326 55.783

 1561 61 2000 5 0.6 0.156 0.405 2.722 0.277 0.999919974155845 0.00404962523818325 0.0045134864126356 -0.00304002670688757 0.0106785999844944 0.599768440311003 0.999822845019886 0.017181738781479 0.000579946071938798 -0.00687562913413461 -0.00338464405060802 0.600043131923233 0.999919976028007 0.00404923533233066 0.00451335814695485 -0.00304033092615744 0.0106785401376289 0.599729560993454 0.999822850159168 0.0171818837880429 0.000580589110298991 -0.00687469317595231 -0.00338418071513886 0.600002729100025 0.867999999999999 1.296 54.306 55.077

 1573 73 2000 5 0.6 0.132 0.362 2.808 0.486 0.999251711876637 0.00489292109332819 0.032052077998668 0.00974267796559876 0.0187034798048748 0.594008182811196 0.999906712018829 0.00010799061424199 -0.0065070549235941 -0.00276824632394073 -0.0116854887031936 0.610064336684431 0.999251715762809 0.00489326637689582 0.0320520643758741 0.00974208274779587 0.0187035152371458 0.593977926019881 0.999906703335271 0.000109236995911372 -0.00650828780348263 -0.0027682248836522 -0.0116855386409667 0.610006322107794 1.133 0.962999999999999 52.765 55.12

 1567 67 2000 5 0.6 0.143 0.396999999999999 2.792 0.278 0.999671555387707 0.0104636861747563 0.00382974550046634 -0.0124421992551273 0.0194375242110777 0.602279541231206 0.999771118784019 -0.00345087856409344 -0.00390712812919838 0.00294189887350105 -0.0205397435058876 0.602730144552084 0.999671538809418 0.0104632679411509 0.00382978221978393 -0.0124434599874526 0.0194377876850927 0.602237199785009 0.999771134577215 -0.00345041784459015 -0.00390619720688887 0.00294143958216556 -0.020539295008631 0.602685548499304 1.087 1.012 53.374 55.647

 1587 87 2000 5 0.6 0.108 0.37 2.729 0.29 0.999922604913245 -0.00111939545482761 -0.00315925463814008 -0.00729595672141892 0.00950364472067934 0.604145085875242 0.999607770219103 -0.0220614578420144 -0.0171288325777141 0.00187129440436238 -0.000836150258586535 0.606988855324451 0.999922597470348 -0.00111971816914529 -0.00316003070661253 -0.0072958007155576 0.00950425153429857 0.604099433768633 0.999607762496522 -0.0220620378396646 -0.0171284524303282 0.00187184683872235 -0.000836630032665228 0.606937397148148 1.034 1.002 53.305 55.024

 1591 91 2000 5 0.6 0.089 0.362 2.793 0.478 0.999717224053162 -0.00152031266989 -0.0157023010267363 0.0051958573776289 0.0170176787313062 0.593301569084389 0.999746875546213 -0.006782404639364 0.0183547025807486 0.00639074176342225 -0.00908004051632159 0.599317249014401 0.999717236694316 -0.00152072514756859 -0.0157016302904126 0.0051958879469409 0.0170175088062828 0.593272269289056 0.999746902107756 -0.0067821458547078 0.0183537245058289 0.0063908353768069 -0.00907922042361262 0.599278943637825 1.076 0.963999999999999 50.106 53.346

 1566 66 2000 5 0.6 0.155 0.389 2.899 0.274 0.999538104248625 0.0155253456899369 -0.0176348270628694 -0.0136443564849043 0.0136156603530375 0.602011015545928 0.999830496621632 0.00831258399649416 0.0104417057778069 0.0103333635955661 0.00735332237108446 0.609494425278906 0.999538124612775 0.0155251873394635 -0.0176337342391291 -0.0136451477412586 0.0136149683640842 0.601968333254407 0.999830481163807 0.00831296335089897 0.0104416346218904 0.0103347840283142 0.00735310013447959 0.609437318693743 1.12 1.165 55.07 55.271

 1579 79 2000 5 0.6 0.132 0.368 2.729 0.423999999999999 0.999896240411071 0.00489329084799509 -0.00370046141171499 -0.0128416466623705 0.00222773715298192 0.598065951236768 0.999602936787849 -0.0188946283843572 0.0104222298747011 -0.0165164472352252 -0.0074529107393468 0.591214736344371 0.999896240553532 0.00489281831156368 -0.00370070981433862 -0.0128416922542314 0.00222803563720584 0.598030037646814 0.999602922208708 -0.0188949152720502 0.0104224030708683 -0.0165170918859817 -0.00745246794906458 0.591187191263648 1.186 1.003 52.686 54.545

 1585 85 2000 5 0.6 0.116 0.366 2.699 0.272000000000001 0.999932176561548 -0.00687631758763085 -0.007703919148887 -0.00507341037217836 -0.00180794642143768 0.598883985878107 0.999742428789239 0.000608076694256835 0.0101376443087439 0.0188572467333307 0.00750591332447131 0.599729628576466 0.999932169399112 -0.00687654553979572 -0.00770461882180145 -0.00507372947525033 -0.00180716359199975 0.59884700004562 0.999742432198819 0.000607698213518844 0.0101379755078804 0.0188568016900173 0.00750616058289717 0.599690390480663 1.186 0.995000000000001 53.082 54.879

 1565 65 2000 5 0.6 0.153 0.398 2.762 0.278 0.999680677071096 0.0178835058362454 -0.0152475984542285 -0.0089080424141937 -0.00262328637520038 0.601200905688236 0.999692502128995 -0.0138516823248202 0.000697009756312039 0.0151899641722258 0.0138495938456143 0.598235998909433 0.999680668142542 0.0178839273809846 -0.0152474345084341 -0.00890865601276569 -0.00262268421084688 0.601160294634135 0.999692505456283 -0.0138511310469356 0.00069741115039095 0.0151906207285786 0.0138491646978751 0.598198622674879 0.787999999999998 1.108 53.683 54.388

 1571 71 2000 5 0.6 0.0920000000000001 0.366000000000001 2.739 0.27 0.999818147757004 0.00890697401973573 -0.00260130271398184 -0.0110430224402681 0.0124748590829446 0.601543215403887 0.999768989395282 -0.0205439757638723 -0.00359881349857418 -0.00415785356429536 0.00311025698142321 0.602697135627268 0.999818144693311 0.00890777984007592 -0.00260140267726976 -0.0110428004570177 0.0124747049072549 0.601501390998821 0.999769008074262 -0.0205431153776745 -0.00359853002408941 -0.00415767348780316 0.00311050439963255 0.602652647149744 0.984999999999999 1.079 54.252 55.165

 1588 88 2000 5 0.6 0.113 0.366 2.701 0.477 0.999776293748308 -0.0125704115564256 0.0094088185950756 -0.00579601182073781 0.0129316507769806 0.593412137328426 0.999926285703518 -0.00963597777828354 -0.00431620467454113 -0.00515328642834976 -0.00306351230086876 0.605534950135238 0.999776290410649 -0.0125702497254574 0.00940875502414484 -0.00579640600367831 0.0129319356980227 0.593382170050274 0.999926292772277 -0.00963533321492507 -0.00431583612413937 -0.00515342409986739 -0.00306352005434697 0.605485605525289 1.259 0.968 51.938 54.644

 1592 92 2000 5 0.6 0.124 0.363 2.779 0.281 0.999640690566949 0.0226163177378402 0.00194870961033605 0.00226076132941449 0.0140742113057798 0.595504052060752 0.99979797827721 0.0140924619955892 -0.0076397891383246 -0.0117157231500241 0.00312739519420214 0.602607686859404 0.999640694139178 0.0226165730042293 0.00194825152739576 0.00225990055813808 0.0140737490364107 0.595471857229537 0.999797978588928 0.0140928899053688 -0.00763944278056962 -0.0117154414541357 0.0031272686397084 0.602563787738349 1.161 0.971 52.737 54.7

 1563 63 2000 5 0.6 0.16 0.392 2.782 0.276 0.999976887981856 0.00626196684371363 0.000402550736505413 0.000446490091234385 0.00257873474263535 0.593613054773574 0.99959327383719 0.0047633133343928 -0.00768703660925104 -0.0152158783849849 -0.0223603277853671 0.600565827020679 0.999976889551329 0.00626172217311631 0.000402732105704 0.000446173369692365 0.00257874675985315 0.593582868899 0.999593258351949 0.00476376505913915 -0.0076877846812463 -0.0152155466845714 -0.0223608923252133 0.600524957619795 1.066 1.082 52.34 54.331

 1575 75 2000 5 0.6 0.137 0.387 2.851 0.269 0.999855501350869 0.00793206908978114 0.0093969369323787 -0.00858475914012208 0.00800363574585306 0.604162785435389 0.999790711591142 0.0117762228448968 -0.00164769777222398 -0.0140831864811923 0.00887707959710023 0.607238529543878 0.999855500765345 0.00793144329859752 0.00939682988845122 -0.00858597051895288 0.00800315530127971 0.604116760217697 0.999790718300266 0.0117747486557452 -0.00164802363121546 -0.0140832238363396 0.00887815967520055 0.607186937135147 1.183 1.039 52.828 53.277

 1590 90 2000 5 0.6 0.172 0.369 2.813 0.592 0.999891200284542 0.00726650779085956 -0.0119398604816686 -0.00371581235738845 0.00290136662040683 0.591535727451682 0.999567417391334 -0.0200682568029662 -0.014407317640085 -0.0154304874038243 0.00407092316403983 0.599272625809876 0.999891209543246 0.00726627599410416 -0.0119392196817301 -0.00371557390858951 0.00290169868223279 0.591508374337994 0.999567400394278 -0.0200692497620615 -0.0144076736708089 -0.0154301108982003 0.00407036854326444 0.599233953834373 1.098 1.091 50.875 52.003

 1568 68 2000 5 0.6 0.153 0.363 2.714 0.272 0.999242472684236 0.0142365410678308 0.0234214753528611 -0.0270113997065336 -0.00579831531631623 0.600928411102062 0.999896909667441 -0.00980142644242919 0.00842429251836917 0.00530834640033762 0.00330980834100227 0.602593831236868 0.999242467086395 0.0142372611101395 0.0234205628170627 -0.027011822023861 -0.005799230591991 0.600887666701595 0.999896906713435 -0.00980094846369166 0.00842448975513201 0.00530886126621741 0.00331078820500761 0.602549648613809 0.91 0.982000000000001 53.076 52.547

 1582 82 2000 5 0.6 0.129 0.362 2.76 0.272000000000001 0.999712469399556 -0.00334392285872727 0.00205054082137355 -0.0231002075042435 -0.00509631264327386 0.606859148321255 0.999926980216535 0.00813504881767166 -0.00834694759037975 0.00103520721865894 0.0030186135416316 0.614653080165543 0.999712498232044 -0.00334212367029195 0.00204979187741218 -0.0230991638423793 -0.00509686875059388 0.606808112795788 0.999926983879019 0.00813484651582167 -0.00834630357285918 0.0010348411495451 0.00301985152565321 0.614584042613141 1.159 1.036 54.087 52.657

 1562 62 2000 5 0.6 0.106 0.367 2.773 0.316 0.999977802214697 0.000833014128875374 0.000964686776891209 0.00189011836016711 0.00626083040280202 0.6032676023807 0.999714581097413 0.0151846422961843 0.0071262562556937 -0.00564078457652342 0.0160493302258967 0.614295542088536 0.999977801972196 0.000833197374023323 0.000964133836746516 0.00188981754278083 0.00626102073080567 0.60322345416505 0.999714580775683 0.0151837147657562 0.00712652200872993 -0.00564068418161891 0.0160501450596003 0.614227439452951 1.284 1.024 53.036 52.869

 1593 93 2000 5 0.6 0.0269999999999992 0.473000000000001 2.969 0.273 0.999933140844832 0.00676249711937969 -0.002997649118823 0.00189198117757032 0.00868429501360334 0.600250757248218 0.999614488128739 -0.0131407316628875 0.0193997390078766 -0.00420720035491833 0.0142879629788127 0.59537503140572 0.999933139420896 0.00676245041455219 -0.00299766226877999 0.00189114969932727 0.00868467189934727 0.600211191254684 0.999614486139824 -0.0131406384196139 0.0194000589144475 -0.00420708282955405 0.0142877881255709 0.595342926303978 0.109999999999999 0.438000000000002 15.859 22.809

 1594 94 2000 5 0.6 0.0169999999999995 0.569000000000001 3.063 0.274999999999999 0.99997581272607 -0.00628634084069732 -0.00284103693308807 0.000332612940904192 0.000820828512133658 0.609830960212721 0.999840036196158 0.00876164458258922 0.00317410579370356 0.0140321792667452 0.00601320221756544 0.600279285686081 0.999975813105786 -0.00628632675613863 -0.00284086428234349 0.00033208392243911 0.000821285415705337 0.609774073733287 0.999840033260584 0.00876186129322616 0.00317417521469341 0.0140318265627885 0.0060141608867483 0.600240172576868 0.211 0.523999999999999 16.026 25.949

 1596 96 2000 5 0.6 0.0220000000000002 0.994 2.771 0.266999999999999 0.999638283472171 0.0194049413283442 -0.0160023117497711 -0.0015746880129977 -0.00939131754225408 0.600983596164701 0.999457867766783 0.00134181689513633 0.00236998661191838 -0.00947990929971885 0.0314115356139047 0.592146032676171 0.99963832624255 0.0194035827759661 -0.0160012804341735 -0.00157489855496509 -0.00939129391819543 0.60094293722667 0.999457855677606 0.00134209203016572 0.00236980326931586 -0.00948037458620477 0.031411781921335 0.592117375613387 0.202 0.57 15.95 26.964

 1598 98 2000 5 0.6 0.0789999999999997 0.507 2.82 0.269 0.999770300735092 0.0166759229322365 -0.00707372105947233 0.00490212039893452 0.01035331098675 0.59968971103786 0.999946108979375 0.0021427568835894 -0.00793060227741456 -0.00113286846471065 -0.00624578950205096 0.604949992349966 0.999770283718504 0.0166771590703167 -0.00707319211701302 0.00490221095401257 0.0103532815959253 0.599650499034772 0.999946099524408 0.00214387495744263 -0.00793116358514968 -0.00113261989953572 -0.00624625187122769 0.604901423797815 0.295999999999999 0.540000000000001 15.853 27.899

 1597 97 2000 5 0.6 0.0499999999999998 1.169 2.793 0.354000000000001 0.999688774352059 0.00913508666681438 -0.00750463299586698 -0.0160284451930439 0.0150224516760043 0.604310405877388 0.999659922943753 -0.00862576007416273 0.0211161892140412 0.0126094377148463 0.000862181433809445 0.594311417654987 0.999688779870869 0.00913526845434434 -0.00750555843593916 -0.0160282694327553 0.015021699042272 0.604264377664387 0.999659933257314 -0.00862509608689016 0.021115942953561 0.0126094521926416 0.000862685376423743 0.594280680732837 0.440000000000001 0.292 15.727 29.3

 1600 100 2000 5 0.6 0.0369999999999999 0.553999999999999 2.718 0.324 0.999918045882423 0.00367645512025644 0.00415434564647049 -0.0113143902703434 0.00226079222511441 0.596943624809004 0.999731361252302 0.014115946688717 0.0161742568679307 -0.00871994505525396 0.000548954190646238 0.605597762753123 0.999918036476589 0.00367668897931416 0.00415477145926897 -0.0113150837695386 0.00226031864164792 0.596909075879371 0.999731341106615 0.0141161684937755 0.0161752772983926 -0.00871998397732967 0.000549254020967884 0.605548456885384 0.496 0.444000000000001 15.243 30.113

 1599 99 2000 5 0.6 0.0899999999999999 0.886 2.803 0.266999999999999 0.99956823308191 0.0238866210286215 0.0108336017628144 -0.0106443060241755 0.00788089915255467 0.601369623397166 0.999859906835792 -0.011327944963483 0.0078421946114761 -0.0041560566552307 0.00854818939779632 0.608167898248293 0.999568220942123 0.02388687916054 0.0108331399268708 -0.0106454354128534 0.0078807658742154 0.601328277350871 0.999859915873916 -0.0113274419971874 0.00784262861181132 -0.00415651790900349 0.00854717624343185 0.608113860837352 0.308999999999999 0.498999999999999 15.979 30.561

 1595 95 2000 5 0.6 0.0310000000000006 0.754 2.859 0.314 0.999672054498162 -0.00160743278791139 0.0216434774371826 -0.00772412906349268 -0.0111846917656396 0.609160870475977 0.999339289603149 -0.0201454346247135 -0.0232794764132479 0.00788909777635039 -0.0176344501886533 0.599317720531183 0.999672074207438 -0.00160726831336454 0.021642786965696 -0.00772522849661051 -0.0111835305427104 0.609103978243694 0.999339268356434 -0.0201451395410579 -0.0232802869513149 0.00788920195458762 -0.0176348746999508 0.599279102085392 0.289 0.558999999999999 16.408 31.262

 1560 60 2000 5 0.6 0.217000000000002 0.803000000000001 18.503 2.959 0.999939401253115 -0.00654213854590134 0.000694057393939472 0.00611798379546072 0.00636260979640547 0.602132192162572 0.999940824614224 0.00116784515170009 -0.00816397106294696 -0.000784290488852278 0.00705109015974284 0.607253929369133 0.99993940871367 -0.00654094081078743 0.000694599621330382 0.00611741090937521 0.00636316036239107 0.602089671829846 0.999940827687739 0.00116790648931291 -0.00816302852879396 -0.000783744631534973 0.00705179602529719 0.607201865256535 1.309 1.534 59.292 6.94000000000001

 1603 3 5000 5 0.6 0.242 0.712 20.567 4.699 0.999952088562358 -0.00749496599064662 0.00167485053184188 0.00521985350769101 -0.0030974295201097 0.602277000498135 0.999950514886644 0.00354794793515643 4.12118700600441e-05 0.0040067149637823 -0.00838596328194284 0.599947757790773 0.999952090203979 -0.00749479982638523 0.00167457120634762 0.0052198623068152 -0.00309743781683757 0.602233526368346 0.999950509516981 0.00354782201691423 4.0935762756947e-05 0.00400761725466704 -0.00838622703425572 0.599908602763299 0.518000000000001 0.633000000000003 48.313 42.499

 1616 16 5000 5 0.6 0.289 0.696000000000001 20.807 5.267 0.999840067292214 0.0117084339269896 -0.007141208570568 0.0111676109014608 0.00265330340946652 0.596708624847003 0.999862059416213 0.00621817904135725 -0.00186818412952113 0.00156924200376282 0.0152067010548506 0.602228737852492 0.999840062241374 0.0117085604851283 -0.00714149847727124 0.0111677715885631 0.00265319162087261 0.596673698775369 0.999862056714853 0.00621786829944698 -0.00186848558662419 0.00156960580947641 0.0152069311489878 0.602185802169888 0.506999999999998 0.748000000000005 47.917 42.938

 1617 17 5000 5 0.6 0.213 0.632 21.666 5.286 0.999951407203685 -0.00560517998099023 0.0039793316570256 -0.00702613232230595 0.000750714928309272 0.59946626072328 0.999956159427032 -0.00447519980872548 -0.00400922698700801 0.00716376462481189 -0.000508316809588464 0.594894088009901 0.99995141333055 -0.00560497012283102 0.00397903360498621 -0.00702561119676561 0.000750577804676315 0.59942748169076 0.999956161936281 -0.0044753658303696 -0.00400936591169203 0.00716324631722661 -0.000508127475042794 0.594862142531667 0.773000000000003 0.957000000000001 47.808 42.101

 1602 2 5000 5 0.6 0.212000000000001 0.731 21.518 5.185 0.999885175141182 0.0125565590982535 -0.00609404206166238 -0.00394478466249868 -0.00438983847281499 0.5949260610444 0.999955721985566 0.0037241218235829 -0.00681909847954648 -0.000219094300290376 0.00530442066415591 0.602819476300101 0.999885168706174 0.0125569444756164 -0.00609429598181218 -0.00394493058152837 -0.00438971822051225 0.594893896399164 0.999955729424252 0.00372317227332406 -0.00681878175459528 -0.000218776963777896 0.00530410518921054 0.602775427874438 0.688000000000002 0.851999999999997 47.532 43.571

 1608 8 5000 5 0.6 0.284 0.691 21.496 5.644 0.999923724783617 0.00908589195969467 0.000510117906666648 -0.00765369860808929 0.00333943999686236 0.600028286157486 0.99994621726573 0.00111244634682113 0.00240932115093457 -0.00999835657858905 0.000743691066812825 0.603178416790842 0.999923724361441 0.00908611965697294 0.000509272733668768 -0.00765344407133428 0.00333965924223713 0.599988643105614 0.999946213256311 0.00111255159424383 0.00240948737662345 -0.00999870558068403 0.000743693893664602 0.603134196756265 0.768000000000001 0.911000000000001 46.835 43.192

 1604 4 5000 5 0.6 0.239 0.653 21.981 5.234 0.99994666938025 0.00928137185254412 0.00172923739841448 0.00292107191651652 0.00299860113344198 0.590781190913445 0.999927512816128 0.00654902971328409 0.000675086950456522 -0.00187284657544059 -0.00990535342536554 0.598587191341772 0.999946670078086 0.00928119960155974 0.00172933927488793 0.00292106929507059 0.00299884536936214 0.590754086874867 0.99992751909859 0.00654871523259788 0.000675039617201437 -0.00187305993515697 -0.00990489001131119 0.598549546641438 0.761000000000003 1.047 46.215 43.092

 1609 9 5000 5 0.6 0.258 0.696000000000001 21.338 5.288 0.999877868473178 -0.0029684342760539 0.00559034739801381 -0.00566441507864119 0.0131186490641664 0.596062743951053 0.999973939486116 -0.00350484967098572 0.00469109708551778 -0.00316742375611937 0.00279238469504666 0.60895843533601 0.999877873777321 -0.00296783462992398 0.00559007810289598 -0.0056643360375335 0.0131185293463638 0.596028873172846 0.999973938936143 -0.00350504743854498 0.00469082830676597 -0.00316791542491826 0.00279222718372893 0.608903371094942 0.601999999999997 0.781999999999996 47.472 43.578

 1619 19 5000 5 0.6 0.225 0.579 21.766 5.697 0.999967487426131 0.00759818866183009 0.00181260581082413 -0.00199747648372288 0.000127151882106147 0.592028839587417 0.99992106288048 0.00501178458999296 0.00641440901310027 0.00897582433274371 0.00332264318816256 0.597528088961482 0.999967490336828 0.00759777573023926 0.00181256277974843 -0.00199760268170393 0.000127566114636986 0.592000370150057 0.999921057367682 0.00501223247705671 0.00641455461089922 0.00897597648622192 0.00332293447969932 0.597492030603446 0.782999999999994 0.818999999999996 46.434 43.487

 1611 11 5000 5 0.6 0.283 0.662999999999999 21.762 4.973 0.999934574798613 0.0108667815230362 -0.00280663627376547 0.000630122869843215 -0.00211776288667338 0.604274916964905 0.999954135527476 -0.00608794376144312 0.00164428123250847 -0.00682080527511944 0.0023316811280329 0.603091493998596 0.999934578905295 0.0108663631658738 -0.00280670115235698 0.000630341681338462 -0.00211781940777226 0.604227960742615 0.999954128363969 -0.0060886467883083 0.00164401620334634 -0.00682125617893576 0.00233178536903333 0.60304665473421 0.653999999999996 0.815999999999995 47.567 43.856

 1613 13 5000 5 0.6 0.267 0.685 21.484 5.883 0.999865844499679 0.0122623874922982 -0.00857226682122816 0.00375071477139195 0.00551137334812191 0.595567938195017 0.999979116053415 -0.00373706950845269 0.000277085759450568 -0.00407681703994765 0.00333234974514114 0.597721854852827 0.999865838508799 0.0122625753146305 -0.00857226589269532 0.00375083123235314 0.00551196446656804 0.595535077519633 0.999979116986654 -0.00373707934998738 0.000276880885357225 -0.00407657581673496 0.00333237079413607 0.597685653470507 0.906999999999996 0.888999999999996 46.33 43.36

 1620 20 5000 5 0.6 0.106 0.578 22.045 5.327 0.999906513549555 0.00937519496218042 -0.00823374420218375 -0.00157942471600844 -0.00536476975973559 0.593076048540168 0.999847143408286 -0.00415326944029384 -6.46335710519236e-05 0.0141004417812474 -0.00946644259059544 0.598380463995583 0.999906514187264 0.0093753648617182 -0.00823360467961376 -0.00157954924044698 -0.00536453145783165 0.593046574349064 0.999847136725549 -0.00415348531845428 -6.47242361210504e-05 0.0141005386026653 -0.00946690885765439 0.598343300299247 0.606999999999999 0.896999999999998 45.604 43.457

 1606 6 5000 5 0.6 0.111 0.727 22.02 5.315 0.999872187870169 0.00322491547229321 -0.00606502797662328 -0.0142992657811368 -0.00198853656786798 0.595227802398679 0.999818652653692 -0.0144921536008952 0.0083713591989214 -0.00421682426662238 -0.00804847985839827 0.603066269857248 0.999872189049739 0.00322544417222084 -0.00606444199740992 -0.014299277428077 -0.00198878934764427 0.595195258806615 0.999818654841877 -0.0144919963788209 0.00837160821900243 -0.00421678442051441 -0.00804825298527375 0.603021617620502 0.823 1.005 47.016 43.651

 1605 5 5000 5 0.6 0.302 0.667 21.073 6.404 0.999986236752077 0.00259498211552167 -0.000230508571778689 -0.00292756028367163 -0.00348835646442683 0.596642986772657 0.99995573263436 -0.00301610115905153 -0.000968086201719712 -0.00807599416462421 0.00364376629854015 0.598579554234505 0.999986236885689 0.00259518406042498 -0.00023081498833495 -0.0029275668929069 -0.0034881421156501 0.596608313556284 0.999955736894322 -0.00301547880625346 -0.000968223171102139 -0.00807576047854587 0.00364359386975185 0.598541956499916 0.844999999999999 1.116 47.522 43.09

 1610 10 5000 5 0.6 0.147 0.698 23.001 4.71 0.999959766729971 0.000212508587859833 0.00401989539896687 0.00654997293582343 0.00462147778999237 0.593394664733829 0.999936804342291 -0.0021865042039732 0.0101040592571366 -0.00235349504954348 0.00373839118782457 0.60557757850808 0.999959765655218 0.000212651651225085 0.00401993679092873 0.00654990990886137 0.00462175707047505 0.593364632448404 0.999936807886975 -0.0021862125743916 0.0101036469441947 -0.00235389547718513 0.00373847587861452 0.605528229518179 0.639000000000003 0.862000000000002 46.655 44.499

 1607 7 5000 5 0.6 0.204 0.718 22.995 5.999 0.999788629846469 0.010859844509419 -0.00877971064344109 0.0140274779693903 0.00555931198870479 0.597656060961327 0.999943567833299 -0.00428433405748419 0.00618802602628074 -0.00217635742872705 0.00717477753914662 0.59605128401134 0.999788624099841 0.0108601212489688 -0.00877981221782442 0.0140274076532854 0.005559821845476 0.597620247140837 0.999943567643761 -0.00428433347132318 0.006188098146643 -0.00217643578493447 0.00717471833416302 0.596017487927896 0.908000000000001 1.087 45.595 41.548

 1612 12 5000 5 0.6 0.244 0.642 23.299 5.058 0.999880769032496 0.000286358752018209 0.0151074081427062 -0.00293573308965656 -0.00123020652145119 0.600806365162686 0.999979956670596 -0.00396368776657469 -0.000389107437414994 0.00329102454748649 0.00365967063974029 0.598011621683921 0.999880772057027 0.000286637338825997 0.0151071857092765 -0.00293597371999894 -0.00122984061582323 0.600765163758525 0.999979958260681 -0.00396368895007131 -0.000389301951659588 0.00329090449553773 0.00365932213200555 0.597975185197107 0.783999999999999 1.163 47.492 41.722

 1601 1 5000 5 0.6 0.294 0.558000000000001 23.271 5.914 0.999940880757212 0.00193909826394952 -0.00577820238290752 0.00331566758216848 0.00837219290995399 0.596651143483926 0.999762858206469 -0.0145151896827531 0.011419872905172 0.00520800144248221 0.0102956225217197 0.595857870573661 0.999940883405203 0.00193935961069321 -0.00577815222411089 0.00331570720085554 0.0083718350292004 0.596616665354445 0.999762861746415 -0.0145153529976696 0.0114193854000883 0.00520779547016836 0.0102956934393482 0.595824171453495 0.913000000000004 1.201 45.435 42.441

 1618 18 5000 5 0.6 0.119000000000001 0.536 23.186 5.819 0.999986563051577 0.00446511721795225 -0.0025423474538537 -0.000463187274263404 0.000508302564010135 0.60186945545604 0.999880342629381 0.00304927848645083 0.00677734461161028 -0.0127402569890973 -0.00466430873022069 0.5983579089891 0.999986563211963 0.00446536812569808 -0.00254181691865983 -0.000463278279107219 0.000508353240847847 0.601826679243588 0.999880347068138 0.00304944796154481 0.0067777157506606 -0.0127396809003915 -0.00466428062935331 0.598319976390978 0.881 1.114 45.859 42.582

 1624 24 5000 5 0.6 0.0419999999999998 0.536 24.363 6.00700000000001 0.999946899485353 0.00983857974494712 -0.000840235931826641 -0.00292750600487012 0.000352520072430495 0.597965654137813 0.999978210126496 0.0038585604204716 -0.00206296234350576 -0.00171700967322576 0.00463539079716939 0.594965183536711 0.999946901775593 0.00983823495545324 -0.000839502600146216 -0.00292806203104554 0.000352775396662856 0.597929137953565 0.999978207744941 0.00385868806048702 -0.0020627661500665 -0.0017166954626398 0.00463600195918737 0.594932850769703 0.701000000000001 1.281 45.66 39.585

 1622 22 5000 5 0.6 0.1 0.528 23.768 6.535 0.999886152021233 0.00874666586002089 -0.0100329927398946 0.000308727083001502 -0.00710088563315367 0.600112724861894 0.999845951446279 0.00893144309421172 -0.0101377775023627 0.0104747033285646 0.00397602291625866 0.595663699473777 0.999886159722389 0.00874657261132946 -0.0100326728422036 0.000308196900478127 -0.00710039107940814 0.600072838449104 0.999845952427564 0.00893119276754768 -0.0101379472335811 0.010474628491329 0.00397610284375921 0.595630458072662 1.069 1.451 44.6 38.497

 1623 23 5000 5 0.6 0.131 0.548 24.494 6.716 0.999949881183268 0.00748094946692966 -0.00178257918478533 0.00565014022781709 -0.00302800982468101 0.597635518856939 0.999938217255957 -0.00688928701028679 0.00219403200998763 0.00790243347749122 -0.00297273680999403 0.603445234256331 0.999949883204939 0.00748103426824617 -0.00178260521227042 0.00564991141656197 -0.00302754427693384 0.597599493539318 0.999938221385827 -0.0068891688977997 0.00219468585895862 0.00790188522382094 -0.00297259609379376 0.603399675096069 0.954000000000001 1.434 43.956 40.865

 1621 21 5000 5 0.6 0.093 0.55 23.402 6.556 0.99988074798726 0.0130060748710233 0.00275036926294639 -0.00602971972761343 0.00504081043193338 0.596118714510638 0.99984400163171 0.00438044962079476 -0.0146338267423063 -0.00715358837168033 0.00524035785923034 0.603142160622503 0.999880753888252 0.0130054597960562 0.00275003665902591 -0.00602993216830018 0.00504115421040997 0.596084912089826 0.999844005637388 0.00438049392436458 -0.0146336475369578 -0.00715315142810316 0.00524065342984958 0.603097441762782 0.769999999999996 1.272 44.238 40.258

 1614 14 5000 5 0.6 0.26 0.569 23.395 6.532 0.999926564116694 0.00447706318342838 0.0011781550854803 0.00972547783995674 -0.00555421555344249 0.596659013659683 0.999952176512991 0.000390190209229675 0.00697805173057017 5.32183852704493e-05 -0.00684078945607054 0.603199279642427 0.999926563383604 0.00447666927728596 0.00117812193900893 0.00972565305847637 -0.00555436524912006 0.59662446758734 0.999952168442375 0.000390107390670933 0.00697877821831819 5.30498152659398e-05 -0.00684123409276727 0.60315407386688 0.770000000000003 1.112 45.582 40.749

 1615 15 5000 5 0.6 0.285 0.62 24.982 6.305 0.999924942249334 0.0103337059840411 -0.0011332662344062 -0.00616222206801449 0.00201670898429756 0.599823004229547 0.999912348584529 -0.0102600473594266 -0.0059680345751476 0.00135369968035151 0.00570759466319843 0.602900304244035 0.999924944164753 0.0103336043865037 -0.00113345453003393 -0.00616211907099961 0.00201648875072716 0.599783868723452 0.999912350037163 -0.0102600411174268 -0.00596824110254699 0.00135339935347184 0.00570720665118286 0.602855705420306 0.944000000000003 1.389 43.827 39.984

 1627 27 5000 5 0.6 0.506 7.737 36.848 0.935000000000002 0.999956377639181 -0.00652170006411002 -0.00508982648182644 0.00378100508298743 0.00212318485982743 0.598120809495009 0.999977657609882 -0.0047611754726952 0.00190212856340414 0.00220531783364847 -0.00367885435325534 0.594635546431983 0.99995637740601 -0.00652176698298331 -0.00509002726354061 0.00378036830982033 0.00212374159641963 0.598084079782257 0.999977659794604 -0.00476131829070101 0.00190229390827064 0.00220495116130546 -0.00367820990493163 0.59460374039352 0.328000000000003 0.533000000000001 16.897 28.94

 1626 26 5000 5 0.6 0.444000000000003 8.03 37.16 0.917000000000002 0.999933619998755 0.0064204742036211 -0.00864308895560651 -0.00406427387672339 -0.00055838906303751 0.60068449035744 0.999858999947373 0.00438675484364604 -0.0121816412237814 -0.0106924620689361 0.000124411331881093 0.592377215871681 0.999933622544464 0.00642039403706664 -0.00864293262044727 -0.00406420022424978 -0.000557707601752985 0.600643970945256 0.999859004961105 0.00438671938686324 -0.0121811517460995 -0.0106925673041234 0.000124248924404402 0.59234852844156 0.331000000000003 0.617000000000004 16.982 29.721

 1628 28 5000 5 0.6 0.463000000000001 7.359 40.824 0.924000000000007 0.999911900077721 -0.000739618547159128 -0.0122520083085886 -0.00499997191412046 -0.000730493416197806 0.602885590350747 0.999874295044223 0.00605630431473207 0.00738854389080304 -0.00622706135795418 -0.011015825610625 0.605098027758469 0.999911899603357 -0.000739595699277844 -0.0122519483262659 -0.00500020367873304 -0.000730585511689119 0.602841148462431 0.999874282563293 0.00605682296168286 0.00738911485934886 -0.00622655377113132 -0.0110165772307686 0.605050209445067 0.238 0.629000000000005 17.298 30.899

 1625 25 5000 5 0.6 0.455999999999996 6.88 38.411 0.924999999999997 0.999907609534159 8.56496533975799e-05 -0.000435608150628262 -0.0134364097022418 -0.00200952722607747 0.599937877633953 0.999926986656598 0.0106231280358512 0.00133020203099602 0.001171666348787 0.00547980539008896 0.60207071857537 0.999907602162719 8.55957281581071e-05 -0.000435535008423276 -0.0134368770290602 -0.00201008843980813 0.599898254332955 0.999926988399507 0.0106228948930443 0.00132991437323523 0.00117265721732436 0.00547979718543523 0.602028048430274 0.322999999999993 0.614000000000004 16.937 31.919

 1632 32 5000 5 0.6 0.721000000000004 9.384 28.261 0.977000000000004 0.999931785411096 0.00434366185990248 -0.000483858928947455 -0.0106557490934931 -0.00194371243190964 0.596001199509329 0.999995946834335 -0.000369310019979427 -0.00195828269253228 0.00202842195488491 0.000143381590959767 0.600473748041716 0.999931782219481 0.00434354166184799 -0.000483664780708113 -0.0106560370385093 -0.00194409264630743 0.59596764640343 0.999995945365257 -0.000369771767534832 -0.00195842738314346 0.00202892868611379 0.000143291515157252 0.600433863286131 0.489999999999995 0.450999999999993 16.795 32.787

 1631 31 5000 5 0.6 0.615000000000002 7.921 30.463 1.116 0.999943284208868 0.00829260577800935 0.00600671366215158 0.000395417623347516 -0.00290242844475331 0.60277932206132 0.99994114392589 -0.00534214239279263 -0.00375913330087499 -0.00839420336541841 -0.00213926752031013 0.596489371496365 0.999943286595916 0.00829273947391476 0.00600604930089602 0.000395451714096896 -0.00290259427292148 0.602734972739846 0.999941144600689 -0.00534216121349728 -0.0037590450306793 -0.00839418107609119 -0.00213914766962988 0.596455270121636 0.454999999999998 0.448999999999998 16.82 33.78

 1630 30 5000 5 0.6 0.465000000000003 8.797 33.767 1.24299999999999 0.999967542156861 0.00490803059509684 -0.00020942288909173 -0.00311153651068027 0.00557676887101989 0.600104190916917 0.999761008312155 0.0147716946076601 -0.0140549026770896 0.00480632482718788 -0.00625157975836323 0.592242081359554 0.99996754099812 0.00490821605231043 -0.000209574651899028 -0.00311122262681114 0.00557698283916803 0.600064405135992 0.99976100575735 0.0147717218482761 -0.014054974083063 0.00480620712199015 -0.0062518539102362 0.592213293947235 0.61099999999999 0.422000000000011 16.695 34.461

 1629 29 5000 5 0.6 0.504999999999995 8.652 35.909 1.39 0.999795895787943 0.0130264327468396 0.00681661329399852 0.00219881808854635 0.0136812937140756 0.603441366587602 0.999916576985119 0.0019921101173869 0.0118882691144563 -0.00264734595126844 0.00381197908180764 0.599825699456294 0.999795890476845 0.013026881251783 0.00681573576106913 0.00219850268111412 0.0136817426689959 0.603395840815857 0.999916572038602 0.00199257165605173 0.0118884165612926 -0.00264716919360304 0.00381269821684564 0.599786448242627 0.445999999999998 0.447999999999993 16.857 35.355

 1636 36 5000 5 0.6 0.0640000000000001 0.611 19.924 3.555 0.999959015561764 0.00499990661338873 0.0035494015607871 -0.00383290159545769 0.00544782016270092 0.606152607757482 0.999958040847625 0.00167790667551666 -0.0069785230779719 0.00561192249446008 0.000952740749003047 0.600820665724837 0.999959017112925 0.00499986700545065 0.00354944351131796 -0.00383245142254114 0.00544786117066107 0.60610250979642 0.999958040569344 0.00167757446328153 -0.00697835061549085 0.00561227125118657 0.000952826704430273 0.600780143144369 0.575000000000003 0.627000000000002 43.998 42.219

 1633 33 5000 5 0.6 0.0800000000000001 0.824999999999999 19.873 3.145 0.999974793103966 0.00552053562083629 0.00321670044094412 0.00300973080792523 -0.000728835973571141 0.598460192320366 0.99974870144146 -0.0048036247920196 -0.00258056292969375 0.0131019629361057 0.0173533402305841 0.601312613676898 0.999974794115046 0.00552049043684483 0.00321634515620856 0.00300979333689988 -0.000729100688728977 0.598422623763558 0.999748710978663 -0.00480353257546701 -0.00258038103084447 0.0131021604286134 0.0173526942327753 0.601270750816609 0.514000000000003 0.558999999999997 43.607 44.406

 1641 41 5000 5 0.6 0.181 0.682 21.218 4.351 0.999958963444348 0.00709120482256653 0.00344310747468428 0.00258552773036289 0.00363954650237912 0.596079189315287 0.999703946957893 0.0175466269394683 0.000934168111377842 0.011158818488896 -0.0125993023508786 0.597220171106552 0.999958963270842 0.00709147318544092 0.00344296274486925 0.00258525110194105 0.00363940470946384 0.596045501192296 0.999703946546453 0.0175467858456914 0.000933986258943124 0.0111586470083817 -0.012599279048517 0.597185082245941 0.700000000000003 0.709000000000003 44.173 42.177

 1643 43 5000 5 0.6 0.180000000000001 0.609 21.164 4.48 0.999960534398366 0.00474751690070845 0.00545932172510302 -0.00182970421830977 0.00482065532754483 0.597476271574744 0.999974838279906 -0.0024242555824574 0.00206043862192712 1.32555104352806e-05 0.0063403634694256 0.596176139138205 0.999960534365902 0.00474751517653522 0.00545908538694263 -0.00182991020380194 0.00482085321195864 0.597440558021755 0.999974838545849 -0.00242403109134302 0.00206058445837766 1.36096774700644e-05 0.00634035921213542 0.596142215227055 0.694000000000003 0.722999999999999 44.12 42.573

 1638 38 5000 5 0.6 0.130000000000001 0.936 21.192 4.44 0.999915060346278 -0.000251062784654194 -0.0044571625090772 -0.00634556268017984 -0.0104726594911679 0.599361060557367 0.999933608960183 0.00850862116691061 0.00172549129878734 0.00136548595320552 -0.00745246037165035 0.600370011227228 0.999915059588922 -0.000251463376560459 -0.00445729172523227 -0.00634560731887166 -0.0104726401486381 0.599322016959021 0.999933605978513 0.00850876905502196 0.00172533165753728 0.00136549158915208 -0.00745272751191444 0.60032981108613 0.677999999999997 0.732999999999997 44.885 42.808

 1634 34 5000 5 0.6 0.133 0.73 21.174 3.936 0.999918838810995 5.56264688780884e-05 -0.0103493889004095 -0.0058882433736742 -0.00453116275676589 0.604920353209279 0.999810940715159 0.00243761458602876 0.0135464118541966 0.0129221773901003 -0.00465326968636172 0.600741152186467 0.999918833700595 5.62476999957942e-05 -0.0103497154578748 -0.00588837245547627 -0.00453136919763937 0.604872320738664 0.999810943422421 0.00243765721129663 0.0135463296447183 0.012922114583395 -0.00465307940392432 0.600700577661415 0.506999999999998 0.548000000000002 45.988 43.624

 1639 39 5000 5 0.6 0.146999999999999 0.616 22.196 5.794 0.999974679352622 -0.00263486777382844 0.00364541052135373 0.00395392568004533 -0.00384390157044564 0.598890196408782 0.999912608338173 -0.00201046632778977 -0.00972346093225492 0.00268469243073551 -0.00830544673983617 0.594278100571451 0.999974680242378 -0.00263449337601355 0.00364551594836875 0.00395409398337022 -0.00384365360642525 0.598852333187883 0.99991260734511 -0.00201020459232815 -0.00972366840931489 0.00268463627808738 -0.00830540489807644 0.594247005487372 0.730000000000004 0.889000000000003 45.386 41.424

 1637 37 5000 5 0.6 0.162 0.678 21.405 4.922 0.999876176946746 0.00277785762022603 0.0122088160645921 -0.00908926761523035 0.00287128994010871 0.592907465903692 0.999914093887468 0.00242380486537702 -0.000541576708969697 0.000142965997206093 -0.0128691985208927 0.60093582927797 0.999876174775702 0.00277829284397794 0.0122087790393885 -0.0090893781472765 0.00287143240321418 0.592877955829529 0.999914092695841 0.00242308228856674 -0.000541912761655314 0.000142905717961187 -0.0128694137003485 0.600894956600975 0.548999999999999 0.774999999999999 45.481 42.492

 1644 44 5000 5 0.6 0.143 0.681 22.439 5.931 0.999957012690279 -0.00451587290199954 0.00569454207328538 -0.00255842617062335 -0.00515813043378166 0.600261329105462 0.999937343701695 0.0014045592085874 0.00397090723334624 -0.0103430774656283 0.00076715612005048 0.600297347949153 0.999957018746416 -0.00451547088006521 0.0056942776078052 -0.00255846134102038 -0.00515758282558467 0.600221676940332 0.999937340915965 0.00140465926562189 0.00397081987229764 -0.010343293579306 0.000768141738623347 0.600257715480556 0.745999999999995 1.043 45.671 40.96

 1635 35 5000 5 0.6 0.180000000000001 0.661 22.108 5.156 0.999985756555178 -0.00123635546969413 -0.000644117520941542 -0.00406424653148053 0.0031662477273767 0.599931602109611 0.999958473637441 -0.005967383473437 0.00021185961126931 -0.000776844161249669 -0.0068405382694387 0.603835995571829 0.99998575531883 -0.00123623982172668 -0.00064416807779511 -0.00406484566672543 0.00316590393486244 0.599892442363067 0.999958475926284 -0.00596748014548394 0.000211529699338843 -0.000777203338548819 -0.00684008874602824 0.603789918129465 0.722999999999999 0.881 44.791 43.243

 1640 40 5000 5 0.6 0.0609999999999999 0.743 22.781 6.272 0.999938813649695 0.00307610021067288 -0.00420396906972315 -0.00814312460649073 0.00537798568601705 0.59377457656718 0.999939374603175 0.00958815269629188 0.00326852566519333 -0.0042978451347759 0.000399641411643964 0.594560431033535 0.999938811357161 0.00307609918355153 -0.00420437757243259 -0.00814331811086714 0.00537780018357678 0.593743941458869 0.999939373538686 0.00958816782196407 0.00326874771071754 -0.00429789915404739 0.000399544920435489 0.594528805752765 0.749000000000002 1.022 44.619 40.948

 1642 42 5000 5 0.6 0.165999999999999 0.696000000000001 22.509 5.681 0.999928470821222 -0.000188173711776035 0.00578946278096792 -0.0100215094399709 -0.00301152802380317 0.603033608318078 0.999881050190365 0.0106149338830811 0.00697027937208489 -4.96653355515017e-05 -0.00875336436465774 0.594549368314767 0.999928469904064 -0.000188063200036893 0.00578936250951281 -0.0100215846718191 -0.00301178185603467 0.602988818398509 0.999881048204094 0.0106149308868589 0.00697037719026992 -4.95572390292052e-05 -0.00875351760465659 0.594517671264178 0.771000000000001 0.905999999999999 45.938 41.229

 1648 48 5000 5 0.6 0.0720000000000001 0.722 22.239 6.498 0.999942342349144 0.00725569392460265 0.000413683081979496 0.00119806359989904 0.00781411497850378 0.592395318568979 0.999955584503163 0.00505922881813409 -0.0026701706382438 0.00737911075340261 -0.00128535518655315 0.595625992217178 0.999942338037382 0.00725561391037256 0.000413157075780251 0.00119802039894671 0.00781477545886122 0.59236647039685 0.99995558157528 0.00505929243119023 -0.00266979077154905 0.00737941928586108 -0.00128639992988998 0.595592788752058 0.931000000000004 0.985999999999997 44.34 41.86

 1647 47 5000 5 0.6 0.153 0.714 23.168 6.406 0.999986643946175 0.00496577333140826 -7.87642279793477e-05 -0.00129742801973191 -0.000602910621736608 0.593816368475184 0.999948199825525 0.000923185580911509 -0.00662321708170437 0.00326630023255073 0.00694331854046582 0.600165115060934 0.999986645218463 0.00496566186322823 -7.89289836902081e-05 -0.00129709546377649 -0.000602412282026934 0.593785592255301 0.999948202999774 0.000922907070073552 -0.00662332694280924 0.00326610695834888 0.00694288453077223 0.600125401941767 0.930999999999997 1.029 44.159 40.422

 1646 46 5000 5 0.6 0.116 0.657 22.867 6.648 0.999763459474404 0.0147783054739347 -0.000363900116517381 -0.0144567308293545 -0.0067451684577752 0.599048150909821 0.999921864505766 0.0081361193463309 -0.00312070690607953 -0.00112431083514125 -0.00889188162579655 0.591431432103485 0.999763457241211 0.0147783216070052 -0.000363802870241352 -0.0144569108349228 -0.00674508355497913 0.599009902906999 0.999921862304172 0.00813649548428481 -0.00312062666916688 -0.00112436943084333 -0.00889180577638061 0.59140368804183 0.936999999999998 1.051 44.51 40.003

 1649 49 5000 5 0.6 0.0609999999999999 0.688 23.984 7.635 0.999854492711431 0.015483389799663 0.00110815068724562 -0.00469286755105865 -0.00529216791878621 0.598982317130425 0.999906509052294 -0.0133916769037625 -0.00244586109698492 -0.00053292282540769 0.00117042783480512 0.602040124201392 0.999854490241992 0.0154836026753538 0.00110836502360272 -0.00469299667509271 -0.00529185225609619 0.598944482146481 0.999906504551867 -0.0133920260715221 -0.00244559237016891 -0.000533193380308368 0.00117071574031464 0.601997766866204 0.893000000000001 1.232 44.047 38.924

 1645 45 5000 5 0.6 0.130000000000001 0.705 23.953 6.6 0.999938958604125 0.00863945029825909 0.00365251461330064 -0.00469844062319503 -0.00346738474250226 0.602183508164515 0.999914513992828 0.00541732055826419 0.0114257245253401 -0.00331960282993764 0.000224500731267175 0.598544550497858 0.999938954162383 0.00863974276267094 0.00365224589694922 -0.00469854024616424 -0.00346808493247164 0.602140348580072 0.999914514521582 0.00541721264400238 0.0114257785086149 -0.00331939864591815 0.00022502075639527 0.59850717813998 0.887 1.137 44.933 39.035

 1650 50 5000 5 0.6 0.0609999999999999 0.632 24.95 7.989 0.999821386748615 0.0166882550153694 0.004090870629816 -0.00676822722432548 -0.00401903251396435 0.593351390094808 0.999925822563342 0.00755099792587458 0.00492415863736164 -0.00427241017708318 -0.00698791630891077 0.601847042977904 0.999821392162561 0.0166880760704077 0.00409055948560113 -0.00676796047786426 -0.00401919460235753 0.593321046626818 0.999925822543778 0.00755136673183806 0.00492379677756498 -0.00427252431946312 -0.00698770576535079 0.601804665026451 1.087 1.233 43.443 36.703

 1654 54 5000 5 0.6 0.0930000000000004 0.580000000000001 25.377 9.375 0.999976010279563 -0.00148024161643125 -0.00242563719709192 -0.00134750492836409 -0.00617156906961794 0.602226508930632 0.999833624763685 -0.0135842896662009 0.000588152016694638 -0.0117790718140369 -0.00301619140304692 0.603145622125474 0.999976015762838 -0.0014795666652323 -0.00242556960895469 -0.00134718288776791 -0.00617093930472059 0.602183466586654 0.999833614243264 -0.0135850845902483 0.000588178868623402 -0.0117790089514705 -0.00301633878528487 0.603100980897882 1.214 1.378 41.672 36.147

 1655 55 5000 5 0.6 0.0550000000000002 0.51 25.694 8.651 0.999764102802969 0.0195214414467881 0.00801923657169246 -0.00436374896695872 -0.00270214917682445 0.594002567057345 0.999949093341046 0.0074469372015445 0.000333134616968981 -0.00533447693329638 0.00421737239418883 0.598863783820558 0.999764103965671 0.0195212911711122 0.0080192715062426 -0.00436388948243185 -0.00270247401954654 0.593971856663703 0.999949086687689 0.00744739664053199 0.000333204716706819 -0.00533486232520637 0.00421764559001913 0.598826321473962 1.194 1.33600000000001 42.66 35.426

 1653 53 5000 5 0.6 0.0529999999999999 0.56 26.619 10.65 0.999895962184693 -0.0120878311809378 0.000198463977664031 0.00276741664983429 -0.0073655387599685 0.600670109317309 0.999816029018241 0.0111787227479266 -0.00757736606146097 0.00868132544896016 0.0104958271679698 0.601295898164506 0.999895965621518 -0.0120876394454333 0.000198183838764667 0.00276700978148085 -0.00736554726303418 0.600629170734154 0.999816031712701 0.0111781125323118 -0.007577463474719 0.00868133378080338 0.0104961431753592 0.601253917089663 1.294 1.278 42.986 32.592

 1651 51 5000 5 0.6 0.0779999999999998 0.524 28.447 12.952 0.999973499244526 0.00564321102288185 0.00425615869852723 -0.00134724854553543 0.00110680282744062 0.597977546804856 0.999790870911969 -0.0102254291777045 -0.0161303331238234 -0.00108331769147397 0.007231446280747 0.601598957198072 0.999973499134442 0.00564346212877623 0.0042559975647597 -0.00134669770670009 0.00110691193720671 0.597941355979263 0.999790855519079 -0.0102261639252165 -0.0161307507058832 -0.00108324187609451 0.00723161534546926 0.601556890926675 1.261 1.464 41.858 29.712

 1652 52 5000 5 0.6 0.044 0.514 29.41 14.24 0.999929845212565 -0.00317949626959899 0.000142777080914276 -0.00744298022130344 0.00864737629441807 0.597270777485637 0.99987003105696 0.0134089319665892 0.00792718792082849 -0.00240170836227143 -0.0033930850682603 0.600133461317994 0.999929845030896 -0.00317908589903945 0.000142744547704172 -0.00744302542225386 0.00864750980878698 0.59723534740888 0.999870035683712 0.0134087102209714 0.00792755557378766 -0.00240123693700772 -0.00339207250208034 0.600094029378841 1.36 1.367 40.653 28.797

 1656 56 5000 5 0.6 0.0880000000000001 0.508999999999999 31.022 14.874 0.999843495643174 0.0176683497897366 0.000403274183246058 -0.000346612265134507 -0.000728605254578999 0.600398449894104 0.999949927321105 0.00199282716072441 -0.00259618562125843 -0.00931959328823801 0.00160514534742874 0.598289203486814 0.999843503037611 0.0176679684144234 0.000403294827718164 -0.000346314894899036 -0.000727835738252409 0.60035839448235 0.999949923323927 0.00199313007889148 -0.00259582374105873 -0.00932003681375625 0.00160526940317308 0.598252499835388 1.229 1.239 42.318 24.597

 1657 57 5000 5 0.6 0.656999999999996 9.003 31.179 0.87700000000001 0.999961851151514 -0.00109421593370448 0.00281634141350818 0.00292788038671058 -0.00765471558009898 0.596749004655358 0.999941292852286 4.5532414712545e-05 0.00948925625317518 0.00521324230738241 0.000429995470057779 0.599753281793194 0.99996185841724 -0.00109379943738389 0.00281613829414049 0.00292787987153444 -0.00765390084180032 0.596714456531528 0.999941294054655 4.53806002768267e-05 0.00948929727425076 0.00521292228346835 0.000430189970467361 0.599714129713321 0.138999999999996 0.250999999999991 15.628 28.15

 1660 60 5000 5 0.6 0.577999999999996 8.772 29.851 0.878 0.999834513052866 0.0176389042497085 0.00184127462834725 0.00347532504122966 -0.00208503928210871 0.599219573706812 0.999978747444479 -0.00231134746522943 -0.00180370946816919 -0.00265605647783711 -0.00518211620931632 0.600965607040198 0.99983451366392 0.0176390196277684 0.00184061816728873 0.00347503784014022 -0.00208482847630379 0.599181447135673 0.999978753887984 -0.00231153916842403 -0.0018033489607455 -0.0026554477833037 -0.00518122465278091 0.6009244777327 0.355999999999995 0.313000000000002 15.852 30.554

 1659 59 5000 5 0.6 0.662000000000006 8.007 30.214 0.88300000000001 0.999919948326674 0.00330349666678304 0.00744240405608805 -0.00956476431083701 -0.00151978738594602 0.60147760633537 0.999949700711102 -0.00230956268567783 0.000248616297409254 0.0086075549408627 -0.00459457896380077 0.606186123657874 0.999919945240414 0.00330328015253492 0.00744274549982833 -0.00956487267127826 -0.00151993448844549 0.601435327891294 0.999949692893832 -0.00230942731506513 0.00024836627524892 0.00860815872353262 -0.00459523063521539 0.606136274191406 0.338999999999999 0.310999999999993 15.994 30.652

 1661 61 5000 5 0.6 0.603999999999999 8.859 28.87 0.886999999999986 0.999927633912896 0.0101748137318843 -0.00434683044935181 0.00191641611737682 -0.00431653995552205 0.595199937570384 0.999942860821436 0.0080233992917222 0.000307427400112815 0.0069197732279497 0.00138650024017016 0.599670781107165 0.999927636294454 0.0101745188842486 -0.00434736608231263 0.00191610690977352 -0.00431628109801299 0.595167618693748 0.999942860301451 0.00802314591405313 0.000307408520316943 0.00692009378726635 0.00138674574890612 0.599631253159026 0.302999999999997 0.23899999999999 15.88 31.51

 1658 58 5000 5 0.6 0.609000000000002 8.42 32.173 0.875 0.999917266018406 0.00867524925197093 0.00291139576438684 0.00773818680557565 -0.00467390718329751 0.603435595389926 0.999960697836324 -0.00108752776721012 -0.00825070948853432 -0.00229413299274229 0.00202059713795672 0.597840544622045 0.999917270196967 0.00867524848230931 0.00291044291889172 0.00773810205978489 -0.00467374840399485 0.603390269825302 0.999960694996248 -0.0010877629454054 -0.00825099366863173 -0.00229410607437564 0.00202074619775283 0.597804257468984 0.355999999999995 0.300000000000011 16.236 31.464

 1663 63 5000 5 0.6 0.671999999999997 8.624 24.943 0.885999999999996 0.999788918263095 0.0139350774768914 0.00145225630782744 -0.0052958455846266 -0.0140633390481493 0.597787410385991 0.999778472962928 0.0115166139148703 -0.0123661214806476 -0.00570057624166289 -0.0111783305502435 0.59720734172803 0.999788921965476 0.0139347487650291 0.00145210305715053 -0.00529618475144671 -0.0140632896491895 0.59775118350964 0.999778470039067 0.0115168031748501 -0.0123663265457192 -0.00570060457356466 -0.0111781557618125 0.597171827941025 0.335000000000008 0.311999999999998 15.845 32.071

 1664 64 5000 5 0.6 0.616 7.66999999999999 24.987 0.89800000000001 0.999870085177657 0.0138892612024361 -0.000273023149903389 -0.00454974266028593 -0.0067916485597791 0.601595136803795 0.999912268535672 -0.00155703416106093 -0.00424337569622002 -0.000687139260839108 -0.012431913722482 0.597855974596595 0.999870087979829 0.0138892171739089 -0.000273353756838021 -0.00454924667484421 -0.0067916450083373 0.601552794826634 0.999912267356863 -0.00155629779773014 -0.00424334195312029 -0.000687352112881893 -0.0124321004888364 0.597819660147677 0.322000000000003 0.337000000000003 16.14 32.319

 1662 62 5000 5 0.6 0.674000000000007 8.723 24.368 1.539 0.999847393857832 0.0163241213953605 -0.000128602994653206 0.00483472172778795 -0.00391420278669364 0.592677896642226 0.999959333290698 0.00385705311191197 0.00470820896386024 -0.00488271849801801 0.0045218065566573 0.609371569229756 0.999847393146802 0.0163241820584291 -0.000128315354092307 0.00483456089197589 -0.00391433951237492 0.592649017663655 0.999959337628899 0.00385665263697703 0.00470808956455451 -0.00488223891812193 0.0045218309354857 0.609314642219534 0.350999999999999 0.426000000000002 15.281 35.555

 1668 68 5000 5 0.6 0.0789999999999988 0.629 17.522 3.484 0.999845695604086 0.0122373115538531 0.0058703855043311 -0.00816922583189347 -0.0075918055331241 0.595893295426639 0.999872726367355 -0.00482587046718388 0.00700160273186077 0.0124331125576223 -0.00525712014907397 0.598621225387762 0.999845696809076 0.0122372544663514 0.00587026859991348 -0.00816963356608936 -0.00759139048257656 0.595859808632093 0.999872720527128 -0.00482588672015109 0.00700200838204155 0.0124333760441127 -0.00525705257807437 0.598583808589383 0.396000000000001 0.545999999999999 34.713 27.987

 1665 65 5000 5 0.6 0.0679999999999996 0.554 17.735 3.52699999999999 0.999924820256798 0.00844765569384961 -0.00208215548848222 0.00252182742899385 -0.00826413713757458 0.604193209288145 0.999926606896566 -0.00966188621297603 -0.0020224197805141 0.00696962208062471 -0.000873476623729072 0.603325079689121 0.999924816704382 0.00844790227057507 -0.00208194635143691 0.0025216556008238 -0.00826442002535467 0.604146503829714 0.999926610362655 -0.0096610339225687 -0.00202241659790076 0.00697026117883434 -0.000873843465530238 0.603279739157915 0.439 0.494 35.438 28.67

 1667 67 5000 5 0.6 0.0700000000000003 0.532 17.97 3.595 0.999919681197457 0.00784741256739839 -0.00994535570715186 0.000182429102731188 0.000325406598171756 0.591564753604636 0.999936014540641 0.00409987859637819 -0.000987500819879724 0.000724135266576075 -0.0104717854409076 0.595103259150326 0.999919679102108 0.00784757407133576 -0.00994543852029973 0.000181992392617172 0.000325663844661715 0.591536947220693 0.999936013758595 0.0041000957114208 -0.000987411117804822 0.000724273125897164 -0.0104717740355066 0.595070946599713 0.550000000000004 0.528999999999996 34.659 28.206

 1666 66 5000 5 0.6 0.0640000000000001 0.516 17.502 3.847 0.999911718229957 0.0119694026418876 0.000419890205312843 -0.000962248694628685 -0.00567335143251147 0.598435583810145 0.999929732885344 0.00840426221230542 -0.00730479119527765 -0.00164648363111883 -0.00371843861805555 0.601837428818242 0.999911720777831 0.0119693869140275 0.000419437895744446 -0.000962523446871569 -0.00567292239367729 0.598398374670806 0.999929737247557 0.00840412165425935 -0.00730437190990455 -0.00164623529196448 -0.00371851685716134 0.601794897324368 0.417000000000002 0.513999999999996 35.543 28.034

 1669 69 5000 5 0.6 0.0500000000000007 0.571 19.727 4.126 0.999816836194786 0.0130887496718421 -0.00784896203368156 -0.0113949929652627 -0.00187793072097319 0.602465220690867 0.999795280377244 -0.00605046494930725 0.00139963857149954 0.00679517131577549 0.0180182093434624 0.597813634833325 0.99981683411761 0.0130889192389938 -0.00784937308990808 -0.0113947372843735 -0.00187768807599879 0.602421291871189 0.999795268135426 -0.00605044725326247 0.00139932127913809 0.00679522058385299 0.0180189006107994 0.597777663637264 0.573 0.713999999999999 36.163 27.127

 1671 71 5000 5 0.6 0.0659999999999989 0.550999999999998 20.27 4.576 0.999741283334815 0.0118771668472029 -0.00101959681362567 0.00143997756036288 0.0193180276090563 0.594641283268935 0.999888137156163 -0.00926917763026947 0.00450669028259733 -0.00330794589138026 0.0103219551013035 0.605502425777058 0.999741284526245 0.0118774830439743 -0.00101966160734808 0.00143988922051496 0.0193177747060235 0.594609391762601 0.999888134285723 -0.00926876357005711 0.00450698908948851 -0.00330872512784345 0.0103222247540514 0.605453466223607 0.561999999999998 0.811 35.204 27.222

 1676 76 5000 5 0.6 0.0960000000000001 0.594 20.377 4.554 0.999943956869063 0.000309129127687 0.00659137619439991 0.00818689130729128 0.00123131263751669 0.601666912390781 0.999964221392003 -0.00540838528629318 -0.00142810355438566 -0.00310276065332768 0.00553522366719921 0.605525411209202 0.999943958147301 0.000309612889833971 0.00659142913173458 0.00818667207074282 0.00123132732207436 0.601624659798336 0.999964223279208 -0.00540861083610736 -0.0014278742857806 -0.00310295159866586 0.00553461442511658 0.605476439326006 0.662999999999997 0.774000000000001 36.055 27.217

 1670 70 5000 5 0.6 0.0680000000000014 0.719999999999999 20.974 5.332 0.999951626903281 -0.00113290265860324 -0.000332392367231814 0.00330418037263049 -0.00918870461097224 0.597369754181036 0.999812031714323 -0.00405889741438565 0.0162606321801993 -0.000670767245908894 -0.00972463384702774 0.601532374896838 0.999951631297021 -0.00113267236117183 -0.000332680205090772 0.00330362273642469 -0.00918844494160338 0.597334209455298 0.999812035277419 -0.00405862115455662 0.0162603018709707 -0.000670706645211196 -0.00972493930113023 0.601490549442056 0.821999999999996 0.919000000000004 34.52 26.576

 1672 72 5000 5 0.6 0.0709999999999997 0.638999999999999 20.883 5.16 0.999945822109753 0.000503765679943753 -0.00757899738772856 0.0054870006929167 -0.00453328659839308 0.597479516731626 0.999965813189734 0.00225011036626443 0.00565006925559889 0.00551004985951559 0.00101268113760485 0.602208927016188 0.999945823874745 0.000504121121141723 -0.00757880648742855 0.00548730163570389 -0.00453281262984508 0.597443464601871 0.999965812162212 0.00225062624227437 0.00565038224725648 0.00550971645005573 0.00101261709690144 0.602165789223014 0.835999999999999 0.765000000000001 34.753 26.992

 1674 74 5000 5 0.6 0.0819999999999999 0.632000000000001 20.703 5.448 0.999981499451208 -0.00145936767140575 -0.00287871157936189 0.00427163830824077 0.00288740837422225 0.598378883266811 0.999964513896767 0.00255416033190159 -0.0078969756309009 0.000966764609874343 0.00107254569868488 0.60516450213449 0.999981497009479 -0.00145914981534881 -0.00287865001469688 0.00427232323840724 0.00288741211769997 0.598342275262185 0.999964512868985 0.00255406108467621 -0.00789713036648309 0.000966689914454257 0.00107266828653999 0.6051158562283 0.820999999999998 1.002 33.802 26.907

 1673 73 5000 5 0.6 0.0939999999999994 0.605 20.725 6.145 0.999912728825875 0.00936168613384509 0.00626678386062678 -0.00687184397753662 -0.00063146267919665 0.598579543990832 0.999946282103409 -0.00121517855827968 -0.00553188294050259 0.00857393428842895 0.0013572658516098 0.604869065879046 0.999912717485567 0.00936239438679685 0.0062670200952445 -0.00687234309764086 -0.000631142969832217 0.598542221741855 0.999946277142232 -0.00121444720796457 -0.00553215642842508 0.00857444395361237 0.00135724113784941 0.604821598397404 0.774000000000001 0.833999999999996 34.472 25.8

 1677 77 5000 5 0.6 0.0660000000000007 0.54 21.111 5.392 0.999939356665697 0.00170104861967515 0.000286824585134568 -0.00317980937571577 0.0104017291147464 0.5924744365269 0.999919689518253 0.00666922931619654 -0.00938531132005864 -0.00515981082176677 0.00119506391332867 0.604832959141625 0.999939356936241 0.00170116391157778 0.000286622247937064 -0.00317991032916643 0.0104016589671042 0.592445598065765 0.999919694328197 0.0066689551939933 -0.00938479317722074 -0.00516019331352433 0.00119498670032517 0.604785281093182 0.786999999999999 1.138 33.74 25.881

 1675 75 5000 5 0.6 0.0979999999999999 0.562 21.53 6.047 0.999970213749578 0.00443592031652618 0.00558083982495392 -0.00265027208289546 0.00131320573514493 0.594944319794886 0.999970555302722 0.00171507032462773 -0.00481567664809803 -0.00528122662058601 0.00220566659998595 0.607187922177784 0.999970211185502 0.00443634231288458 0.00558109612164084 -0.00265006293796694 0.00131306550148038 0.594912290425654 0.999970558581398 0.00171423130191506 -0.0048158996468556 -0.00528063208745074 0.00220576898140134 0.607136070885415 0.800000000000004 0.950000000000003 32.197 25.708

 1679 79 5000 5 0.6 0.103 0.503 22.356 7.511 0.999921297317695 0.00725873675739232 -0.00674178294177921 -0.00391436055623765 0.00662842782160623 0.594814139623159 0.999887043650326 1.75578013968056e-05 0.00721322329268441 -0.0129410011062327 -0.0025297296364027 0.592024082961163 0.999921292243826 0.00725908169109367 -0.00674167212571123 -0.00391447528132019 0.00662886043459397 0.594782209601781 0.999887036309307 1.72840506464227e-05 0.00721336761812691 -0.0129415278033398 -0.00252952714436103 0.591995661344266 0.884999999999998 1.167 30.377 22.844

 1678 78 5000 5 0.6 0.0760000000000005 0.511 23.161 8.681 0.999975216988975 0.00498100398541092 0.000531330732190071 -0.00297146102560071 0.00395513769359201 0.598489263611592 0.999879787538097 -0.0142482138796354 -0.00146448822088203 0.00335205135421255 -0.00490080605402129 0.599687653493342 0.999975215364257 0.0049811365039305 0.000531921804475414 -0.00297129417610602 0.00395542746752342 0.598452099394501 0.999879795474026 -0.0142477013500919 -0.00146509543895606 0.00335224472933292 -0.00490036322012136 0.599648457127819 1.058 1.226 30.47 20.617
