
 330 30 500 10 0.9 0.00800000000000001 0.27 0 0.0640000000000001 0.999898837431292 -0.00239503347231782 0.00130261495739577 0.00399755422888419 -0.0073470442389331 -0.00372913827179483 -0.00125371342096465 0.00575677323651027 -0.00825250307647027 0.00286354656185129 0.901616789330552 0.999879931435925 0.000752307907831737 0.00705918276485716 0.00943652458263453 -0.00239555371460262 -0.00197874339480888 -0.000582897145820033 0.000624305166957423 0.000661073053468017 -0.00947924260517494 0.900599059739585 0.999898834866004 -0.00239589899675657 0.00130255459870499 0.00399695732449321 -0.00734699230809303 -0.0037298390698661 -0.00125384008808899 0.00575686374302773 -0.00825244642216734 0.00286372532425474 0.901586181153356 0.999879927062452 0.000751796895545818 0.00705930597719085 0.00943704304269534 -0.00239546101664161 -0.00197833689632762 -0.000582516126490953 0.000624268816617552 0.000661299775503892 -0.00947925484411068 0.900571754622298 0.00200000000000022 0.00099999999999989 0.0259999999999998 0.0259999999999998

 334 34 500 10 0.9 0.175 0.563000000000001 0 0.0749999999999993 0.999923059410662 0.00205162864741021 -0.0011059080181974 0.00273806695290667 0.00645889904705015 -0.00497608920696596 -0.00303014342184001 0.00586153979456281 0.00550289342701597 -0.000803704452156705 0.900661920036146 0.999934392740503 0.000232651289483892 -0.00473675747247239 0.000129764002525909 0.00465847528865041 0.00667406676877376 -0.00238150068738067 -0.00330602865355997 0.00134043216441718 -0.00490506772536085 0.897515099087021 0.999923058556524 0.00205140912333973 -0.00110603797883597 0.00273819046209549 0.00645836692925157 -0.00497651747098795 -0.00303024143408082 0.00586152016727101 0.00550323565308556 -0.000803782652997735 0.90063511564706 0.999934390350726 0.000232575981659383 -0.0047369514667007 0.0001298706636238 0.00465887356551083 0.00667394998486272 -0.00238166751502115 -0.00330611940920944 0.00134056907424535 -0.00490496934809669 0.897500260432721 0.00399999999999956 0.0250000000000004 0.0529999999999999 0.0270000000000001

 333 33 500 10 0.9 0.152 0.573 0 0.0659999999999998 0.999946074984355 -0.000403733042533469 -0.00151183914798318 -0.00522618908323948 0.00558174446321098 -0.00537752956486076 0.000903150080652335 -0.00128964576602143 -0.002872555016748 -0.00269838451701875 0.900898478250265 0.999923789616338 -0.00215314594902769 -0.000745549964802056 0.0054856132905699 0.00118337541724269 -0.000359394999780014 -0.00404627954763563 -0.00359375642618039 0.00880551555846501 0.00296260258512689 0.901366861050101 0.999946077874971 -0.000403925216931246 -0.00151144365682194 -0.00522654160491713 0.00558144763032138 -0.00537728826215854 0.00090307985956304 -0.00128917819578318 -0.0028725675338796 -0.00269815181415178 0.900869943128198 0.999923786070469 -0.00215365484983531 -0.000745414623866373 0.00548614213783563 0.00118270397179699 -0.000359194487574106 -0.00404581538323479 -0.00359385898276799 0.00880577705564252 0.00296250896151327 0.901337201500004 0.0300000000000002 0.0670000000000002 0.0289999999999999 0.0819999999999999

 336 36 500 10 0.9 0.175 0.53 0 0.0679999999999996 0.999859720730372 -0.00703108254380188 -0.00600933027714811 -0.00683589064703032 -0.00583103500598742 -0.00576160012080413 0.0023378545221172 0.00719962758426968 -0.000638385183380134 -0.00483286105450277 0.902798210913742 0.99994950273562 0.00630696802180249 -0.00250765550607963 0.00159477723470331 0.00361250917796623 -0.00324505685871391 -0.00151389504519212 -0.0042356750985282 0.00253917554861712 0.00145658223300232 0.901082398578306 0.999859707833804 -0.00703200838732011 -0.00600988166433716 -0.00683603317239337 -0.00583098923164385 -0.00576248920884545 0.00233719905382603 0.00719942429540374 -0.00063802696840515 -0.00483295727999282 0.90276161040719 0.999949498568817 0.00630721821592512 -0.00250837279054815 0.0015942230095474 0.00361275900511541 -0.00324478567822315 -0.00151432509523889 -0.00423565731590669 0.00253900047981399 0.00145762503159851 0.901053309181294 0.00199999999999978 0.0739999999999998 0.0289999999999999 0.0279999999999996

 338 38 500 10 0.9 0.205 0.754 0 0.0669999999999993 0.999919738192081 0.00458621106463381 -0.00770480183881494 -0.00139747447560756 -0.00382551449985819 -0.000506093319184238 0.00758129348295197 -1.0179076500936e-05 -0.00184575844706017 -0.00154703112310031 0.898219610315324 0.999960169835389 0.00718890663243989 0.00157337153921867 -0.000170650386751364 -0.00108869401626939 0.00191613424495547 -0.00367618127775689 0.00175425408679566 0.000935139755633304 -0.00177502591500928 0.900283099704296 0.999919741335301 0.00458645288551719 -0.00770472571035342 -0.00139710201410645 -0.00382563622407943 -0.00050603983311467 0.00758089325408584 -1.02228462330633e-05 -0.00184566108723859 -0.00154679179151443 0.898200505446587 0.999960170504442 0.00718866791032997 0.00157387573779234 -0.000170654090576712 -0.0010888360710851 0.0019165362257659 -0.00367631409899239 0.00175422708475192 0.000934934578539419 -0.00177450696387203 0.900256428413059 0.00199999999999978 0.00499999999999989 0.0289999999999999 0.0330000000000004

 331 31 500 10 0.9 0.247 0.774 0 0.0650000000000004 0.999914836102131 -0.00652907011752466 0.00519447559895678 -0.00486311594778537 0.000638246610974379 0.00350610705017461 0.00270797509034611 0.000499113510853055 0.00704363156731645 0.00267659828003796 0.900595943655051 0.999932266660588 0.00277123291366362 0.000383623633566278 -0.0041476779357088 0.00331340317932353 0.00454923754571817 0.00336379564118125 -0.00325556230773959 -0.00309497938413111 -0.00687495836250895 0.901265800038897 0.999914829055445 -0.00652968283166808 0.00519510759445582 -0.00486278492070492 0.000638395048919361 0.0035064265238362 0.00270763630976598 0.000498871131736257 0.00704368588770252 0.00267690196923203 0.900568341309029 0.999932259892042 0.00277222292085836 0.000383231747757011 -0.00414836809077121 0.00331300162910235 0.00454910309631434 0.0033643490355017 -0.00325561778202045 -0.00309512441356233 -0.00687506926478567 0.901236746501773 0.00300000000000011 0.0670000000000002 0.0289999999999999 0.0279999999999996

 337 37 500 10 0.9 0.192 0.749 0 0.0659999999999998 0.999906454248673 2.73414995989889e-05 -0.00228735713503989 -0.00641369025508581 -0.00187612025277403 -0.00939912816505983 -0.00596982942818776 -0.00142569613566669 0.0022932565791278 0.0024332371156507 0.898585936264652 0.999983002726001 0.00102436865089464 -0.00153914760289577 0.00299349854691692 -0.000675310845404462 -0.00216166115558497 0.00157895981541507 -0.00107713782028649 0.00343809833561705 -0.00100609901467297 0.906498800764049 0.999906454122583 2.74234772551533e-05 -0.00228715492643079 -0.00641372592402483 -0.00187631948955838 -0.00939882372625418 -0.0059699970589977 -0.00142589581050318 0.00229400748955528 0.002433170297314 0.898565889769187 0.999982995954386 0.00102498547982524 -0.00153982408324641 0.00299391976626426 -0.000676533541692216 -0.00216305276122186 0.00157869730582243 -0.0010768588747559 0.00343865065172933 -0.00100492272229971 0.906439802393697 0.0289999999999999 0.069 0.0279999999999996 0.0270000000000001

 332 32 500 10 0.9 0.174 0.685 0 0.0679999999999996 0.999728661138054 -0.0123152702261061 0.0066317735688082 -0.0120034413593382 -0.00324459801003965 0.00191745231526172 -0.0039346789097898 0.0080895125210114 0.0103089099554746 0.00121475025719721 0.897712023913227 0.999901354557695 0.00468677878365189 -0.000707037910427509 0.00452105716208382 0.00173013534179158 0.00905939870576023 0.00584613263204356 -0.00180935920251079 -0.00489474007515941 -0.002810657709647 0.895695862784974 0.999728657724439 -0.0123156299270222 0.00663164724420923 -0.0120032032993653 -0.00324458041171066 0.00191752179775675 -0.00393492688646498 0.00808964863134477 0.0103089779829987 0.00121460522247294 0.897694433113498 0.999901366768626 0.00468599804469896 -0.000706690068618984 0.00451925978342321 0.00172953487660994 0.00905876591038655 0.00584550659415653 -0.00181055170188044 -0.00489628891683804 -0.00281083902805449 0.895791311626558 0.0960000000000001 0.0829999999999993 0.0279999999999996 0.0280000000000005

 335 35 500 10 0.9 0.215 0.769 0 0.0670000000000002 0.99989609468826 -0.00641039329921098 0.00379252016219307 -0.000871234427416067 -0.00710379809177594 -0.00238768014337551 -0.000435342430517497 -0.00457563861385546 -0.00724999674176042 -0.00465950834318813 0.892697690220428 0.999914985691292 -0.00885637208779089 -0.000499254409013377 0.00510274076481569 -0.000517038723033299 -0.000193555283708241 -0.000821439746423434 0.00734831260732635 -0.00314446448636401 -0.000658736762324606 0.89723369360915 0.999896096941211 -0.00640718161102362 0.00379806923874159 -0.000872440049513637 -0.00710345878124379 -0.00239381763204033 -0.000431872092485917 -0.00457631613502012 -0.00725058346596822 -0.00465480729702897 0.892949802018391 0.99991498565491 -0.00885637339655897 -0.000499297199515694 0.00510276213513111 -0.000517037578145991 -0.000193552867179094 -0.000821427344934382 0.00734829763330535 -0.00314446957720998 -0.000658736228508346 0.897236878204544 0.069 0.069 0.0289999999999999 0.024

 339 39 500 10 0.9 0.139 0.825 0 0.0670000000000002 0.999891079596065 0.00485683920523034 -0.00860075265638381 0.00330413862587522 0.0003311575375807 0.000113744806573734 -0.00417783501793167 -0.00308118375278541 0.00863494796999694 0.00277792196407432 0.895054248893202 0.999893191538819 0.00197578228837333 0.0011809351558288 -0.0101111065026862 0.000904693639884684 0.00552508512131355 -0.000592938456277911 0.0056040616916266 0.00532515879406883 -0.00382273204594843 0.900671427997856 0.999891078207767 0.00485914739612284 -0.00860100430153075 0.00330126800033626 0.000331043705531895 0.000114579704358818 -0.00417927351886434 -0.00307903767486917 0.00863424417202504 0.00277940113574156 0.895187100849397 0.999893194735833 0.001975595239742 0.00118108017811099 -0.0101110065467253 0.000904710131516576 0.00552545280081231 -0.000592974859103347 0.00560367410481843 0.00532508174145543 -0.00382234657735139 0.90064381826966 0.0910000000000002 0.0780000000000003 0.0369999999999999 0.0289999999999999

 347 47 500 10 0.9 0.0909999999999993 0.305 0 0.0710000000000006 0.999929618794502 -0.00932827919435152 -0.00342059383319544 -0.00178730724889527 0.00105855372220722 0.00573573930837408 0.0012616275522324 -0.000583707995729148 0.00150994938642766 0.000783663020999576 0.90085802354524 0.999828135259103 0.00609764499240539 0.00162322178159864 -0.00260684200380229 -0.00432104631300861 0.005914272566586 0.00660666264084328 0.000346459728217436 -0.0139648949275466 -0.00215680747981027 0.899375849283216 0.999929625823211 -0.00932782686085085 -0.00342032662927894 -0.00178728507201366 0.00105881304580107 0.00573558637845153 0.00126122881263284 -0.000583404796134623 0.00150931279117686 0.000784158390828339 0.900830312364782 0.999828135496138 0.00609754769854656 0.00162290244545593 -0.00260690723208171 -0.00432094499951508 0.00591522669563412 0.00660616784576973 0.000346353891862315 -0.0139647998109616 -0.00215686897630699 0.89935312904417 0.00600000000000023 0.0720000000000001 0.0289999999999999 0.0280000000000005

 341 41 500 10 0.9 0.0709999999999997 0.45 0 0.0670000000000002 0.99995169880744 0.00699692199667024 -0.000323414324010294 -0.00115740354678368 -0.00146831528836023 9.09235828539683e-05 -0.000972183066232334 0.00520907920813257 0.00330818362271137 0.00223852920845493 0.903139944644843 0.999947859176469 0.00267243768708719 -0.000790840561825197 -0.00122921724338196 0.00711193174233364 0.00519747131744444 -0.00222225098314275 0.0011525385317186 -0.000494955575026559 0.00330084756612642 0.899690974556457 0.999951702326045 0.00699682507758145 -0.000322902131440021 -0.00115690507704826 -0.00146761513029578 9.05144969965084e-05 -0.000971682747600167 0.00520898134660854 0.0033079289589654 0.00223888897902754 0.903102031863998 0.999947860110862 0.00267287035285326 -0.000791127394084638 -0.00122946438754856 0.00711187174450544 0.00519760682891198 -0.00222196756745947 0.00115216315308012 -0.000494989854836821 0.00330028594717816 0.899667213159553 0.00699999999999967 0.0729999999999995 0.0289999999999999 0.0280000000000005

 351 51 500 10 0.9 0.0519999999999996 0.492 0 0.0679999999999996 0.99989092205721 -0.00372906134222282 0.00134274493120393 0.00585141987414971 -0.00819255038646487 0.00562922232868393 0.00647549257122767 -0.00162249996237009 -0.00493796075174412 0.000664844477971823 0.897612224705662 0.999914160805859 0.00482308056830091 0.0038192807600233 0.00412963930372427 -0.00042818811417904 0.0070219685169109 -0.00215683011480538 0.00544073888084969 -0.0051045947690297 -0.00263936679149769 0.907965681699301 0.999890918271144 -0.00372912907612273 0.00134280620994652 0.00585143851752722 -0.00819264362665855 0.00562910293377168 0.00647571602182743 -0.00162289050426146 -0.00493817705542203 0.000664996491303499 0.89759554843916 0.999914159919946 0.00482254180862604 0.00381970041531547 0.00412938380293067 -0.000429373496886421 0.00702300346508708 -0.0021559316267946 0.00544016500347382 -0.00510490886813342 -0.00263884254374004 0.907894045665058 0.0709999999999997 0.0940000000000003 0.0289999999999999 0.0280000000000005

 340 40 500 10 0.9 0.0360000000000005 0.623 0 0.0670000000000002 0.999898493611996 0.00269469860738065 -0.00210635235416683 -0.000547428544968118 -0.00465996974613936 0.00579380081243405 -0.00155635208860309 -0.0100348004329898 0.00554653057598548 0.00135564551114089 0.900825914599018 0.999907092212977 -0.00103590392210416 -0.00287566496767605 0.00321745325224031 -8.65166057084801e-05 -0.00836596597004835 -0.00272825349319884 0.0076952477555259 -0.00218782549478388 0.00496676288384453 0.89546778515474 0.999898494007278 0.00269409890768833 -0.00210705598084331 -0.00054724928556283 -0.0046597955829411 0.00579359998338072 -0.00155646343984131 -0.0100346902380112 0.00554701442672364 0.00135568988372896 0.90079813732986 0.999907085461759 -0.00103987897919921 -0.00287631078766215 0.00321499207606967 -8.58051149048454e-05 -0.00836686678980835 -0.00272710925147722 0.0076959346371958 -0.00218633106386426 0.00496722825690187 0.895576933406497 0.0129999999999999 0.00800000000000001 0.0289999999999999 0.0270000000000001

 348 48 500 10 0.9 0.156 0.335 0 0.069 0.999959422269764 0.00702227514674174 0.00165473634357964 0.00161516339652816 0.00015534708099506 -0.000372132865019071 0.00377660801598214 -0.00315896313428278 -0.000443769020027015 -0.00137593524564292 0.904246522389618 0.999810327391771 0.00378200891550361 -0.00590708128397574 0.00671426660260008 -0.00379866298451593 0.0161742767422753 0.00121860522635402 -0.000699039831293143 -2.78225120468059e-05 -0.00264937085637217 0.899495819408462 0.999959421279579 0.0070228449165641 0.00165494363468887 0.00161494267113475 0.000154388268231683 -0.000372846200427344 0.00377675637639414 -0.00315816990075316 -0.000443537833067686 -0.00137515945926341 0.904201995163523 0.999810324913445 0.00378216744335771 -0.00590672509158355 0.00671406218677852 -0.00379868603763968 0.016174548704659 0.00121863454066729 -0.000698980124032061 -2.80318241723887e-05 -0.00264969866111925 0.899472991415888 0.0180000000000007 0.00499999999999989 0.0300000000000002 0.0270000000000001

 358 58 500 10 0.9 0.130999999999999 0.319999999999999 0 0.0670000000000002 0.999872244157985 -0.00570042089062028 -0.000694121449734736 -0.00494154781657427 0.00277507433079432 -0.00941636279700856 -0.0027156573830039 0.00919421810974612 0.00300303187336586 0.000896825937824786 0.898316909473206 0.999941723214731 -0.00780372040432895 0.00145903581708355 0.0023260451909579 0.00323989999505192 -0.00485050483791356 0.00167015381777617 0.0016117229589803 0.00267157450853722 0.00125065033968947 0.902460659167401 0.999872234140918 -0.00570054782238172 -0.000694397987664417 -0.00494189676714937 0.00277471248484287 -0.00941670011828587 -0.00271573832027237 0.00919471390345286 0.00300312023566535 0.000897004079756459 0.898298072307799 0.999941718166736 -0.00780448072218561 0.00145900102029407 0.00232628030515783 0.00323996778982848 -0.00485024685834322 0.00167035127140191 0.00161218168617096 0.00267145096641708 0.0012497788146074 0.902425427260219 0.0220000000000002 0.00399999999999956 0.0279999999999996 0.0270000000000001

 360 60 500 10 0.9 0.0979999999999999 0.357 0 0.0720000000000001 0.999960296587235 0.00646169791788081 0.00213750124314954 -0.00359480010218503 0.00139642180632549 -0.000615147537642597 0.00102425275753314 0.00205699901838299 -0.00228855743332013 -0.00270443629904716 0.905211555871434 0.999882036496412 -0.00290195637804427 0.00223120751071848 0.00352822501262122 -0.00578116546705089 -0.00527987260511991 0.0104545516467853 -0.00278244258973468 0.0012711793759041 0.00548731441441828 0.901819295842856 0.999960304021314 0.00646140304497862 0.00213609209495566 -0.00359387020109133 0.00139737038681048 -0.000614136612969531 0.00102411889885072 0.00205673613924628 -0.00228904932265795 -0.00270431547457451 0.905160847391995 0.999882037515168 -0.00290117695897551 0.00223108291509955 0.00352843202212846 -0.00578168325498705 -0.0052803487873908 0.0104541300662145 -0.00278177746345794 0.00127152399297441 0.00548751529573089 0.901787626952493 0.00599999999999934 0.0740000000000007 0.0290000000000008 0.0270000000000001

 342 42 500 10 0.9 0.069 0.318 0 0.0890000000000004 0.999862210954126 -0.00573609614876889 7.66550179421029e-05 0.0084615386635786 0.00123912123560832 0.00374803669673712 -0.00390231387811201 0.00832564905786052 0.00636234276995769 0.00551776245182517 0.900775441974239 0.999946033637652 -0.000593987366557527 -0.000161847900550443 0.00638740519624442 -0.004994249941263 1.88542387428178e-05 0.00409464377924882 0.00330804307242168 0.000476760312724064 -0.00372456795478391 0.894575480926175 0.999862187647055 -0.00573725931523223 7.60845318338043e-05 0.0084623979380028 0.00123920261654871 0.00374797343293387 -0.00390193969583144 0.00832607506407349 0.006363075790457 0.00551826790057297 0.900748089774299 0.999946047589218 -0.000594170847271237 -0.00016197418435911 0.00638789168749421 -0.00499275695885102 1.49123946227599e-05 0.00409556766820467 0.00330525714421823 0.000478735935759487 -0.00372317660298837 0.894736797811379 0.00900000000000034 0.154 0.0279999999999996 0.0280000000000005

 361 61 500 10 0.9 0.127999999999999 0.322 0 0.0679999999999996 0.999981172364291 -0.00219142938564688 0.000381025891531621 -0.000225628195571852 -0.000592124759259552 0.000339607155679073 -6.18637993675453e-05 -0.000515663770290383 -0.00333906245234886 0.00455757021976249 0.900114404065696 0.999886155771064 0.0081531433889764 -0.0033457333685734 0.00560369861396777 0.00284784422298868 -0.00379575991304299 0.00104542846706036 -0.0019291818137045 0.00411271661459281 0.00862318207946682 0.90395999124082 0.999981172958602 -0.00219098430957282 0.000381241899078469 -0.000225292471933178 -0.000592019975122238 0.000339699342717352 -6.19041600256109e-05 -0.00051589317421196 -0.00333902054573341 0.00455766328489863 0.900089015902757 0.999886160949951 0.0081529998067451 -0.00334582026503758 0.00560343060318769 0.00284694423164477 -0.0037957967101554 0.00104546323064777 -0.00192904914129212 0.0041127401459733 0.0086231529942283 0.903917328502093 0.00499999999999989 0.0199999999999996 0.0289999999999999 0.0270000000000001

 343 43 500 10 0.9 0.0960000000000001 0.395 0 0.077 0.99989634670582 0.00350119285914315 -0.00557222046891528 -0.0101109134256989 -0.00168955566236951 0.0048657241889174 -0.00179117958430881 -0.00136106346796156 -0.00388510299078996 -0.00388234054754659 0.899690747679873 0.999868033130701 0.0107045093716527 0.0111066576162573 0.00143611310357802 0.00379202615996192 0.00129097763664409 -0.0021354518473574 0.00119271020049779 0.000978478001675234 0.000960896005868067 0.893879885065548 0.999896348136262 0.00350121106605685 -0.0055722908112178 -0.0101106234520865 -0.00168898687896406 0.00486568783396774 -0.00179173167340535 -0.00136068711239456 -0.00388551451456364 -0.0038823683156348 0.899666616913972 0.999867973992231 0.0107050729999653 0.0111102827622654 0.0014412763384273 0.00379170364992107 0.00129281095180335 -0.00213887735332676 0.00119247005909818 0.000977059700523897 0.000959443920227561 0.894077703383243 0.0830000000000002 0.0869999999999997 0.0289999999999999 0.0279999999999996

 349 49 500 10 0.9 0.178 0.294 0 0.0680000000000005 0.999892595149549 0.000489171194146261 0.00220305049191678 0.00482388527253701 -0.00260172044861491 -0.000428424791267288 0.00331133163681638 -0.0124576379720629 -0.00248418520326458 0.00267474144169552 0.889111823655867 0.999915375235123 0.00242725459316896 0.00365671599331845 -0.000517486592222542 -0.000708541674757254 -0.0102600547489487 0.00514984074195062 -0.00285322120382701 0.00256337460533301 -0.00164561972709352 0.901202843735813 0.999892664738788 0.000486187202434742 0.00220205328317465 0.00482431035811703 -0.00260116534846302 -0.000430032289610117 0.00329807825094532 -0.0124550216928014 -0.00248388664199255 0.00267844118259178 0.88887419979294 0.999915374034044 0.00242734432262274 0.00365603881581299 -0.000517218406281651 -0.000707912722006272 -0.0102601355136613 0.00515033925710374 -0.00285333679689336 0.00256346582788577 -0.00164567056971744 0.901173289812711 0.0110000000000001 0.00399999999999956 0.0299999999999994 0.0270000000000001

 344 44 500 10 0.9 0.12 0.342 0 0.069 0.999930742094901 -0.000437632964559388 -0.002767380925283 0.00203328875724885 -0.00578474777058887 0.00132013019551953 -0.00703912945063189 -0.000725496148469942 -0.00389083647688136 0.0051094504104218 0.897643401158747 0.999829879536745 -0.00626449718271255 -0.000722839899422339 -0.00216947306870449 0.00431949238653783 0.000998885578757842 -0.00722053286119043 0.0138948115513105 0.00302573593899426 0.00466113741216922 0.901062404219608 0.999930742258045 -0.000437616153973294 -0.00276721487826799 0.00203320852955887 -0.00578458079377065 0.00132006273125723 -0.00703912647805671 -0.000725715060053649 -0.00389105877567803 0.00510955197422664 0.897626394752821 0.999829883278303 -0.00626363683326178 -0.000722508154733195 -0.00216950631307048 0.00432000031150345 0.00099896267076178 -0.00722097457784799 0.0138947804308157 0.00302530597046867 0.00466072732976106 0.901033271776557 0.00600000000000023 0.105 0.0270000000000001 0.0270000000000001

 354 54 500 10 0.9 0.202 0.302 0 0.0720000000000001 0.99992604315518 -0.00136028349201184 0.00871634969092189 8.60612132473972e-05 -0.00125922385246259 0.000751715426859221 0.00307960617054426 0.000275009610758145 0.00754617832374864 -0.00119187157088331 0.890729418072061 0.99987279283084 -0.00576543781872007 -0.003393984907317 -0.00262550117049531 -0.0114414132579142 -0.000278989514556841 -0.00729991765141795 0.000904592472989475 0.00247875440209021 -0.00339269985923491 0.89914483578687 0.99992595297461 -0.00136398870562892 0.00872024200142274 8.32198538239788e-05 -0.00126074481842385 0.000749693954346024 0.00307229681865327 0.000267033640801114 0.00755518015169341 -0.00119832223056609 0.890430088396709 0.999872786324376 -0.00576591370358721 -0.00339362312222511 -0.00262508154016729 -0.0114417960068959 -0.000278528577961029 -0.00730027218040837 0.000905390684511695 0.00247904623495827 -0.00339205330685685 0.899124042740394 0.00400000000000045 0.0949999999999998 0.0300000000000002 0.0259999999999998

 352 52 500 10 0.9 0.0679999999999996 0.36 0 0.0720000000000001 0.999936341691472 0.000292054550610724 -0.00216167069798863 0.00167983877292975 -0.00626588794146666 -0.00640288597766471 0.00125005607170331 0.00323675811251665 0.00398305383754147 0.00340151857769196 0.896848787392911 0.999939812028716 0.00293846874178006 -0.000714806465484592 0.00291844396277328 -0.00397216733088096 -0.00564775420734165 -0.00456569602208048 -0.00321478954017926 -0.00034758164367498 0.00487164778469387 0.901795323556375 0.999936340191623 0.000292291270582073 -0.00216135430916033 0.00167982420217276 -0.00626598464247807 -0.00640283628110922 0.00125038655165147 0.00323696771106719 0.00398321897550349 0.00340154851724443 0.896876676227122 0.999939814978583 0.00293862963519604 -0.000715002747948917 0.00291850033027749 -0.00397207691626071 -0.00564755506452893 -0.00456585739659399 -0.00321478113041426 -0.000347408252970281 0.00487105390488339 0.901762765588495 0.0650000000000004 0.0190000000000001 0.0280000000000005 0.0270000000000001

 353 53 500 10 0.9 0.0949999999999998 0.297 0 0.108 0.999937152444955 -0.00361873265405051 5.11609312234476e-05 -0.000554123845365936 -0.00303605347916058 0.00346557373791949 0.00353565499751055 0.00312348534405716 -0.00678163236504507 -0.00477607443676457 0.903288293404555 0.999901545402049 0.00287967446484429 -0.00115077382194381 -0.00482897486691379 0.00398648965080032 0.0116718061484029 0.000553072158860977 0.00193232248727003 0.00279116443955209 -0.000100908269701503 0.902416035094173 0.999937157702321 -0.00361868343371761 5.16645805558159e-05 -0.000554854107941358 -0.00303615287859514 0.00346607848909316 0.00353496368475568 0.00312336645467405 -0.00678126098736368 -0.0047756081146213 0.903249427511361 0.999901547570602 0.00287956140672367 -0.00114997372024346 -0.00482942300858042 0.00398664809481629 0.0116716395842599 0.000552832491044165 0.00193158775937028 0.00279109741603713 -0.000100560575304391 0.90238212920003 0.00800000000000001 0.0209999999999999 0.0289999999999999 0.0260000000000007

 345 45 500 10 0.9 0.133 0.300999999999999 0 0.093 0.999914968272527 0.00307176117071989 0.00119700177980262 -0.00216425394226402 0.00103141967724184 0.00068490683142461 0.00394081678955888 0.0110104921666662 0.000189747386279182 0.0040216659188944 0.898428845907991 0.99994245800696 0.000893519294976803 0.0071034078463306 -5.15256849781199e-06 0.00162758988464788 -0.00306982556068226 -0.00384545660974521 0.00453503859684919 0.00318351343402431 0.00250242312278233 0.901361210658159 0.999914974759712 0.00307151061867047 0.00119677253296362 -0.00216425845266161 0.00103115180184207 0.000684690202901778 0.00394087616819041 0.0110100643532277 0.00019030010858227 0.00402150267664633 0.898409510727161 0.999942458202173 0.000893372065688922 0.00710283352920014 -6.08198775481494e-06 0.00162788154475568 -0.00306965694814346 -0.00384535093372408 0.0045355448238972 0.0031835900920513 0.00250319020115556 0.901330755831512 0.0819999999999999 0.024 0.0280000000000005 0.0270000000000001

 362 62 500 10 0.9 0.121 0.309 0 0.0679999999999996 0.999868135219828 0.00408135127773079 -0.0010114527076317 0.0106017804316095 0.000370401184966968 0.000610911076304372 0.00642717573920991 -0.00692565232131934 -0.000349721680710378 -0.00661271473587715 0.900999771835359 0.999901131083804 0.00811801848172484 0.00379835988873057 0.000318959531350562 -0.000633665586404518 0.00478748028161965 -0.00645574069593934 -0.00304667038226793 0.00243462854161544 -0.00609006208698383 0.89949009541455 0.999868131306244 0.00408103741548238 -0.00101154041188219 0.0106018242155385 0.000370390361429503 0.00061053041677701 0.00642693545457345 -0.00692635671438651 -0.000350762246751304 -0.00661289300039797 0.900970969867797 0.999901130377325 0.00811780648683919 0.0037987726585605 0.000319137795117016 -0.000634047593548353 0.00478804125070075 -0.00645598261096099 -0.00304642434561716 0.00243417148247372 -0.00608976242591475 0.899466824862052 0.108000000000001 0.00700000000000056 0.0289999999999999 0.0270000000000001

 356 56 500 10 0.9 0.164 0.305000000000001 0 0.0679999999999996 0.99979852815663 -0.000452759263117525 -0.00980394217826373 -0.0082305077595757 -0.00748622619918578 -0.00843856872346779 0.00229039414427589 -0.0100436739698079 -0.000323588319154442 -0.0023152836362067 0.905188867117584 0.999882585666345 -0.00254161635687922 0.00140021829379289 0.00246746664068172 0.00518502399874727 -0.00370434393217024 0.00106206370005158 0.00459890721909493 -0.0120016248932206 0.00365820991189288 0.895864774111444 0.999798495994488 -0.000453534990158273 -0.00980511815960803 -0.00823076140656138 -0.00748629677401854 -0.00843983640900635 0.00229027750700797 -0.0100441237702357 -0.000324157345451993 -0.00231637396825923 0.905137548411087 0.999882571868316 -0.00254049443200871 0.00139907796117771 0.00246696150419832 0.00518623384828489 -0.0037050300945034 0.00106183281022646 0.00459857687457812 -0.0120022784496091 0.00365946555352997 0.895950939635291 0.119000000000001 0.00300000000000011 0.0289999999999999 0.0259999999999998

 359 59 500 10 0.9 0.222 0.295999999999999 0 0.0709999999999997 0.999899349119096 -0.00706608034373943 0.00114656502150326 0.00318253337529678 -0.0092449406241634 -0.00538066910123554 -0.00176192450919871 0.00237296771791285 -0.0037870987932097 0.00155596002322362 0.8939259168619 0.99986880485013 -0.00192689290087501 -0.0113320917211088 -0.00292226447177337 4.50931052213487e-05 -0.0041029889894659 -0.0077836947817827 -0.00220672125477884 0.000222283934645745 0.00627397430398504 0.901779145720376 0.999899366317523 -0.00706551159530082 0.00114826701064709 0.00318653377283151 -0.00924136621233997 -0.00538055791863607 -0.00176473297637881 0.00237553150813595 -0.00378722900489796 0.00155225002922363 0.894120056647197 0.999868805872683 -0.00192666758572996 -0.0113316177326263 -0.00292232900326587 4.48192274627905e-05 -0.00410271528227672 -0.00778393621271399 -0.00220692572163671 0.000222336816664584 0.00627451418781265 0.901746955316126 0.0229999999999997 0.00300000000000011 0.0289999999999999 0.0259999999999998

 350 50 500 10 0.9 0.141 0.296 0 0.0679999999999996 0.999919178486925 0.00262918163725637 -0.00274671457563486 0.000599872402447453 0.00427483233455891 -0.00276169328811153 -1.76428686299897e-05 0.00639718583980426 0.00330413131492629 0.00831125063394578 0.899302730646701 0.999943966618003 0.00125011526615681 0.00232786683179917 -0.00211371004699551 0.00322337002988493 -0.00510818156352957 -0.00456754693704477 -0.00623745959752629 -0.000516490058900338 -0.00202368956528077 0.905397298970573 0.999919176708421 0.00262902776110283 -0.00274739831027817 0.000599941337764406 0.00427497507604938 -0.00276154312694689 -1.79748109713052e-05 0.00639720894150753 0.00330424289157366 0.00831119593895087 0.899280128547026 0.999943957974487 0.00124927937668541 0.00232850710134128 -0.00211433143587604 0.0032242495549089 -0.00510804965700262 -0.00456724879547351 -0.00623819682301417 -0.00051699408788243 -0.00202429446317092 0.905345843348078 0.113 0.0680000000000005 0.0280000000000005 0.0259999999999998

 355 55 500 10 0.9 0.123 0.315 0 0.069 0.999971111073314 -0.000764429317253633 -0.0033788000833661 0.00153223922749951 -0.000765158103120523 0.0038329935140825 -0.0040555940002103 0.000234494232811177 0.00308191332884023 -0.00146638786110986 0.90368082931621 0.999962506372476 0.000654741921566392 0.00264115770303075 0.00418499107878519 -0.000844185589481102 -0.00296396045102557 0.00261300100175313 0.00143952000342632 -0.0056158296241012 0.000363390482587344 0.900980164857989 0.999971116936112 -0.000764312524131808 -0.00337804796086765 0.00153225383994136 -0.000767017878759324 0.00383250906714316 -0.00405515408414267 0.000234794214484133 0.00308162271862566 -0.00146624224734435 0.90363886872867 0.999962510163368 0.000655407566746442 0.00264149533693703 0.00418499456899081 -0.000844897767821023 -0.00296362203111948 0.00261238912209778 0.00143905539574511 -0.00561541136173107 0.000363072498584685 0.900952001665956 0.077 0.016 0.0289999999999999 0.0249999999999995

 357 57 500 10 0.9 0.172 0.306 0 0.0800000000000001 0.999923529632384 -0.00394416929440517 -0.00153836486420175 0.00476653159912135 -0.0066439266426076 0.00421068716666918 -0.00280970179263123 -0.00497634003034931 0.00254801982159589 -0.00335702088621156 0.898829119529201 0.999872539454133 -0.0032609686789885 -0.00344726642567098 0.00139276214465249 0.00453795510060612 0.00568099426984722 -0.00779880126189539 -0.0104997006562074 -0.00118106614339755 0.00226292554023433 0.904207602843967 0.999923531146608 -0.00394363740588095 -0.00153799165527426 0.00476674393025384 -0.00664413936850264 0.00421053554225499 -0.00281011397860973 -0.00497641312310089 0.00254737469558539 -0.00335686964236012 0.898808525649102 0.999872546151156 -0.00326070698556849 -0.00344782644504062 0.00139237896166366 0.00453818024747302 0.0056800332099415 -0.00779834779637802 -0.0104999004157543 -0.00118052194760683 0.00226260699280545 0.904163644708315 0.0939999999999994 0.0589999999999993 0.0270000000000001 0.0260000000000007

 346 46 500 10 0.9 0.105 0.308000000000001 0 0.0710000000000006 0.999899139201733 -0.00318404363832659 -0.00513427306075549 -0.00385175927549492 0.00134968900656454 0.00347028155305673 0.00130393423245127 -0.00609718928343721 0.00623081812015546 -0.00766895754350271 0.894416340864771 0.999865146181881 -0.00462678200413682 -0.00646303891685805 0.00520022494863277 0.00754336843923695 -0.0020587635539195 0.00264613350878476 -0.00686568227744294 0.00799826458202513 0.000465145813720068 0.900539444153076 0.999899144943258 -0.00318297845136632 -0.00513059336256532 -0.00384917414745739 0.00135108192945669 0.00347165452297124 0.00130813656027302 -0.00609699552463613 0.00623278907706737 -0.00766938179878598 0.894588402149344 0.999865139010478 -0.00462708060643967 -0.00646326475216931 0.0052003749694102 0.00754330384761569 -0.00205908422464225 0.00264648495291047 -0.00686578576398663 0.00799846123333017 0.000465495322027719 0.900512075604801 0.136 0.00100000000000033 0.0289999999999999 0.0260000000000007
