
 7810 10 100 3 0.9 0.004 0.276 0.697 0.0170000000000003 0.99969277321389 -0.0186790519296013 -0.0162927039785458 0.878786406445128 0.999708597360382 -0.0212712117776921 0.0114129712715683 0.910218153849168 0.999692577251496 -0.0186856052802034 -0.0162972127547467 0.878742738158266 0.999709147401459 -0.0212625311124748 0.0113809214275303 0.909845972543364 0.00199999999999978 0.00100000000000033 0.0270000000000001 0.0330000000000004

 7807 7 100 3 0.9 0.00600000000000023 0.298 0.819 0.016 0.999440538528023 0.0291050908946958 -0.0164773672298375 0.878643108869041 0.999889551041536 0.0148486782095095 0.000634407901400651 0.893563318262214 0.999440604811981 0.0291036575919444 -0.0164758783630145 0.878602559525159 0.999889551056139 0.0148485778402872 0.000636729827696834 0.893530398716496 0.00300000000000011 0.000999999999999446 0.0270000000000001 0.0289999999999999

 7809 9 100 3 0.9 0.00300000000000011 0.274 0.879 0.0170000000000003 0.999857617591056 0.0167903878224458 -0.00168149395144003 0.89698211533597 0.999865837189071 -0.0163639158238392 -0.000727929328582083 0.89766657846249 0.999857494975837 0.0167974818709733 -0.00168355084246783 0.896919039626928 0.999865863201966 -0.0163622256255381 -0.000730188993768782 0.897590379376395 0.00200000000000067 0.000999999999999446 0.0299999999999994 0.0329999999999995

 7804 4 100 3 0.9 0.004 0.277 0.808 0.0169999999999995 0.999829979269926 -0.00501318761448945 0.0177448725845207 0.90137720668158 0.999899861654751 0.0091475071606878 -0.0107976745438252 0.909131680072405 0.999830210174484 -0.00500695830122684 0.0177336175389401 0.901249983914173 0.999899211316093 0.00916148581427198 -0.0108459387389667 0.908812036693765 0.00300000000000011 0.000999999999999446 0.0329999999999995 0.0309999999999997

 7801 1 100 3 0.9 0.00500000000000034 0.278 0.819 0.0170000000000003 0.999794372719618 0.014704753753931 0.0139636132580811 0.886343098684464 0.999903868404739 -0.0120904954578251 0.00678777348049985 0.899560385834525 0.999794451803742 0.014720296196799 0.0139415573855467 0.885935814741541 0.99990383325362 -0.0120933757287557 0.00678782057813984 0.899462303585129 0.00299999999999923 0 0.0309999999999997 0.0289999999999999

 7808 8 100 3 0.9 0.00500000000000034 0.286 0.897 0.016 0.999367198046386 0.0136390174281416 -0.0328508854144047 0.898677891145328 0.999988204131303 0.00015006631448867 -0.00485479951735222 0.883985499585237 0.999367051544723 0.0136422561891174 -0.032853997213079 0.898590480206404 0.999988154473641 0.000143420033653281 -0.00486521768224856 0.883718516488832 0.00199999999999978 0.00100000000000033 0.0300000000000002 0.0300000000000002

 7811 11 100 3 0.9 0.004 0.274 0.91 0.0170000000000003 0.99940740437824 0.0121770766133334 -0.0321956344727277 0.876349042967016 0.999927400676638 0.00816070637287113 -0.00886545247336674 0.898608973254033 0.999407446043445 0.0121735579231881 -0.0321956717651597 0.876167331289508 0.999927413654588 0.00815923870043353 -0.00886533958034747 0.898517093584414 0.00199999999999978 0.00100000000000033 0.0360000000000005 0.0300000000000002

 7802 2 100 3 0.9 0.004 0.279999999999999 0.801 0.016 0.999746449549627 0.0116988539882221 -0.0192398915869333 0.894239095891784 0.999960877650874 0.00122086874778659 0.00876085881602863 0.893710334892457 0.999746472702676 0.011694571126541 -0.0192412921791746 0.894199271085949 0.999960844386242 0.00121828200982886 0.00876501473463936 0.89367250654229 0.00199999999999978 0.00100000000000033 0.0289999999999999 0.0250000000000004

 7803 3 100 3 0.9 0.004 0.278 0.863 0.0170000000000003 0.999877195521541 -0.0146635054138765 0.00552951037219799 0.896794590593562 0.999984144602926 0.00513686006746898 -0.00230720857352172 0.903019407799421 0.999877218917741 -0.0146624381400724 0.00552810972319424 0.896726877546976 0.999984258996749 0.00512753907189818 -0.0022781794901138 0.902851996619221 0.00199999999999978 0.000999999999999446 0.0329999999999995 0.0300000000000002

 7812 12 100 3 0.9 0.00700000000000012 0.277 0.753 0.0169999999999995 0.999983503614217 0.00263735199419371 0.00510263401535547 0.89973460008592 0.999821899231303 -0.0122873717603824 -0.0143244655304445 0.877072055381058 0.999983514324472 0.00264380508513085 0.00509719275185642 0.899636494840209 0.999821902312809 -0.0122872666538955 -0.0143243406051264 0.877057863245333 0.00199999999999978 0.00100000000000033 0.0280000000000005 0.024

 7815 15 100 3 0.9 0.00399999999999956 0.275 0.755 0.0170000000000003 0.999655878103777 -0.0252377165990545 0.00715423185478106 0.884308659886821 0.999943453549511 0.00391077020619718 0.0098891647712011 0.894882435846639 0.999655898807644 -0.0252365990644218 0.00715528103878262 0.884004864008754 0.99994343245323 0.00390768034150016 0.00989251878951395 0.894840323240449 0.00300000000000011 0.00100000000000033 0.032 0.024

 7806 6 100 3 0.9 0.00300000000000011 0.277 0.951000000000001 0.0169999999999995 0.999927344466073 0.0117342048532887 -0.00275938860785723 0.892930756138665 0.999841899651384 -0.00500826199412637 -0.0170614481598327 0.886687204087263 0.999927337333812 0.0117349331747664 -0.00275887583922197 0.892961894019444 0.999842783251225 -0.0049529483493631 -0.0170257770187583 0.886271074056545 0.00200000000000067 0.000999999999999446 0.0269999999999992 0.0280000000000005

 7805 5 100 3 0.9 0.004 0.279 0.98 0.0170000000000003 0.999980558006824 0.00394609723289037 0.0048282424327756 0.900039274107125 0.999730407125917 0.0166793474380492 0.0161527841838088 0.916174574502933 0.999980580714612 0.00395156948985161 0.00481905511848823 0.899937726574841 0.99972919053683 0.0167063080464942 0.0162001500002385 0.91670165916108 0.00200000000000067 0.00100000000000033 0.032 0.0309999999999997

 7813 13 100 3 0.9 0.004 0.276999999999999 0.892 0.0179999999999998 0.999840804963661 0.0142491515302704 -0.0107390134689329 0.905266944440328 0.999900089049722 0.0132027210163203 -0.00504976000650979 0.901302477042073 0.999840562418925 0.014254796054781 -0.0107540936970319 0.905060539348847 0.999900136319457 0.0131997197105944 -0.0050482460214234 0.901174727509666 0.00199999999999978 0 0.0329999999999995 0.0280000000000005

 7832 32 100 3 0.9 0.00499999999999989 0.276 0.851 0.0190000000000001 0.999937572219472 -0.0100660575220223 0.004850376252596 0.898924006337774 0.999650425213986 0.014107275310415 0.0223609515184866 0.909707494495797 0.999937661326534 -0.0100621445074601 0.00484011453709825 0.898835880935425 0.999649634819234 0.014120490861769 0.0223879285239688 0.909356266900665 0.00300000000000011 0.00100000000000033 0.0300000000000002 0.0300000000000002

 7830 30 100 3 0.9 0.00300000000000011 0.273000000000001 0.812 0.0190000000000001 0.999773997440097 0.0133249793961573 0.0165649922046703 0.890044143479361 0.999942852046059 0.00972756417857968 -0.00443476460997463 0.902469230713425 0.999774024195165 0.0133190637983234 0.0165681346005646 0.890447922073445 0.999942862094591 0.00972207291599167 -0.0044445297044675 0.902311836922424 0.00300000000000011 0.00100000000000033 0.0330000000000004 0.0300000000000002

 7822 22 100 3 0.9 0.00599999999999934 0.269 0.779 0.0180000000000007 0.999959741196183 -0.00446009345706899 0.00778611284385945 0.892271157936171 0.999973813231592 0.00708007280991421 0.00149847258047365 0.904178612013112 0.99995992282674 -0.00446242432531545 0.00776141156494993 0.89240016588248 0.999973715179626 0.00709469295599407 0.00149475138950716 0.904010848628186 0.00200000000000067 0.000999999999999446 0.0279999999999996 0.0260000000000007

 7816 16 100 3 0.9 0.00399999999999956 0.269 0.763 0.0179999999999998 0.999834149097404 0.00904146032814077 -0.0158090573344873 0.902703844143374 0.999766948869618 -0.00149645737092085 0.0215362151566111 0.90373731544903 0.999833982711821 0.00905930372788305 -0.0158093652808899 0.902542803839739 0.999767262510134 -0.00151250518015803 0.0215205283641513 0.903545573859153 0.00199999999999978 0.00100000000000033 0.0309999999999997 0.0310000000000006

 7817 17 100 3 0.9 0.00399999999999956 0.276999999999999 0.857 0.0190000000000001 0.999840489292793 0.013937510898434 0.0111687851042624 0.911421878866191 0.999829003179868 -0.00363304753064167 -0.0181318880977974 0.900826116262133 0.999840066535202 0.013967961987838 0.0111685893822052 0.911032809790525 0.999829074446334 -0.00363497996435448 -0.018127570505899 0.900711604013487 0.00199999999999978 0.00100000000000033 0.032 0.0270000000000001

 7818 18 100 3 0.9 0.00499999999999989 0.281 0.931999999999999 0.0179999999999998 0.999976238448937 0.00199112404735698 0.00659984564540206 0.909401180483057 0.999947021583938 -0.00168135809264523 0.0101551494511414 0.898043332201881 0.999976158496077 0.00199770066938871 0.00660996455845714 0.909066191327279 0.999947008293646 -0.00167027026476889 0.0101582873472179 0.897968024097783 0.00199999999999978 0.00100000000000033 0.0329999999999995 0.0259999999999998

 7827 27 100 3 0.9 0.00399999999999956 0.272 0.859 0.0189999999999992 0.999691399786448 -0.0221075039058538 -0.0113297601062317 0.899187410817108 0.999961420196377 0.0051826655596441 -0.00709211509649115 0.895203626900285 0.999691306859475 -0.0221114112927899 -0.0113303345156645 0.899098974652582 0.999961396491127 0.00518468046953168 -0.00709398449001518 0.895156215402643 0.00199999999999978 0.000999999999999446 0.0289999999999999 0.024

 7814 14 100 3 0.9 0.00399999999999956 0.281000000000001 0.925 0.0189999999999992 0.999964660811065 0.000352770495758435 -0.00839956439276672 0.915734882966 0.999569714446467 -0.0267105365840116 -0.0121216004224927 0.914127193127435 0.999964320521487 0.000406244160890008 -0.00843757368451647 0.916273129399886 0.999570805047365 -0.0266569195847924 -0.0121496639958528 0.913591324546474 0.00199999999999978 0.000999999999999446 0.0339999999999998 0.0289999999999999

 7824 24 100 3 0.9 0.00300000000000011 0.271 0.872 0.0170000000000003 0.999901185107406 0.00469401883461048 0.0132508946107574 0.908272627185037 0.999961923519624 -0.00872476576573504 -0.000173127888846262 0.901750103759843 0.999901109895685 0.00472197084414724 0.0132466380913617 0.907993065098154 0.99996194906072 -0.00872167749567979 -0.000181031342643393 0.901625692371934 0.00300000000000011 0.000999999999999446 0.0350000000000001 0.0259999999999998

 7819 19 100 3 0.9 0.00399999999999956 0.271999999999999 0.969 0.0179999999999998 0.999940849902672 0.00489934820767439 -0.00971046255659204 0.90362351632798 0.999415050521845 -0.0251367066120208 0.0231884189008285 0.889048310125968 0.99994076936526 0.00491118441964549 -0.00971277657559924 0.903449354482672 0.999415827643093 -0.0251017833437733 0.02319275596894 0.889484774267551 0.00300000000000011 0 0.032 0.0250000000000004

 7823 23 100 3 0.9 0.00499999999999989 0.266 0.921 0.0170000000000003 0.99982801639712 -0.0179077308493085 -0.00482190867069594 0.896158671652034 0.999765609474052 -0.01196945627663 0.0180404608981801 0.859607704780322 0.999827979791605 -0.0179101970385376 -0.00482033897963994 0.896102098678011 0.999765177257084 -0.0120009751638472 0.0180434735909963 0.859026060337285 0.00300000000000011 0.000999999999999446 0.0289999999999999 0.0280000000000005

 7826 26 100 3 0.9 0.00499999999999989 0.269 0.963 0.0179999999999998 0.999954716402221 0.00735072901055241 -0.00604416478658727 0.894124310596096 0.999977672945123 0.00632626593589293 -0.00215220132994823 0.898217858547959 0.999954736512541 0.00734728511747089 -0.00604502502375196 0.894083309676251 0.999977659722254 0.00632444414172021 -0.00216366880586736 0.898136293163747 0.00300000000000011 0.00100000000000033 0.0270000000000001 0.0270000000000001

 7820 20 100 3 0.9 0.00400000000000045 0.272 0.941000000000001 0.0189999999999992 0.999862509634116 0.00806494178007066 -0.0144885659142711 0.886986869515246 0.999964486653446 0.00734493943472357 0.00413246858547724 0.894386839152067 0.999861854949004 0.00809701882622933 -0.0145158294308393 0.886549749195375 0.999964464292215 0.00734809235366666 0.00413227437934867 0.89434033408008 0.00200000000000067 0.00100000000000033 0.0280000000000005 0.0259999999999998

 7831 31 100 3 0.9 0.00300000000000011 0.271000000000001 0.991000000000001 0.0179999999999998 0.999933112687983 0.0100097596094694 -0.00579438199305074 0.912802178965647 0.999849905846701 0.0154717887921697 0.00779676406684776 0.904894174201271 0.999932798146405 0.0100157209980673 -0.00583819526819002 0.912313776392696 0.999849641772322 0.0154878285344561 0.00779878292087715 0.904705828264126 0.00300000000000011 0 0.032 0.0250000000000004

 7825 25 100 3 0.9 0.00699999999999967 0.271 0.976 0.0190000000000001 0.999706612313808 -0.0203299129062446 -0.01316753345446 0.90281081328976 0.999965209159337 -0.00773772551729329 -0.00311577835247386 0.907677506302163 0.999706590824637 -0.0203295936448683 -0.0131696577031062 0.902661550615459 0.999964985514059 -0.00776063624387696 -0.00313053844548881 0.907401552295347 0.00200000000000067 0.00100000000000033 0.0289999999999999 0.0289999999999999

 7821 21 100 3 0.9 0.00499999999999989 0.266999999999999 0.97 0.0180000000000007 0.999867965486086 -0.0153406856821293 -0.00535863392267735 0.879766586847959 0.999675795511102 0.0249122801189985 0.00526138465789724 0.900756279943408 0.999868021039916 -0.0153357301880575 -0.00536245105534153 0.879697832115668 0.999675725370005 0.0249137491764697 0.00526775169551887 0.900655759835364 0.00300000000000011 0 0.0270000000000001 0.0229999999999997

 7829 29 100 3 0.9 0.00600000000000023 0.268 1.059 0.016 0.999819830030313 0.0144516733524535 -0.0123067711228593 0.890984948657065 0.999385090790652 0.00916219876346883 0.0338451535552712 0.883844611067244 0.999819696287986 0.0144528660051074 -0.0123162323312613 0.891266177227683 0.999385112789824 0.00915441952044683 0.0338466089485287 0.883624249772921 0.00199999999999978 0 0.0289999999999999 0.0229999999999997

 7828 28 100 3 0.9 0.00499999999999989 0.271 1.131 0.0170000000000003 0.999595190251699 -0.0227757167944908 -0.0170505821063946 0.902754999907971 0.999861485317482 0.0100663192271797 0.0132544104333553 0.885366128604691 0.999595513360312 -0.0227808188014032 -0.0170248043945172 0.902605187895377 0.999861273709257 0.0100931064350452 0.0132500014714118 0.885019306244627 0.00300000000000011 0.00100000000000033 0.0289999999999999 0.0269999999999992

 7834 34 100 3 0.9 0.004 0.274 0.757 0.016 0.999905886397659 -0.00426419290236692 -0.0130397471679171 0.90763959791937 0.999803265360804 -0.0167498297021823 0.0106242072090707 0.879312389552198 0.999906015785288 -0.00428301159334392 -0.0130236480328429 0.907369676051373 0.999803229929428 -0.0167489389983265 0.0106289446848745 0.879255601405254 0.00300000000000011 0.00100000000000033 0.0359999999999996 0.0259999999999998

 7833 33 100 3 0.9 0.00300000000000011 0.273000000000001 0.817 0.0169999999999995 0.999820018467974 -0.0185397860997492 0.00402579210547278 0.914643338713226 0.999959220411997 0.00877903408568985 0.0021180353051503 0.898008534650011 0.999820551388374 -0.018515349987115 0.00400585025956934 0.914097429962351 0.999959172750075 0.00878496494099774 0.00211594517223513 0.897938939057489 0.00199999999999978 0.00100000000000033 0.032 0.0259999999999998

 7837 37 100 3 0.9 0.004 0.28 0.789 0.0170000000000003 0.999543923004474 0.00241220396729242 -0.0301019477251115 0.890376271301688 0.999816205774601 0.0189098519887012 -0.00315787400720559 0.92108594870453 0.999546073401804 0.0024035190379341 -0.0300311545444032 0.890745041193395 0.999816247206001 0.0189085816703223 -0.00315235818488258 0.921226504381944 0.00199999999999978 0.00200000000000067 0.0329999999999995 0.0280000000000005

 7835 35 100 3 0.9 0.004 0.279 0.811 0.016 0.999735063436269 0.0229869062119871 -0.00118536023253514 0.899265097425529 0.999877839230509 0.000394038356778599 -0.0156253431803057 0.900427373499238 0.99973512168407 0.022984393183595 -0.00118496469095721 0.899176227832273 0.999877679755514 0.000398817004488683 -0.0156354236184254 0.900316109608826 0.00300000000000011 0.00100000000000033 0.0279999999999996 0.0289999999999999

 7841 41 100 3 0.9 0.004 0.282 0.785 0.016 0.999679427820108 0.0102799363238815 0.0231379450781279 0.900280582460705 0.999973643655081 -0.00723048263623664 0.000657355328173935 0.878471422927929 0.999679429202933 0.010269112027386 0.0231426914309284 0.900171763186485 0.999973711398678 -0.00722105093983006 0.000657977870305991 0.878427874900979 0.00200000000000067 0.000999999999999446 0.0299999999999994 0.032

 7839 39 100 3 0.9 0.004 0.276 0.941 0.0179999999999998 0.999875527717314 -0.00654717522770046 0.0143549144393277 0.893098648938995 0.999950490902865 -0.00243072235269599 -0.00964921405939826 0.904111200940534 0.999875501656699 -0.00654603494389438 0.014357249502528 0.89312793924787 0.999950299457805 -0.00245700545118275 -0.00966238782390196 0.903933258749133 0.00300000000000011 0.00100000000000033 0.0270000000000001 0.0309999999999997

 7842 42 100 3 0.9 0.004 0.279 0.867 0.016 0.99979119826291 -0.0183541391250632 0.00898250816827245 0.911597883297356 0.999685813744666 -0.0196588960624328 -0.0155499711662579 0.903893121116645 0.999791344928626 -0.0183426847671807 0.00898957848510924 0.911200055170759 0.999685394871159 -0.0196826968065564 -0.0155467915569657 0.903717283116322 0.00300000000000011 0.000999999999999446 0.032 0.0300000000000002

 7840 40 100 3 0.9 0.004 0.279 0.919 0.0170000000000003 0.999926684835859 -0.0103407177283871 0.00630035792884492 0.889851628864832 0.999924694529215 -0.00892985333421047 -0.0084180158045114 0.9180486749171 0.999926781534412 -0.0103343390646391 0.00629547506777002 0.890255176032233 0.999924412209152 -0.00894547949572147 -0.00843494308070482 0.918414044756108 0.00300000000000011 0.00100000000000033 0.0300000000000002 0.0289999999999999

 7838 38 100 3 0.9 0.00499999999999989 0.28 0.960999999999999 0.0170000000000003 0.999879732148503 0.00140102676311616 -0.015445334656351 0.896751315947218 0.999683323459694 0.00464004729171461 -0.0247330296913006 0.919794691011631 0.999879749377811 0.00140901953952989 -0.0154434920954535 0.896685608786619 0.999683057802158 0.00461711636003264 -0.0247480540617909 0.920055922057554 0.00199999999999978 0.00100000000000033 0.0310000000000006 0.0300000000000002

 7843 43 100 3 0.9 0.004 0.284 0.841 0.0179999999999998 0.999521987673446 0.00521351268874 -0.0304731921985298 0.885098514844657 0.999960301270346 0.00594109129982515 0.00664073169807966 0.889844151091125 0.999521461683814 0.00520745553244017 -0.0304914748795491 0.884754862290654 0.999960282283413 0.00594098492269337 0.00664368525941846 0.890253826407029 0.00199999999999978 0.000999999999999446 0.0330000000000004 0.0280000000000005

 7845 45 100 3 0.9 0.00499999999999989 0.283 0.800000000000001 0.0169999999999995 0.999765804811625 -0.0101037903332884 0.0191376317830994 0.904215876617059 0.999668926126709 0.00850869007810867 0.0242825107809494 0.909982577471782 0.999765804063056 -0.010097442922846 0.0191410206773689 0.904026574101525 0.999668462391208 0.00856698188563671 0.0242811062715416 0.909611681598369 0.00199999999999978 0.000999999999999446 0.032 0.0310000000000006

 7836 36 100 3 0.9 0.004 0.279 1.024 0.0170000000000003 0.999926823073141 -0.00842622320102664 -0.00868028003128315 0.900657109362633 0.999264365399172 0.0232976995547522 -0.0304621935987474 0.899308918052204 0.999926843823431 -0.00842324220216916 -0.00868078292068138 0.900538135499177 0.999264732236525 0.0232927105227995 -0.0304539742031662 0.899219641984465 0.00200000000000067 0.00100000000000033 0.0300000000000002 0.0259999999999998

 7844 44 100 3 0.9 0.004 0.286 0.818 0.0170000000000003 0.999896401337366 0.00455097937784924 -0.0136555915026792 0.888975224278599 0.999944674834821 -0.0105187170129855 6.2144072771645e-05 0.906580037655436 0.999896401358739 0.00458851457825127 -0.013643023264952 0.889455428114318 0.999944432361665 -0.0105418301253779 4.47941481904098e-05 0.90635906912386 0.00199999999999978 0.00100000000000033 0.0310000000000006 0.0270000000000001

 7848 48 100 3 0.9 0.004 0.282999999999999 0.845999999999999 0.0180000000000007 0.999750919622137 -0.0157076394508016 -0.0158546137630361 0.893196621580697 0.999843710110695 0.0165711711239311 -0.00616049021285701 0.893455884883401 0.999750894571231 -0.015708339808916 -0.0158554995023892 0.893212848073165 0.999843709333527 0.016571462943257 -0.00615983133646905 0.893439857553041 0.00199999999999978 0.000999999999999446 0.0269999999999992 0.0219999999999994

 7846 46 100 3 0.9 0.00300000000000011 0.285 0.895 0.0170000000000003 0.999920077947902 0.00412540632240095 -0.0119506794508041 0.900678385809106 0.999855209774339 0.00369893859602494 0.0166095556946978 0.893085711736742 0.999920186907807 0.00411067362092038 -0.0119466387171658 0.900560463974069 0.999855221812198 0.00369806345564235 0.0166090259063551 0.893115404638046 0.00200000000000067 0.000999999999999446 0.0329999999999995 0.0220000000000002

 7847 47 100 3 0.9 0.00300000000000011 0.283 0.957 0.0170000000000003 0.999888617856302 0.000804631773000754 -0.014903169096696 0.864698159196458 0.99994828916886 0.0101370271444603 -0.000812200063390035 0.879488520710672 0.999888467827868 0.000820122888884793 -0.0149123875782996 0.864426222106934 0.999948291725756 0.0101367010384501 -0.000813121638896357 0.879425697822422 0.00199999999999978 0.00100000000000033 0.0310000000000006 0.0260000000000007

 7850 50 100 3 0.9 0.00299999999999967 0.279 0.838 0.0179999999999998 0.999135596118658 0.0288604075649591 -0.0299188476348808 0.889786734854667 0.999911265465336 -0.00949707878149772 -0.00934166420548069 0.886996731399003 0.999135203573024 0.028836775800234 -0.0299547215399994 0.890179809750447 0.999911134780306 -0.00948120123180463 -0.00937173226052638 0.886532451170393 0.00199999999999978 0.000999999999999446 0.0289999999999999 0.0279999999999996

 7855 55 100 3 0.9 0.00299999999999967 0.281 0.798 0.0169999999999995 0.999993684961033 0.000967848398217406 0.00341954785490056 0.888597595095094 0.999926414558881 0.0112881586160022 -0.00444330310466227 0.911837634038407 0.999993673522241 0.000940014483687312 0.0034306396290648 0.887980919832092 0.999926688676359 0.0112723403462758 -0.00442172091485766 0.911455988833941 0.00199999999999978 0.000999999999999446 0.032 0.0270000000000001

 7851 51 100 3 0.9 0.00300000000000011 0.284 0.814 0.0170000000000003 0.999931011999667 -0.00768980497134676 0.00887908445870004 0.904436710468522 0.999816140699839 0.000881198316834576 0.0191548501848923 0.90019050596122 0.999931122679134 -0.00768505260190288 0.00887073075639025 0.904256690053607 0.999816124137313 0.000876501301013587 0.0191559301656263 0.900090013169919 0.00300000000000011 0.000999999999999446 0.0309999999999997 0.0260000000000007

 7863 63 100 3 0.9 0.004 0.273 0.615 0.0179999999999998 0.999718549652737 -0.0135606824844461 -0.0194661082598451 0.906398160235731 0.999474276724226 -0.0276527373237501 0.0169262011417041 0.895183779248981 0.999718652105057 -0.013590305611164 -0.0194401704376098 0.906154821100762 0.999474290896934 -0.0276525979013773 0.0169255920243564 0.895135666811784 0.00299999999999923 0.00100000000000033 0.0330000000000004 0.0250000000000004

 7854 54 100 3 0.9 0.004 0.279 0.842000000000001 0.0169999999999995 0.999756270436522 0.00820442964736329 -0.0204960253956093 0.904418304048231 0.999979278297576 0.000835929764544374 -0.00638311811639811 0.902307164858375 0.99975646571197 0.00820250028418314 -0.0204872705893052 0.904228918813887 0.999979238913215 0.000831644018133874 -0.00638984434657104 0.902174693484916 0.00199999999999978 0.00100000000000033 0.0299999999999994 0.0249999999999995

 7853 53 100 3 0.9 0.004 0.284 0.851 0.0179999999999998 0.999863721946366 0.0163376315587592 0.00237051273170371 0.895079102602041 0.999984471501828 0.00171689166429865 -0.00530179575457847 0.9054461741006 0.999863660955235 0.0163409221609003 0.00237355516624207 0.895029517078237 0.999984508134289 0.00169028686814973 -0.00530343489905883 0.905250221564209 0.00199999999999978 0.00100000000000033 0.0289999999999999 0.0259999999999998

 7859 59 100 3 0.9 0.004 0.271999999999999 0.856 0.0170000000000003 0.999822948650915 -0.0182765413533449 0.00447653740622349 0.864688681268001 0.999753917311208 0.0197242334872716 -0.0101518192573764 0.900560973775063 0.999823439942848 -0.0182503623981762 0.0044736129901129 0.864414317397212 0.999754038247507 0.0197236252533899 -0.0101410854776603 0.900453348739286 0.00199999999999978 0 0.0299999999999994 0.0270000000000001

 7857 57 100 3 0.9 0.004 0.274999999999999 0.898 0.0170000000000003 0.999352971873176 -0.0203312979611533 -0.0296694444077879 0.893629168829003 0.999770982361398 -0.0148845535991544 -0.0153763744842507 0.880793118850325 0.999352966702573 -0.0203325822715034 -0.0296687384453367 0.893590549105989 0.999770910211933 -0.0148861684423364 -0.0153795020436026 0.880693771586334 0.00199999999999978 0.00100000000000033 0.0260000000000007 0.0249999999999995

 7856 56 100 3 0.9 0.00300000000000011 0.271999999999999 0.894 0.0170000000000003 0.999205758070166 0.019954625335668 -0.0344915347170701 0.902846168379932 0.9997502815846 0.00457516807044716 0.0218733241332748 0.915804036388449 0.99920561421305 0.0199520442107949 -0.0344971949139526 0.902693098118975 0.999748968989944 0.0045838930025148 0.02193141419256 0.916324823525522 0.00300000000000011 0.00100000000000033 0.0289999999999999 0.0300000000000002

 7860 60 100 3 0.9 0.004 0.274 0.85 0.0170000000000003 0.999969748494706 -0.0021154884559283 -0.00748510547873044 0.888842087271264 0.999960035111216 -0.00811844894398506 -0.00374419111672804 0.889464751050865 0.999969609709213 -0.00217495478065238 -0.00748660334906904 0.889361643074462 0.999959897893249 -0.00812513019578041 -0.00376627994504172 0.889936943169454 0.00199999999999978 0.00100000000000033 0.032 0.0289999999999999

 7852 52 100 3 0.9 0.00299999999999967 0.279 0.985 0.0179999999999998 0.999897258001541 -0.0122665192862193 -0.00741659932858113 0.890379474662081 0.999360871546428 0.0243942990696798 -0.0261298028094904 0.888105276488991 0.999897034716919 -0.0122873142362692 -0.00741227854115652 0.89073976076582 0.999359508194044 0.0244231029245232 -0.0261550267768231 0.887572286788752 0.00300000000000011 0.000999999999999446 0.0299999999999994 0.0259999999999998

 7861 61 100 3 0.9 0.00499999999999989 0.271 0.859999999999999 0.0190000000000001 0.999973784861012 -0.00719816418977218 0.00078487135179628 0.892241774995906 0.99975431489985 0.0207084362962934 -0.00790382852124296 0.913535800824779 0.999973790775536 -0.00719817512262564 0.000777198113648168 0.892371309948627 0.999754851478073 0.0206758285865344 -0.00792130407923613 0.913022309651979 0.00199999999999978 0.000999999999999446 0.0270000000000001 0.0290000000000008

 7849 49 100 3 0.9 0.004 0.29 1.063 0.0190000000000001 0.999908225613225 -0.000732282959253088 0.0135279012666212 0.891998312500529 0.999879226872404 0.0155343434749465 0.000464587823306887 0.899612312249599 0.999908076194603 -0.000735369973153523 0.0135387736449824 0.8921602103419 0.999879106672775 0.0155421407281985 0.000462494149383346 0.899507471632268 0.00300000000000011 0 0.0270000000000001 0.0280000000000005

 7858 58 100 3 0.9 0.004 0.271999999999999 1.004 0.0189999999999992 0.999728556664893 -0.0229995621101194 -0.00371929179707995 0.8995010577091 0.999871711509064 -0.0158744436168755 -0.00213601586823999 0.899456143466251 0.999728444055875 -0.0230040681661872 -0.00372169227963773 0.89941292885975 0.999871683369445 -0.015877198833497 -0.0021286975250607 0.899355319914591 0.00300000000000011 0.000999999999999446 0.0270000000000001 0.0270000000000001

 7862 62 100 3 0.9 0.004 0.275 0.993 0.0199999999999996 0.999944901434337 0.0030317234045525 0.0100500123717497 0.889813423499627 0.999806739540261 -0.00843375384692692 0.0177582478280566 0.892271375314978 0.999944847597902 0.00303751044647845 0.0100536208748723 0.890065437718225 0.999807144339993 -0.00841457812235558 0.0177445485073811 0.892409581163943 0.00300000000000011 0.00100000000000033 0.0299999999999994 0.0259999999999998

 7864 64 100 3 0.9 0.004 0.282 0.958 0.0170000000000003 0.999833505661476 0.00117068374077431 -0.0182096253740402 0.879639365919457 0.999971957119328 0.00457956727851433 -0.00592558338748757 0.909243950061432 0.999833512996492 0.00116857954503858 -0.018209357784949 0.879566650525429 0.999971908867947 0.00459509588935418 -0.00592170319774512 0.90892033829585 0.00199999999999978 0.00100000000000033 0.0289999999999999 0.0270000000000001

 7865 65 100 3 0.9 0.00299999999999967 0.277 0.718999999999999 0.016 0.999134365857333 0.00906910358009492 -0.040598895589878 0.900378929360193 0.999704839212687 -0.0113371406517761 -0.0214872915133148 0.883415453644295 0.99913423854761 0.00906577067556516 -0.0406027728602959 0.900275712765061 0.999704667821654 -0.0113495681879685 -0.0214887048828801 0.883208695713488 0.00300000000000011 0.000999999999999446 0.0300000000000002 0.0270000000000001

 7866 66 100 3 0.9 0.004 0.274999999999999 0.94 0.0169999999999995 0.999862176236915 0.00688854186423203 -0.0151055129593404 0.888736656598444 0.999695228093691 -0.0183486532031438 -0.0165159877795221 0.899302935970278 0.999862012260479 0.00689874992414249 -0.0151117069819778 0.889233187073457 0.999695206665445 -0.0183529812042637 -0.0165124756184238 0.899205919946111 0.00199999999999978 0.00100000000000033 0.0330000000000004 0.0289999999999999

 7868 68 100 3 0.9 0.004 0.281 0.854 0.016 0.9998468996133 0.0164957717730605 -0.00583668118742323 0.889222163308173 0.99958920839209 -0.0285508524564485 -0.0025026566055375 0.894893981955236 0.999847334687335 0.0164933910553142 -0.00576848074708274 0.889687686010581 0.999589259292622 -0.0285492496914993 -0.00250060970178735 0.894847337704781 0.00199999999999978 0 0.0310000000000006 0.0270000000000001

 7875 75 100 3 0.9 0.00299999999999967 0.283 0.689 0.016 0.999935901099731 0.00376638121373334 -0.0106774558964996 0.896759448395132 0.999651606657211 -0.000171136165274122 -0.0263938633032132 0.904774367749974 0.99993586910251 0.00376601235060381 -0.010680582061984 0.896696837558854 0.999652201612189 -0.000183198267550794 -0.0263712390740123 0.904586583173399 0.00300000000000011 0.00200000000000067 0.0289999999999999 0.0299999999999994

 7869 69 100 3 0.9 0.00299999999999967 0.285 0.903 0.0170000000000003 0.999817260974052 -0.016888400453316 -0.00895692963422079 0.888639226213628 0.999991283461205 0.00215065226613142 -0.0035787842128647 0.898417863676047 0.999818370334893 -0.0168422823916724 -0.00891985788669231 0.887988197226434 0.999991298647106 0.00214526632872756 -0.00357777339315514 0.898339706145442 0.00200000000000067 0.00100000000000033 0.0339999999999998 0.0289999999999999

 7867 67 100 3 0.9 0.00300000000000011 0.279 1.052 0.0169999999999995 0.999923508030914 0.00670581300878582 -0.0103927936110083 0.911287439708376 0.999791772241332 -0.019537171336639 0.00589161223265371 0.903889802720915 0.999923657690138 0.00669458724882111 -0.010385629164582 0.910846323963103 0.999791904001993 -0.0195289844102562 0.00589639381086357 0.903730596868383 0.00999999999999979 0.000999999999999446 0.0359999999999996 0.0289999999999999

 7876 76 100 3 0.9 0.00199999999999978 0.282 0.751 0.0170000000000003 0.999976157502395 -0.00686106925375933 -0.000781124471543084 0.88682373109427 0.999999899714637 -0.000433997068578706 -0.000110531717958312 0.909946501223651 0.99997586489292 -0.00690425449544645 -0.000775178378368103 0.886331663106432 0.999999898583665 -0.000445399638256321 -6.67219779437672e-05 0.909611415248819 0.00199999999999978 0.000999999999999446 0.0369999999999999 0.0300000000000002

 7870 70 100 3 0.9 0.004 0.285 0.915 0.0170000000000003 0.999842999444078 0.0152814659986651 0.00896957410365879 0.885411386898186 0.999953386594258 -0.00126183363480557 -0.00957248215208117 0.884426975779851 0.999843265503796 0.015274210793034 0.00895225733300511 0.885085719044118 0.999953492978446 -0.0012755799762805 -0.00955953847884968 0.884127322378238 0.00300000000000011 0 0.0309999999999997 0.0300000000000002

 7871 71 100 3 0.9 0.00299999999999967 0.281 0.928 0.0170000000000003 0.999947119172688 0.00968134521002191 0.00346848859973854 0.908245439097779 0.999144594483517 -0.0399932700164875 0.0105174934161019 0.895369191135424 0.99994721455087 0.00966550818768259 0.00348512028921255 0.907957752529689 0.999144371400485 -0.0399987309896896 0.0105179188979317 0.895319549948245 0.00199999999999978 0.00100000000000033 0.0309999999999997 0.0259999999999998

 7873 73 100 3 0.9 0.00300000000000011 0.282 0.882 0.0179999999999998 0.999929890661963 0.00737447672181748 -0.00926449425679824 0.899933443678922 0.999975928588937 0.00683971416698805 -0.0011664273692035 0.898236407843305 0.999929983365177 0.0073617702316276 -0.00926459423688264 0.899820597162335 0.999976006048367 0.00682970979351361 -0.00115861628330779 0.898149502811743 0.00200000000000067 0.00100000000000033 0.0339999999999998 0.0300000000000002

 7877 77 100 3 0.9 0.00299999999999967 0.282 0.808 0.0170000000000003 0.99989442833794 -0.0122108231667347 0.00787578417268349 0.8975779295455 0.999892610354763 -0.0142909637617499 0.00324593787646796 0.902872856194029 0.999894395651883 -0.0122125836735875 0.00787720407068053 0.897503726943373 0.999892576285711 -0.0142928366693396 0.00324818544233831 0.902721026734652 0.00300000000000011 0.00100000000000033 0.0300000000000002 0.0270000000000001

 7872 72 100 3 0.9 0.00499999999999989 0.281 0.936 0.0179999999999998 0.999928041475871 -0.0118470333213691 0.00188670922806926 0.906457162220508 0.999676134907572 -0.0158237408531321 -0.019930743128925 0.883048397604534 0.999927995058122 -0.0118504697339097 0.00188972646969417 0.906213568830212 0.999676288299235 -0.0158188199316987 -0.0199269553176778 0.882839999090855 0.00199999999999978 0.00100000000000033 0.0309999999999997 0.0270000000000001

 7874 74 100 3 0.9 0.00599999999999978 0.284 1.009 0.016 0.999973917204648 0.00429396247220005 -0.00580747765207596 0.903790525876484 0.999283993219755 -0.0272943981517184 -0.0262014641635885 0.890731268940432 0.999973917226353 0.00428926507791653 -0.00581094416376493 0.903633026333725 0.999285128107714 -0.0272693779333505 -0.0261842275020197 0.891055522930886 0.00199999999999978 0.00100000000000033 0.0279999999999996 0.0289999999999999

 7880 80 100 3 0.9 0.00300000000000011 0.285 0.771 0.0170000000000003 0.999982294500743 0.00594403734600722 -0.000281256213675698 0.895561266373482 0.999822368436201 -0.0116568642981896 -0.0148104385269319 0.907997965105724 0.999982313167975 0.0059409595969277 -0.00027991122520875 0.895510924954371 0.999822312887734 -0.0116806953707953 -0.0147954049446695 0.907709486000389 0.00199999999999978 0.00100000000000033 0.0279999999999996 0.0300000000000002

 7878 78 100 3 0.9 0.004 0.281 0.941 0.0170000000000003 0.999830337359486 0.0184060073318702 0.000717906481728106 0.89600861964691 0.999809340489719 -0.00308055331538974 0.019281930940254 0.898440237664607 0.999830404704396 0.0184026001022483 0.000711433848127938 0.895952699835967 0.99980926475714 -0.00306898988234883 0.0192877009228664 0.898357548182982 0.00300000000000011 0.00100000000000033 0.0299999999999994 0.0269999999999992

 7881 81 100 3 0.9 0.00499999999999989 0.284 0.837 0.0179999999999998 0.999529844599293 -0.0179547426717667 -0.0248539125874563 0.903922341998311 0.999903715107166 -0.00992062912577043 0.00970266111110676 0.907795309908198 0.999529634422533 -0.0179641001885978 -0.0248556033033075 0.903740875416945 0.999904023660605 -0.00991218763040556 0.00967946298678175 0.907549766849863 0.00200000000000067 0.000999999999999446 0.0339999999999998 0.0270000000000001

 7885 85 100 3 0.9 0.004 0.279 0.837 0.0190000000000001 0.999983531847932 0.000468685122678415 0.00571982230415059 0.900620035286311 0.999983407841094 -0.0052584356765199 0.00235221103406672 0.884277254650068 0.999983488791798 0.00046995972490416 0.00572724031624921 0.900506862090999 0.999983440564707 -0.00526411065443195 0.0023254538029801 0.883995947280361 0.00300000000000011 0.000999999999999446 0.0310000000000006 0.0289999999999999

 7884 84 100 3 0.9 0.00300000000000011 0.278 0.881 0.0170000000000003 0.999955843450417 0.00048827706680675 -0.00938470750058078 0.90160569206264 0.999982167031926 0.00595211664466502 -0.000487776158498566 0.895552028718387 0.999955687437886 0.000489677119269672 -0.0094012433722278 0.901460717821167 0.999982117360769 0.00596050710856487 -0.000487148520770732 0.895501115857831 0.00200000000000067 0 0.032 0.0250000000000004

 7886 86 100 3 0.9 0.00299999999999967 0.285 0.808 0.0169999999999995 0.99999748965385 4.38993635559848e-05 0.00224025865541185 0.913639376664131 0.999859765577412 0.0116943757987876 0.0119871078313288 0.886860105611565 0.999997489022443 -8.91461773523797e-06 0.00224095277464708 0.913083356331468 0.999860354398214 0.0116872293757178 0.0119448889570863 0.886387591734091 0.00300000000000011 0.000999999999999446 0.0339999999999998 0.0289999999999999

 7882 82 100 3 0.9 0.004 0.281000000000001 0.863 0.0170000000000003 0.999955306231632 -0.00573563882165219 0.00751584902127957 0.890496176202485 0.999948288865135 0.0046603371926481 -0.0090388524127732 0.907765580391184 0.999955364026558 -0.00574000718531316 0.00750481658845407 0.890851141868963 0.999948490012687 0.00466783621710106 -0.00901269251651114 0.907511629221729 0.00199999999999978 0.00100000000000033 0.0310000000000006 0.0259999999999998

 7879 79 100 3 0.9 0.004 0.281000000000001 0.963 0.0179999999999998 0.999700094673499 0.0132487918845035 -0.0205958787964521 0.909709797304703 0.999463985586423 0.0175483714200646 -0.0276368626332061 0.897147798456453 0.999699823046142 0.0132573520871897 -0.0206035535077854 0.909380101895743 0.999464249993095 0.0175454705025776 -0.0276291413290981 0.897085815337524 0.00199999999999978 0.000999999999999446 0.0309999999999997 0.024

 7883 83 100 3 0.9 0.004 0.278 0.906 0.0179999999999998 0.999489716994467 0.00934955527881073 -0.0305432715734339 0.89010624286164 0.999880892292577 -0.0119203258169875 -0.00980342086297545 0.914384403164292 0.999489009514971 0.00933050876515823 -0.0305722335619456 0.890488833859399 0.999880978979329 -0.011935784577 -0.00977573127032975 0.913792334608103 0.00300000000000011 0 0.0300000000000002 0.0299999999999994

 7887 87 100 3 0.9 0.00499999999999989 0.279999999999999 0.806 0.0179999999999998 0.99980610766828 0.0112078316745681 -0.0161904780150979 0.896200537502417 0.999880117119978 -0.00939137127629755 -0.0123107080905146 0.905352994426013 0.999806039296517 0.0112120311763365 -0.016191792461356 0.896148335806351 0.999880399614774 -0.00938029808588681 -0.0122961975431009 0.905123451989147 0.00200000000000067 0.00100000000000033 0.0249999999999995 0.0300000000000002

 7888 88 100 3 0.9 0.004 0.282999999999999 0.896 0.0189999999999992 0.999956574222004 -0.000862853346621688 -0.00927928630315799 0.912233102063969 0.999972664497249 -0.00102676837582651 0.00732229506199685 0.92441892372428 0.999956488412372 -0.000870815710328304 -0.00928778563468235 0.911763073450717 0.99997253020403 -0.00100176476222838 0.00734406595223932 0.92485113943866 0.00199999999999978 0 0.032 0.0300000000000002

 7889 89 100 3 0.9 0.004 0.281 0.881 0.0190000000000001 0.999947863129591 0.000896323243999714 -0.0101719038142329 0.908158612821797 0.9999809722217 -0.00446166302618305 0.00426013586454998 0.906226412404944 0.999947816208187 0.000901052584236198 -0.0101760977156118 0.907869288455447 0.999981133621209 -0.00445967372359154 0.00422418180492037 0.905998793737779 0.00199999999999978 0.000999999999999446 0.0309999999999997 0.0280000000000005

 7891 91 100 3 0.9 0.004 0.278 0.871 0.0180000000000007 0.999986251824196 0.00462265452891269 -0.00247532375687234 0.903559731219629 0.999909322368778 -0.0134052363173952 0.00128323002091803 0.920368278915754 0.999986202249068 0.00462569567610234 -0.00248962868674384 0.903371766131173 0.999909449263967 -0.0133939729819011 0.00130182963193235 0.920587677298023 0.00199999999999978 0.000999999999999446 0.032 0.0299999999999994

 7892 92 100 3 0.9 0.00300000000000011 0.279 0.95 0.0170000000000003 0.999974409760826 -0.00583966624021567 0.00413256841331039 0.887845481233218 0.999823499083385 0.000276521079174789 -0.0187854788799257 0.898518536263807 0.999974233565257 -0.00587029350112589 0.00413181071532484 0.887327368565741 0.99982335130667 0.000283714332128157 -0.0187932351679314 0.898432690016738 0.00300000000000011 0.000999999999999446 0.0299999999999994 0.0279999999999996

 7895 95 100 3 0.9 0.004 0.288 0.716 0.0179999999999998 0.999720909815264 -0.0166992014131839 0.0167104503321104 0.890871598296576 0.999809147003156 0.0159179382546331 0.0113264650506001 0.897958790840564 0.999720694414957 -0.0167128613039124 0.016709680592802 0.89116911533847 0.999809124109918 0.0159221977602156 0.0113224981803095 0.897876144099998 0.00199999999999978 0.000999999999999446 0.0300000000000002 0.0280000000000005

 7893 93 100 3 0.9 0.004 0.286 0.893 0.0179999999999998 0.9998072292847 -0.0173428074902908 -0.00920496053257156 0.896880087012256 0.999990381920614 0.00437810488590816 0.000261273557843745 0.895220607370878 0.999807423910321 -0.0173354530188234 -0.00919767157710128 0.8968202974899 0.999990362184218 0.00438282710469026 0.00025761453054853 0.895169061659839 0.00300000000000011 0.00100000000000033 0.0280000000000005 0.0270000000000001

 7890 90 100 3 0.9 0.004 0.281 0.931999999999999 0.0170000000000003 0.999945124888076 0.00311558756711042 -0.0100020161308556 0.879779813863424 0.999931883389827 0.0111646271639037 -0.00340289299935737 0.906788173274492 0.999945124247207 0.00311077527367647 -0.0100035779316484 0.879705057613271 0.999931737436448 0.0111772411236425 -0.00340437192297895 0.906551036845396 0.00400000000000045 0.00100000000000033 0.0289999999999999 0.0260000000000007

 7894 94 100 3 0.9 0.00300000000000011 0.289 0.837 0.0170000000000003 0.999694985937669 -0.00183404091910746 -0.0246286699801549 0.894101892827869 0.999841050351337 -0.0132578048934746 -0.0119207651491804 0.893641305659791 0.999694987849303 -0.00183602168536102 -0.0246284448017417 0.894061724511925 0.999841001984382 -0.0132608247539097 -0.0119214629015544 0.893607361526614 0.00300000000000011 0 0.0259999999999998 0.0220000000000002

 7896 96 100 3 0.9 0.004 0.29 1.082 0.0179999999999998 0.999884697128012 0.0118695140473848 -0.00947138244943612 0.89383778057918 0.999476128631349 -0.0299707775202525 0.0122155962164615 0.894331806998403 0.999884692720486 0.0118683883399798 -0.00947325822889992 0.893796594339763 0.999476237766314 -0.0299684200845343 0.0122124501281171 0.894287499483323 0.00299999999999923 0 0.0270000000000001 0.0259999999999998

 7897 97 100 3 0.9 0.004 0.269 0.907999999999999 0.016 0.999834212857403 -0.0154649378634791 -0.00961158138375283 0.898465778867071 0.99984596746052 -0.0026912240172112 0.0173435482593915 0.912605238021571 0.999834331340257 -0.0154563502365117 -0.00961306978797051 0.89837910643108 0.999846317183544 -0.00269557299451727 0.0173226990026399 0.912126645583588 0.00200000000000067 0.000999999999999446 0.0289999999999999 0.0279999999999996

 7898 98 100 3 0.9 0.004 0.277 0.873 0.0170000000000003 0.999820667348916 0.0185733333654985 -0.00369654293388847 0.894680205818149 0.999948417594362 -0.00380030148792028 -0.00941912199363991 0.891047601148117 0.999820662355073 0.0185730191134632 -0.00369947143182013 0.894635265729376 0.999948598256941 -0.00381845549046295 -0.00939256310313774 0.891354873168626 0.00200000000000067 0.000999999999999446 0.0270000000000001 0.0280000000000005

 7899 99 100 3 0.9 0.004 0.276 0.832 0.016 0.999968192513632 0.00768122308771963 -0.00214773669148147 0.886577750542105 0.999730569919901 -0.0207517552379378 0.0103996260593827 0.899232496386253 0.999967934785707 0.00772561991281193 -0.00210812650755017 0.886137437901958 0.999730612455521 -0.0207485614240286 0.0104019093507802 0.899150445961115 0.00199999999999978 0.000999999999999446 0.0300000000000002 0.0229999999999997

 7900 100 100 3 0.9 0.00300000000000011 0.274 0.895 0.016 0.999571969926327 0.000392816880687145 -0.029252737179637 0.874902015305741 0.999787347258188 0.012942210970459 0.0160548882784034 0.873758779258116 0.999572937073411 0.000361562054675112 -0.0292200743208402 0.8744375 0.999787774839286 0.0129684639131338 0.0160070055176461 0.87430454758796 0.00199999999999978 0.00100000000000033 0.0199999999999996 0.04

 7910 10 500 3 0.9 0.00700000000000012 0.293000000000001 3.459 0.0749999999999993 0.999977939368214 0.00544071535146934 -0.00381043217571267 0.900823154008921 0.999956679678419 -0.00920799723254317 0.00136071800082933 0.905983267345294 0.999977923389019 0.0054429412797145 -0.00381144655099982 0.900710174922299 0.999956720056176 -0.00920361010853907 0.00136072608007633 0.905761053538178 0.00200000000000067 0.000999999999999446 0.0490000000000013 0.0519999999999996

 7903 3 500 3 0.9 0.00700000000000012 0.295 3.708 0.0739999999999998 0.999986990909868 0.000550413243156689 -0.00507100150746703 0.903165140967524 0.999942459294879 0.00181444863133685 0.0105728839714637 0.896059161442523 0.999987006850455 0.000550398604089658 -0.00506785868434022 0.903011606395941 0.999942433557013 0.00181429274461039 0.0105753446239334 0.896004434612718 0.00200000000000067 0.00100000000000122 0.0519999999999996 0.0489999999999995

 7902 2 500 3 0.9 0.00799999999999956 0.295 3.768 0.0739999999999998 0.999998020503632 -0.00181940670309803 0.000805448984549363 0.898078155742099 0.999946688969726 0.00193842694346223 0.0101420766841121 0.894993385269728 0.999998027482339 -0.00181694428735952 0.000802337140917596 0.898001293076116 0.999946677649825 0.00193634113507883 0.0101435910842858 0.894946161912952 0.00200000000000067 0.00100000000000122 0.0519999999999996 0.0470000000000006

 7904 4 500 3 0.9 0.00800000000000001 0.293 3.996 0.0760000000000005 0.999974354410919 -0.00348234252863786 -0.00625809963006299 0.895839053686617 0.999962987548728 0.00645493023323434 -0.00568835725903325 0.90505483280377 0.99997436002605 -0.00348138903933538 -0.00625773288408682 0.895783437220592 0.99996291376756 0.00645827540936306 -0.00569752299055965 0.904860816734192 0.00200000000000067 0.000999999999999446 0.0519999999999996 0.0490000000000013

 7905 5 500 3 0.9 0.00800000000000001 0.294 4.031 0.077 0.999990933155342 -0.00134826534657608 0.00403928058744469 0.899425690432596 0.999985385724954 -0.000327029867394501 0.00539642362875986 0.913807985569234 0.999990944768933 -0.00134986545862896 0.00403586959400854 0.899329511390374 0.999985443653106 -0.000299671049468313 0.00538727010306085 0.913268553929711 0.00200000000000067 0.000999999999999446 0.0530000000000008 0.0560000000000009

 7917 17 500 3 0.9 0.00699999999999967 0.29 3.708 0.0749999999999993 0.999992685925401 0.00381428949475085 -0.000281587201142562 0.900607608724248 0.999956886009726 -0.00296501661149261 -0.00879970443961346 0.907450071197792 0.999992676088117 0.00381660683731363 -0.000285100643066249 0.900495752783101 0.999956925710573 -0.00296086042484921 -0.0087965918971339 0.907192028134417 0.00199999999999889 0.000999999999999446 0.0510000000000002 0.0500000000000007

 7907 7 500 3 0.9 0.00600000000000023 0.293 4.019 0.0759999999999987 0.999995396714096 0.000119485003885611 0.00303187630870573 0.895832352132552 0.999993779381205 0.000223861457745969 -0.00352009729156017 0.896616574252398 0.999995396371907 0.000121806722174644 0.00303189678511752 0.895778287619838 0.999993781106607 0.000224365459640098 -0.0035195750100696 0.896554783691442 0.00200000000000067 0.00100000000000122 0.048 0.0469999999999988

 7908 8 500 3 0.9 0.00699999999999967 0.291 4.023 0.0760000000000005 0.999905766665022 0.0120406207210782 -0.00659403083747841 0.905075284713703 0.999989765154486 0.000251240632003667 -0.00451735148306925 0.901518090336801 0.999905804572789 0.0120367523455505 -0.00659534492011294 0.90487514594762 0.999989784939672 0.000249876791163321 -0.00451304530200009 0.901391181245658 0.00199999999999889 0.00100000000000122 0.0519999999999996 0.0469999999999988

 7909 9 500 3 0.9 0.00599999999999978 0.293 3.932 0.0739999999999998 0.999966367215502 -0.00772759977593268 -0.00274747875958352 0.89424894746603 0.999962614141923 -0.00863927320392885 0.000365071169131893 0.895225802687103 0.999966373730049 -0.00772716289173456 -0.00274633625404568 0.894206482689312 0.999962604408327 -0.00864041542509901 0.000364700148373708 0.895176127919118 0.00200000000000067 0.000999999999999446 0.048 0.0459999999999994

 7913 13 500 3 0.9 0.00700000000000012 0.294 3.726 0.0749999999999993 0.999997982472702 0.00163312519544121 -0.00116959506771272 0.900805190350758 0.99999639538704 -0.00227443106451802 -0.0014269464809555 0.896362483276105 0.999997982567294 0.00163402391051097 -0.00116825819165437 0.900688047934285 0.999996394851697 -0.00227633438672122 -0.00142428416020655 0.896306446196084 0.00200000000000067 0.00100000000000122 0.0500000000000007 0.0440000000000005

 7901 1 500 3 0.9 0.00599999999999978 0.297 4.208 0.0750000000000011 0.999948258380877 0.00979630390198798 -0.00274098356627556 0.897699945542617 0.999935349637686 -0.00617044079753798 0.00955103163662205 0.900141466561734 0.999948270871385 0.00979428325777613 -0.00274364662339026 0.897626306349239 0.999935346236039 -0.00617331859237597 0.00954952801814692 0.900040264475373 0.00200000000000067 0.000999999999999446 0.0469999999999988 0.0460000000000012

 7912 12 500 3 0.9 0.00599999999999978 0.294 3.963 0.0779999999999994 0.999894269623833 -0.00672096698997335 -0.0128948895358373 0.895194754010031 0.999951314911706 0.00719387194035281 0.00675396275207674 0.900533680517111 0.999894260808001 -0.00672126300366074 -0.0128954188321302 0.895148452078367 0.999951322362656 0.00719466757272696 0.00675201182557713 0.900424045905441 0.00199999999999889 0.00100000000000122 0.0449999999999999 0.0459999999999994

 7906 6 500 3 0.9 0.00700000000000012 0.293 4.273 0.0789999999999988 0.999978235073177 0.00322789858918278 0.00575413335201866 0.900354531737637 0.999873271784897 -0.00610645579116093 -0.0147020939949361 0.898868942644066 0.999978262441947 0.0032254909518469 0.00575072618935097 0.900248537180429 0.999873267260007 -0.00610267586810088 -0.0147039710978665 0.89878268093208 0.00199999999999889 0.000999999999999446 0.0489999999999995 0.0460000000000012

 7915 15 500 3 0.9 0.00699999999999967 0.292 4.041 0.0800000000000001 0.999853995036283 -0.0170873807994297 -0.000100136902292794 0.895952642778528 0.99996965569916 0.000254739890166892 0.00778606373543548 0.89935540635538 0.999853962306034 -0.0170893021983979 -9.9051989327366e-05 0.895898865528773 0.999969634097947 0.00025345936863281 0.00778887927536524 0.899263568723497 0.00200000000000067 0.000999999999999446 0.0500000000000007 0.0460000000000012

 7914 14 500 3 0.9 0.00599999999999978 0.29 4.05 0.0800000000000001 0.9999776036275 0.00630429789705115 -0.00224679136259821 0.898807561198457 0.999991028972383 0.00393111334383717 -0.00157744180032237 0.903820018945338 0.999977614617539 0.00630325697943461 -0.00224481965134613 0.898720025022004 0.999990990730777 0.00394010236378131 -0.00157925635711726 0.903650456429086 0.00200000000000067 0.000999999999999446 0.0499999999999989 0.0470000000000006

 7916 16 500 3 0.9 0.00599999999999978 0.29 4.093 0.0789999999999988 0.999984298619724 -0.00319108140977994 -0.00460646431165931 0.894185638225961 0.99994222618066 0.00645636327525924 -0.00859416512082564 0.903657863819929 0.999984284049028 -0.00319321536943052 -0.00460814827867549 0.894144937479155 0.999942205961885 0.00645803810104023 -0.00859525915639114 0.903491363922311 0.00200000000000067 0.000999999999999446 0.0460000000000012 0.0470000000000006

 7911 11 500 3 0.9 0.00700000000000012 0.292 4.206 0.0790000000000006 0.999985988002673 0.00479901098183059 0.0022345675005438 0.903789602164359 0.99999842837971 0.0017592438406867 -0.000219770832438702 0.893244356644758 0.999985990032987 0.00479832973638507 0.00223512180585643 0.903614505805779 0.999998428198721 0.00175931599764216 -0.000220016607057697 0.893250849044215 0.00200000000000067 0.000999999999999446 0.0509999999999984 0.0370000000000008

 7918 18 500 3 0.9 0.00700000000000012 0.293 4.047 0.0789999999999988 0.999994872153464 -0.000162154588670743 0.00319833904793894 0.891551570346076 0.99999030003899 -0.0042391916461816 -0.00119544222654201 0.89966223715749 0.999994848283194 -0.000166391064264947 0.00320557656063073 0.891762560071301 0.999990305562346 -0.00423858655877729 -0.00119296492429034 0.899565575892965 0.00199999999999889 0.000999999999999446 0.0460000000000012 0.0449999999999999

 7919 19 500 3 0.9 0.00499999999999989 0.292 4.273 0.0800000000000001 0.999983092351141 0.0043099542496733 -0.0039037553989328 0.901918658728701 0.999897660401523 -0.0080127431662974 0.0118517792129336 0.897066999982501 0.999983123102536 0.00430556943106874 -0.00390071557187173 0.901788280760557 0.999897624245174 -0.00801434009478968 0.0118537496895242 0.89700128579348 0.00300000000000011 0.000999999999999446 0.0470000000000006 0.0449999999999999
