
 966 66 2000 3 0.6 0.0469999999999997 0.741 1.447 0.449000000000001 0.999869032310586 -0.0152980186677976 -0.00528098959785448 0.608922093868338 0.999486457816114 -0.0200553649509134 0.0249920583162629 0.594823503743855 0.999869032894749 -0.0152989178113991 -0.0052782735737173 0.608748523650744 0.999486390309174 -0.0200570705395242 0.0249933892881722 0.594718008796342 0.00300000000000011 0.00199999999999978 0.145999999999999 0.141999999999999

 989 89 2000 3 0.6 0.0410000000000004 0.798 1.437 0.442 0.999585136196839 -0.0203832537438796 -0.0203489179358238 0.619577388750372 0.999362101829545 -0.0354810663050035 -0.00405997052872162 0.597025826621045 0.999585128977605 -0.020388788034984 -0.020343727517082 0.619319464053925 0.99936202283437 -0.0354830047514635 -0.00406247340945819 0.596909360389019 0.00300000000000011 0.00199999999999978 0.146000000000001 0.139000000000001

 980 80 2000 3 0.6 0.0470000000000006 0.57 1.382 0.401999999999999 0.999999950907314 -0.000221271829129002 -0.000221865157531153 0.607837912777858 0.999684136554641 0.0177774755347259 -0.0177648102893094 0.603596548230479 0.999999949903504 -0.000223459333036037 -0.000224185004988216 0.607666904650848 0.999684252347747 0.0177751022526069 -0.0177606685638349 0.603450516789803 0.00299999999999923 0.00199999999999978 0.162999999999999 0.152999999999999

 990 90 2000 3 0.6 0.0369999999999999 0.548999999999999 1.412 0.404 0.999834733698328 0.0130075871696748 -0.0127007073195302 0.605924115094577 0.999592032330863 0.00130038665694576 -0.0285320503153355 0.594534988848329 0.999834891963215 0.0129996365662475 -0.0126963877560812 0.605762506581059 0.999592053467471 0.00129828080185869 -0.0285314057074759 0.594432531322394 0.00399999999999956 0.00199999999999978 0.164999999999999 0.142999999999999

 963 63 2000 3 0.6 0.0360000000000005 0.524999999999999 1.435 0.397 0.999882309987124 -0.0084691027457608 0.0127922036215281 0.614870416372143 0.999763017176312 -0.0115239194140946 -0.0184691301325819 0.598329012168423 0.999882279218656 -0.00847007248242582 0.0127939664158078 0.614651413918858 0.999762963626188 -0.011523647702355 -0.018472198164068 0.598209425649549 0.00400000000000045 0.00100000000000122 0.149000000000001 0.142000000000001

 987 87 2000 3 0.6 0.0469999999999997 0.565 1.404 0.405 0.99978297943519 -0.0183761145214236 0.00981389050227344 0.59241573131144 0.999324782255725 -0.0326993598354554 -0.016755042103796 0.607590818213329 0.999782917822815 -0.018377622357181 0.00981734313317097 0.592322846037978 0.999324860774016 -0.0326996763864603 -0.0167497403924489 0.607414903101056 0.00400000000000045 0.00199999999999978 0.154999999999999 0.154

 967 67 2000 3 0.6 0.0189999999999997 0.625999999999999 1.658 0.453 0.999837336273478 -0.0125123652931018 0.0129900619062579 0.599608484679072 0.999936729613954 -0.0109330850596017 -0.00264658648646712 0.589826970336582 0.999837341834744 -0.0125118931688707 0.0129900886126187 0.599485975143585 0.99993671017348 -0.0109347390031673 -0.00264709848145348 0.589743046086587 0.00300000000000011 0.00199999999999889 0.145 0.129000000000001

 970 70 2000 3 0.6 0.0499999999999998 0.507 1.426 0.416 0.999862830658975 -0.0161020781371659 0.00387852372520341 0.601801444574441 0.999882098099807 0.00959957398291652 -0.0119849104658943 0.602674494442088 0.999862840254645 -0.0161016115525546 0.00387798701972127 0.601665703060329 0.999882010970722 0.00960293664681765 -0.0119894847638014 0.602532783619275 0.00400000000000045 0.00200000000000067 0.16 0.151

 965 65 2000 3 0.6 0.044 0.651 1.612 0.412 0.999940007992693 -0.0107698660106256 0.00199759898018081 0.601907815937422 0.999881098316033 -0.00230645857436872 -0.0152469498316243 0.595433755096402 0.999940014324122 -0.0107686228770908 0.00200112838328702 0.601771389624131 0.999881058619484 -0.00230463713311934 -0.0152498282503383 0.595324906918095 0.00399999999999956 0.00200000000000067 0.154 0.147

 962 62 2000 3 0.6 0.048 0.536 1.44 0.415 0.999848180277867 -0.0173734672835257 -0.00133380267869195 0.600225149555871 0.999799745376908 0.019856875479288 0.00248468116059023 0.581983898889012 0.999848199649602 -0.0173723563983375 -0.00133375058310027 0.600095991426832 0.999799771028125 0.019855616359669 0.00248442168043883 0.581924151999628 0.00399999999999956 0.00199999999999889 0.155999999999999 0.140000000000001

 979 79 2000 3 0.6 0.0439999999999996 0.515 1.401 0.4 0.999895209730979 -0.0128006955296005 0.00676104659060397 0.605039335496688 0.999732899309487 -0.00621942489259752 -0.0222586790320639 0.595731866206435 0.999895181502854 -0.012802831742145 0.00676117643298785 0.604882734337143 0.999732844837419 -0.00621790983630658 -0.0222615487005752 0.595623646921089 0.00300000000000011 0.00200000000000067 0.161999999999999 0.152000000000001

 977 77 2000 3 0.6 0.137 0.569999999999999 1.672 0.416 0.999981250941213 -0.00607757086630391 -0.000748931513413366 0.605088794341057 0.999657178133431 0.0110259432502724 -0.0237477321390312 0.592864224117657 0.999981271065317 -0.00607437774378367 -0.000747966322118562 0.604932361007044 0.999657142762123 0.0110262025755892 -0.0237491006446722 0.592769106123878 0.00399999999999956 0.00199999999999889 0.145999999999999 0.132

 964 64 2000 3 0.6 0.0680000000000005 0.545000000000001 1.425 0.416 0.999841959545233 -0.0145745549836509 0.0101802887865421 0.600357284718368 0.99998133081233 -0.00603529545114785 0.000955633621661188 0.602723640452058 0.999841947210822 -0.0145763271084372 0.0101789628989921 0.600225635463548 0.99998136541146 -0.00602998942154009 0.000952920462425278 0.602583515443471 0.00299999999999923 0.00300000000000011 0.16 0.148

 973 73 2000 3 0.6 0.0300000000000002 0.726 1.489 0.454999999999999 0.999920498923861 -0.0118681794651502 -0.00425936005040444 0.608009619621249 0.999976685979758 0.00363228237032261 0.00578221598715099 0.609797574931275 0.999920461156224 -0.0118707569658299 -0.004261043321001 0.607837861316934 0.999976654038438 0.00363228663000366 0.00578773461092994 0.609610570738453 0.00399999999999956 0.00200000000000067 0.159000000000001 0.159999999999998

 988 88 2000 3 0.6 0.115 0.531 1.38 0.422 0.999921691000181 -0.00387644701785072 0.0118989506200013 0.601681767558934 0.999979158712485 -0.000703850961028653 0.00641768918663657 0.593994531071159 0.999921714587372 -0.00387469322564169 0.0118975396219803 0.601543787702138 0.999979145953878 -0.000703962246594838 0.00641966467251598 0.593892875455068 0.00399999999999956 0.00199999999999889 0.148 0.132999999999999

 968 68 2000 3 0.6 0.0659999999999998 0.591 1.543 0.434 0.999725831820414 -0.012834832827057 0.0195838774833286 0.602979502149515 0.999921206032339 0.0123033729052093 -0.00249173473458137 0.603681517474744 0.999725744817991 -0.0128387329833021 0.0195857622649028 0.602835034603964 0.999921215134026 0.0123025144237735 -0.002492320955747 0.603532549533346 0.00300000000000011 0.000999999999999446 0.167 0.142000000000001

 984 84 2000 3 0.6 0.024 0.499 1.378 0.405 0.999995803597471 -0.000896009388702698 -0.00275498722747299 0.593202637970208 0.999847590342583 0.0116675798054667 0.0129870576965784 0.60850038592617 0.999995809853983 -0.00089655231124768 -0.00275253854281005 0.593108240957263 0.999847491044471 0.0116721640478006 0.012990582685862 0.608323253496901 0.00399999999999956 0.00200000000000067 0.151 0.155000000000001

 983 83 2000 3 0.6 0.0369999999999999 0.510999999999999 1.384 0.395 0.999528615939622 -0.0285080471202501 0.0113946113235127 0.606157816586428 0.999911691907651 0.0117007259828546 -0.00630090452649312 0.595601037901365 0.999528648856199 -0.0285068459322945 0.0113947290750196 0.605997983614339 0.999911679594034 0.0117019510720006 -0.00630058350846981 0.595493668993044 0.00300000000000011 0.000999999999999446 0.147 0.127000000000001

 976 76 2000 3 0.6 0.0500000000000003 0.559 1.557 0.418 0.999769333880831 -0.0147164735021976 -0.0156430316479196 0.606933291115018 0.999737585361914 -0.00583109386129636 0.0221530756128931 0.601145586948387 0.999769390780695 -0.0147124911950408 -0.0156431410156103 0.606766456592539 0.999737566426002 -0.00582824934984578 0.0221546786510529 0.601011660962887 0.00399999999999956 0.00200000000000067 0.157999999999999 0.148999999999999

 969 69 2000 3 0.6 0.0500000000000003 0.661 1.605 0.437 0.999994523571018 -0.0019778850171751 -0.00265345036348266 0.587096833825731 0.999958163329029 -0.00912562536538193 -0.000628134799521043 0.588629871360413 0.999994529067471 -0.0019756178928426 -0.00265306785959032 0.58702278727751 0.999958156240145 -0.00912623929725708 -0.000630495915799217 0.588549526856154 0.00399999999999956 0.00199999999999889 0.151 0.138

 975 75 2000 3 0.6 0.148 0.542 1.389 0.412 0.999684063715855 -0.0178242208890433 0.0177220174430601 0.609515478656567 0.999907927863324 0.00303541747603002 -0.0132258094958138 0.59835663699206 0.999684129764369 -0.0178242091373938 0.0177183031321223 0.609332955522085 0.999907937892633 0.00303402264613592 -0.0132253712947764 0.598237508841456 0.00400000000000045 0.00100000000000122 0.157 0.148999999999999

 971 71 2000 3 0.6 0.124 0.542000000000001 1.492 0.454000000000001 0.999960713513002 0.00875060663095617 0.00141361740161409 0.590465743790071 0.999899250478116 -0.0136511713837504 -0.0038902973090029 0.604178635300528 0.999960701357227 0.00875208866922526 0.00141304107836251 0.590380652009894 0.99989926822407 -0.0136488326825086 -0.00389394034030922 0.60402470027911 0.00300000000000011 0.00199999999999889 0.152999999999999 0.149000000000001

 982 82 2000 3 0.6 0.105 0.468999999999999 1.403 0.404 0.999846290797238 -0.011829647745432 0.0129404100871817 0.60602694289041 0.999944170819433 0.00985366556536813 0.00381582483381441 0.597047989295618 0.999846305206524 -0.0118308819701614 0.0129381682115468 0.605867682781686 0.999944176695724 0.00985262831091949 0.0038169631486462 0.596933637190099 0.00399999999999956 0.00199999999999889 0.155999999999999 0.141

 981 81 2000 3 0.6 0.101999999999999 0.483000000000001 1.396 0.414 0.999523266089636 -0.0295394361997245 -0.00898121676103111 0.617217786423525 0.999888072538579 0.0106868016687068 -0.0104706573422187 0.600381455059415 0.999523473398782 -0.0295307001384125 -0.00898687232409998 0.616976090728562 0.999888104144585 0.0106875367913528 -0.0104668881469934 0.600252320083558 0.00400000000000045 0.00200000000000067 0.161999999999999 0.140000000000001

 986 86 2000 3 0.6 0.048 0.48 1.462 0.413 0.999864265737605 -0.00181854259216454 -0.0163750726361899 0.602201365738974 0.99991812018449 -0.000446314097969369 0.0127888127064967 0.594055210565146 0.999864294379626 -0.00181632079018047 -0.0163735702740756 0.602062331292704 0.999918135538657 -0.000447424760914881 0.0127875733420513 0.593954227655833 0.00399999999999956 0.00200000000000067 0.157999999999999 0.132

 992 92 2000 3 0.6 0.0300000000000002 0.486 1.481 0.442 0.999983622126641 -0.00551171305402719 -0.00154158934014863 0.593306587488788 0.999548114171367 0.020445174557948 -0.0220354780696907 0.601294165285851 0.999983619877493 -0.00551252838530747 -0.00154013230151184 0.593207451106284 0.999548165920034 0.0204467141004679 -0.0220317018949946 0.601158226705737 0.00399999999999956 0.00200000000000067 0.151999999999999 0.144

 978 78 2000 3 0.6 0.118 0.467 1.398 0.41 0.999907627407969 0.00159784475773979 -0.0134975384236157 0.611857457859002 0.999535420397348 0.026436583330024 0.0151674135214769 0.603035102948573 0.999907622943786 0.00160250965688382 -0.0134973160927166 0.611663235814942 0.99953549617783 0.0264346598207687 0.0151657720113463 0.60288524655655 0.00399999999999956 0.000999999999999446 0.157 0.149000000000001

 972 72 2000 3 0.6 0.0299999999999994 0.492 1.424 0.43 0.99991882853039 -0.0126972204305612 -0.00105685559583794 0.603688676293932 0.999637272517949 -0.0235224489472192 0.0131155552075305 0.588767886612053 0.999918824787564 -0.0126976843159209 -0.00105482153493921 0.603542877818896 0.999637257062726 -0.0235224704976094 0.0131166944691733 0.588686358372614 0.00399999999999956 0.00200000000000067 0.156000000000001 0.135

 961 61 2000 3 0.6 0.109 0.575 1.508 0.418 0.999775686434137 -0.0189463171814139 0.00946646081761877 0.602765755031409 0.99991707090991 0.0128780572687749 8.33302403665514e-05 0.601321653643776 0.999775730882142 -0.0189416222817429 0.00947116066880771 0.602624567787001 0.999917081750862 0.0128772107769077 8.40562159677152e-05 0.60118731287427 0.00499999999999901 0.00199999999999889 0.154 0.135

 985 85 2000 3 0.6 0.0339999999999998 0.521999999999999 1.439 0.425000000000001 0.999764005731097 -0.0216955808750053 0.00111113230843988 0.607339004400434 0.999882905693941 0.00661698373040847 0.0137982037727309 0.59753271316208 0.9997641511585 -0.021688897854543 0.00111075117778674 0.607170677900269 0.999882883288507 0.0066193483868654 0.0137986931843175 0.597411775370757 0.00399999999999956 0.00200000000000067 0.153 0.143000000000001

 991 91 2000 3 0.6 0.0640000000000001 0.494 1.447 0.435 0.99948623527572 -0.0317263090077832 -0.00455047372379241 0.597295585772703 0.999907657458966 0.00871777676305375 -0.0104248224556965 0.612555591117735 0.999486317681138 -0.0317235715551795 -0.00455145866547039 0.597181404312923 0.999907616406984 0.00871732544624941 -0.0104291365111104 0.61235069616545 0.00399999999999956 0.00199999999999889 0.143000000000001 0.145000000000001

 974 74 2000 3 0.6 0.0650000000000004 0.484 1.43 0.424 0.999915103940349 -0.0128690033525172 0.00204295488771946 0.597642922389483 0.999484139212876 -0.0204499234853123 -0.0247640079821633 0.593830142820925 0.999915068735912 -0.012871163693113 0.00204657275480246 0.597528744339553 0.999484209687247 -0.0204512539115931 -0.0247600646061836 0.593728244667798 0.00399999999999956 0.00200000000000067 0.17 0.149000000000001

 993 93 2000 3 0.6 0.0249999999999999 0.841 1.506 0.398 0.999979951670644 0.00172942197005132 0.00609141661897909 0.608573820604512 0.999839387549725 -0.0141684420208601 0.0109751699254385 0.604039229066914 0.999979963490775 0.00172885802576924 0.00608963602492326 0.608399553087371 0.999839418334395 -0.0141668202304682 0.0109744589522762 0.60388941327144 0.00300000000000011 0.00199999999999889 0.152999999999999 0.142999999999999

 995 95 2000 3 0.6 0.0229999999999997 0.933 1.489 0.393999999999999 0.999904893255647 -0.0123909555503253 -0.00605546562729088 0.599337483925912 0.999452311476741 -0.0325904082683622 -0.00573954464228938 0.595432320241327 0.999904878043033 -0.0123932721426417 -0.00605323643567055 0.5992133476032 0.999452139768726 -0.032595381900236 -0.00574120113672594 0.595322931600929 0.00300000000000011 0.00200000000000067 0.152000000000001 0.144

 994 94 2000 3 0.6 0.0300000000000002 1.082 1.495 0.397 0.999978349000876 -0.00618345394212473 -0.00225087245917303 0.616383300659121 0.999997735378948 -0.00188480484785202 0.000988305449005245 0.603956119428133 0.9999783985952 -0.00617754544953862 -0.00224505572292564 0.616147850592737 0.999997742718983 -0.00188208411803347 0.000986061007588984 0.60380429591632 0.00400000000000134 0.00200000000000067 0.154 0.146000000000001

 998 98 2000 3 0.6 0.0249999999999999 0.899999999999999 1.41 0.396 0.99995704365964 -0.00906535264730682 -0.00193137693193575 0.604951845307333 0.999889141856531 -0.0148892514531848 0.00011911580306675 0.614620840478803 0.999957050432878 -0.00906468927195856 -0.0019309836823388 0.604800910053856 0.999889281661271 -0.014879833873931 0.000122322489064411 0.614396840823607 0.00299999999999923 0.000999999999999446 0.144 0.147

 997 97 2000 3 0.6 0.056 0.852 1.414 0.404 0.999278349589935 -0.0379835379777316 0.000175737046571039 0.599972305081062 0.999764201243971 -0.0139813496756684 0.0166151669341827 0.599229853009715 0.999278415074441 -0.0379818123281238 0.000176347905713535 0.59984524803015 0.999764302333643 -0.0139753333125635 0.016614145723666 0.599103927520664 0.00300000000000011 0.00200000000000067 0.147 0.138

 996 96 2000 3 0.6 0.0180000000000002 1.168 1.551 0.411999999999999 0.999857011222774 -0.0165638870924255 0.0034051069073362 0.606780148230043 0.999558507845202 -0.0296814052414978 0.00134297325507159 0.596954239085552 0.99985697117014 -0.0165662193887861 0.0034055216393485 0.606615874392795 0.999558414897706 -0.029684668137986 0.00134003161263621 0.596840560816335 0.00400000000000134 0.00100000000000122 0.148 0.135

 1000 100 2000 3 0.6 0.101999999999999 0.637 1.38 0.395 0.999755537347231 -0.0177013038011241 0.0132487504048465 0.605810392494537 0.999945369800422 0.00100573332992617 -0.0104041297169091 0.60322193677449 0.999755623940453 -0.017698193966178 0.0132463704376226 0.60565091722335 0.999945359980244 0.000999259298079041 -0.0104056972296266 0.603077750150325 0.00300000000000011 0.000999999999999446 0.142999999999999 0.132000000000001

 999 99 2000 3 0.6 0.0620000000000003 0.497 1.332 0.395999999999999 0.999322471490771 -0.0342162130374809 0.0135590832636837 0.599757147925135 0.999852342782073 -0.00416605502869776 0.0166714312132627 0.597482853466113 0.99932245339798 -0.0342163068405982 0.0135601799704616 0.599633704407825 0.999852288535628 -0.00417079287487017 0.0166734998384031 0.597367119169138 0.00299999999999834 0.000999999999999446 0.133999999999999 0.130999999999998

 960 60 2000 3 0.6 0.0230000000000001 0.367 0.946 0.296 0.999640484526952 -0.00281560822741677 0.0266640965537899 0.603785552213057 0.999417036129052 -0.0029191962883412 0.034015675622444 0.609161344004608 0.999640439641703 -0.00281733253696723 0.0266655971303561 0.603637910987248 0.999416965597373 -0.0029146708659709 0.0340181358966543 0.608981254781596 0.00399999999999956 0.00199999999999978 0.113 0.103

 1005 5 5000 3 0.6 0.101 0.795 3.501 1.418 0.99968450303522 0.0245452682803893 0.0053314347288644 0.608764583822495 0.999986091245279 0.00498391263065898 0.0017256682412989 0.598210917372782 0.999684489700348 0.0245458922991398 0.00533106216379309 0.608584944351355 0.999986080969737 0.00498522540267426 0.00172782941020734 0.598090520924844 0.715999999999999 0.741 52.588 22.866

 1031 31 5000 3 0.6 0.218 3.375 11.826 4.099 0.999944947608827 0.00699246700289532 -0.00782350029044767 0.610829789352977 0.999907577130294 0.00514722265089525 -0.0125834532782686 0.595713480446253 0.999944932778192 0.00699265103547453 -0.00782523116041536 0.610636822469832 0.999907574754677 0.00514682497995216 -0.0125838047046511 0.59560603853775 0.947000000000003 0.892000000000003 24.875 35.893

 1003 3 5000 3 0.6 0.0949999999999998 1.156 3.541 1.066 0.999993599804952 0.00334616528552037 0.00126630447164979 0.598670775667185 0.999832674354608 -0.00778965308913484 0.0165512717838678 0.602902629830384 0.999993608729339 0.00334368167940798 0.00126581724584816 0.598548654640465 0.99983269898703 -0.00778909679971843 0.0165500455393876 0.602761047349617 0.331 1.224 58.055 45.811

 1027 27 5000 3 0.6 0.285 1.884 8.875 3.523 0.999931286890599 0.0114786854102947 -0.00237934414520383 0.59688712743233 0.99995582685485 -0.00900523284819597 0.00269260475808969 0.595759326773696 0.999931265562725 0.0114806892012532 -0.00237863944121671 0.596775050595234 0.999955845735005 -0.00900401295026998 0.00268967120328825 0.595651420450582 0.881 0.857000000000003 52.321 31.779

 1030 30 5000 3 0.6 0.340999999999999 2.506 8.436 3.967 0.999985962760492 -0.00329147198903665 -0.00415216740003279 0.598357136519093 0.999973505174772 -0.00412579992201534 0.0059972263158475 0.594746691617559 0.9999859676726 -0.0032888671112325 -0.00415304840077512 0.598236776509904 0.999973503157289 -0.00412642774803937 0.00599713076230161 0.594641805146966 0.867000000000001 0.916 42.884 45.17

 1021 21 5000 3 0.6 0.122 0.707 3.466 1.368 0.999887607802912 0.0148255027949686 -0.00223074629807326 0.599206771607318 0.99999330078599 -0.00299692498625633 0.00210162407856473 0.597590223415472 0.99988759056869 0.0148266247546741 -0.00223101437098611 0.599082887223706 0.999993288789629 -0.00300011352269178 0.00210278257389305 0.597473365577796 0.645 0.84 61.22 64.472

 1032 32 5000 3 0.6 0.318 1.734 8.537 3.557 0.999928371258082 0.0117986106549258 -0.00201125328399308 0.601592690298406 0.999922471548725 -0.0120081345870094 0.00329478309293419 0.58305176689064 0.999928391371206 0.0117965327412349 -0.0020134411036992 0.601455140351003 0.999922451466159 -0.012009817458953 0.00329474407357918 0.582989152041778 0.828999999999997 1.074 58.75 41.579

 1012 12 5000 3 0.6 0.0890000000000004 0.79 3.547 1.013 0.999951809922893 0.00710180329143655 -0.00677806918965148 0.601943815747742 0.999536041652503 0.0147538779215392 0.026646285368189 0.599770906948595 0.999951818810058 0.00710223227272163 -0.00677630837554826 0.601806884304354 0.999536059359097 0.0147558742255611 0.0266445156969797 0.599643551695427 0.885999999999999 0.929 72.193 57.828

 1020 20 5000 3 0.6 0.0890000000000004 0.712 3.59 1.225 0.999678151581673 0.0169597970635402 0.0188668633803769 0.608986122923301 0.999828939966138 0.0117574309221623 -0.0142777317631019 0.603246479086036 0.999678170248907 0.0169601803362785 0.0188655296972711 0.608805052723929 0.999828944636807 0.0117575298105853 -0.0142773232506061 0.603102675306823 0.635000000000002 0.82 69.678 62.675

 1001 1 5000 3 0.6 0.127 0.976 3.664 1.071 0.999953064443004 -0.00147080762876867 0.00957630596655025 0.604092462804447 0.999954816673638 -0.00609067977736857 -0.00729850882301464 0.601329128877251 0.99995308471966 -0.0014720700454612 0.00957399443378223 0.603942334986147 0.999954830289107 -0.00609117754586026 -0.00729622762723266 0.601195256318804 0.737 1.049 72.096 60.299

 1008 8 5000 3 0.6 0.127000000000001 0.992999999999999 3.593 1.045 0.999813456966154 0.0190743908834278 -0.003036261157367 0.605064524504589 0.999951368140687 0.00980423201136707 0.00106695278017263 0.605638371340834 0.999813473109649 0.0190739304327086 -0.00303383688904937 0.604907775097124 0.999951349653328 0.00980616537482316 0.00106651166422247 0.605480058957946 1.085 1.252 78.482 56.464

 1004 4 5000 3 0.6 0.243 0.749 3.644 1.114 0.999905397005758 0.0119086219537682 0.00688344113933024 0.607439416433938 0.999967109014604 0.00759511563824241 -0.0028451902251453 0.605284149596817 0.999905364681629 0.0119102647233165 0.00688529411994112 0.60726871646668 0.999967118771951 0.00759303220856464 -0.00284732098702693 0.605125845718346 1.211 1.21 64.339 69.987

 1010 10 5000 3 0.6 0.231 0.826 3.415 1.081 0.999996337000649 0.00228628020231277 0.00144876089157468 0.602762115785718 0.999973542028307 -0.00726592194778878 -0.000348742899013944 0.601622546656589 0.999996334557946 0.0022865630657745 0.00145000000613343 0.602618294905397 0.999973553440377 -0.00726439302145713 -0.00034787045795473 0.601485249171331 1.458 1.102 66.34 69.98

 1007 7 5000 3 0.6 0.141 1.127 3.565 1.056 0.999983942324473 -0.00276159993088781 -0.0049486017244454 0.601698428866222 0.999989622806466 0.00134746132297334 0.00435185332526223 0.600042870303401 0.999983959337394 -0.00275723436272723 -0.0049475980615135 0.601562077561243 0.999989624786445 0.00134882039010367 0.00435097724888066 0.599915286771403 1.019 0.745000000000001 72.977 66.275

 1017 17 5000 3 0.6 0.33 0.706 3.423 1.194 0.999815399729816 0.0137451103796456 -0.013425289708594 0.606414327051867 0.999883742655101 -0.0054192503765004 -0.0142524699397698 0.60614369124884 0.999815383572606 0.0137448169942801 -0.013426793264057 0.606249161410115 0.999883774491959 -0.00541891076340631 -0.0142503653936201 0.605982846986572 0.669 1.005 78.149 60.939

 1026 26 5000 3 0.6 0.428000000000001 1.87 9.032 2.693 0.999993332858226 0.00216924476574006 0.00293745063678227 0.599124687879999 0.999867877367157 0.0121696091583252 -0.0107762898174416 0.583866927062826 0.999993334449805 0.00216890572219566 0.00293715915955715 0.598999894036316 0.999867863685137 0.0121701895285699 -0.0107769038484876 0.58380104491242 1.765 0.656000000000002 54.767 62.079

 1013 13 5000 3 0.6 0.162 1.036 3.627 1.119 0.999995315627394 0.00264358010931835 0.001542792103251 0.600547709096563 0.99997991237235 0.00229969450690107 0.0059064589189996 0.608822893883426 0.999995316796917 0.00264272633820666 0.00154349659356703 0.60041566782828 0.999979892075842 0.00229829723506333 0.00591043770008344 0.608648032064707 1.301 1.082 79.471 57.87

 1018 18 5000 3 0.6 0.0960000000000001 0.809 3.514 1.082 0.999954055770283 -0.000843757980022582 -0.00954852978379147 0.599735368734113 0.999795598147868 -0.0183163321218159 0.00856001762561938 0.594553515678359 0.99995403737375 -0.000842740420185846 -0.00955054598022239 0.599607821720301 0.999795599396932 -0.0183163878264938 0.00855975253836829 0.594451269229125 0.603 0.848000000000001 74.033 69.8

 1011 11 5000 3 0.6 0.133 0.83 3.582 1.482 0.999893681043048 0.0141641592277237 -0.00346456397768544 0.601624960862988 0.999851414481309 -0.0117407760097963 0.0126215347091406 0.595875981546489 0.999893669064479 0.014164462257027 -0.00346678146761039 0.601486949655767 0.999851434585377 -0.0117399210383939 0.0126207373625845 0.595767530925624 0.661 0.791 72.882 70.4

 1015 15 5000 3 0.6 0.136 0.851 3.494 1.058 0.999820096507963 0.0189649314124499 -0.000325569238380446 0.602854127574798 0.999991383991736 -0.00387858145751525 0.0014793742495189 0.59816550203567 0.999820082747644 0.0189657168675773 -0.00032205309133873 0.602710153849742 0.99999137343435 -0.00388096634544095 0.00148025575783604 0.598046249716567 0.491999999999999 0.667999999999999 72.915 73.495

 1016 16 5000 3 0.6 0.125 0.734999999999999 3.479 1.119 0.999959710867023 0.00566818033923094 0.00696048664834895 0.600340995759144 0.999906529236224 0.0102914118004033 -0.00900109070744691 0.602348522332144 0.999959698255958 0.00566835458353435 0.00696215628725625 0.600210941984734 0.99990648992404 0.010294036065986 -0.00900245684565734 0.60220916370604 0.534000000000001 0.805 76.249 71.912

 1023 23 5000 3 0.6 0.0819999999999999 0.667 3.647 2.733 0.999932365727912 0.00941253997524735 0.00683140256436673 0.597325895939578 0.99997892763007 0.00356560318217983 -0.00542501334221288 0.59919425613776 0.999932374540492 0.0094126794987715 0.00682992023866016 0.597211218224227 0.999978922256964 0.00356783908636497 -0.00542453371764364 0.599069294517744 1.398 2.236 78.392 55.258

 1019 19 5000 3 0.6 0.159 0.748 3.654 1.233 0.999895258248671 0.0140793985122149 -0.00335306864804512 0.598931959322618 0.999968042953596 -0.00721521231042798 0.00344293230689921 0.60619034301235 0.999895278088142 0.0140783900041519 -0.00335138656797583 0.598810763117224 0.999968057307621 -0.0072130767989159 0.00344323794043869 0.606027443871776 0.603 1.295 82.91 58.58

 1006 6 5000 3 0.6 0.16 1.053 3.539 1.054 0.99987156950283 0.0159158091296325 0.00187923380579362 0.610880693181411 0.999959565475255 -0.00684186394643476 -0.00583577863507521 0.600709737185137 0.999871573080163 0.0159156842491223 0.00187838789444514 0.610685928124813 0.99995956490526 -0.00684123838467563 -0.00583660961924621 0.600577998997569 0.446999999999999 1.309 81.443 71.707

 1022 22 5000 3 0.6 0.0800000000000001 0.775 3.584 1.947 0.999861072460842 0.0156234987306406 0.00580879203181598 0.596810826903852 0.999943302687053 0.00922521000384238 -0.00531854413291315 0.607331304959272 0.999861096224075 0.0156218321150713 0.00580918401837212 0.596697705842298 0.999943279876559 0.00922679394685189 -0.00532008488383667 0.60716375778429 0.623000000000001 1.434 76.954 73.947

 1024 24 5000 3 0.6 0.0899999999999999 0.662000000000001 3.796 7.017 0.999817691565162 0.0189181761048319 -0.00258577767349284 0.606204994684737 0.999992921097071 -0.00130307827164802 -0.00352983608184887 0.594835104613304 0.99981774921816 0.0189147082449334 -0.00258885309383253 0.606040081116988 0.999992922154197 -0.0013046287556856 -0.00352896377419385 0.594730697206565 2.119 1.366 84.29 54.163

 1028 28 5000 3 0.6 0.264999999999999 1.661 7.257 1.766 0.999838807949145 0.0164901241676903 -0.00710168457248276 0.605667930553889 0.999984127605358 -0.00563091314145901 0.000193273235910205 0.604903131195701 0.999838845970348 0.0164887206924026 -0.00709959003116237 0.605510332036931 0.999984133915966 -0.00562969591229014 0.000196061905688773 0.604747656331102 0.968999999999998 0.499000000000002 66.078 68.867

 1002 2 5000 3 0.6 0.313 0.69 3.404 1.048 0.999913582145749 0.0101614621063492 0.00834103880324412 0.601891231888033 0.999992792485028 0.00369311594746303 -0.000880836304443786 0.596501229895342 0.999913570249011 0.0101642118477861 0.0083391144247667 0.601753330603236 0.99999279717751 0.00369188424088354 -0.000880672385672655 0.596390117634056 1.426 1.366 83.327 64.995

 1033 33 5000 3 0.6 0.27 3.226 9.896 2.252 0.999846214664011 0.0147212883193268 0.00953051374622483 0.600929398217794 0.999969236068148 0.00670241875292159 -0.0040748619785748 0.607001503674022 0.999846176805457 0.0147229376715785 0.0095319375695926 0.600795434309143 0.999969234528462 0.00670441851685054 -0.00407194903116791 0.606834203211084 0.894999999999996 0.678999999999995 22.672 20.478

 1025 25 5000 3 0.6 0.388 3.188 9.451 1.465 0.999952358786095 0.00972177623361816 0.000875913801299691 0.601078313186714 0.999947686201997 -0.00954659155309867 -0.00367252624098006 0.608494611815872 0.999952342004652 0.00972332539480854 0.000877873953055556 0.600944714094752 0.999947705589949 -0.00954410422042659 -0.00367371202267088 0.608319355400217 1.17 1.671 77.629 59.499

 1009 9 5000 3 0.6 0.348 0.656999999999999 3.561 1.014 0.999921042648541 0.0117796501524143 -0.00437587830518101 0.597667009004899 0.999738501163161 -0.0163208617769968 0.0160174518226932 0.589973864045154 0.999921070115944 0.0117773336155753 -0.00437583718770396 0.597549582046439 0.999738507871375 -0.0163211715765879 0.0160167174378381 0.589888909965974 1.55 1.562 91.064 63.649

 1014 14 5000 3 0.6 0.168 0.716 3.354 1.032 0.999966864317552 0.0064644965765043 -0.00494778242604128 0.598664254213247 0.999988854337718 0.000656952671214522 -0.00467542656094534 0.608595344931906 0.999966870101365 0.00646426798651327 -0.00494691207511089 0.598541951951007 0.999988861452873 0.000656280970044839 -0.00467399887415358 0.608418943606321 1.404 1.879 91.902 58.988

 1035 35 5000 3 0.6 0.288 1.784 9.762 3.179 0.999945289416444 0.00953644451841665 0.00429818564180016 0.605074088961384 0.999948333296691 -0.00327242182125487 -0.0096240320341114 0.597212182342966 0.999945279336653 0.00953822668854924 0.00429657584372512 0.604917740718433 0.999948302681001 -0.00327251490429644 -0.00962718087424832 0.597096828327587 0.576999999999998 0.423000000000002 18.211 48.2

 1056 56 5000 3 0.6 0.186999999999999 2.342 8.673 3.235 0.999807146134238 0.0182748589541962 -0.00719027601107752 0.605292820747919 0.999842857876378 -0.0163546863200667 0.00683986761335263 0.594845312770002 0.999807137713169 0.0182753352279351 -0.00719023644300403 0.605135988610946 0.999842847917805 -0.016354834533271 0.00684096886436182 0.594741418075114 0.802 0.900000000000002 21.208 22.191

 1034 34 5000 3 0.6 0.201000000000001 2.048 10.784 2.494 0.999938497135915 0.00916389233385087 -0.00624700110945435 0.602181134158963 0.999931285278377 0.00764809916163853 0.008884328941861 0.603255290192536 0.999938477679748 0.00916598810860401 -0.00624704069947651 0.602041178459122 0.999931299200906 0.00764855626462149 0.00888236823456164 0.60311079537501 0.963000000000001 0.772999999999996 29.899 68.212

 1036 36 5000 3 0.6 0.305 2.389 12.553 2.815 0.999907163529985 0.0128926700685151 0.0044094648115706 0.594761598249272 0.999964534823189 0.00346429911090718 -0.00767643976814747 0.609804087738798 0.999907154607532 0.0128931912789934 0.00440996409426633 0.594657710042959 0.999964553659383 0.00346271369974197 -0.00767470120748429 0.609621573443786 0.662999999999997 0.628999999999998 32.703 72.88

 1057 57 5000 3 0.6 0.291 2.109 9.486 2.274 0.999885162863547 0.0147109659605807 0.00363985794305128 0.597297890642347 0.999954894256991 0.00882864365343603 0.00350207120573541 0.593706928125896 0.999885150242519 0.0147118742854373 0.00363965376173955 0.59718347707371 0.999954893225425 0.00882841365006598 0.00350294546810946 0.593606985714865 0.849999999999998 0.838000000000001 56.075 23.513

 1037 37 5000 3 0.6 0.276 2.61 11.971 3.843 0.999874364425807 0.00834147203659109 0.0134786946085466 0.605091192573847 0.999891031226261 0.00353111814386995 -0.014333767053287 0.609591781786023 0.999874347619018 0.0083422809587444 0.0134794407097483 0.6049341548453 0.999891011978607 0.00353421245969402 -0.014334347096656 0.609406921455582 0.490000000000002 0.725000000000001 36.206 82.217

 1039 39 5000 3 0.6 0.282 2.515 9.863 1.567 0.999907041392357 0.0118490827088673 -0.00674594789047195 0.595982860766085 0.999957989604952 0.000699461312485541 -0.00913946273553551 0.594902001900085 0.99990704896234 0.0118479166480791 -0.00674687383353883 0.59587208353738 0.999957970499841 0.000700418885743872 -0.00914147948768395 0.594795809318179 0.471999999999998 0.486999999999995 62.972 54.308

 1062 62 5000 3 0.6 0.396000000000001 3.039 14.104 5.5 0.99988026908727 0.0154681423716252 -0.000429023939183468 0.602569239471806 0.99991321670738 0.00639044807847937 -0.011520469923423 0.59129949354475 0.999880258372318 0.0154688465129895 -0.000428608053489474 0.602427987513841 0.999913197610498 0.00639008413628109 -0.0115223291517401 0.591209228872876 0.795999999999999 1.255 47.584 31.635

 1038 38 5000 3 0.6 0.283000000000001 2.336 10.655 1.549 0.999997123613602 0.00162915091426692 0.00176029310662087 0.602694198714905 0.999993201598892 -0.000449794077201496 0.00365984170239139 0.597205117772236 0.999997129102518 0.00162849699414887 0.0017577782173492 0.602551687724402 0.999993198904974 -0.00044908812492019 0.00366066437326027 0.59709114182277 0.575000000000003 0.480000000000004 59.566 67.176

 1059 59 5000 3 0.6 0.555 2.622 13.702 4.281 0.999999296005857 -0.000729210576817283 0.000936076772715747 0.608027997437502 0.999995295789822 -0.00305191551077854 0.000306936380301022 0.596415409313779 0.999999296064468 -0.000730368154848145 0.000935111183840588 0.607851768961828 0.999995300642841 -0.00305019320643145 0.00030824282171009 0.59630475966078 0.675000000000004 0.689 39.767 49.742

 1045 45 5000 3 0.6 0.218 1.924 7.525 1.389 0.999903987120226 0.0113024608048016 0.0080169146703354 0.603456318735293 0.999968105430287 0.00610699541499955 0.00514710881606003 0.601849255098511 0.999904021979293 0.0113016693905261 0.00801368196407136 0.603310100150934 0.999968101546896 0.00610896253393927 0.00514552868572371 0.601710398039604 0.301000000000002 1.127 70.319 56.01

 1040 40 5000 3 0.6 0.18 2.072 8.089 1.741 0.999983214724045 0.00395408801195734 0.00423502752750566 0.607309859667197 0.999769082916976 -0.0139921824101974 -0.0163094964590986 0.597060924122384 0.999983200225573 0.00395741545363344 0.00423534290816899 0.607138511019457 0.99976912992652 -0.013990906793986 -0.0163077090067981 0.596945181300186 0.540999999999997 0.407 68.85 70.251

 1049 49 5000 3 0.6 0.155999999999999 0.967000000000001 10.641 3.326 0.999991739920346 0.00392728181509594 0.00104716217637987 0.60110948295152 0.999715067880823 0.0127184165122189 -0.0201996270624914 0.607471507734221 0.999991743884596 0.00392668193486359 0.00104562499362238 0.600975946585129 0.999714970563408 0.0127210553730818 -0.0202027815312345 0.607301847449749 0.720000000000002 0.964000000000002 62.282 61.312

 1048 48 5000 3 0.6 0.155999999999999 1.382 7.781 1.89 0.999594280284686 0.0218836040513171 -0.0182313657158598 0.605869514159527 0.999958823993955 0.00168237269293482 -0.00891739528946964 0.59904426894959 0.999594300380412 0.0218828404433755 -0.0182311804643759 0.605707956355429 0.999958830221994 0.00168316200148806 -0.00891654791598475 0.598920857771174 0.664999999999999 0.533000000000001 68.932 62.446

 1046 46 5000 3 0.6 0.203999999999999 1.2 6.42 2.933 0.999993758858867 0.000513214771634588 -0.00349554772719513 0.596947160194187 0.999988519504717 -0.000814842128457499 0.00472195839352305 0.611510671684524 0.999993755384515 0.000515891601467076 -0.00349614756995859 0.596834002542669 0.999988516365479 -0.000818065271455018 0.00472206590168954 0.611313789669645 1.117 0.800000000000001 63.918 67.175

 1050 50 5000 3 0.6 0.134 1.629 9.079 3.177 0.99997347975679 0.00560730197006053 0.00464735921924636 0.614171311306896 0.999841347415494 -0.013802247834239 -0.0112595716211159 0.595994090238198 0.999973485135875 0.00561058490376386 0.004642236772192 0.613954121051521 0.999841361092993 -0.0138012530686072 -0.0112595764328437 0.595884488244716 0.622 0.651 65.813 63.179

 1060 60 5000 3 0.6 0.295 1.954 10.22 3.002 0.999967339294433 0.00644691774955803 -0.00487417643736503 0.602899978302462 0.999644342051168 -0.0216193476672766 0.015613878811142 0.602642780536214 0.999967312988051 0.00645024741998274 -0.00487516806677245 0.60275525507586 0.999644369462169 -0.0216180401353857 0.0156139342667654 0.602501011308009 1.007 0.881 76.53 41.453

 1064 64 5000 3 0.6 0.411 3.831 18.841 4.876 0.999957444099381 0.00913989272603708 0.00125393428485224 0.597890300353125 0.999841791821584 -0.0132362929964753 0.0118824187233173 0.598572336812454 0.999957452028939 0.0091393255008462 0.00125174325733394 0.597770116697591 0.99984184285519 -0.0132337139621403 0.0118809970417202 0.59845150183974 0.756999999999998 0.915999999999997 64.245 21.974

 1044 44 5000 3 0.6 0.163 1.534 7.755 3.053 0.999954940300488 0.00858371831434866 -0.00405427534181547 0.602547369456633 0.999989227082664 -0.00353414546689401 -0.00300924150495896 0.601145945134705 0.999954925029993 0.00858506514051022 -0.00405518985935047 0.602404109705724 0.999989228723292 -0.00353277733055128 -0.00301030259742278 0.601012434576307 0.570999999999998 0.727999999999998 73.791 62.453

 1051 51 5000 3 0.6 0.140000000000001 0.822000000000001 7.154 2.497 0.999833010712042 0.0167863845010804 0.00722274088382513 0.599574140527511 0.99997890456608 1.95711129506183e-05 0.00649538603883184 0.605174833057465 0.999832962257115 0.0167888193877167 0.00722378901476565 0.599448258816701 0.999978911993377 1.79444838885031e-05 0.00649424718792557 0.60501854856655 0.431999999999999 0.760999999999999 69.315 67.851

 1041 41 5000 3 0.6 0.210000000000001 3.815 6.214 2.648 0.999915788228322 -0.00373191633690816 0.0124293705467097 0.604721213612776 0.999984885838151 -0.0041505730817848 -0.00360566753224993 0.600941610319167 0.999915790911026 -0.0037321602607224 0.0124290814851981 0.604567024858986 0.999984888281626 -0.00415114878995936 -0.0036043268592065 0.600807172964021 0.891999999999999 0.707999999999995 70.339 71.34

 1052 52 5000 3 0.6 0.125999999999999 2.615 10.702 3.38 0.999835778390732 0.0175212664914312 -0.00462833342956517 0.601498674100508 0.999997270154587 0.00151188981681492 -0.00178153657182257 0.606830767088571 0.999835764688287 0.0175217628642557 -0.0046294142521144 0.60136174184081 0.999997276244872 0.00150897065601305 -0.00178059270957053 0.606663570687893 1.217 0.807000000000002 73.002 53.947

 1063 63 5000 3 0.6 0.299999999999999 3.219 13.886 2.772 0.999934271912256 0.00784617476997658 0.00835998784596233 0.594519149214346 0.999922757619601 -0.012070578951435 0.0029630926732119 0.587845540953215 0.999934288605412 0.00784495517991468 0.0083591356858557 0.594417025780628 0.999922747116359 -0.012071723904322 0.00296197252723467 0.587767855663212 0.861999999999995 0.705999999999996 50.326 55.598

 1043 43 5000 3 0.6 0.370000000000001 1.691 5.621 2.286 0.999925802324723 0.0105821120221581 0.00603396639114631 0.602856278061894 0.99999972625263 -0.000653659990666775 -0.000346732290163385 0.595061903412974 0.999925781461584 0.0105843430320785 0.00603351067119941 0.602712042093497 0.999999725891589 -0.000653762937524794 -0.000347578435942736 0.594957524406829 0.572999999999997 0.558000000000003 71.489 71.69

 1042 42 5000 3 0.6 0.215999999999999 3.695 6.245 2.515 0.999863004037372 0.0110440812182876 0.0123288858947748 0.606086321058551 0.999902188205992 0.0111880685068148 -0.00839292225366172 0.61145192251388 0.999863015914911 0.0110436716785258 0.0123282894756708 0.605922988244627 0.999902246386216 0.0111858942390556 -0.00838888799970182 0.611256881454649 0.600999999999999 0.666 74.266 71.232

 1053 53 5000 3 0.6 0.202999999999999 1.685 7.832 3.067 0.999843933502828 0.0172802576878603 -0.00367441584937011 0.600083505653442 0.999857580499717 0.0143696010231383 0.0088506092269077 0.606533397889708 0.999843937619071 0.0172803412294693 -0.00367290258301346 0.599955234466271 0.99985762514936 0.014366989881423 0.00884980408988573 0.606368985701633 0.977999999999998 1.017 74.099 64.462

 1055 55 5000 3 0.6 0.261000000000001 1.883 13.192 4.627 0.999991120679354 0.0042138533375914 -4.47492941100714e-05 0.604390900860231 0.999930734998695 0.010291237712776 0.00571100965755828 0.598940357429792 0.999991118432791 0.00421438281623283 -4.50889643684341e-05 0.604238241353542 0.999930740814153 0.0102902449075731 0.0057117803355177 0.598818679424118 1.993 0.978999999999999 65.497 61.285

 1047 47 5000 3 0.6 0.213000000000001 1.032 7.23 2.478 0.999883785516809 0.0132074008742456 0.00761446142045103 0.608890818182553 0.999992916368739 0.00345590844399637 -0.00149127769738427 0.599683861145922 0.999883789799045 0.013207024262772 0.00761455233238048 0.608708684995666 0.99999292538687 0.00345417271315839 -0.00148925050888222 0.599556915768554 0.905999999999999 0.872 79.107 67.277

 1054 54 5000 3 0.6 0.224 1.477 10.863 2.782 0.999937390923105 0.0105088769388733 0.00384418253683543 0.604611091586602 0.999980241847771 -0.00434116210206 0.00454645198774394 0.605368165105977 0.999937363134654 0.0105108219214851 0.00384609280312692 0.604457141373723 0.999980234389214 -0.00434287242586618 0.0045464590600723 0.605211896804459 0.962 1.263 72.9 63.29

 1029 29 5000 3 0.6 1.021 24.956 93.512 4.96700000000001 0.999887971831403 0.010552495092099 -0.0106154902955796 0.594289496702767 0.999944688007156 0.00893865365574946 0.00554268861606498 0.593131385764217 0.999887989502064 0.0105525133489376 -0.0106138075891986 0.594188861973293 0.999944694830736 0.00893811140541038 0.00554233203359125 0.593034015364859 1.28700000000001 1.06799999999998 78.867 68.059

 1061 61 5000 3 0.6 0.15 1.245 9.728 4.366 0.999697984396675 0.0215679814055984 -0.0117797356215563 0.602539815094135 0.999929036606989 0.00314357502921702 0.0114908522858187 0.603301162064381 0.99969802068515 0.0215673709341813 -0.0117777735239515 0.602397841119368 0.999929036259179 0.00314498641604128 0.0114904963440046 0.603156559009344 0.939 0.829000000000001 71.438 59.033

 1065 65 5000 3 0.6 0.329999999999998 2.936 12.049 5.271 0.999917265099036 0.0120132382428071 0.0045983762118533 0.597924681800465 0.999924692994868 -0.00364537370252221 -0.011718344152993 0.598981961491954 0.999917246922724 0.0120148744575613 0.00459805374580007 0.597806201825109 0.999924705874776 -0.00364389332247905 -0.0117177055218374 0.5988577836059 1.067 0.984999999999999 59.155 34.748

 1074 74 5000 3 0.6 0.201000000000001 2.339 7.62 1.272 0.999814132491125 0.017592351042804 -0.00788730979528695 0.607779801910179 0.999703262109084 -0.0136799301540849 -0.0201555758894328 0.60205158478407 0.999814167920021 0.0175911573662499 -0.00788548089287552 0.607604206291558 0.999703294919495 -0.0136811571172237 -0.0201531155665752 0.601911707182375 0.428000000000001 0.675999999999998 11.199 8.594

 1066 66 5000 3 0.6 0.893000000000001 2.139 10.438 3.846 0.999725193453239 0.0231113841482562 0.00392447418600419 0.605049645531686 0.999863901988058 -0.0125570749794703 0.010700344348423 0.597229462901809 0.999725230414241 0.0231099722522349 0.00392337299960605 0.60489470048993 0.999863870504213 -0.0125574219908598 0.0107028787378622 0.59711515260832 0.738 1.145 44.546 32.977

 1067 67 5000 3 0.6 0.384 2.211 10.708 4.49 0.999685028455597 0.0246058162161454 -0.00493940179264366 0.59450469005426 0.999935544557649 -0.0101164474954751 -0.005154048920052 0.588903513909653 0.999684989331894 0.0246076834970645 -0.00493801755760096 0.594401764132575 0.999935532980605 -0.0101170812014646 -0.00515505099448438 0.588822494992943 1.142 0.794000000000004 43.657 32.256

 1068 68 5000 3 0.6 0.352 4.271 13.875 2.47 0.99984755113845 0.0121357467465249 0.012553809515371 0.606871058229045 0.999897627959943 0.0142801319738075 0.000900794588078712 0.594911384106863 0.999847528188543 0.0121380351666808 0.0125534249332194 0.606702977567432 0.999897619124639 0.0142805859625651 0.000903401042289053 0.594806675765843 0.573999999999998 0.601999999999997 14.024 30.837

 1076 76 5000 3 0.6 0.346 1.667 5 1.364 0.99988416686197 0.015151621384163 -0.00144264624025329 0.603257961905843 0.999971239379264 0.00344160749450817 0.00675838384166504 0.601732472480927 0.999884169186563 0.0151512731129975 -0.00144469136913947 0.603112475980563 0.999971233494356 0.00344383623801434 0.00675811924592602 0.601595190722328 1.003 0.550000000000001 22.308 12.619

 1072 72 5000 3 0.6 0.266999999999999 2.043 12.532 1.785 0.999955292010723 0.00924920882969335 0.00196624407799381 0.596841041196053 0.999926745387477 -0.0114092293050396 -0.00404145338631823 0.595527865133949 0.999955296419411 0.00924929627995199 0.00196358883019007 0.596727094428772 0.999926742001253 -0.0114095222731072 -0.00404146412330831 0.595419714843581 0.260999999999996 0.823999999999998 31.959 22.342

 1069 69 5000 3 0.6 0.314999999999998 1.815 15.329 3.77500000000001 0.999502491059936 0.0296513320457067 0.0107502964097252 0.604325185300104 0.999960875528278 0.00776902669345188 0.00422961427986332 0.596389858440161 0.999502503410142 0.0296509612234957 0.0107501709466498 0.604173876250714 0.999960874815217 0.0077688546862598 0.00423009877549302 0.596279796465341 0.558 0.826000000000001 37.165 28.989

 1070 70 5000 3 0.6 0.294999999999998 1.938 13.633 3.371 0.999851425659281 0.0154724905127384 -0.00759793685392923 0.601929317276316 0.999957032394473 0.00627659637717963 -0.00682185478858037 0.604616939261355 0.999851399129987 0.015474893661034 -0.00759653368231836 0.601789669118495 0.999957026119143 0.006278220466496 -0.0068212801388572 0.604465270208587 0.567999999999998 1.33300000000001 38.014 22.989

 1058 58 5000 3 0.6 0.204000000000001 5.028 88.703 35.856 0.999747095962129 0.0224780280420325 -0.000694529072178279 0.60334188914996 0.999949270251881 -0.0100066045407123 -0.00115099448160504 0.60568526223297 0.999747008958105 0.0224819204464352 -0.000693781207292008 0.603196582951661 0.999949259036731 -0.010007486740548 -0.00115306592611509 0.605526962065461 1.70400000000001 1.52500000000001 38.535 32.363

 1077 77 5000 3 0.6 0.288 1.916 5.822 1.653 0.999650464019937 0.0245141327833679 -0.00989985245369167 0.596637267912807 0.999814640281109 0.0053877654065143 -0.0184839677418009 0.596642954555122 0.999650495605882 0.0245141400787411 -0.00989664443708827 0.596524689238627 0.999814596283703 0.00538847506357621 -0.0184861406070789 0.596532143116894 0.768000000000001 0.583000000000002 38.217 14.562

 1073 73 5000 3 0.6 0.308 2.111 9.665 1.609 0.999957592137343 0.00556789690807462 0.0073356970293892 0.601493105286796 0.999980276236062 -0.000290214859149036 -0.00627398710428491 0.612062380312525 0.999957586256689 0.00556801615549301 0.00733640809853532 0.601357069340374 0.999980294988697 -0.000287913830651398 -0.00627110356677506 0.611860916118844 0.329000000000001 0.627000000000002 31.796 27.544

 1078 78 5000 3 0.6 0.243 2.293 19.958 1.923 0.999912133705384 0.0130460210563234 -0.00235078781348588 0.592989162498987 0.999989384925398 -0.00300575235784918 0.00349220407311472 0.600866886044237 0.999912138183393 0.0130454595269794 -0.00235199898904116 0.592892581684139 0.999989391838461 -0.00300648285594551 0.00348959473026205 0.600731070830141 1.185 0.420999999999999 30.795 5.624

 1071 71 5000 3 0.6 0.355 3.855 12.203 4.154 0.999903985096697 0.00815305758488479 -0.0112048310902996 0.604065315932923 0.999977470749882 -0.00663862080615961 -0.000993330993095406 0.609139663859315 0.999904029268423 0.008152030735098 -0.0112016359370677 0.603915022457596 0.999977484147012 -0.00663603480486807 -0.000997116382735983 0.608956313126934 0.316000000000003 0.531999999999996 38.845 24.722

 1075 75 5000 3 0.6 0.298999999999999 2.288 6.012 1.664 0.999886141220018 0.0136081643667889 -0.00652092468208723 0.60044333240318 0.99996283482897 0.00170439169782431 -0.00845127267042194 0.597284287007916 0.999886132361131 0.0136083075636117 -0.00652198414231683 0.600312437838498 0.999962844389227 0.00170545401561277 -0.00844992707703501 0.597170475787931 0.766000000000002 1.127 38.059 17.797

 1079 79 5000 3 0.6 0.212999999999999 2.105 5.906 2.006 0.999809312741708 0.0195203512556687 0.000542256220276678 0.608303128864435 0.999967650961224 0.00107881373292494 -0.00797077110587407 0.599076275328752 0.999809293016005 0.0195213733235353 0.000541832445259961 0.608127287132683 0.999967634924556 0.00108045212465931 -0.00797256085557557 0.598950871991313 0.588999999999999 0.679000000000002 36.775 18.248
